19.73187,19.676160000000003,19.62045,19.56492,19.50948,19.45413,19.398870000000002,19.3437,19.28871,19.23381,19.17909,19.124460000000003,19.07001,19.01574,18.961560000000002,18.90765,18.85392,18.80028,18.74691,18.693810000000003,18.64089,18.588150000000002,18.53568,18.48348,18.43155,18.37989,18.3285,18.27747,18.22662,18.17622,18.12609,18.076320000000003,18.02691,17.97786,17.92917,17.88093,17.83314,17.78571,17.73873,17.692200000000003,17.64612,17.60058,17.55549,17.51094,17.466839999999998,17.423370000000002,17.38035,17.33796,17.2962,17.25489,17.214299999999998,17.17425,17.134919999999997,17.09613,17.058059999999998,17.02062,16.98381,16.94772,16.91235,16.87761,16.84359,16.810290000000002,16.77771,16.74594,16.7148,16.68438,16.65477,16.62588,16.59771,16.57026,16.54362,16.5177,16.4925,16.46802,16.44426,16.421219999999998,16.39899,16.37739,16.35651,16.33626,16.31682,16.297919999999998,16.27974,16.26219,16.24536,16.22907,16.21341,16.19829,16.1838,16.16985,16.15644,16.14357,16.13115,16.11927,16.10784,16.09686,16.08624,16.07607,16.066350000000003,16.056900000000002,16.047810000000002,16.039080000000002,16.030710000000003,16.02252,16.0146,16.00695,15.99957,15.992370000000001,15.985350000000002,15.978419999999998,15.971760000000002,15.965100000000001,15.95862,15.952229999999998,15.94593,15.93963,15.933330000000002,15.92712,15.920910000000001,15.91461,15.908399999999999,15.90201,15.89562,15.88923,15.882660000000001,15.876000000000001,15.869250000000001,15.86232,15.855210000000001,15.848009999999999,15.84063,15.833070000000001,15.825330000000001,15.81732,15.80913,15.80076,15.79212,15.78321,15.774120000000002,15.76476,15.755040000000001,15.74514,15.73488,15.72435,15.71346,15.7023,15.69087,15.679079999999999,15.666929999999999,15.65442,15.64164,15.628409999999999,15.614910000000002,15.600959999999999,15.58674,15.57207,15.557039999999999,15.54156,15.525720000000002,15.509520000000002,15.492870000000002,15.47577,15.458309999999999,15.440399999999999,15.42204,15.403319999999999,15.38406,15.36444,15.34428,15.32376,15.3027,15.281189999999999,15.25914,15.236730000000001,15.21369,15.190290000000001,15.166260000000001,15.14178,15.116850000000001,15.09129,15.065280000000001,15.038730000000001,15.011550000000002,14.983920000000001,14.95566,14.92686,14.897520000000002,14.867550000000001,14.837040000000002,14.805810000000001,14.774130000000001,14.74173,14.7087,14.675130000000001,14.640840000000003,14.605830000000001,14.57028,14.534010000000002,14.497020000000001,14.45931,14.420969999999999,14.38182,14.34204,14.30136,14.26005,14.21793,14.175,14.13126,14.08671,14.04135,13.995180000000001,13.94811,13.90014,13.85127,13.8015,13.75083,13.69917,13.64661,13.593060000000001,13.53852,13.4829,13.42638,13.36869,13.31001,13.250250000000001,13.18941,13.1274,13.06431,13.00014,12.93471,12.8682,12.80043,12.731580000000001,12.661470000000001,12.590190000000002,12.51765,12.444030000000001,12.36915,12.293009999999999,12.21579,12.137400000000001,12.05784,11.9772,11.895480000000001,11.81277,11.72907,11.64447,11.55897,11.47284,11.38599,11.29869,11.21094,11.12301,11.03499,10.94715,10.85967,10.77273,10.6866,10.60164,10.51812,10.43631,10.356660000000002,10.27944,10.20519,10.13409,10.06677,10.0035,9.94464,9.89073,9.84204,9.79893,9.76167,9.73044,9.7056,9.68715,9.67527,9.66978,9.670770000000001,9.67806,9.69138,9.710460000000001,9.73512,9.76482,9.79929,9.838080000000001,9.880650000000001,9.926730000000001,9.97578,10.027260000000002,10.080900000000002,10.13625,10.192770000000001,10.25028,10.30833,10.36656,10.42479,10.48266,10.539900000000001,10.59633,10.651860000000001,10.70613,10.75905,10.81044,10.8603,10.90845,10.95471,10.99917,11.04156,11.08206,11.1204,11.15658,11.190690000000002,11.22255,11.25216,11.27961,11.304720000000001,11.32758,11.34819,11.36646,11.382390000000001,11.39607,11.40732,11.416319999999999,11.42298,11.427299999999999,11.42928,11.42892,11.42622,11.421180000000001,11.4138,11.40408,11.39202,11.37762,11.360880000000002,11.341890000000001,11.32047,11.2968,11.27079,11.24253,11.21202,11.179260000000001,11.14434,11.10726,11.06802,11.02671,10.98333,10.93806,10.8909,10.84203,10.791450000000001,10.73934,10.685880000000001,10.631070000000001,10.57527,10.51866,10.46133,10.40364,10.34577,10.288170000000001,10.231110000000001,10.17486,10.11978,10.066500000000001,10.01511,9.966330000000001,9.92052,9.87804,9.83943,9.805050000000001,9.775530000000002,9.751050000000001,9.73206,9.71892,9.711810000000002,9.711,9.71658,9.72873,9.747359999999999,9.77238,9.803790000000001,9.84123,9.88461,9.933480000000001,9.987570000000002,10.046610000000001,10.10997,10.17747,10.24857,10.32282,10.39995,10.479510000000001,10.561050000000002,10.644210000000001,10.72881,10.814400000000001,10.90071,10.98747,11.07441,11.16135,11.24811,11.33442,11.42019,11.50533,11.58957,11.67282,11.75508,11.836260000000001,11.91618,11.99484,12.07224,12.1482,12.22281,12.29598,12.36762,12.43791,12.506580000000001,12.57381,12.63942,12.70359,12.76623,12.82725,12.88683,12.944790000000001,13.00122,13.05621,13.109580000000001,13.16142,13.211820000000001,13.2606,13.30794,13.353660000000001,13.39803,13.44078,13.482090000000001,13.52187,13.560210000000001,13.597019999999999,13.6323,13.66614,13.69854,13.72941,13.75875,13.78665,13.81302,13.837950000000001,13.86135,13.88331,13.90374,13.92264,13.94001,13.955850000000002,13.970250000000002,13.98303,13.99419,14.003910000000001,14.01201,14.01849,14.02335,14.02668,14.0283,14.0283,14.02668,14.02335,14.01822,14.011470000000001,14.00301,13.99275,13.980690000000001,13.966830000000002,13.951080000000001,13.933530000000001,13.91418,13.892850000000001,13.86963,13.844430000000001,13.81725,13.78818,13.756950000000002,13.72383,13.688550000000001,13.6512,13.61178,13.57029,13.52664,13.480830000000001,13.43286,13.38273,13.330440000000001,13.27599,13.21947,13.16079,13.09995,13.03713,12.972240000000001,12.90537,12.83661,12.76596,12.6936,12.619620000000001,12.5442,12.46734,12.38931,12.31038,12.230640000000001,12.150360000000001,12.06981,11.98944,11.90943,11.83023,11.7522,11.675790000000001,11.60154,11.529810000000001,11.46123,11.39634,11.33559,11.2797,11.22903,11.1843,11.146049999999999,11.114640000000001,11.090610000000002,11.07432,11.066130000000001,11.06631,11.074950000000001,11.09232,11.11842,11.153070000000001,11.196180000000002,11.24757,11.30688,11.37375,11.44791,11.52882,11.61603,11.70909,11.80746,11.9106,12.01806,12.12939,12.24414,12.36177,12.48201,12.60432,12.72834,12.85389,12.98052,13.10796,13.23594,13.36437,13.4928,13.62132,13.74957,13.87737,14.00481,14.13162,14.257710000000001,14.38299,14.50737,14.630939999999999,14.753430000000002,14.87502,14.99544,15.11487,15.23313,15.350310000000002,15.46641,15.58134,15.6951
19.67724,19.621170000000003,19.5651,19.50912,19.453319999999998,19.39752,19.3419,19.28628,19.23093,19.17558,19.120410000000003,19.065420000000003,19.010520000000003,18.9558,18.90117,18.84681,18.792630000000003,18.73863,18.68481,18.63117,18.5778,18.52461,18.471690000000002,18.41904,18.36657,18.31446,18.26262,18.21105,18.15975,18.1089,18.05823,18.008010000000002,17.95815,17.908649999999998,17.85951,17.81082,17.76249,17.71461,17.66718,17.6202,17.57367,17.52768,17.48214,17.437140000000003,17.39268,17.34876,17.305380000000003,17.26263,17.22042,17.17875,17.137800000000002,17.09739,17.0577,17.01864,16.980210000000003,16.9425,16.90542,16.86906,16.83342,16.7985,16.7643,16.73082,16.698150000000002,16.66611,16.63488,16.60446,16.57467,16.54578,16.517519999999998,16.49016,16.46343,16.43751,16.4124,16.38801,16.364340000000002,16.34148,16.31934,16.297919999999998,16.27722,16.257240000000003,16.23798,16.21935,16.20144,16.184250000000002,16.1676,16.151670000000003,16.136370000000003,16.1217,16.107570000000003,16.093980000000002,16.08102,16.06851,16.05654,16.04511,16.03413,16.02369,16.01361,16.003890000000002,15.99462,15.985800000000001,15.977250000000002,15.968970000000002,15.96114,15.953489999999999,15.946200000000001,15.93909,15.932160000000001,15.925500000000001,15.91902,15.912720000000002,15.9066,15.900570000000002,15.89463,15.88878,15.88293,15.877260000000001,15.871500000000001,15.865829999999999,15.860159999999999,15.8544,15.848640000000001,15.842880000000001,15.837029999999999,15.831,15.824970000000002,15.81885,15.812550000000002,15.80607,15.7995,15.79275,15.78582,15.77871,15.77142,15.76386,15.75612,15.7482,15.739920000000001,15.731459999999998,15.72273,15.713730000000002,15.704460000000001,15.694830000000001,15.685020000000002,15.67485,15.664320000000002,15.653520000000002,15.642360000000002,15.63093,15.619050000000001,15.606900000000001,15.594390000000002,15.58152,15.568290000000001,15.554610000000002,15.540569999999999,15.52617,15.51141,15.4962,15.480630000000001,15.46461,15.44823,15.431400000000002,15.41412,15.39639,15.378210000000001,15.35967,15.340590000000002,15.32115,15.30117,15.28074,15.259860000000002,15.23844,15.21666,15.19425,15.171389999999999,15.14808,15.12423,15.09984,15.074910000000001,15.049529999999999,15.02352,14.99697,14.969969999999998,14.94234,14.91417,14.885370000000002,14.856029999999999,14.826060000000002,14.795549999999999,14.764410000000002,14.732639999999998,14.70024,14.66721,14.63346,14.599169999999999,14.564160000000001,14.528430000000002,14.49207,14.45499,14.417190000000002,14.37876,14.33943,14.29947,14.258700000000001,14.21712,14.17482,14.13162,14.0877,14.04288,13.997250000000001,13.95072,13.90329,13.85505,13.80582,13.755600000000001,13.70448,13.65246,13.59936,13.54527,13.49019,13.43403,13.37679,13.31847,13.259070000000001,13.198590000000001,13.136940000000001,13.07412,13.01013,12.944880000000001,12.87855,12.81087,12.74202,12.67191,12.60054,12.52791,12.45393,12.378689999999999,12.302190000000001,12.22434,12.14532,12.06495,11.98341,11.90052,11.816550000000001,11.73141,11.645100000000001,11.5578,11.46951,11.38041,11.29041,11.19978,11.10861,11.01708,10.925370000000001,10.83357,10.742040000000001,10.650870000000001,10.56051,10.47114,10.38312,10.2969,10.212660000000001,10.13094,10.052190000000001,9.97677,9.905220000000002,9.8379,9.77535,9.71793,9.66609,9.62028,9.580770000000001,9.547920000000001,9.52191,9.50292,9.490950000000002,9.48609,9.48816,9.497160000000001,9.51273,9.53451,9.562320000000001,9.59562,9.63396,9.67689,9.72387,9.77445,9.82818,9.88443,9.94275,10.002780000000001,10.06398,10.126080000000002,10.188540000000001,10.25118,10.313550000000001,10.37538,10.43658,10.4967,10.55565,10.61325,10.669319999999999,10.72377,10.776420000000002,10.82718,10.875960000000001,10.92267,10.967310000000001,11.0097,11.04993,11.08791,11.123550000000002,11.15685,11.187809999999999,11.21643,11.242709999999999,11.26656,11.28798,11.30697,11.32362,11.33784,11.34963,11.3589,11.36583,11.37033,11.372399999999999,11.37204,11.36916,11.36394,11.356200000000001,11.34603,11.333430000000002,11.3184,11.30094,11.28105,11.25873,11.23398,11.2068,11.17728,11.14533,11.110949999999999,11.07432,11.03535,10.99413,10.950660000000001,10.90503,10.857330000000001,10.80756,10.75581,10.70226,10.647,10.59012,10.53189,10.4724,10.41183,10.35045,10.288620000000002,10.22643,10.16433,10.10259,10.04166,9.9819,9.923760000000001,9.86769,9.81423,9.763829999999999,9.71694,9.674100000000001,9.63585,9.602730000000001,9.575099999999999,9.553410000000001,9.53802,9.5292,9.527220000000002,9.532350000000001,9.544500000000001,9.56376,9.59004,9.62316,9.66285,9.708929999999999,9.76104,9.81873,9.88155,9.949050000000002,10.02078,10.09638,10.17522,10.25703,10.34118,10.42731,10.51515,10.60425,10.69416,10.784790000000001,10.87569,10.96668,11.05749,11.14794,11.23785,11.32704,11.41533,11.50272,11.588940000000001,11.67399,11.75787,11.84031,11.9214,12.000960000000001,12.079170000000001,12.155759999999999,12.230820000000001,12.30435,12.37626,12.44664,12.515400000000001,12.58245,12.64797,12.71187,12.77415,12.8349,12.893939999999999,12.95136,13.00725,13.06161,13.114260000000002,13.16538,13.21497,13.26294,13.30938,13.35429,13.39767,13.43952,13.47975,13.51854,13.5558,13.59144,13.62564,13.65831,13.68945,13.719149999999999,13.74723,13.77387,13.79889,13.822470000000001,13.84452,13.86504,13.88394,13.9014,13.91724,13.93155,13.94424,13.955400000000001,13.96494,13.972859999999999,13.97925,13.983929999999999,13.98699,13.98834,13.98798,13.985999999999999,13.98231,13.97682,13.96962,13.960619999999999,13.94982,13.93713,13.92264,13.90626,13.88799,13.86783,13.845690000000001,13.821570000000001,13.795380000000002,13.76721,13.737060000000001,13.70466,13.67028,13.63374,13.594949999999999,13.55409,13.51089,13.465530000000001,13.418009999999999,13.36815,13.31595,13.26159,13.20489,13.145850000000001,13.084650000000002,13.02111,12.95541,12.88746,12.817350000000001,12.74526,12.67101,12.59496,12.51702,12.43737,12.356190000000002,12.27357,12.18978,12.10509,12.01959,11.93373,11.84778,11.76201,11.67696,11.5929,11.51046,11.43,11.35215,11.27745,11.20653,11.139930000000001,11.078370000000001,11.02239,10.972710000000001,10.92978,10.894319999999999,10.86669,10.84752,10.83699,10.83564,10.84347,10.860750000000001,10.88739,10.923300000000001,10.96839,11.02239,11.08494,11.15559,11.23398,11.31948,11.41164,11.509920000000001,11.61369,11.72241,11.83563,11.95263,12.07305,12.19644,12.32217,12.44997,12.57948,12.71025,12.84192,12.974310000000001,13.10706,13.23999,13.37292,13.50558,13.637880000000001,13.76955,13.90068,14.03091,14.16042,14.28885,14.41638,14.54274,14.668109999999999,14.79222,14.915159999999998,15.03693,15.15753,15.27687,15.39495,15.511769999999999,15.62742
19.62261,19.566090000000003,19.50966,19.453319999999998,19.39707,19.34091,19.284840000000003,19.22886,19.17306,19.11735,19.06173,19.00629,18.95094,18.895770000000002,18.840780000000002,18.785880000000002,18.73125,18.6768,18.62244,18.56835,18.51453,18.46089,18.40752,18.35433,18.30141,18.24885,18.19647,18.14445,18.0927,18.04131,17.990190000000002,17.93943,17.88912,17.839080000000003,17.78949,17.740260000000003,17.69148,17.643150000000002,17.59518,17.54775,17.50077,17.45433,17.408340000000003,17.36289,17.317980000000002,17.27361,17.229870000000002,17.18667,17.14401,17.10207,17.06067,17.01999,16.97985,16.940520000000003,16.90173,16.86375,16.826400000000003,16.78977,16.753860000000003,16.71876,16.68429,16.65063,16.617780000000003,16.58565,16.55424,16.52364,16.49385,16.46487,16.436609999999998,16.40916,16.38252,16.3566,16.331490000000002,16.30719,16.2837,16.26093,16.238879999999998,16.21764,16.19712,16.177410000000002,16.158330000000003,16.14006,16.122419999999998,16.1055,16.08921,16.07364,16.0587,16.044300000000003,16.030620000000003,16.01748,16.00488,15.99291,15.981390000000001,15.970410000000001,15.95997,15.949890000000002,15.94035,15.93117,15.922440000000002,15.91416,15.90615,15.8985,15.89112,15.884100000000002,15.877260000000001,15.87078,15.864479999999999,15.858360000000001,15.85251,15.846750000000002,15.841169999999998,15.835679999999998,15.830280000000002,15.82506,15.819840000000001,15.81462,15.809489999999998,15.80436,15.799230000000001,15.79401,15.788789999999999,15.78357,15.778170000000001,15.772770000000001,15.767280000000001,15.76161,15.75576,15.74991,15.743789999999999,15.737490000000001,15.7311,15.72444,15.7176,15.71049,15.7032,15.69564,15.68781,15.6798,15.67143,15.66279,15.653970000000001,15.6447,15.63525,15.62544,15.61527,15.60483,15.59403,15.58287,15.57135,15.55956,15.54732,15.53472,15.521760000000002,15.50844,15.494670000000001,15.480540000000001,15.466050000000001,15.45111,15.43572,15.41997,15.403770000000002,15.387120000000001,15.37011,15.352559999999999,15.33465,15.31629,15.29739,15.27813,15.25833,15.23808,15.217290000000002,15.19605,15.174359999999998,15.15213,15.129450000000002,15.106140000000002,15.082469999999999,15.05817,15.033330000000001,15.00804,14.98212,14.95566,14.928659999999999,14.901119999999999,14.872950000000001,14.844240000000001,14.8149,14.785020000000001,14.75442,14.72328,14.69151,14.65911,14.626080000000002,14.59233,14.55795,14.522850000000002,14.487120000000003,14.45067,14.4135,14.37561,14.337,14.29758,14.25744,14.21649,14.17482,14.13225,14.08887,14.04468,13.99968,13.95369,13.90689,13.859190000000002,13.810590000000001,13.761,13.710420000000001,13.658850000000001,13.60638,13.55283,13.498199999999999,13.44258,13.38588,13.328009999999999,13.26915,13.20903,13.147739999999999,13.08528,13.021650000000001,12.956760000000001,12.89061,12.8232,12.754529999999999,12.68451,12.61323,12.54051,12.466529999999999,12.39111,12.314340000000001,12.236220000000001,12.15666,12.075750000000001,11.993400000000001,11.909790000000001,11.82474,11.738430000000001,11.65077,11.56194,11.47185,11.380680000000002,11.28843,11.19519,11.101140000000001,11.00637,10.91106,10.815389999999999,10.71954,10.62369,10.5282,10.43325,10.3392,10.246410000000001,10.155240000000001,10.06614,9.979470000000001,9.89586,9.81567,9.73935,9.66762,9.60084,9.53955,9.48429,9.43542,9.39348,9.35865,9.331290000000001,9.31158,9.299610000000001,9.29529,9.29871,9.30951,9.3276,9.352440000000001,9.383759999999999,9.42102,9.46359,9.51111,9.56295,9.61857,9.67734,9.73872,9.80226,9.867329999999999,9.93357,10.000530000000001,10.067760000000002,10.13499,10.20177,10.26792,10.333079999999999,10.397160000000001,10.4598,10.52082,10.58022,10.63773,10.69326,10.74672,10.79802,10.84716,10.89396,10.93842,10.98054,11.02023,11.05749,11.09232,11.12463,11.15451,11.181780000000002,11.206620000000001,11.22894,11.24874,11.26602,11.28078,11.29302,11.30274,11.30994,11.31453,11.31669,11.31624,11.31327,11.30778,11.29977,11.28924,11.2761,11.26044,11.24226,11.22147,11.19816,11.17233,11.143979999999999,11.113109999999999,11.07972,11.043809999999999,11.005379999999999,10.96452,10.921230000000001,10.8756,10.82763,10.77732,10.72485,10.67022,10.61361,10.55502,10.494720000000001,10.4328,10.36935,10.304730000000001,10.23912,10.17279,10.10601,10.039050000000001,9.97245,9.90648,9.84159,9.778229999999999,9.71703,9.65844,9.603,9.551250000000001,9.50382,9.46125,9.42408,9.392940000000001,9.36819,9.350280000000001,9.33957,9.33642,9.34083,9.35307,9.373050000000001,9.40077,9.43587,9.47817,9.52731,9.582930000000001,9.644580000000001,9.711720000000001,9.78381,9.86031,9.940769999999999,10.024650000000001,10.11141,10.2006,10.29177,10.38447,10.47834,10.57302,10.66815,10.76346,10.858680000000001,10.95354,11.04786,11.14146,11.234160000000001,11.32587,11.41641,11.505690000000001,11.59371,11.6802,11.76525,11.84877,11.93067,12.01104,12.0897,12.166739999999999,12.24207,12.315690000000002,12.38769,12.457980000000001,12.52656,12.59343,12.65859,12.72204,12.78387,12.84408,12.90249,12.95937,13.01454,13.06809,13.12002,13.17024,13.21893,13.26609,13.311539999999999,13.355459999999999,13.39776,13.43853,13.477770000000001,13.51539,13.55148,13.586039999999999,13.618979999999999,13.65048,13.68036,13.70871,13.73544,13.76073,13.784400000000002,13.80654,13.82715,13.84614,13.8636,13.87944,13.89366,13.90635,13.917420000000002,13.92687,13.934610000000001,13.94082,13.94532,13.94811,13.94919,13.94856,13.94622,13.94217,13.93623,13.92858,13.919130000000001,13.90779,13.89456,13.87944,13.86243,13.843440000000001,13.822470000000001,13.799520000000001,13.7745,13.74741,13.71825,13.68693,13.653450000000001,13.61781,13.579920000000001,13.53978,13.49739,13.45266,13.40568,13.35627,13.30452,13.25034,13.19373,13.134780000000001,13.0734,13.009500000000001,12.94326,12.87468,12.80367,12.73032,12.654720000000001,12.57687,12.496860000000002,12.41487,12.330900000000002,12.24522,12.15792,12.06918,11.97918,11.88828,11.79675,11.70495,11.61315,11.5218,11.43135,11.34243,11.2554,11.17089,11.08962,11.012129999999999,10.93914,10.87146,10.80954,10.75437,10.7064,10.66635,10.63494,10.612440000000001,10.599480000000002,10.59633,10.603349999999999,10.62045,10.64781,10.68525,10.73268,10.78956,10.85571,10.93059,11.01366,11.10429,11.20194,11.305980000000002,11.415690000000001,11.53053,11.64987,11.77308,11.89971,12.02913,12.16089,12.294540000000001,12.429720000000001,12.56598,12.702960000000001,12.840570000000001,12.97827,13.11597,13.253400000000001,13.39047,13.52682,13.66254,13.797450000000001,13.931280000000001,14.064119999999999,14.195879999999999,14.32647,14.455800000000002,14.583870000000001,14.710679999999998,14.83614,14.960339999999999,15.0831,15.2046,15.32475,15.443460000000002,15.56091
19.568070000000002,19.51119,19.45431,19.39761,19.34091,19.28439,19.22787,19.17144,19.115190000000002,19.05903,19.00296,18.94707,18.891360000000002,18.83574,18.78021,18.72495,18.66978,18.61479,18.56007,18.50553,18.45117,18.39708,18.34317,18.28953,18.23607,18.18297,18.13014,18.07758,18.02538,17.973450000000003,17.92188,17.87058,17.819730000000003,17.76924,17.71911,17.669430000000002,17.62011,17.57124,17.52291,17.47494,17.42751,17.38053,17.334090000000003,17.28819,17.24283,17.19801,17.15382,17.11017,17.06715,17.02476,16.983,16.94187,16.90146,16.86168,16.82262,16.784280000000003,16.74666,16.709760000000003,16.67358,16.63821,16.60356,16.56972,16.5366,16.50429,16.47279,16.4421,16.41222,16.38315,16.35489,16.327350000000003,16.30071,16.274880000000003,16.249859999999998,16.22565,16.202160000000003,16.179570000000002,16.1577,16.13664,16.1163,16.096770000000003,16.07796,16.05996,16.04259,16.02594,16.0101,15.9948,15.980220000000001,15.966270000000002,15.952950000000001,15.940260000000002,15.92811,15.91659,15.90561,15.895080000000002,15.885089999999998,15.875640000000002,15.86655,15.858,15.849810000000002,15.84198,15.834510000000002,15.82749,15.820649999999999,15.81426,15.80805,15.80211,15.79635,15.79086,15.78555,15.78042,15.775379999999998,15.770520000000001,15.765749999999999,15.76107,15.756390000000001,15.7518,15.74721,15.74271,15.738119999999999,15.73353,15.728850000000001,15.724169999999999,15.719310000000002,15.71445,15.709409999999998,15.70428,15.699060000000001,15.693570000000001,15.687990000000001,15.682230000000002,15.67629,15.67008,15.66369,15.657119999999999,15.65019,15.64317,15.635790000000002,15.62814,15.62022,15.612029999999999,15.60348,15.594750000000001,15.58557,15.57612,15.5664,15.556230000000001,15.54579,15.534989999999999,15.52383,15.512310000000001,15.50043,15.4881,15.4755,15.462359999999999,15.448950000000002,15.435089999999999,15.42078,15.40611,15.391079999999999,15.37551,15.35958,15.3432,15.32628,15.309000000000001,15.29127,15.27309,15.254460000000002,15.23529,15.215670000000001,15.1956,15.174990000000001,15.153930000000003,15.132330000000001,15.110280000000001,15.08769,15.064559999999998,15.04098,15.016770000000001,14.992110000000002,14.96682,14.94099,14.91462,14.887709999999998,14.860169999999998,14.83209,14.80347,14.774130000000001,14.744250000000001,14.713740000000001,14.6826,14.650830000000001,14.61843,14.58531,14.551559999999998,14.51718,14.482080000000002,14.44626,14.40972,14.37246,14.33448,14.29569,14.25618,14.215950000000001,14.17482,14.13297,14.09022,14.046660000000001,14.00229,13.95702,13.91085,13.86369,13.81572,13.76676,13.71681,13.66587,13.61394,13.561020000000001,13.50702,13.45194,13.39578,13.33854,13.28013,13.220550000000001,13.1598,13.097790000000002,13.03461,12.97008,12.904380000000002,12.837240000000001,12.76884,12.69909,12.62799,12.55545,12.48156,12.406139999999999,12.329369999999999,12.25098,12.171240000000001,12.08997,12.00717,11.922930000000001,11.83716,11.74995,11.661209999999999,11.57103,11.479500000000002,11.38662,11.292480000000001,11.196990000000001,11.10051,11.00295,10.9044,10.80522,10.70541,10.60524,10.504890000000001,10.404720000000001,10.30491,10.205820000000001,10.1079,10.011510000000001,9.9171,9.82512,9.73611,9.65061,9.56916,9.49248,9.42102,9.355410000000001,9.296280000000001,9.24399,9.19917,9.16209,9.1332,9.11268,9.100620000000001,9.097019999999999,9.10179,9.114749999999999,9.13563,9.16389,9.19908,9.24066,9.28809,9.34074,9.39789,9.45891,9.52326,9.59022,9.65934,9.7299,9.80154,9.87372,9.94608,10.01817,10.089720000000002,10.16028,10.22976,10.2978,10.36431,10.42893,10.491750000000001,10.55241,10.61091,10.667159999999999,10.72116,10.77264,10.82169,10.868310000000001,10.912320000000001,10.95381,10.99269,11.028960000000001,11.062710000000001,11.09376,11.122200000000001,11.14803,11.17125,11.19177,11.209769999999999,11.22507,11.23776,11.24784,11.255220000000001,11.26008,11.26224,11.26179,11.25873,11.25297,11.2446,11.23362,11.22003,11.203740000000002,11.184750000000001,11.16315,11.13885,11.11194,11.08242,11.0502,11.01528,10.97775,10.937610000000001,10.89486,10.8495,10.80162,10.75122,10.698300000000001,10.64304,10.58544,10.525590000000001,10.46367,10.39968,10.33389,10.26648,10.19754,10.12743,10.05633,9.9846,9.9126,9.84069,9.76923,9.69885,9.62991,9.56304,9.49878,9.43785,9.380700000000001,9.32814,9.2808,9.239220000000001,9.204120000000001,9.17595,9.15525,9.142470000000001,9.137880000000001,9.141660000000002,9.15399,9.17487,9.20403,9.24147,9.28665,9.33939,9.39897,9.46503,9.536850000000001,9.61398,9.69579,9.781649999999999,9.871020000000001,9.96327,10.05786,10.15443,10.25244,10.35144,10.45107,10.55097,10.650870000000001,10.75059,10.84968,10.94805,11.04552,11.14191,11.23704,11.330910000000001,11.423250000000001,11.51415,11.60352,11.69118,11.77713,11.861369999999999,11.943900000000001,12.02472,12.10365,12.18087,12.2562,12.32982,12.40164,12.47166,12.53988,12.6063,12.67101,12.73401,12.79521,12.8547,12.91239,12.96846,13.02282,13.07556,13.12659,13.175910000000002,13.22361,13.26969,13.31415,13.356990000000001,13.3983,13.437899999999999,13.47597,13.51242,13.54725,13.580549999999999,13.61223,13.642380000000001,13.67091,13.69791,13.72329,13.74714,13.76937,13.79007,13.80915,13.82661,13.84245,13.856670000000001,13.86927,13.88025,13.889610000000001,13.89726,13.9032,13.90752,13.91004,13.91094,13.91004,13.907340000000001,13.90293,13.89663,13.88853,13.878540000000001,13.866660000000001,13.85289,13.837230000000002,13.819500000000001,13.79988,13.7781,13.754340000000001,13.72851,13.70052,13.67028,13.63797,13.60332,13.566510000000001,13.527270000000001,13.48578,13.44195,13.3956,13.346910000000001,13.2957,13.24206,13.1859,13.12713,13.06584,13.00203,12.93561,12.86658,12.79503,12.72087,12.64428,12.56517,12.48354,12.39966,12.31344,12.225150000000001,12.13479,12.042539999999999,11.94858,11.85327,11.7567,11.65923,11.56113,11.46294,11.365020000000001,11.26782,11.17188,11.07774,10.98612,10.89765,10.81305,10.733130000000001,10.658610000000001,10.5903,10.52901,10.47555,10.43055,10.39473,10.36872,10.35297,10.34793,10.35396,10.370970000000002,10.399230000000001,10.43838,10.488330000000001,10.548720000000001,10.618920000000001,10.69848,10.78686,10.88316,10.986839999999999,11.09718,11.213460000000001,11.33496,11.460960000000002,11.59092,11.72412,11.86002,11.99817,12.13803,12.27924,12.42135,12.564000000000002,12.70692,12.84984,12.9924,13.134599999999999,13.27608,13.41684,13.556610000000001,13.695300000000001,13.83282,13.96917,14.10417,14.237910000000001,14.37021,14.501070000000002,14.63049,14.758469999999999,14.885010000000001,15.010110000000001,15.133680000000002,15.2559,15.37659,15.495840000000001
19.51353,19.4562,19.399050000000003,19.34181,19.28475,19.22778,19.1709,19.11402,19.05732,19.000709999999998,18.94428,18.88785,18.83169,18.77562,18.719640000000002,18.66384,18.60822,18.552780000000002,18.49752,18.44253,18.38763,18.333090000000002,18.27864,18.22446,18.17064,18.117,18.06363,18.010530000000003,17.95779,17.90532,17.85321,17.80146,17.75007,17.69904,17.64846,17.59824,17.54838,17.49906,17.4501,17.401680000000002,17.35371,17.30628,17.25939,17.21295,17.16714,17.12187,17.07723,17.03313,16.98966,16.94682,16.904700000000002,16.86321,16.82235,16.78221,16.742790000000003,16.704179999999997,16.6662,16.62903,16.59258,16.55694,16.52202,16.488,16.454700000000003,16.42221,16.390620000000002,16.35975,16.329780000000003,16.30062,16.272270000000002,16.24482,16.21809,16.19226,16.16733,16.143120000000003,16.11981,16.09731,16.07562,16.05474,16.03467,16.01532,15.996780000000001,15.97905,15.962040000000002,15.945660000000002,15.93009,15.915239999999999,15.90102,15.88752,15.87465,15.86241,15.85071,15.83964,15.829110000000002,15.81912,15.809669999999999,15.80067,15.79221,15.7842,15.776549999999999,15.76935,15.76242,15.755939999999999,15.749820000000001,15.743880000000003,15.738299999999999,15.732990000000001,15.727860000000002,15.722999999999999,15.71832,15.713730000000002,15.709409999999998,15.70509,15.700949999999999,15.69681,15.69276,15.688799999999999,15.684840000000001,15.680880000000002,15.67683,15.672780000000001,15.668730000000002,15.66459,15.66036,15.655949999999999,15.651539999999999,15.64695,15.64218,15.63732,15.63219,15.62697,15.62148,15.61581,15.60987,15.60375,15.597360000000002,15.5907,15.583770000000001,15.576570000000002,15.5691,15.561269999999999,15.553170000000001,15.544799999999999,15.53607,15.526979999999998,15.51762,15.50781,15.49773,15.487290000000002,15.476400000000002,15.46524,15.45363,15.441659999999999,15.42933,15.41655,15.40341,15.389819999999999,15.375779999999999,15.36138,15.346530000000001,15.331320000000002,15.31557,15.299370000000001,15.28281,15.26571,15.24816,15.23016,15.211710000000002,15.192810000000001,15.173370000000002,15.15339,15.132959999999999,15.11208,15.09066,15.0687,15.04629,15.023249999999999,14.99976,14.975730000000002,14.951070000000001,14.92596,14.900220000000001,14.87394,14.84712,14.81967,14.79168,14.763060000000001,14.73381,14.703930000000001,14.67342,14.642280000000001,14.610600000000002,14.57811,14.54508,14.51133,14.47686,14.441669999999998,14.40585,14.36922,14.33187,14.2938,14.25501,14.21541,14.175,14.133690000000001,14.091660000000001,14.048820000000001,14.00508,13.96044,13.914900000000001,13.868549999999999,13.82121,13.77288,13.723650000000001,13.673340000000001,13.62204,13.56975,13.51647,13.46202,13.406490000000002,13.34979,13.292010000000001,13.23297,13.17276,13.111379999999999,13.04874,12.98475,12.919500000000001,12.8529,12.78486,12.71556,12.64473,12.57255,12.498840000000001,12.4236,12.34692,12.26862,12.188790000000001,12.10743,12.02436,11.939760000000001,11.85354,11.76561,11.67615,11.58507,11.49237,11.39814,11.30238,11.20518,11.10645,11.00646,10.9053,10.80297,10.69965,10.59552,10.49085,10.38582,10.280610000000001,10.17567,10.07127,9.96786,9.8658,9.76554,9.66771,9.57285,9.48159,9.39447,9.3123,9.235619999999999,9.16515,9.10152,9.04545,8.997327,8.957754000000001,8.927082,8.90559,8.893404,8.890559999999999,8.896932,8.912268000000001,8.936199,8.968257,9.00783,9.054359999999999,9.10719,9.16542,9.22842,9.29556,9.36594,9.439020000000001,9.514170000000002,9.59067,9.66816,9.74592,9.823680000000001,9.90099,9.977400000000001,10.05273,10.126619999999999,10.19889,10.269359999999999,10.33776,10.40409,10.46799,10.52964,10.58877,10.64529,10.69929,10.750680000000001,10.79937,10.84536,10.88865,10.92915,10.966949999999999,11.00205,11.034360000000001,11.063880000000001,11.0907,11.11482,11.13615,11.15478,11.17062,11.18376,11.1942,11.20194,11.20689,11.20914,11.20869,11.20545,11.19951,11.19078,11.17935,11.16522,11.1483,11.12859,11.10618,11.08089,11.052900000000001,11.022120000000001,10.98855,10.95219,10.91304,10.8711,10.826369999999999,10.77894,10.728720000000001,10.67589,10.62036,10.56222,10.50156,10.43838,10.37295,10.30527,10.235430000000001,10.16379,10.090349999999999,10.01547,9.93942,9.86247,9.78498,9.7074,9.630180000000001,9.55377,9.4788,9.405719999999999,9.33534,9.26829,9.20529,9.14706,9.09432,9.04779,9.00819,8.976249000000001,8.952425999999999,8.937234,8.931051,8.934129,8.946594,8.968419,8.999469,9.03942,9.08802,9.144630000000001,9.20871,9.279720000000001,9.35685,9.43965,9.527220000000002,9.619019999999999,9.71433,9.81252,9.91305,10.01538,10.11906,10.223550000000001,10.3284,10.433430000000001,10.53828,10.64259,10.746089999999999,10.84869,10.95012,11.05029,11.14902,11.24622,11.341800000000001,11.43567,11.52783,11.61819,11.706660000000001,11.79324,11.878020000000001,11.96082,12.04182,12.12084,12.197880000000001,12.273119999999999,12.34647,12.41793,12.4875,12.55527,12.62115,12.68514,12.74742,12.8079,12.86658,12.92346,12.97863,13.03209,13.08384,13.13388,13.182210000000001,13.22883,13.27383,13.317210000000001,13.35888,13.39893,13.43736,13.474169999999999,13.509360000000001,13.54293,13.57497,13.605300000000002,13.6341,13.66128,13.68684,13.71078,13.7331,13.7538,13.77297,13.790429999999999,13.80627,13.82049,13.83309,13.84398,13.85316,13.86072,13.86648,13.87062,13.87296,13.87359,13.87233,13.86936,13.86459,13.857930000000001,13.84938,13.838940000000001,13.82661,13.8123,13.79601,13.777650000000001,13.75731,13.73481,13.710239999999999,13.683510000000002,13.65462,13.62348,13.59009,13.554359999999999,13.516290000000001,13.47588,13.43295,13.38768,13.3398,13.28949,13.23648,13.180950000000001,13.122720000000001,13.06188,12.99834,12.93201,12.86298,12.791160000000001,12.71664,12.63942,12.55941,12.4767,12.39138,12.303450000000002,12.213000000000001,12.12012,12.02499,11.9277,11.828429999999999,11.727360000000001,11.62494,11.52126,11.41668,11.31174,11.2068,11.102310000000001,10.9989,10.897200000000002,10.79784,10.701630000000002,10.60938,10.52181,10.439820000000001,10.3644,10.29645,10.23678,10.1862,10.14561,10.115639999999999,10.09683,10.089720000000002,10.09467,10.111680000000002,10.140929999999999,10.18215,10.23507,10.299240000000001,10.37412,10.45899,10.55322,10.65591,10.76634,10.883610000000001,11.00709,11.135790000000002,11.26908,11.40624,11.54655,11.68947,11.83437,11.980889999999999,12.128400000000001,12.27663,12.42513,12.573720000000002,12.721950000000001,12.86964,13.0167,13.16286,13.30794,13.45185,13.594410000000002,13.735710000000001,13.87557,14.0139,14.15079,14.28606,14.419709999999998,14.55183,14.68233,14.811300000000001,14.938560000000003,15.06429,15.188490000000002,15.31107,15.43212
19.459080000000004,19.40139,19.3437,19.286189999999998,19.22868,19.17126,19.11384,19.0566,18.99945,18.94239,18.88551,18.82863,18.77193,18.71541,18.65898,18.60273,18.54666,18.49068,18.43497,18.379440000000002,18.324089999999998,18.26892,18.21402,18.1593,18.10494,18.05076,17.996850000000002,17.9433,17.89002,17.83701,17.78436,17.73207,17.68014,17.62857,17.57745,17.526690000000002,17.47629,17.42643,17.37702,17.32806,17.27955,17.23158,17.18415,17.13726,17.090999999999998,17.04519,17.00001,16.955550000000002,16.911630000000002,16.86834,16.82577,16.783830000000002,16.742610000000003,16.70211,16.66233,16.62327,16.58502,16.54749,16.51077,16.47486,16.43976,16.40547,16.37199,16.33932,16.30746,16.276500000000002,16.24644,16.217190000000002,16.188840000000003,16.1613,16.13466,16.10883,16.0839,16.05987,16.03665,16.01424,15.99273,15.97203,15.95214,15.93306,15.91479,15.89724,15.88059,15.864570000000002,15.849359999999999,15.83487,15.821100000000001,15.80796,15.795539999999999,15.783750000000001,15.77259,15.761970000000002,15.75198,15.742530000000002,15.73362,15.72516,15.71724,15.70977,15.702750000000002,15.696090000000002,15.68988,15.683940000000002,15.678450000000002,15.67314,15.66819,15.66351,15.659010000000002,15.654780000000002,15.650730000000001,15.646770000000002,15.642990000000001,15.639389999999999,15.635790000000002,15.63237,15.628950000000001,15.62553,15.622200000000001,15.61878,15.615450000000001,15.611939999999999,15.60852,15.60492,15.601230000000001,15.59745,15.593580000000001,15.58953,15.5853,15.58098,15.576389999999998,15.571620000000001,15.566669999999998,15.561450000000002,15.55605,15.550379999999999,15.54444,15.538230000000002,15.53184,15.525,15.517980000000001,15.510600000000002,15.50295,15.49494,15.48657,15.47793,15.46893,15.45957,15.44976,15.439680000000001,15.42924,15.41835,15.4071,15.395400000000002,15.38334,15.370920000000002,15.358049999999999,15.344730000000002,15.331050000000001,15.31683,15.30225,15.287220000000001,15.27174,15.25581,15.23943,15.222600000000002,15.20532,15.1875,15.16923,15.15051,15.13125,15.111540000000002,15.09129,15.070500000000001,15.04926,15.027479999999999,15.00516,14.982299999999999,14.9589,14.93496,14.91048,14.88546,14.85981,14.83362,14.806890000000001,14.779530000000001,14.75154,14.722919999999998,14.69376,14.663969999999999,14.63355,14.602410000000003,14.57064,14.538240000000002,14.505210000000002,14.47146,14.43699,14.4018,14.36589,14.32926,14.29182,14.25366,14.214780000000001,14.175,14.134500000000001,14.09319,14.05098,14.007959999999999,13.964039999999999,13.91922,13.8735,13.826880000000001,13.77927,13.73067,13.68117,13.63059,13.57902,13.52637,13.47255,13.41774,13.36176,13.30461,13.24629,13.18671,13.125960000000001,13.06395,13.00059,12.935880000000001,12.869819999999999,12.80241,12.73356,12.66327,12.591450000000002,12.5181,12.44331,12.366810000000001,12.28878,12.20913,12.127770000000002,12.04479,11.96001,11.873520000000001,11.78532,11.695409999999999,11.60361,11.51019,11.41488,11.31795,11.21922,11.118870000000001,11.0169,10.9134,10.80846,10.70208,10.59462,10.48599,10.37664,10.26657,10.15623,10.045800000000002,9.93573,9.82638,9.7182,9.611730000000001,9.5076,9.40635,9.30861,9.215190000000002,9.126900000000001,9.04437,8.968392000000001,8.899794,8.839269,8.787483000000002,8.744994,8.71227,8.689644000000001,8.677305,8.675262,8.683398,8.701407,8.728866000000002,8.765208,8.809758,8.861787,8.920476,8.985015,9.054540000000001,9.12825,9.20538,9.285120000000001,9.36684,9.44973,9.533430000000001,9.617220000000001,9.700740000000001,9.78345,9.865169999999999,9.94545,10.02402,10.100700000000002,10.17522,10.24749,10.31742,10.38474,10.44945,10.511550000000002,10.570770000000001,10.62729,10.68102,10.73178,10.77975,10.82484,10.86705,10.90638,10.94274,10.97631,11.007000000000001,11.03481,11.05983,11.08188,11.10123,11.11761,11.1312,11.142000000000001,11.14992,11.155050000000001,11.15739,11.15685,11.15352,11.1474,11.138399999999999,11.126520000000001,11.11185,11.0943,11.07387,11.050559999999999,11.02437,10.9953,10.96326,10.92834,10.890450000000001,10.84968,10.805940000000001,10.75932,10.70973,10.65726,10.60182,10.54359,10.482569999999999,10.41876,10.35225,10.283130000000002,10.21158,10.137599999999999,10.06146,9.98343,9.903599999999999,9.82224,9.739799999999999,9.656460000000001,9.57285,9.489329999999999,9.40644,9.324810000000001,9.24507,9.16794,9.09423,9.02466,8.960067,8.901333000000001,8.849295,8.804745,8.768457,8.741088,8.723205,8.715258,8.717544,8.730189000000001,8.753166,8.786304000000001,8.829261,8.881569,8.942652,9.01188,9.08838,9.17154,9.26055,9.3546,9.45288,9.55476,9.65943,9.76635,9.874889999999999,9.9846,10.094850000000001,10.20546,10.3158,10.42569,10.53486,10.64304,10.74996,10.85553,10.959570000000001,11.06199,11.16261,11.26143,11.358360000000001,11.4534,11.54637,11.637450000000001,11.72637,11.8134,11.89827,11.981160000000001,12.06207,12.14091,12.217680000000001,12.29256,12.36537,12.43629,12.505320000000001,12.572370000000001,12.63753,12.700800000000001,12.762179999999999,12.82176,12.87954,12.93552,12.989700000000001,13.04217,13.092839999999999,13.141710000000002,13.188960000000002,13.2345,13.27833,13.32045,13.360949999999999,13.399740000000001,13.436910000000001,13.472370000000002,13.5063,13.53852,13.56912,13.5981,13.62546,13.65111,13.675229999999999,13.69764,13.718520000000002,13.7376,13.75515,13.77099,13.785210000000001,13.79772,13.808520000000001,13.81761,13.824990000000001,13.83066,13.834620000000001,13.83669,13.83705,13.835609999999999,13.832370000000001,13.82715,13.82013,13.81122,13.80033,13.78746,13.77261,13.75578,13.73688,13.71582,13.6926,13.66731,13.63977,13.60998,13.57785,13.543379999999999,13.506570000000002,13.46733,13.42566,13.38147,13.334670000000001,13.28535,13.23333,13.178609999999999,13.12119,13.06098,12.99798,12.93219,12.863430000000001,12.79179,12.717270000000001,12.63978,12.559320000000001,12.47598,12.389669999999999,12.30048,12.208499999999999,12.11364,12.01617,11.91609,11.813580000000002,11.708820000000001,11.60199,11.49327,11.38311,11.271780000000001,11.15973,11.047320000000001,10.93509,10.82376,10.71387,10.606230000000002,10.50165,10.40094,10.305,10.21491,10.13166,10.05624,9.98973,9.93294,9.88695,9.85257,9.830430000000002,9.82098,9.82476,9.841949999999999,9.87237,9.91593,9.97227,10.04076,10.12086,10.21176,10.31256,10.42236,10.54026,10.665270000000001,10.79658,10.9332,11.07441,11.21931,11.36727,11.51766,11.66985,11.823300000000001,11.97756,12.13218,12.2868,12.44115,12.59496,12.74796,12.89997,13.05081,13.20039,13.34853,13.495140000000001,13.64022,13.78359,13.92534,14.065290000000001,14.20362,14.340060000000001,14.474880000000002,14.607900000000003,14.73912,14.868720000000001,14.99652,15.122700000000002,15.247169999999999,15.37002
19.40463,19.34649,19.28844,19.23048,19.172520000000002,19.114649999999997,19.05687,18.99918,18.94158,18.884069999999998,18.82665,18.76941,18.71226,18.6552,18.59832,18.54153,18.48492,18.42849,18.372239999999998,18.31617,18.26028,18.20466,18.14922,18.094050000000003,18.03906,17.984340000000003,17.92998,17.875799999999998,17.82198,17.76843,17.715239999999998,17.66241,17.60994,17.557830000000003,17.50608,17.454780000000003,17.40384,17.353440000000003,17.30349,17.2539,17.20494,17.15643,17.10846,17.061120000000003,17.014229999999998,16.96797,16.922340000000002,16.87734,16.83297,16.78923,16.74621,16.70382,16.66215,16.621290000000002,16.58115,16.54173,16.50312,16.46523,16.42824,16.39197,16.3566,16.32204,16.28838,16.25553,16.22358,16.192439999999998,16.162290000000002,16.13295,16.104509999999998,16.07688,16.050240000000002,16.0245,15.99957,15.975629999999999,15.952500000000002,15.930269999999998,15.908850000000001,15.888330000000002,15.868710000000002,15.849900000000002,15.831900000000001,15.81471,15.79833,15.782670000000001,15.76782,15.75369,15.74037,15.727680000000001,15.71571,15.70437,15.693660000000001,15.683580000000001,15.674130000000002,15.66522,15.65685,15.649019999999998,15.64173,15.6348,15.628409999999999,15.62238,15.616710000000001,15.61149,15.606539999999999,15.60195,15.59763,15.593580000000001,15.58971,15.586110000000001,15.58269,15.579450000000001,15.576389999999998,15.57333,15.57045,15.56766,15.56487,15.56208,15.55938,15.55659,15.5538,15.55101,15.54813,15.545160000000001,15.54201,15.53886,15.535530000000001,15.53202,15.528419999999999,15.524550000000001,15.520500000000002,15.516270000000002,15.511859999999999,15.50718,15.502229999999999,15.497100000000001,15.491610000000001,15.485940000000001,15.47991,15.473610000000003,15.46695,15.460020000000002,15.45282,15.445170000000001,15.43725,15.42897,15.420330000000002,15.41133,15.401969999999999,15.392249999999999,15.38208,15.37155,15.36066,15.34932,15.33762,15.325470000000001,15.312869999999998,15.29982,15.28641,15.27255,15.258240000000002,15.243480000000002,15.228270000000002,15.21252,15.196409999999998,15.17976,15.16266,15.14511,15.12702,15.108479999999998,15.0894,15.06987,15.049800000000001,15.029190000000002,15.00813,14.986439999999998,14.9643,14.94162,14.918310000000002,14.894549999999999,14.870160000000002,14.845230000000003,14.81976,14.793660000000001,14.766929999999999,14.739660000000002,14.71176,14.683320000000002,14.65416,14.624370000000003,14.59395,14.5629,14.531220000000001,14.49882,14.46579,14.431949999999999,14.39748,14.36229,14.32638,14.28966,14.252220000000001,14.21406,14.175,14.13522,14.09463,14.053139999999999,14.01084,13.967640000000001,13.923630000000001,13.878630000000001,13.83273,13.78584,13.73805,13.68927,13.63941,13.58856,13.536629999999999,13.48362,13.42953,13.374270000000001,13.31784,13.26024,13.20147,13.14144,13.080060000000001,13.017420000000001,12.95334,12.888,12.82122,12.753,12.68325,12.612060000000001,12.53925,12.46491,12.38886,12.31128,12.2319,12.15081,12.06801,11.98341,11.89701,11.808629999999999,11.71854,11.626470000000001,11.53251,11.43657,11.33874,11.23902,11.137410000000001,11.03391,10.928519999999999,10.82142,10.712610000000002,10.60218,10.490310000000001,10.377089999999999,10.26279,10.1475,10.03167,9.91548,9.79929,9.68364,9.56898,9.45576,9.3447,9.23643,9.13167,9.031320000000001,8.9361,8.847,8.764866,8.690598,8.625051,8.569008,8.523153,8.488044,8.464095,8.451531,8.450388,8.460504,8.481546,8.512992,8.554176,8.604315,8.662527,8.727876,8.799408,8.876159999999999,8.957205,9.04167,9.12861,9.21744,9.307260000000001,9.397620000000002,9.4878,9.577440000000001,9.666,9.753120000000001,9.83862,9.92205,10.00323,10.08207,10.1583,10.23192,10.30275,10.370610000000001,10.43568,10.49769,10.55673,10.61271,10.66572,10.71567,10.762559999999999,10.80639,10.84716,10.884960000000001,10.91979,10.95156,10.980360000000001,11.00619,11.02914,11.04903,11.066040000000001,11.08008,11.09124,11.099430000000002,11.10474,11.107080000000002,11.10654,11.10312,11.09673,11.08737,11.07513,11.05992,11.041739999999999,11.02059,10.99638,10.96929,10.93905,10.90584,10.86957,10.83024,10.78785,10.74231,10.69371,10.641960000000001,10.587150000000001,10.52919,10.468259999999999,10.40418,10.33722,10.267199999999999,10.19439,10.11879,10.04058,9.95994,9.87696,9.79191,9.705060000000001,9.61668,9.52731,9.43722,9.346950000000001,9.25713,9.1683,9.08127,8.996715,8.915571,8.838702,8.767062000000001,8.701623,8.643339,8.593164,8.551989,8.520597,8.499672,8.489727,8.491122,8.504010000000001,8.528345999999999,8.563913999999999,8.6103,8.666928,8.733122999999999,8.808075,8.890929,8.980776,9.076680000000001,9.17784,9.28332,9.39231,9.50409,9.61785,9.73314,9.84924,9.96579,10.08225,10.198260000000001,10.313550000000001,10.42776,10.54071,10.65213,10.762020000000001,10.87002,10.976130000000001,11.080350000000001,11.182409999999999,11.28249,11.380320000000001,11.476080000000001,11.56959,11.66094,11.75013,11.83716,11.921940000000001,12.00465,12.0852,12.163590000000001,12.23991,12.31416,12.38643,12.45663,12.524849999999999,12.59109,12.65535,12.717720000000002,12.7782,12.83679,12.89349,12.94839,13.00149,13.05279,13.10229,13.15008,13.19607,13.240440000000001,13.28301,13.32387,13.36302,13.40055,13.43637,13.47048,13.50297,13.53384,13.563,13.59054,13.616370000000002,13.64058,13.66308,13.68396,13.70322,13.72077,13.73661,13.75074,13.763250000000001,13.773959999999999,13.78296,13.79025,13.79574,13.799520000000001,13.801409999999999,13.8015,13.79979,13.796190000000001,13.790790000000001,13.78332,13.77405,13.76271,13.749390000000002,13.73409,13.71663,13.697099999999999,13.675410000000001,13.65156,13.62546,13.59711,13.56642,13.53339,13.49802,13.460130000000001,13.41972,13.37679,13.33125,13.283100000000001,13.23225,13.178609999999999,13.12218,13.06296,13.00077,12.935699999999999,12.86757,12.79638,12.72222,12.64491,12.56445,12.48084,12.39408,12.304170000000001,12.21111,12.1149,12.01572,11.91348,11.80845,11.70054,11.590110000000001,11.47725,11.36214,11.24523,11.12679,11.00718,10.886940000000001,10.76661,10.646730000000002,10.528110000000002,10.411560000000001,10.2978,10.18791,10.082880000000001,9.98379,9.89181,9.8082,9.73395,9.67032,9.6183,9.57897,9.55296,9.54099,9.5436,9.56079,9.59265,9.639000000000001,9.699209999999999,9.77283,9.85887,9.95652,10.06479,10.18251,10.30869,10.44225,10.58211,10.72746,10.87713,11.03049,11.18673,11.345040000000001,11.504880000000002,11.66562,11.8269,11.98827,12.149280000000001,12.309660000000001,12.46923,12.62763,12.78477,12.94047,13.09455,13.24701,13.39767,13.54644,13.69341,13.83849,13.98168,14.12298,14.2623,14.39964,14.535180000000002,14.668740000000001,14.800500000000001,14.930460000000002,15.058530000000001,15.18489,15.30945
19.35027,19.291770000000003,19.23327,19.17486,19.11645,19.05822,18.99999,18.941850000000002,18.88371,18.82575,18.76788,18.7101,18.652500000000003,18.594900000000003,18.537570000000002,18.48033,18.42318,18.366210000000002,18.309420000000003,18.2529,18.19647,18.14031,18.084329999999998,18.02853,17.973,17.91783,17.862840000000002,17.80812,17.75367,17.69958,17.64585,17.59239,17.53938,17.48664,17.434350000000002,17.38251,17.33103,17.28,17.229509999999998,17.179470000000002,17.12988,17.08083,17.032320000000002,16.984350000000003,16.93701,16.89021,16.84404,16.7985,16.753680000000003,16.70949,16.665930000000003,16.623179999999998,16.58106,16.53975,16.49916,16.45938,16.42041,16.382160000000002,16.344810000000003,16.30836,16.27263,16.23789,16.203960000000002,16.170840000000002,16.13871,16.107480000000002,16.07715,16.04772,16.01919,15.99165,15.964920000000001,15.93918,15.914340000000001,15.8904,15.867450000000002,15.84531,15.824160000000001,15.80382,15.78438,15.765749999999999,15.748110000000002,15.73119,15.715170000000002,15.699869999999999,15.68538,15.671700000000001,15.658739999999998,15.646590000000002,15.635069999999999,15.624179999999999,15.6141,15.604560000000001,15.595559999999999,15.58728,15.579450000000001,15.572249999999999,15.565500000000002,15.55929,15.553440000000002,15.54804,15.54309,15.5385,15.534180000000001,15.53031,15.52662,15.523200000000001,15.52005,15.51717,15.51438,15.511769999999999,15.509340000000002,15.507000000000001,15.50475,15.502590000000001,15.50052,15.498360000000002,15.49629,15.494220000000002,15.49206,15.489899999999999,15.487560000000002,15.48522,15.4827,15.480089999999999,15.47739,15.47451,15.47136,15.468120000000003,15.4647,15.46101,15.457049999999999,15.45291,15.4485,15.44382,15.43887,15.433649999999998,15.42807,15.42222,15.416100000000002,15.40962,15.40278,15.39558,15.38811,15.380189999999999,15.371999999999998,15.36336,15.354360000000002,15.345,15.33519,15.32502,15.3144,15.30342,15.29199,15.280110000000002,15.267870000000002,15.25518,15.242040000000001,15.22845,15.21441,15.19983,15.18489,15.169500000000001,15.15357,15.137189999999999,15.12027,15.1029,15.08508,15.06672,15.04782,15.02847,15.008580000000002,14.988150000000001,14.96727,14.945760000000002,14.923800000000002,14.901209999999999,14.878079999999999,14.85441,14.830200000000001,14.805359999999999,14.77998,14.75397,14.727420000000002,14.70024,14.672430000000002,14.64399,14.614920000000001,14.58522,14.55489,14.52384,14.49216,14.459850000000001,14.42673,14.392980000000001,14.35851,14.32332,14.287320000000001,14.25069,14.21316,14.17491,14.13585,14.09598,14.0553,14.013720000000001,13.97124,13.927950000000001,13.883759999999999,13.83867,13.79259,13.74552,13.697460000000001,13.64841,13.59837,13.54725,13.49505,13.44168,13.38723,13.331610000000001,13.27482,13.21686,13.15755,13.09698,13.03506,12.97188,12.90717,12.8412,12.77361,12.70467,12.634110000000002,12.56202,12.48822,12.412889999999999,12.33576,12.256920000000001,12.17637,12.09393,12.009689999999999,11.92347,11.83536,11.74527,11.653110000000002,11.55897,11.46276,11.36448,11.264130000000002,11.16162,11.05704,10.9503,10.84158,10.73079,10.618020000000001,10.50336,10.38699,10.269,10.14957,10.028970000000001,9.907290000000001,9.78498,9.66249,9.54009,9.418320000000001,9.29781,9.17928,9.06327,8.950806,8.842680000000001,8.739864,8.643375,8.554248000000001,8.473527,8.402220000000002,8.341272,8.291511,8.253621,8.228097,8.215236,8.215083,8.227458,8.251956,8.287947,8.334639,8.391105,8.456292,8.52912,8.608464,8.693226000000001,8.782353,8.874837,8.969742,9.06624,9.16353,9.261,9.35802,9.45405,9.54873,9.6417,9.732510000000001,9.82098,9.906930000000001,9.99009,10.070459999999999,10.14786,10.22211,10.2933,10.36134,10.42614,10.4877,10.54602,10.60119,10.653120000000001,10.70181,10.747349999999999,10.78965,10.828800000000001,10.864799999999999,10.897739999999999,10.92753,10.954170000000001,10.97784,10.99836,11.01591,11.0304,11.041920000000001,11.05038,11.05578,11.058209999999999,11.057670000000002,11.05407,11.047500000000001,11.03787,11.02518,11.00943,10.99062,10.96875,10.94382,10.915740000000001,10.88442,10.85004,10.81242,10.771650000000001,10.727549999999999,10.680209999999999,10.62963,10.57581,10.51866,10.45818,10.39437,10.32741,10.25712,10.183589999999999,10.107000000000001,10.02735,9.94473,9.85923,9.77121,9.68067,9.58806,9.49356,9.397620000000002,9.30069,9.20322,9.10584,9.00927,8.91423,8.821593,8.732295,8.647344,8.567811,8.49483,8.429499000000002,8.372943,8.326206,8.290233,8.265825000000001,8.253612,8.254017,8.26722,8.293158,8.331560999999999,8.381907000000002,8.443521,8.515557,8.59707,8.687025,8.784387,8.888085,8.997111,9.11052,9.22725,9.34668,9.468,9.5904,9.71343,9.83655,9.95922,10.08117,10.20204,10.321560000000002,10.43937,10.555470000000001,10.66968,10.78173,10.891710000000002,10.99944,11.104920000000002,11.207970000000001,11.30877,11.40723,11.50326,11.59704,11.68839,11.77749,11.86425,11.948670000000002,12.03093,12.11094,12.188699999999999,12.26439,12.33783,12.40929,12.47859,12.54582,12.61116,12.674430000000001,12.73572,12.795119999999999,12.85263,12.908249999999999,12.96198,13.01391,13.06395,13.11228,13.158719999999999,13.20354,13.24647,13.287780000000001,13.32729,13.36509,13.40127,13.43565,13.46841,13.49946,13.5288,13.556519999999999,13.58244,13.60683,13.629420000000001,13.65039,13.669649999999999,13.6872,13.70304,13.717170000000001,13.72959,13.7403,13.74921,13.75632,13.76172,13.765320000000001,13.76703,13.76694,13.76496,13.761090000000001,13.75524,13.74759,13.737870000000001,13.726080000000001,13.71231,13.69647,13.67856,13.6584,13.636170000000002,13.611600000000001,13.58478,13.55562,13.52412,13.49019,13.45383,13.414950000000001,13.373460000000001,13.32936,13.28256,13.23297,13.18068,13.12542,13.06737,13.00626,12.94218,12.87495,12.80466,12.73113,12.65427,12.574259999999999,12.49083,12.404069999999999,12.31398,12.22038,12.12345,12.0231,11.91942,11.8125,11.70225,11.588940000000001,11.472660000000001,11.35359,11.231910000000001,11.10798,10.98207,10.85463,10.72611,10.59705,10.46817,10.340190000000002,10.213920000000002,10.090259999999999,9.97038,9.855360000000001,9.74637,9.64485,9.55197,9.46917,9.39771,9.338940000000001,9.29394,9.2637,9.248940000000001,9.250110000000001,9.267570000000001,9.30114,9.35064,9.41553,9.494819999999999,9.5877,9.693,9.80964,9.93627,10.07163,10.214640000000001,10.36404,10.51875,10.67778,10.840140000000002,11.00511,11.17188,11.33982,11.50839,11.677050000000001,11.84535,12.01302,12.17961,12.34503,12.50901,12.67137,12.83193,12.99069,13.14738,13.302180000000002,13.45482,13.605390000000002,13.7538,13.90014,14.044319999999999,14.186430000000001,14.32647,14.464350000000001,14.600340000000001,14.73426,14.866200000000001,14.996250000000002,15.12432,15.250680000000001
19.295910000000003,19.23705,19.1781,19.11924,19.060470000000002,19.0017,18.94302,18.884430000000002,18.82593,18.76743,18.709110000000003,18.65088,18.59265,18.53469,18.47673,18.41895,18.361349999999998,18.30393,18.2466,18.18945,18.13248,18.075779999999998,18.01926,17.96292,17.90685,17.85105,17.79543,17.740170000000003,17.685180000000003,17.630550000000003,17.57619,17.522190000000002,17.46855,17.41527,17.36235,17.30988,17.25786,17.20629,17.15508,17.104499999999998,17.054370000000002,17.004690000000004,16.955640000000002,16.90713,16.85916,16.81191,16.7652,16.71912,16.673759999999998,16.62903,16.58502,16.54173,16.49925,16.45749,16.41645,16.376310000000004,16.33689,16.298370000000002,16.26066,16.22376,16.18785,16.15275,16.118550000000003,16.08534,16.05303,16.021620000000002,15.99111,15.96159,15.93297,15.905339999999999,15.878610000000002,15.85296,15.82812,15.804270000000002,15.781410000000001,15.759450000000001,15.738390000000003,15.71832,15.699060000000001,15.680790000000002,15.66333,15.646770000000002,15.63102,15.616169999999999,15.602129999999999,15.588810000000002,15.576389999999998,15.5646,15.55362,15.54327,15.53364,15.524640000000002,15.51636,15.50862,15.501420000000001,15.494760000000001,15.488639999999998,15.483059999999998,15.47793,15.47316,15.46884,15.46497,15.461370000000002,15.458129999999999,15.45516,15.45246,15.45003,15.447780000000002,15.44571,15.44382,15.442020000000001,15.440399999999999,15.43887,15.43734,15.4359,15.43446,15.433110000000001,15.43158,15.430140000000002,15.42852,15.426899999999998,15.425189999999999,15.423300000000001,15.42132,15.419160000000002,15.41691,15.41439,15.411689999999998,15.408809999999999,15.405660000000001,15.402240000000003,15.39864,15.39477,15.39054,15.386130000000001,15.381359999999999,15.376320000000002,15.370920000000002,15.365250000000001,15.35922,15.352830000000003,15.346080000000002,15.33897,15.3315,15.32367,15.315479999999999,15.306840000000001,15.297839999999999,15.288390000000001,15.27858,15.268320000000001,15.2577,15.24654,15.235020000000002,15.22305,15.21072,15.197850000000003,15.18453,15.170760000000001,15.15654,15.14178,15.126570000000001,15.11091,15.0948,15.078149999999999,15.061050000000002,15.04341,15.02523,15.0066,14.98743,14.967720000000002,14.947470000000001,14.926680000000001,14.905349999999999,14.883569999999999,14.86116,14.83812,14.81463,14.790510000000001,14.765850000000002,14.74056,14.71464,14.688180000000001,14.66109,14.63337,14.60502,14.576039999999999,14.54643,14.516100000000002,14.48514,14.45355,14.42124,14.38821,14.354460000000001,14.319989999999999,14.2848,14.248800000000001,14.21208,14.17455,14.1363,14.097150000000001,14.05728,14.01642,13.97484,13.93227,13.88889,13.84452,13.79925,13.75308,13.70583,13.65759,13.608360000000001,13.558050000000001,13.50666,13.45419,13.40064,13.34583,13.289850000000001,13.2327,13.1742,13.11453,13.05351,12.99105,12.92733,12.86208,12.795390000000001,12.72717,12.65742,12.58614,12.51315,12.43845,12.36213,12.28401,12.204,12.12219,12.0384,11.95272,11.865060000000001,11.77524,11.68335,11.58939,11.49318,11.39481,11.2941,11.19114,11.085840000000001,10.978290000000001,10.868400000000001,10.756170000000001,10.64169,10.52496,10.406070000000001,10.28511,10.16217,10.03743,9.91116,9.78354,9.65484,9.52551,9.39591,9.266670000000001,9.138330000000002,9.01152,8.887221,8.766188999999999,8.649459,8.538110999999999,8.433306,8.336241,8.248149,8.170218,8.103582000000001,8.049267,8.00811,7.980723000000001,7.967466000000001,7.9684289999999995,7.983377999999999,8.011827,8.053038,8.10603,8.169696,8.242794,8.324037,8.412129,8.505801,8.603856,8.705151,8.808677999999999,8.913501,9.01881,9.123930000000001,9.228150000000001,9.33102,9.43209,9.531,9.62748,9.721169999999999,9.81198,9.89964,9.984150000000001,10.06533,10.143180000000001,10.2177,10.28871,10.3563,10.420380000000002,10.48113,10.53837,10.59228,10.64277,10.68993,10.73376,10.77426,10.811430000000001,10.84545,10.87614,10.90368,10.92807,10.94931,10.9674,10.98234,10.99413,11.00286,11.00844,11.01096,11.010330000000002,11.006639999999999,10.9998,10.9899,10.97685,10.960560000000001,10.94121,10.91862,10.89279,10.86381,10.8315,10.795860000000001,10.75698,10.714680000000001,10.66896,10.619909999999999,10.567350000000001,10.51137,10.451880000000001,10.38879,10.322280000000001,10.252260000000001,10.17864,10.101600000000001,10.02114,9.93726,9.85014,9.759780000000001,9.666450000000001,9.57033,9.47169,9.370709999999999,9.267930000000002,9.163620000000002,9.0585,8.953038000000001,8.848035,8.744292,8.642745,8.544438,8.450487,8.362134,8.280648000000001,8.207334000000001,8.143514999999999,8.090415,8.049177,8.020782,8.005977000000001,8.005266,8.018874,8.04672,8.088435,8.143407,8.210780999999999,8.289531,8.378532000000002,8.476551,8.582355,8.69472,8.812494000000001,8.934561,9.05994,9.187650000000001,9.31689,9.447030000000002,9.577440000000001,9.70749,9.836730000000001,9.96489,10.09152,10.21644,10.33947,10.46025,10.57887,10.69515,10.808910000000001,10.92024,11.02905,11.135250000000001,11.23893,11.34009,11.43873,11.53476,11.62836,11.71944,11.808090000000002,11.894309999999999,11.978190000000001,12.05973,12.13893,12.21597,12.29067,12.3633,12.43368,12.50199,12.568230000000002,12.6324,12.694500000000001,12.754710000000001,12.81294,12.86919,12.92355,12.97602,13.02669,13.07547,13.12245,13.167629999999999,13.21101,13.25268,13.29255,13.33071,13.36707,13.401720000000001,13.434750000000001,13.46598,13.4955,13.5234,13.5495,13.57389,13.59666,13.61772,13.636980000000001,13.65453,13.67046,13.68459,13.69692,13.707540000000002,13.71636,13.72338,13.7286,13.73202,13.73355,13.73328,13.73103,13.726890000000001,13.72077,13.71276,13.702679999999999,13.69053,13.67631,13.66002,13.64157,13.62087,13.59801,13.57281,13.54536,13.51548,13.48317,13.44834,13.41099,13.37112,13.32855,13.28328,13.23522,13.184370000000001,13.130640000000001,13.07385,13.014090000000001,12.951270000000001,12.8853,12.816,12.74346,12.66759,12.5883,12.5055,12.41919,12.329279999999999,12.23577,12.13866,12.03777,11.93328,11.825099999999999,11.71332,11.59794,11.47905,11.35674,11.23128,11.10285,10.97163,10.83807,10.702350000000001,10.565190000000001,10.42704,10.28853,10.15047,10.013760000000001,9.879480000000001,9.748709999999999,9.622620000000001,9.502740000000001,9.390509999999999,9.287370000000001,9.19494,9.114749999999999,9.04833,8.996931,8.961795,8.943786000000001,8.943515999999999,8.961273,8.996967,9.05022,9.12033,9.206280000000001,9.30699,9.42111,9.547110000000002,9.68373,9.82944,9.982800000000001,10.142550000000002,10.30752,10.47663,10.64871,10.82304,10.99881,11.1753,11.351970000000001,11.52828,11.70387,11.87829,12.051449999999999,12.2229,12.39246,12.560130000000001,12.72564,12.88908,13.05018,13.20894,13.36536,13.51953,13.671270000000002,13.820760000000002,13.96791,14.11272,14.25537,14.39568,14.533920000000002,14.669910000000002,14.80392,14.935770000000002,15.06564,15.19362
19.24173,19.18233,19.12302,19.06371,19.00449,18.94527,18.88614,18.8271,18.768060000000002,18.709110000000003,18.65034,18.59157,18.53289,18.47439,18.41589,18.357660000000003,18.29952,18.24147,18.183600000000002,18.12591,18.0684,18.01116,17.95401,17.89713,17.84052,17.784090000000003,17.72793,17.67204,17.616509999999998,17.56125,17.50626,17.451629999999998,17.397360000000003,17.34354,17.28999,17.236890000000002,17.18424,17.13204,17.08029,17.02908,16.97832,16.9281,16.87842,16.82937,16.78086,16.732979999999998,16.68573,16.63911,16.593210000000003,16.54794,16.50339,16.45965,16.41663,16.37442,16.33293,16.29234,16.25256,16.21368,16.17561,16.13844,16.10217,16.0668,16.03233,15.99885,15.966270000000002,15.934680000000002,15.904079999999999,15.87447,15.84576,15.818040000000002,15.7914,15.765659999999999,15.74091,15.71715,15.694379999999999,15.672510000000003,15.65172,15.63174,15.61284,15.594750000000001,15.577649999999998,15.561360000000002,15.546059999999999,15.53157,15.517890000000001,15.505110000000002,15.493050000000002,15.481800000000002,15.47127,15.46155,15.45246,15.444,15.436259999999999,15.42915,15.42258,15.416640000000001,15.411150000000001,15.406199999999998,15.4017,15.397739999999999,15.394140000000002,15.3909,15.38802,15.38541,15.383160000000002,15.38118,15.379470000000001,15.37794,15.37659,15.37542,15.37443,15.373440000000002,15.372630000000001,15.37182,15.3711,15.370379999999999,15.369570000000001,15.36885,15.368040000000002,15.367140000000001,15.36615,15.36507,15.363810000000003,15.362460000000002,15.36093,15.35922,15.357330000000001,15.35517,15.352830000000003,15.350310000000002,15.347520000000001,15.34437,15.341040000000001,15.337439999999999,15.33348,15.32925,15.32466,15.319709999999999,15.314490000000001,15.30891,15.30297,15.296670000000002,15.29001,15.282990000000002,15.27552,15.267689999999998,15.2595,15.25086,15.241770000000002,15.232320000000001,15.22242,15.21216,15.20136,15.1902,15.1785,15.166440000000001,15.153839999999999,15.14079,15.12729,15.11334,15.098939999999999,15.084000000000001,15.06861,15.05268,15.0363,15.019379999999998,15.001920000000002,14.984010000000001,14.96556,14.94657,14.92704,14.906970000000001,14.886450000000002,14.8653,14.84361,14.82138,14.798519999999998,14.77512,14.75118,14.72661,14.701410000000001,14.67567,14.649300000000002,14.622300000000001,14.59476,14.5665,14.537609999999999,14.508000000000001,14.477760000000002,14.44689,14.4153,14.38308,14.35005,14.31639,14.281920000000001,14.246730000000001,14.21073,14.17401,14.13648,14.098230000000001,14.05908,14.01903,13.97826,13.9365,13.89393,13.85037,13.806000000000001,13.76055,13.7142,13.66686,13.618440000000001,13.569030000000001,13.51854,13.466880000000002,13.41414,13.36032,13.30524,13.2489,13.19139,13.13262,13.072410000000001,13.01094,12.94812,12.88377,12.81798,12.75075,12.681899999999999,12.61143,12.539340000000001,12.46554,12.390030000000001,12.31272,12.23352,12.15252,12.069450000000002,11.984490000000001,11.89737,11.80818,11.716830000000002,11.62323,11.527379999999999,11.4291,11.328570000000001,11.22552,11.120040000000001,11.01204,10.90152,10.78839,10.67274,10.55448,10.43379,10.31049,10.184849999999999,10.05687,9.926730000000001,9.79461,9.66069,9.52533,9.3888,9.25164,9.11439,8.977545,8.841969,8.708472,8.578044,8.451774,8.330886,8.216694,8.110602,8.014040999999999,7.92846,7.855227,7.7955749999999995,7.750548,7.720929000000001,7.707168,7.709373,7.727291999999999,7.760313,7.807536,7.867773000000001,7.939673999999999,8.021763,8.112518999999999,8.210421,8.314011,8.421912,8.532882,8.645778,8.759601,8.873496,8.986716,9.098640000000001,9.20871,9.31644,9.421560000000001,9.523800000000001,9.62289,9.71865,9.8109,9.89964,9.98478,10.06614,10.1439,10.217970000000001,10.28835,10.355039999999999,10.41804,10.477440000000001,10.53324,10.58553,10.63431,10.67958,10.72134,10.75977,10.794870000000001,10.826550000000001,10.8549,10.88001,10.90179,10.920420000000002,10.93581,10.94796,10.95687,10.96263,10.96524,10.96461,10.96074,10.95372,10.94346,10.930050000000001,10.91331,10.89333,10.87011,10.84347,10.813500000000001,10.7802,10.743480000000002,10.70325,10.65951,10.61226,10.56141,10.506960000000001,10.44882,10.38699,10.32138,10.25208,10.179,10.10214,10.0215,9.93708,9.848970000000001,9.75726,9.66186,9.563130000000001,9.46116,9.35622,9.24849,9.13842,9.02646,8.913105,8.799002999999999,8.684901,8.571699,8.460387,8.352117,8.248167,8.149896000000002,8.058807000000002,7.976421000000001,7.9042769999999996,7.843869000000001,7.796574000000001,7.763562,7.745769,7.743806999999999,7.757928000000001,7.788033,7.833672,7.894044,7.968114,8.054622,8.152191,8.259372,8.374698,8.496765,8.624232000000001,8.755866000000001,8.890542,9.027270000000001,9.16515,9.30357,9.44163,9.57906,9.715140000000002,9.84978,9.98244,10.11294,10.2411,10.36683,10.48995,10.610370000000001,10.72809,10.843020000000001,10.95516,11.06451,11.17107,11.27484,11.375910000000001,11.47428,11.57004,11.6631,11.75364,11.841569999999999,11.92707,12.01014,12.09078,12.16899,12.245040000000001,12.318660000000001,12.39021,12.45942,12.52656,12.59163,12.65454,12.71547,12.77442,12.8313,12.886289999999999,12.939390000000001,12.99051,13.03983,13.08726,13.132800000000001,13.176630000000001,13.218570000000001,13.258799999999999,13.297229999999999,13.333860000000001,13.368870000000001,13.40199,13.43349,13.463189999999999,13.49118,13.51746,13.54194,13.5648,13.58586,13.60521,13.62285,13.63869,13.65282,13.66515,13.67568,13.68441,13.69134,13.69647,13.69971,13.70106,13.70052,13.69809,13.69368,13.68738,13.67901,13.66857,13.656060000000002,13.64148,13.62465,13.60575,13.58451,13.561020000000001,13.53528,13.507109999999999,13.476510000000001,13.443389999999999,13.407750000000002,13.36959,13.32873,13.28508,13.23873,13.189499999999999,13.1373,13.08222,13.02399,12.962610000000002,12.89808,12.83022,12.75894,12.684330000000001,12.60612,12.524310000000002,12.4389,12.34971,12.256649999999999,12.15981,12.059099999999999,11.95434,11.84571,11.73303,11.6163,11.4957,11.37123,11.242890000000001,11.110949999999999,10.9755,10.836810000000002,10.69524,10.55106,10.404720000000001,10.25694,10.108260000000001,9.95949,9.81162,9.66573,9.52308,9.385019999999999,9.25299,9.12888,9.01422,8.910891000000001,8.820774,8.745597,8.686962,8.646273,8.62461,8.622720000000001,8.640918000000001,8.679105,8.736786,8.813061,8.90676,9.01647,9.14049,9.27729,9.425070000000002,9.582120000000002,9.74709,9.918270000000001,10.0944,10.274220000000001,10.456740000000002,10.64106,10.82628,11.01177,11.196900000000001,11.381219999999999,11.56428,11.74581,11.925450000000001,12.10302,12.27843,12.45141,12.62196,12.78999,12.95541,13.118310000000001,13.278599999999999,13.43619,13.59126,13.74381,13.89384,14.04135,14.18652,14.32926,14.469660000000001,14.607719999999999,14.743619999999998,14.877360000000001,15.00894,15.138539999999999
19.18755,19.12779,19.06803,19.00827,18.9486,18.888930000000002,18.82935,18.76977,18.71028,18.65088,18.59148,18.53226,18.47313,18.414,18.355050000000002,18.29628,18.2376,18.179009999999998,18.1206,18.062369999999998,18.00432,17.946360000000002,17.88876,17.83125,17.77401,17.71695,17.660249999999998,17.60373,17.54757,17.49168,17.43606,17.38089,17.32599,17.27145,17.217360000000003,17.163629999999998,17.11035,17.05752,17.00514,16.953210000000002,16.90191,16.85106,16.80075,16.751070000000002,16.70193,16.65351,16.60563,16.55847,16.51194,16.46622,16.42113,16.37685,16.33329,16.29063,16.24869,16.20765,16.16742,16.12809,16.089660000000002,16.05213,16.015500000000003,15.979860000000002,15.94512,15.911370000000002,15.878610000000002,15.846840000000002,15.81606,15.786269999999998,15.757560000000002,15.72975,15.70302,15.67737,15.65262,15.628950000000001,15.60627,15.584579999999999,15.56388,15.54426,15.52554,15.507719999999999,15.49089,15.475050000000001,15.460020000000002,15.445979999999999,15.43275,15.420330000000002,15.408809999999999,15.398100000000001,15.38811,15.378930000000002,15.370379999999999,15.36264,15.35544,15.348960000000002,15.34302,15.33771,15.33294,15.328710000000001,15.32493,15.321600000000002,15.31872,15.3162,15.31404,15.312240000000001,15.3108,15.30954,15.30855,15.30774,15.3072,15.306750000000001,15.306390000000002,15.306210000000002,15.306119999999998,15.30603,15.30603,15.30603,15.30594,15.30585,15.30576,15.30549,15.30522,15.30477,15.30423,15.303510000000001,15.302610000000001,15.30153,15.30018,15.29865,15.296940000000001,15.29496,15.292710000000001,15.29019,15.287400000000002,15.284250000000002,15.28083,15.27714,15.273,15.26859,15.263910000000001,15.25878,15.25329,15.247440000000001,15.24123,15.23457,15.227549999999999,15.220170000000001,15.212250000000001,15.20406,15.195330000000002,15.18624,15.1767,15.16671,15.15636,15.14547,15.13413,15.122340000000001,15.110100000000001,15.09732,15.084180000000002,15.070500000000001,15.05628,15.041610000000002,15.02649,15.01083,14.994629999999999,14.977979999999999,14.960790000000001,14.943060000000001,14.924790000000002,14.905980000000001,14.88672,14.86683,14.84649,14.82552,14.804009999999998,14.78187,14.75919,14.73597,14.712120000000002,14.687730000000002,14.662709999999999,14.637060000000002,14.610870000000002,14.58396,14.556420000000001,14.528249999999998,14.49945,14.47002,14.43987,14.40909,14.3775,14.34528,14.31234,14.27868,14.2443,14.20911,14.1732,14.13648,14.09895,14.06061,14.02146,13.98141,13.94055,13.89879,13.85613,13.812570000000001,13.76802,13.72248,13.67604,13.62852,13.580010000000001,13.53033,13.479659999999999,13.42791,13.3749,13.32081,13.265460000000001,13.208850000000002,13.15098,13.09185,13.03137,12.96945,12.90609,12.841380000000001,12.77505,12.70719,12.63771,12.566609999999999,12.4938,12.41928,12.34287,12.26466,12.18456,12.10248,12.01833,11.93202,11.843639999999999,11.75301,11.66013,11.564820000000001,11.467170000000001,11.367,11.26422,11.15892,11.050920000000001,10.94022,10.82682,10.710540000000002,10.591380000000001,10.469430000000001,10.34469,10.21707,10.08666,9.95355,9.81783,9.679680000000001,9.53928,9.3969,9.2529,9.10773,8.961921,8.816067,8.670951,8.527482000000001,8.386722,8.249868000000001,8.118305999999999,7.993512,7.877123999999999,7.770843000000001,7.676388,7.595424,7.529481,7.479864,7.447545000000001,7.433127,7.436754,7.458111,7.49646,7.550658000000001,7.619274,7.7006429999999995,7.793000999999999,7.89453,8.003448,8.118072,8.236863,8.358408,8.481483,8.605008000000002,8.728074000000001,8.849907,8.969868,9.08739,9.20214,9.31374,9.42192,9.5265,9.6273,9.72423,9.8172,9.90621,9.99126,10.07226,10.1493,10.22247,10.29168,10.35702,10.41849,10.47627,10.53027,10.58058,10.62729,10.6704,10.70991,10.746,10.77858,10.80783,10.83357,10.85598,10.875150000000001,10.8909,10.90332,10.91259,10.91844,10.92105,10.920420000000002,10.91655,10.90926,10.89873,10.884960000000001,10.86777,10.84716,10.823220000000001,10.795860000000001,10.76508,10.7307,10.692810000000001,10.65132,10.606230000000002,10.55736,10.504800000000001,10.44846,10.388250000000001,10.32417,10.25604,10.183950000000001,10.1079,10.02771,9.94347,9.85509,9.76275,9.666269999999999,9.56592,9.46161,9.35361,9.24219,9.12744,9.00981,8.88966,8.767593000000002,8.644221,8.520327,8.396847,8.274843,8.155584,8.040474,7.931088,7.829118000000001,7.736364,7.654661999999999,7.585794000000001,7.531452000000001,7.493067000000001,7.4718089999999995,7.468407,7.483203,7.5160350000000005,7.566318,7.633062000000001,7.714953,7.810452000000001,7.917876,8.035487999999999,8.161569,8.294481,8.432694,8.574831,8.719659000000002,8.866116000000002,9.01323,9.160290000000002,9.30663,9.45171,9.59499,9.7362,9.875070000000001,10.01133,10.1448,10.27548,10.4031,10.52775,10.64934,10.76787,10.883339999999999,10.99575,11.10519,11.21166,11.31516,11.415780000000002,11.51361,11.60865,11.70099,11.79063,11.87766,11.96217,12.044160000000002,12.12372,12.20085,12.27564,12.348090000000001,12.418379999999999,12.486419999999999,12.55221,12.61593,12.67758,12.737160000000001,12.79467,12.850200000000001,12.90384,12.9555,13.005180000000001,13.05306,13.099050000000002,13.14324,13.185540000000001,13.226040000000001,13.26474,13.301730000000001,13.33683,13.37022,13.4019,13.431780000000002,13.459950000000001,13.486320000000001,13.51098,13.53384,13.55499,13.57434,13.59198,13.60791,13.62195,13.63428,13.64472,13.653450000000001,13.660290000000002,13.66524,13.6683,13.66956,13.66884,13.66614,13.661550000000002,13.65489,13.64625,13.635449999999999,13.622580000000001,13.60764,13.59045,13.571010000000001,13.54932,13.52529,13.49892,13.47012,13.43889,13.405050000000001,13.368599999999999,13.329540000000001,13.287780000000001,13.24314,13.19571,13.14531,13.09194,13.03551,12.97584,12.91293,12.84669,12.77703,12.70395,12.627180000000001,12.54672,12.462570000000001,12.37446,12.28248,12.18645,12.08628,11.98197,11.87343,11.76057,11.64339,11.521889999999999,11.39607,11.265929999999999,11.13156,10.99296,10.850399999999999,10.70406,10.554210000000001,10.40112,10.24533,10.08738,9.927990000000001,9.76788,9.608039999999999,9.44973,9.294120000000001,9.14283,8.997462,8.859996,8.732412000000002,8.616816,8.515377,8.430192,8.363205,8.316126,8.290287000000001,8.286579,8.305389000000002,8.346591,8.40951,8.493048,8.59572,8.715762,8.851239,9.00018,9.16047,9.330390000000001,9.507959999999999,9.69156,9.879840000000002,10.07136,10.26504,10.45989,10.655100000000001,10.84995,11.0439,11.2365,11.427299999999999,11.61594,11.80224,11.98611,12.16728,12.34566,12.52116,12.69387,12.86361,13.030470000000001,13.19454,13.355640000000001,13.51395,13.66956,13.82238,13.97259,14.1201,14.265179999999999,14.407650000000002,14.547780000000001,14.68557,14.82102,14.95431,15.085440000000002
19.13346,19.073249999999998,19.01304,18.952830000000002,18.89271,18.83259,18.772470000000002,18.71244,18.652500000000003,18.592560000000002,18.532709999999998,18.47295,18.41328,18.3537,18.29421,18.23481,18.17559,18.11646,18.05751,17.99865,17.94006,17.88156,17.82324,17.76519,17.707320000000003,17.649720000000002,17.59239,17.535239999999998,17.478450000000002,17.421930000000003,17.36568,17.30979,17.25426,17.199089999999998,17.14428,17.089920000000003,17.03601,16.98255,16.929450000000003,16.87698,16.82496,16.77348,16.722540000000002,16.67223,16.62246,16.57341,16.524900000000002,16.47711,16.43004,16.38369,16.338150000000002,16.29324,16.24923,16.20603,16.16355,16.12206,16.081380000000003,16.041600000000003,16.00281,15.964920000000001,15.927930000000002,15.891929999999999,15.85692,15.8229,15.78996,15.75792,15.72705,15.69708,15.66828,15.64047,15.613650000000002,15.588000000000001,15.56334,15.539670000000001,15.51717,15.495570000000003,15.475140000000001,15.455609999999998,15.43716,15.419699999999999,15.40314,15.38766,15.37308,15.359399999999999,15.34662,15.33474,15.32367,15.313410000000001,15.30405,15.295410000000002,15.28749,15.28029,15.273810000000001,15.267960000000002,15.26274,15.258149999999999,15.254100000000001,15.2505,15.247530000000001,15.24492,15.242759999999999,15.24105,15.23961,15.23862,15.237810000000001,15.237359999999999,15.23718,15.23718,15.237269999999999,15.237630000000001,15.23808,15.23862,15.239250000000002,15.23997,15.24069,15.24141,15.242040000000001,15.242759999999999,15.243300000000001,15.24375,15.24411,15.24438,15.244470000000002,15.24438,15.2442,15.24375,15.24303,15.242130000000001,15.24105,15.23961,15.237990000000002,15.236009999999998,15.233760000000002,15.231150000000001,15.228270000000002,15.225029999999999,15.221520000000002,15.21756,15.213330000000001,15.208649999999999,15.203700000000001,15.198300000000001,15.192450000000001,15.18633,15.17967,15.172649999999999,15.165270000000001,15.157350000000001,15.14907,15.140340000000002,15.131160000000001,15.12153,15.111450000000001,15.10092,15.08994,15.078510000000001,15.066540000000002,15.054120000000001,15.04116,15.027750000000001,15.013889999999998,14.99949,14.98455,14.96916,14.95323,14.93676,14.91984,14.902379999999999,14.88429,14.865749999999998,14.846670000000001,14.82696,14.806800000000003,14.78601,14.76468,14.74272,14.72022,14.697180000000001,14.673509999999998,14.649210000000002,14.624279999999999,14.59881,14.57271,14.54589,14.518529999999998,14.490450000000001,14.46174,14.432400000000001,14.40234,14.37156,14.340150000000001,14.30802,14.27508,14.24151,14.207130000000001,14.172030000000001,14.13612,14.099400000000001,14.06187,14.02353,13.98438,13.94433,13.90347,13.86162,13.81896,13.77531,13.73067,13.685130000000001,13.63851,13.590900000000001,13.54221,13.49244,13.44159,13.38966,13.33647,13.28211,13.22658,13.169699999999999,13.11156,13.05207,12.99123,12.92895,12.86523,12.799980000000001,12.7332,12.6648,12.59478,12.523050000000001,12.44961,12.37437,12.29715,12.21813,12.13704,12.05397,11.96874,11.88135,11.791620000000002,11.699639999999999,11.60523,11.50839,11.408940000000001,11.30688,11.20212,11.09457,10.98414,10.87074,10.754460000000002,10.63503,10.51254,10.3869,10.25802,10.12599,9.99081,9.85248,9.71118,9.56682,9.41976,9.27027,9.118440000000001,8.964864,8.810001,8.65449,8.499105,8.344809,8.192727000000001,8.044164,7.90065,7.763877000000001,7.6357349999999995,7.518231000000001,7.413426,7.323371999999999,7.2499590000000005,7.1948430000000005,7.159266000000001,7.144011,7.149267,7.174656000000001,7.219242,7.281612000000001,7.359966,7.452279,7.556400000000001,7.670151,7.791453000000001,7.91838,8.049177,8.182287,8.316369000000002,8.450298,8.58312,8.714052,8.842455,8.967825,9.089730000000001,9.20799,9.3222,9.43236,9.53829,9.6399,9.737100000000002,9.830070000000001,9.91863,10.00296,10.082970000000001,10.15884,10.23048,10.29807,10.36161,10.421280000000001,10.47699,10.528830000000001,10.57689,10.62126,10.661940000000001,10.69902,10.732500000000002,10.76247,10.78893,10.811969999999999,10.8315,10.847700000000001,10.86048,10.86993,10.875960000000001,10.87866,10.87794,10.873890000000001,10.86651,10.85571,10.84149,10.82394,10.80279,10.77822,10.75014,10.71846,10.683090000000002,10.644120000000001,10.601460000000001,10.55493,10.50462,10.45035,10.39212,10.329930000000001,10.26351,10.19295,10.11816,10.03914,9.95562,9.86778,9.775530000000002,9.678870000000002,9.57771,9.47214,9.36225,9.248130000000002,9.129959999999999,9.00792,8.882433,8.753777999999999,8.622522,8.489295,8.354889,8.220276,8.086599000000001,7.955208,7.827678,7.705782,7.591464,7.486839,7.3940850000000005,7.31538,7.252785,7.208109,7.182774,7.177734,7.193376,7.229502000000001,7.285347,7.359633,7.450730999999999,7.556697000000001,7.6754880000000005,7.805007000000001,7.9432290000000005,8.088264,8.238375000000001,8.392023,8.547876,8.704782,8.861778000000001,9.018089999999999,9.17298,9.32607,9.47673,9.624780000000001,9.76995,9.91206,10.050930000000001,10.18656,10.318769999999999,10.44765,10.57311,10.69515,10.81395,10.92942,11.04165,11.15064,11.256570000000002,11.359440000000001,11.45925,11.55618,11.65032,11.74158,11.83014,11.916,11.99925,12.080070000000001,12.15828,12.234150000000001,12.307590000000001,12.378689999999999,12.44754,12.51423,12.57867,12.64095,12.70116,12.7593,12.81537,12.86946,12.921570000000001,12.97179,13.02003,13.06638,13.11093,13.153500000000001,13.19436,13.23333,13.2705,13.30587,13.33944,13.3713,13.40136,13.42962,13.45608,13.480830000000001,13.50378,13.52502,13.54446,13.562100000000001,13.57803,13.59207,13.60431,13.614749999999999,13.62339,13.63005,13.635,13.63797,13.63896,13.63806,13.63527,13.63041,13.62348,13.61457,13.6035,13.59027,13.57497,13.55733,13.53753,13.5153,13.490820000000001,13.46391,13.434479999999999,13.40253,13.368060000000002,13.33089,13.29102,13.24836,13.202820000000001,13.15431,13.10283,13.048290000000001,12.99051,12.92958,12.86514,12.79737,12.726,12.65094,12.572189999999999,12.48966,12.403080000000001,12.31245,12.21777,12.11877,12.015360000000001,11.907630000000001,11.79531,11.67831,11.55672,11.43045,11.29941,11.1636,11.02302,10.877849999999999,10.728,10.57392,10.41552,10.25343,10.08783,9.91935,9.748619999999999,9.57645,9.403830000000001,9.23202,9.06246,8.896617,8.736507,8.584218,8.442063000000001,8.312508,8.198109,8.101386,8.024733000000001,7.970247,7.939566,7.933815000000001,7.953462,7.9983,8.067474,8.159589,8.272755,8.404812,8.553393,8.716104,8.890596,9.07461,9.26622,9.463500000000002,9.66483,9.86877,10.07433,10.280339999999999,10.48599,10.690650000000002,10.893690000000001,11.094750000000001,11.29329,11.48931,11.68236,11.87244,12.05946,12.24315,12.42369,12.60099,12.77505,12.94587,13.11354,13.27815,13.43961,13.5981,13.75371,13.90644,14.05638,14.20362,14.34816,14.49027,14.629860000000003,14.767020000000002,14.901840000000002,15.03441
19.07955,19.018890000000003,18.95823,18.897569999999998,18.83691,18.77634,18.715770000000003,18.65529,18.594810000000003,18.53433,18.474030000000003,18.41373,18.353520000000003,18.293400000000002,18.23337,18.17343,18.113580000000002,18.05391,17.99433,17.93493,17.875709999999998,17.81658,17.75772,17.69904,17.64054,17.582310000000003,17.524259999999998,17.46657,17.40906,17.35191,17.29503,17.23842,17.18226,17.12637,17.07093,17.01594,16.96131,16.90713,16.8534,16.80021,16.74756,16.69536,16.64379,16.59285,16.542450000000002,16.49268,16.443630000000002,16.39521,16.347510000000003,16.30053,16.254360000000002,16.20891,16.164360000000002,16.12053,16.07769,16.03566,15.99453,15.9543,15.91497,15.876719999999999,15.83937,15.803010000000002,15.76773,15.73344,15.700230000000001,15.668009999999999,15.636870000000002,15.606810000000001,15.577830000000002,15.54993,15.523200000000001,15.49746,15.472800000000001,15.44931,15.42681,15.40548,15.38514,15.36588,15.347700000000001,15.33051,15.314309999999999,15.29919,15.28497,15.27174,15.259409999999999,15.24807,15.23754,15.22782,15.219000000000001,15.21099,15.203700000000001,15.19722,15.191370000000001,15.18624,15.181650000000001,15.17778,15.174449999999998,15.17166,15.169410000000001,15.16752,15.16617,15.165180000000001,15.164639999999999,15.16437,15.16446,15.164729999999999,15.165270000000001,15.16608,15.16707,15.16815,15.169410000000001,15.170760000000001,15.1722,15.17364,15.175080000000001,15.17661,15.17796,15.1794,15.18066,15.18192,15.183000000000002,15.1839,15.18471,15.18525,15.1857,15.185880000000001,15.185880000000001,15.185610000000002,15.18507,15.184260000000002,15.18318,15.181830000000001,15.180120000000002,15.178139999999999,15.175799999999999,15.173100000000002,15.17004,15.166620000000002,15.16293,15.1587,15.154200000000001,15.14925,15.143939999999999,15.13818,15.131970000000003,15.1254,15.118380000000002,15.11091,15.102989999999998,15.094619999999999,15.085890000000001,15.07662,15.06681,15.056640000000002,15.04602,15.034860000000002,15.023159999999999,15.011099999999999,14.99841,14.985360000000002,14.971680000000001,14.95755,14.94297,14.927760000000001,14.912099999999999,14.8959,14.879159999999999,14.861880000000001,14.84415,14.82579,14.806890000000001,14.78736,14.767380000000001,14.746770000000001,14.72562,14.703930000000001,14.681519999999999,14.658660000000001,14.635079999999999,14.61096,14.586210000000001,14.56092,14.53491,14.508270000000001,14.481,14.453100000000001,14.42448,14.39523,14.36526,14.334570000000001,14.30325,14.27112,14.23836,14.20479,14.17041,14.1354,14.099490000000001,14.06286,14.02533,13.98699,13.947840000000001,13.90788,13.86693,13.82508,13.782330000000002,13.73868,13.694040000000001,13.64832,13.6017,13.554,13.505220000000001,13.45536,13.404330000000002,13.35222,13.29885,13.24431,13.18851,13.131450000000001,13.07304,13.01328,12.95208,12.88953,12.825360000000002,12.75975,12.69252,12.62367,12.55311,12.48084,12.40677,12.330810000000001,12.25296,12.17304,12.09114,12.00708,11.920860000000001,11.83239,11.741489999999999,11.648159999999999,11.5524,11.45394,11.352870000000001,11.24892,11.14218,11.03247,10.919699999999999,10.803780000000001,10.68462,10.56222,10.43631,10.30707,10.174230000000001,10.03788,9.89784,9.754380000000001,9.60732,9.456750000000001,9.30285,9.145890000000001,8.986041,8.823690000000001,8.659323,8.49357,8.327205,8.1612,7.996743,7.835247000000001,7.678377,7.528068000000001,7.386480000000001,7.2559890000000005,7.139079000000001,7.038261,6.955929,6.894171,6.854616,6.838272000000001,6.8454180000000004,6.875577,6.927561,6.999561,7.089336,7.194348,7.311987,7.439643,7.574885999999999,7.715493,7.8594930000000005,8.005194,8.151165,8.2962,8.439345000000001,8.579826,8.717013,8.850456000000001,8.979795000000001,9.10476,9.22518,9.34092,9.45198,9.55827,9.659790000000001,9.756540000000001,9.8487,9.93618,10.019160000000001,10.09764,10.171710000000001,10.24146,10.30707,10.368450000000001,10.42578,10.47915,10.52856,10.574100000000001,10.615860000000001,10.65384,10.68822,10.718910000000001,10.746089999999999,10.769580000000001,10.78965,10.80621,10.81935,10.82898,10.8351,10.83789,10.83717,10.83303,10.82547,10.814400000000001,10.79991,10.78182,10.76022,10.73502,10.70622,10.67373,10.63746,10.59741,10.55358,10.50579,10.45395,10.398060000000001,10.33812,10.27386,10.20528,10.132380000000001,10.05489,9.9729,9.886230000000001,9.794880000000001,9.698670000000002,9.59769,9.49185,9.381060000000002,9.2655,9.14517,9.020159999999999,8.890722,8.757045,8.619507,8.478603,8.334945,8.189316,8.042697,7.896294,7.751565,7.61022,7.474239,7.345880999999999,7.227603000000001,7.122024,7.031808,6.959484,6.907338,6.877179,6.870231,6.886971,6.9271199999999995,6.989661,7.072965000000001,7.174926,7.293141000000001,7.425072000000001,7.568208,7.720155,7.878717,8.041968,8.208189,8.375949,8.544051,8.711487,8.877483,9.0414,9.202679999999999,9.36099,9.51606,9.66771,9.81567,9.95994,10.10052,10.23723,10.37025,10.49958,10.62513,10.74708,10.865520000000002,10.98054,11.09205,11.200320000000001,11.30526,11.40714,11.50587,11.60163,11.694420000000001,11.78442,11.87163,11.956230000000001,12.03813,12.117420000000001,12.194189999999999,12.26862,12.340620000000001,12.41028,12.4776,12.542760000000001,12.60567,12.66651,12.72519,12.7818,12.836340000000002,12.8889,12.93948,12.98808,13.034880000000001,13.07961,13.122630000000001,13.163670000000002,13.202910000000001,13.24026,13.2759,13.309650000000001,13.3416,13.37184,13.40019,13.426829999999999,13.451670000000002,13.47471,13.49604,13.51548,13.53312,13.549050000000001,13.56309,13.575330000000001,13.58568,13.59423,13.60089,13.60566,13.60854,13.609440000000001,13.608360000000001,13.605300000000002,13.60026,13.593150000000001,13.58388,13.57263,13.55913,13.543379999999999,13.52538,13.50513,13.48254,13.45761,13.43016,13.40019,13.36761,13.332510000000001,13.29462,13.25394,13.21047,13.16403,13.11462,13.06215,13.00644,12.94749,12.88521,12.819420000000001,12.75003,12.67704,12.60027,12.519540000000001,12.43494,12.346110000000001,12.25305,12.15567,12.053790000000001,11.947320000000001,11.836170000000001,11.72016,11.59929,11.47329,11.34225,11.20608,11.0646,10.91799,10.766070000000001,10.609020000000001,10.44702,10.28007,10.10862,9.93285,9.75348,9.57096,9.3861,9.199980000000002,9.01368,8.82891,8.647254,8.470827,8.301995999999999,8.143398000000001,7.997931,7.868619000000001,7.758522,7.670592000000001,7.607421,7.571106,7.5630239999999995,7.583769000000001,7.633043999999999,7.709742,7.812036,7.93755,8.083584,8.247240000000001,8.425638,8.616014999999999,8.815824000000001,9.02277,9.23481,9.45027,9.66762,9.8856,10.10331,10.31985,10.53459,10.74699,10.9566,11.16315,11.36646,11.56635,11.76273,11.95542,12.14451,12.32991,12.511709999999999,12.69,12.864690000000001,13.035960000000001,13.20381,13.36842,13.5297,13.68792,13.84317,13.99536,14.144670000000001,14.29128,14.435190000000002,14.576490000000002,14.71527,14.85153,14.98554
19.025640000000003,18.96453,18.90342,18.84231,18.7812,18.72018,18.65907,18.59805,18.53712,18.47619,18.41526,18.35442,18.29367,18.23301,18.17244,18.111960000000003,18.05157,17.99127,17.931150000000002,17.87112,17.81127,17.7516,17.692020000000003,17.63271,17.57358,17.51472,17.45604,17.39763,17.33949,17.28162,17.22411,17.166870000000003,17.10999,17.05338,16.99731,16.941509999999997,16.88625,16.83135,16.77699,16.72308,16.66971,16.61679,16.564590000000003,16.51284,16.46181,16.41141,16.36164,16.31259,16.26426,16.21665,16.16985,16.12386,16.078680000000002,16.03431,15.990840000000002,15.948270000000003,15.90669,15.866010000000001,15.826230000000002,15.787529999999999,15.749820000000001,15.7131,15.67746,15.642900000000001,15.609329999999998,15.57693,15.54561,15.515460000000001,15.486300000000002,15.4584,15.43149,15.40584,15.38118,15.35778,15.335370000000001,15.314219999999999,15.294060000000002,15.275070000000001,15.25707,15.240239999999998,15.224400000000001,15.20964,15.19587,15.183090000000002,15.17121,15.16032,15.15033,15.14124,15.133049999999999,15.125670000000001,15.11901,15.11316,15.10803,15.103620000000001,15.09984,15.09669,15.09408,15.092099999999999,15.09057,15.089580000000002,15.08895,15.08886,15.089039999999999,15.089580000000002,15.09048,15.09165,15.093,15.094619999999999,15.096420000000002,15.09831,15.10038,15.10254,15.104790000000001,15.10704,15.10929,15.111540000000002,15.1137,15.115860000000001,15.11793,15.11982,15.12162,15.12333,15.12477,15.12612,15.1272,15.128010000000002,15.12864,15.129,15.129179999999998,15.129,15.12846,15.12774,15.126570000000001,15.125130000000002,15.12333,15.121170000000001,15.11874,15.115860000000001,15.11253,15.10893,15.104880000000001,15.10038,15.09552,15.09021,15.08445,15.07824,15.071670000000001,15.064649999999999,15.05709,15.04908,15.04071,15.031800000000002,15.022440000000001,15.01254,15.00219,14.99139,14.98005,14.968259999999999,14.95593,14.943150000000001,14.92974,14.91597,14.901570000000001,14.886630000000002,14.871239999999998,14.855310000000001,14.838840000000001,14.821739999999998,14.804190000000002,14.7861,14.767380000000001,14.748120000000002,14.72832,14.707889999999999,14.68692,14.66532,14.64318,14.620500000000002,14.597100000000001,14.57316,14.548499999999999,14.5233,14.49747,14.471010000000001,14.44383,14.416020000000001,14.387490000000001,14.35833,14.32854,14.29794,14.266710000000002,14.23467,14.202,14.168520000000001,14.13423,14.09922,14.0634,14.02677,13.989329999999999,13.951080000000001,13.911930000000002,13.87188,13.83093,13.78917,13.74642,13.702679999999999,13.65795,13.61223,13.565520000000001,13.51773,13.468950000000001,13.41891,13.36788,13.31559,13.262129999999999,13.20741,13.151430000000001,13.0941,13.03551,12.97548,12.914010000000001,12.8511,12.78666,12.720690000000001,12.65301,12.5838,12.5127,12.43989,12.36528,12.28869,12.210120000000002,12.12957,12.04686,11.9619,11.874780000000001,11.78523,11.69325,11.59866,11.50155,11.40165,11.29896,11.193389999999999,11.084670000000001,10.97289,10.85787,10.73952,10.61766,10.492289999999999,10.36314,10.230300000000002,10.09359,9.95292,9.8082,9.659519999999999,9.5067,9.349920000000001,9.18918,9.02466,8.856477,8.685054000000001,8.510778,8.334243,8.156196000000001,7.977609,7.799688000000001,7.6239539999999995,7.452215999999999,7.286607,7.129638000000001,6.984072,6.852924,6.739299,6.646221,6.576381,6.531912,6.5141729999999995,6.523542,6.559416000000001,6.620247,6.7037130000000005,6.806952,6.926796,7.060014,7.20351,7.3544220000000005,7.510212,7.668702000000001,7.828055999999999,7.986752999999999,8.143587,8.297586,8.448003,8.594280000000001,8.735994,8.872848,9.00468,9.13131,9.25263,9.368820000000001,9.4797,9.58536,9.68598,9.781559999999999,9.87219,9.95796,10.039050000000001,10.11546,10.18737,10.25487,10.31796,10.37691,10.43163,10.4823,10.52901,10.57176,10.61073,10.64592,10.67733,10.705050000000002,10.72917,10.749600000000001,10.76652,10.77993,10.78974,10.79604,10.79883,10.7982,10.79397,10.78623,10.77489,10.76004,10.74159,10.71945,10.69371,10.66419,10.630889999999999,10.59381,10.55277,10.50777,10.45872,10.40553,10.34811,10.28646,10.22031,10.14966,10.07433,9.99432,9.909450000000001,9.81963,9.724860000000001,9.62487,9.51957,9.40905,9.29322,9.171990000000001,9.04536,8.913474,8.776395,8.634357000000001,8.487639,8.336682000000001,8.182053,8.024507999999999,7.865019000000001,7.704828,7.545456,7.388775,7.236972,7.092621,6.958611,6.838074,6.734259000000001,6.650361,6.589278,6.553359,6.544161,6.562305,6.607404000000001,6.6780990000000005,6.772248,6.887142,7.019739,7.166916,7.325622000000001,7.493058,7.666704000000001,7.844399999999999,8.024283,8.20485,8.38485,8.563293,8.739396000000001,8.912583,9.08235,9.24849,9.410670000000001,9.56871,9.72261,9.87219,10.017629999999999,10.15893,10.296,10.42902,10.55808,10.68318,10.8045,10.92204,11.03607,11.1465,11.25351,11.35728,11.45772,11.555100000000001,11.64942,11.74077,11.82924,11.91492,11.9979,12.07827,12.156030000000001,12.23127,12.303989999999999,12.37446,12.442499999999999,12.50829,12.57174,12.63312,12.692340000000002,12.749400000000001,12.80439,12.8574,12.908339999999999,12.95739,13.00437,13.04955,13.09275,13.134060000000002,13.17348,13.2111,13.24692,13.280850000000001,13.31298,13.34331,13.37184,13.39857,13.423499999999999,13.44663,13.46787,13.487400000000001,13.50513,13.52097,13.53501,13.54725,13.5576,13.56606,13.57263,13.57731,13.5801,13.580820000000001,13.57965,13.57641,13.571190000000001,13.56381,13.554359999999999,13.54275,13.52898,13.51296,13.49469,13.47408,13.45104,13.42566,13.39767,13.36725,13.33413,13.29831,13.25979,13.218480000000001,13.1742,13.12695,13.076640000000001,13.02318,12.96639,12.906360000000001,12.84282,12.77568,12.70494,12.63033,12.55194,12.469410000000002,12.38274,12.29184,12.19644,12.096540000000001,11.991869999999999,11.882430000000001,11.76795,11.648430000000001,11.5236,11.39346,11.25774,11.11653,10.96956,10.816830000000001,10.658339999999999,10.49409,10.32408,10.148579999999999,9.967590000000001,9.781559999999999,9.59085,9.39609,9.198,8.997498,8.795907,8.594721,8.395803,8.201385,8.014095000000001,7.836939000000001,7.673274,7.526718000000001,7.401015,7.2998009999999995,7.226369999999999,7.183377,7.172622,7.194815999999999,7.249554,7.335351,7.449822,7.589943000000001,7.752294,7.93332,8.129565,8.337789,8.555058,8.778834,9.00693,9.23742,9.468900000000001,9.70002,9.92988,10.157670000000001,10.382670000000001,10.60461,10.822949999999999,11.03751,11.248199999999999,11.45484,11.657340000000001,11.8557,12.05001,12.24027,12.42648,12.608730000000001,12.7872,12.96198,13.13298,13.300559999999999,13.46463,13.62537,13.782869999999999,13.937310000000002,14.08869,14.237100000000002,14.38272,14.525640000000001,14.66595,14.80365,14.938920000000001
18.971909999999998,18.91035,18.8487,18.78714,18.72558,18.66402,18.60246,18.54099,18.47952,18.41805,18.35658,18.29529,18.233909999999998,18.172710000000002,18.11151,18.05049,17.98947,17.928630000000002,17.867880000000003,17.807219999999997,17.74674,17.686439999999997,17.626320000000003,17.566290000000002,17.506529999999998,17.44695,17.38764,17.32851,17.269740000000002,17.21115,17.15292,17.09496,17.03736,16.980120000000003,16.92324,16.86681,16.81074,16.75512,16.700039999999998,16.645410000000002,16.59132,16.53777,16.48476,16.43238,16.380540000000003,16.32942,16.279020000000003,16.22925,16.180290000000003,16.13205,16.08453,16.03791,15.992099999999999,15.94719,15.90318,15.86007,15.81786,15.776729999999999,15.7365,15.697350000000002,15.65919,15.622110000000001,15.586110000000001,15.55119,15.517439999999999,15.484770000000001,15.453270000000002,15.422850000000002,15.3936,15.365520000000002,15.3387,15.312959999999999,15.288390000000001,15.26499,15.242759999999999,15.2217,15.201809999999998,15.183000000000002,15.165360000000002,15.148800000000001,15.133320000000001,15.118920000000001,15.105599999999999,15.093269999999999,15.08193,15.071580000000003,15.062130000000002,15.053669999999999,15.04611,15.03927,15.033330000000001,15.0282,15.023790000000002,15.020100000000001,15.017130000000002,15.0147,15.012900000000002,15.01173,15.011009999999999,15.01083,15.011099999999999,15.01182,15.012900000000002,15.01434,15.01605,15.01803,15.02028,15.02271,15.02532,15.028110000000002,15.031080000000001,15.03405,15.03702,15.040080000000001,15.043140000000001,15.0462,15.04917,15.05214,15.054929999999999,15.05763,15.06015,15.06258,15.064830000000002,15.06681,15.06861,15.070139999999999,15.071399999999999,15.07248,15.073200000000002,15.07365,15.07383,15.07365,15.073110000000002,15.07221,15.07104,15.069420000000001,15.06744,15.065100000000001,15.062310000000002,15.059159999999999,15.055560000000002,15.0516,15.04719,15.04233,15.03702,15.03135,15.025140000000002,15.01848,15.011370000000001,15.00381,14.995709999999999,14.987160000000001,14.978159999999999,14.968710000000002,14.95863,14.948190000000002,14.937210000000002,14.92569,14.91363,14.901119999999999,14.88807,14.87448,14.860440000000002,14.84577,14.83065,14.8149,14.798700000000002,14.78187,14.764500000000002,14.746590000000001,14.72814,14.70915,14.68953,14.669279999999999,14.64849,14.627160000000002,14.605200000000002,14.58261,14.55939,14.535630000000001,14.51115,14.486130000000001,14.46039,14.43402,14.40702,14.37939,14.35095,14.32197,14.29218,14.261759999999999,14.23062,14.198670000000002,14.166,14.13261,14.0985,14.06349,14.027759999999999,13.99122,13.953780000000002,13.91562,13.876470000000001,13.83651,13.79556,13.7538,13.71105,13.66731,13.622580000000001,13.57686,13.53006,13.48227,13.4334,13.38336,13.33215,13.279770000000001,13.226130000000001,13.17132,13.11516,13.057739999999999,12.99888,12.93867,12.87702,12.81384,12.749039999999999,12.6828,12.61476,12.5451,12.473640000000001,12.40038,12.32523,12.2481,12.1689,12.08763,12.004199999999999,11.918520000000001,11.83041,11.73996,11.6469,11.55132,11.452860000000001,11.3517,11.24748,11.1402,11.029770000000001,10.9161,10.798919999999999,10.678139999999999,10.55376,10.425510000000001,10.2933,10.15695,10.01646,9.87156,9.72225,9.56844,9.41004,9.24696,9.07938,8.907183,8.730621,8.549901,8.365383,8.177598000000001,7.987221,7.795205999999999,7.602759,7.411446,7.223184,7.0403579999999994,6.865776,6.702696,6.5547450000000005,6.425784,6.319647,6.239871,6.1892819999999995,6.169716,6.18174,6.224553,6.296103,6.3933480000000005,6.512580000000001,6.649794,6.80103,6.962553000000001,7.131051,7.303643999999999,7.477947,7.651998,7.824249,7.993494,8.158797,8.319483,8.475048,8.625168,8.769608999999999,8.908254,9.04104,9.16803,9.28917,9.40455,9.51435,9.61866,9.71757,9.81126,9.899730000000002,9.98325,10.061910000000001,10.135800000000001,10.2051,10.2699,10.33029,10.38636,10.43829,10.48608,10.52982,10.5696,10.605509999999999,10.63764,10.6659,10.69047,10.71144,10.72863,10.74231,10.7523,10.75878,10.761660000000001,10.76094,10.75662,10.7487,10.73718,10.722059999999999,10.70316,10.68066,10.654290000000001,10.62423,10.59021,10.55223,10.510290000000001,10.46421,10.41399,10.35954,10.30068,10.23732,10.16937,10.09665,10.019160000000001,9.93663,9.849060000000001,9.756269999999999,9.65808,9.554310000000001,9.44496,9.32994,9.20898,9.082080000000001,8.949276000000001,8.81046,8.665722,8.515188,8.359074,8.19774,8.031672,7.861581,7.688402999999999,7.5133529999999995,7.3380149999999995,7.164351000000001,6.994800000000001,6.832242,6.680052,6.541974000000001,6.422022,6.324228,6.252336000000001,6.2094059999999995,6.197526,6.217488,6.268743000000001,6.349464,6.4567890000000006,6.587163,6.736734,6.901605,7.0781220000000005,7.262991,7.453377000000001,7.646877,7.8415289999999995,8.03574,8.228295000000001,8.418213,8.604792,8.787483000000002,8.965917000000001,9.13986,9.30906,9.47358,9.633329999999999,9.78831,9.93852,10.08414,10.22526,10.36188,10.49418,10.62234,10.746360000000001,10.86651,10.98279,11.09538,11.204279999999999,11.309849999999999,11.41191,11.51082,11.60649,11.69919,11.788829999999999,11.87559,11.959650000000002,12.04083,12.11949,12.19554,12.269070000000001,12.34017,12.40884,12.47517,12.53925,12.601170000000002,12.66084,12.718350000000001,12.77379,12.82707,12.87846,12.92778,12.97512,13.020480000000001,13.06395,13.10553,13.14513,13.18302,13.21893,13.25304,13.28535,13.315769999999999,13.34439,13.37121,13.396230000000001,13.41936,13.44078,13.46031,13.47804,13.49388,13.50792,13.520159999999999,13.53042,13.53888,13.54536,13.54995,13.552560000000001,13.55328,13.55193,13.5486,13.54311,13.53564,13.525920000000001,13.514130000000002,13.50009,13.4838,13.46517,13.4442,13.420800000000002,13.39497,13.366620000000001,13.335659999999999,13.302,13.26573,13.22658,13.18455,13.139550000000002,13.09158,13.040370000000001,12.98601,12.928320000000001,12.867210000000002,12.8025,12.734190000000002,12.6621,12.58605,12.50595,12.4218,12.33324,12.24027,12.14271,12.04038,11.93319,11.82087,11.703240000000001,11.580300000000001,11.45178,11.317499999999999,11.17737,11.03121,10.87884,10.720260000000001,10.55529,10.38384,10.206,10.021770000000002,9.831330000000001,9.63486,9.432630000000001,9.22527,9.01341,8.797914,8.580060000000001,8.361351,8.143713,7.929522,7.7216759999999995,7.523550000000001,7.339040999999999,7.172478000000001,7.028415000000001,6.911424,6.8257080000000006,6.774732,6.760836,6.784929,6.846444000000001,6.943365,7.072542,7.230024,7.411491,7.612578,7.8291,8.057304,8.29386,8.535960000000001,8.781255,9.02781,9.274140000000001,9.518939999999999,9.76131,10.000530000000001,10.23606,10.46745,10.694609999999999,10.91718,11.135069999999999,11.348279999999999,11.556899999999999,11.76084,11.960189999999999,12.15504,12.34557,12.531780000000001,12.71385,12.891869999999999,13.06593,13.236300000000002,13.402980000000001,13.56606,13.72581,13.88232,14.035590000000001,14.1858,14.33304,14.47749,14.619150000000001,14.7582,14.894730000000001
18.91827,18.85617,18.79416,18.73215,18.67005,18.60804,18.54594,18.48393,18.421920000000004,18.35991,18.29799,18.23607,18.17424,18.11241,18.05067,17.98902,17.92746,17.86599,17.80461,17.74332,17.682209999999998,17.621280000000002,17.560440000000003,17.499779999999998,17.43939,17.379089999999998,17.31906,17.2593,17.199720000000003,17.140500000000003,17.081550000000004,17.02287,16.96455,16.9065,16.8489,16.79175,16.73496,16.678620000000002,16.62273,16.56729,16.51248,16.45812,16.40439,16.35129,16.29873,16.24689,16.19577,16.14528,16.0956,16.04664,15.99849,15.951240000000002,15.904800000000002,15.859170000000002,15.81462,15.77088,15.72813,15.686460000000002,15.64578,15.60609,15.56757,15.530040000000001,15.49368,15.4584,15.424290000000001,15.391350000000001,15.35967,15.32907,15.29973,15.27156,15.244560000000002,15.218820000000001,15.19434,15.17103,15.148890000000002,15.128010000000002,15.10821,15.089670000000002,15.0723,15.056099999999999,15.04098,15.02703,15.014160000000002,15.00228,14.99148,14.981670000000001,14.972850000000001,14.96502,14.95809,14.95197,14.946750000000002,14.94234,14.93865,14.935770000000002,14.933520000000001,14.93199,14.931000000000001,14.93064,14.93082,14.93145,14.93262,14.934149999999999,14.93613,14.938379999999999,14.94099,14.943959999999999,14.947020000000002,14.95035,14.95386,14.95755,14.96133,14.965110000000001,14.96907,14.972940000000001,14.976809999999999,14.98068,14.98446,14.988240000000001,14.99184,14.99526,14.99859,15.001740000000002,15.004710000000001,15.007410000000002,15.009930000000002,15.012179999999999,15.014160000000002,15.015870000000001,15.01731,15.018390000000002,15.01911,15.019560000000002,15.019650000000002,15.019379999999998,15.01875,15.017669999999999,15.01632,15.01443,15.01227,15.00957,15.00651,15.003000000000002,14.99904,14.994629999999999,14.98986,14.98455,14.97879,14.972489999999999,14.965829999999999,14.95863,14.950980000000001,14.942790000000002,14.934149999999999,14.924970000000002,14.915340000000002,14.90517,14.894549999999999,14.8833,14.8716,14.85936,14.846670000000001,14.833350000000001,14.81958,14.80518,14.790239999999999,14.774849999999999,14.758830000000001,14.74227,14.72517,14.70753,14.68926,14.67045,14.651010000000001,14.631029999999999,14.61042,14.58927,14.56749,14.54508,14.52204,14.498370000000001,14.47416,14.44923,14.42367,14.39748,14.37057,14.34303,14.314860000000001,14.28588,14.256269999999999,14.22594,14.194890000000001,14.163120000000001,14.13054,14.097240000000001,14.06322,14.0283,13.99266,13.95612,13.91886,13.88061,13.84155,13.801680000000001,13.76082,13.71897,13.67631,13.63257,13.58784,13.542119999999999,13.49532,13.44753,13.39857,13.34844,13.297229999999999,13.244760000000001,13.191120000000002,13.136130000000001,13.079880000000001,13.02228,12.963330000000001,12.902849999999999,12.84102,12.77757,12.71259,12.64599,12.577770000000001,12.507750000000001,12.43593,12.362219999999999,12.28662,12.20895,12.1293,12.0474,11.96334,11.876850000000001,11.78802,11.69667,11.60271,11.50605,11.40651,11.304,11.19843,11.08971,10.97766,10.862100000000002,10.74294,10.620000000000001,10.4931,10.362150000000002,10.226970000000001,10.08738,9.943200000000001,9.79434,9.64053,9.48177,9.317879999999999,9.14868,8.974224000000001,8.794458,8.609435999999999,8.419302,8.224326,8.024913,7.821675,7.615475999999999,7.407477,7.199235000000001,6.992757,6.790599,6.595911,6.412473,6.244632,6.097176,5.975037,5.882877,5.824566,5.802624,5.81787,5.869233,5.953941,6.067899000000001,6.206265,6.363936,6.536007,6.7180409999999995,6.906186,7.097265,7.288686,7.478442000000001,7.664985000000001,7.847154000000001,8.024112,8.195274,8.360244000000002,8.518788,8.67078,8.816193,8.955063,9.087480000000001,9.21348,9.33327,9.447030000000002,9.55485,9.657,9.75348,9.84465,9.93051,10.01124,10.087110000000001,10.15803,10.22436,10.28619,10.343520000000002,10.39653,10.445310000000001,10.48995,10.53054,10.56717,10.59993,10.62873,10.65375,10.675080000000001,10.69263,10.70658,10.716750000000001,10.72332,10.7262,10.72548,10.72116,10.71306,10.70136,10.685970000000001,10.66671,10.64376,10.61694,10.58625,10.5516,10.5129,10.47006,10.42299,10.371690000000001,10.31598,10.255680000000002,10.19079,10.121129999999999,10.046610000000001,9.96696,9.88218,9.792000000000002,9.69624,9.59481,9.487530000000001,9.374220000000001,9.2547,9.12888,8.996508,8.857539000000001,8.711883,8.559504,8.400447000000002,8.234829000000001,8.062902000000001,7.885053,7.701894,7.514262,7.323345000000001,7.1307089999999995,6.938388,6.748992,6.565743,6.39252,6.233805,6.094557,5.979906,5.894739,5.843178,5.8280400000000006,5.850378,5.9094180000000005,6.002604,6.126048000000001,6.275079000000001,6.444729,6.630165000000001,6.827013,7.031448,7.240284,7.450946999999999,7.6613940000000005,7.8700410000000005,8.075682,8.277462,8.474733,8.667063,8.854182,9.03591,9.21222,9.38304,9.54846,9.70857,9.86355,10.013399999999999,10.1583,10.298340000000001,10.43388,10.56483,10.691550000000001,10.81404,10.93248,11.04696,11.15784,11.264940000000001,11.36862,11.46888,11.565900000000001,11.65977,11.750490000000001,11.838330000000001,11.9232,12.00537,12.08475,12.161520000000001,12.23577,12.307409999999999,12.37671,12.443670000000001,12.5082,12.57057,12.630690000000001,12.68856,12.74436,12.79809,12.84966,12.89934,12.946950000000001,12.99258,13.03623,13.07799,13.11786,13.15584,13.19202,13.22622,13.25862,13.28922,13.31793,13.344840000000001,13.36986,13.39317,13.414589999999999,13.43412,13.45185,13.46778,13.481819999999999,13.49397,13.50423,13.512599999999999,13.51908,13.523579999999999,13.52619,13.52673,13.52529,13.521780000000001,13.516200000000001,13.50846,13.498560000000001,13.48659,13.472280000000001,13.45572,13.43682,13.41558,13.39182,13.36563,13.33683,13.30551,13.2714,13.2345,13.1949,13.15224,13.106610000000002,13.057920000000001,13.00599,12.95082,12.89223,12.830129999999999,12.76434,12.69486,12.621509999999999,12.5442,12.462660000000001,12.376890000000001,12.28662,12.19176,12.092130000000001,11.98755,11.877839999999999,11.762820000000001,11.64231,11.51613,11.3841,11.24595,11.101500000000001,10.950569999999999,10.79307,10.62873,10.457460000000001,10.27908,10.0935,9.90072,9.700830000000002,9.49383,9.28008,9.05994,8.833896000000001,8.602875000000001,8.367948,8.130618,7.892829,7.657056,7.426404,7.204635000000001,6.996231000000001,6.80634,6.640542,6.504606,6.404013,6.343326,6.325677,6.35229,6.422301,6.532965,6.680016,6.85827,7.062219000000001,7.2864450000000005,7.52598,7.77645,8.034165,8.296074,8.559711,8.823141,9.08487,9.34371,9.59886,9.84969,10.095749999999999,10.336680000000001,10.57239,10.80279,11.02788,11.24757,11.46195,11.67129,11.8755,12.07485,12.26943,12.45933,12.64482,12.825899999999999,13.00293,13.175910000000002,13.34502,13.51035,13.67217,13.830480000000001,13.98555,14.13738,14.286150000000001,14.432039999999999,14.574960000000003,14.71527,14.85288
18.86472,18.80226,18.73971,18.67716,18.61461,18.55206,18.489510000000003,18.42696,18.364410000000003,18.30195,18.2394,18.176940000000002,18.11457,18.05211,17.98983,17.92755,17.865360000000003,17.80326,17.74125,17.67942,17.61768,17.55603,17.494560000000003,17.43318,17.37207,17.31114,17.250390000000003,17.189819999999997,17.129610000000003,17.069580000000002,17.009909999999998,16.95042,16.89138,16.83261,16.77429,16.71624,16.65873,16.601580000000002,16.54497,16.48881,16.4331,16.378020000000003,16.32348,16.26957,16.21629,16.16373,16.111800000000002,16.060589999999998,16.0101,15.96051,15.91164,15.86367,15.81651,15.770340000000001,15.72507,15.680790000000002,15.637410000000001,15.5952,15.55398,15.51384,15.474779999999999,15.436800000000002,15.40008,15.36444,15.330060000000001,15.296850000000001,15.264809999999999,15.23403,15.204509999999999,15.176250000000001,15.14925,15.12342,15.098939999999999,15.075720000000002,15.053669999999999,15.032969999999999,15.01344,14.995170000000002,14.978069999999999,14.962140000000002,14.947470000000001,14.93388,14.92146,14.910120000000001,14.899859999999999,14.890680000000001,14.88249,14.87529,14.86899,14.86359,14.859090000000002,14.85549,14.85261,14.850449999999999,14.8491,14.84838,14.84829,14.84874,14.849820000000001,14.85144,14.853419999999998,14.855939999999999,14.85873,14.861970000000001,14.86548,14.86926,14.87331,14.87763,14.88204,14.886540000000002,14.89122,14.8959,14.90067,14.905439999999999,14.910210000000001,14.91498,14.919570000000002,14.92416,14.928569999999999,14.932799999999999,14.93694,14.940809999999999,14.94459,14.948009999999998,14.951250000000002,14.954220000000001,14.95692,14.959260000000002,14.96133,14.96313,14.964570000000002,14.96556,14.966280000000001,14.96664,14.96655,14.9661,14.965200000000001,14.963940000000001,14.962230000000002,14.96007,14.95755,14.95449,14.951070000000001,14.94711,14.942790000000002,14.93793,14.93253,14.926770000000001,14.92047,14.91363,14.90643,14.898599999999998,14.89032,14.8815,14.87223,14.86242,14.852070000000001,14.841180000000001,14.829839999999999,14.817870000000001,14.805450000000002,14.79249,14.7789,14.76486,14.75019,14.73498,14.719230000000001,14.702940000000002,14.686110000000001,14.668650000000001,14.65065,14.63202,14.61285,14.593050000000002,14.57262,14.551650000000002,14.530050000000001,14.507820000000002,14.485050000000001,14.46156,14.437439999999999,14.41269,14.387310000000001,14.361300000000002,14.334570000000001,14.307120000000001,14.27904,14.25033,14.22081,14.190570000000001,14.1597,14.128020000000001,14.09553,14.062320000000001,14.02839,13.99365,13.958010000000002,13.921650000000001,13.88439,13.84623,13.807260000000001,13.76739,13.72662,13.684859999999999,13.64211,13.598460000000001,13.55382,13.5081,13.461300000000001,13.41342,13.36446,13.31433,13.26312,13.210560000000001,13.156830000000001,13.101840000000001,13.045499999999999,12.98781,12.92868,12.86811,12.806099999999999,12.74247,12.67731,12.610529999999999,12.54195,12.47166,12.39948,12.3255,12.24945,12.17142,12.09123,12.00888,11.924190000000001,11.83716,11.74761,11.65545,11.56068,11.463030000000002,11.3625,11.25882,11.15208,11.041920000000001,10.92834,10.81107,10.69011,10.565100000000001,10.43595,10.302480000000001,10.164510000000002,10.02186,9.87426,9.72162,9.563580000000002,9.40005,9.23076,9.05571,8.874576000000001,8.687349,8.493957,8.294436,8.088911999999999,7.877673,7.661196,7.440201,7.215741,6.989310000000001,6.7629150000000005,6.539219999999999,6.32169,6.114599999999999,5.9231430000000005,5.753259,5.61132,5.503563000000001,5.4353430000000005,5.41026,5.429502,5.491602,5.592672,5.727141,5.888556,6.070374,6.266538,6.471792,6.681762,6.892983,7.1027640000000005,7.309098,7.510518,7.705989000000001,7.894791000000001,8.076501,8.250849,8.417727000000001,8.577135,8.729145,8.873892000000001,9.01152,9.14229,9.26622,9.383759999999999,9.494909999999999,9.60003,9.6993,9.792810000000001,9.88083,9.96363,10.041210000000001,10.113750000000001,10.181519999999999,10.24461,10.30311,10.35711,10.406880000000001,10.45233,10.49364,10.5309,10.5642,10.59354,10.61901,10.6407,10.658520000000001,10.672649999999999,10.683,10.68966,10.69263,10.69191,10.6875,10.679310000000001,10.667430000000001,10.65177,10.63224,10.608839999999999,10.581570000000001,10.55034,10.51506,10.47564,10.432080000000001,10.384110000000002,10.331819999999999,10.27494,10.213470000000001,10.14714,10.07586,9.99954,9.918,9.830969999999999,9.73836,9.639990000000001,9.5355,9.42489,9.3078,9.18405,9.053460000000001,8.91576,8.770851,8.618516999999999,8.458641,8.291151,8.116047,7.933446,7.743618000000001,7.547013,7.344342,7.1366760000000005,6.925482000000001,6.712821,6.501393,6.294717,6.097194,5.914125,5.751639000000001,5.616315,5.514641999999999,5.452263,5.433075,5.458572,5.527566,5.636448,5.779845,5.951493,6.144957,6.354261,6.574203,6.800409,7.0294229999999995,7.258536,7.485687,7.709382,7.928522999999999,8.142363,8.350416000000001,8.552376,8.748090000000001,8.937504,9.12069,9.29763,9.46863,9.633690000000001,9.79308,9.94689,10.09539,10.238850000000001,10.377270000000001,10.51092,10.64007,10.76472,10.88523,11.0016,11.1141,11.22282,11.32785,11.429369999999999,11.527560000000001,11.62251,11.714310000000001,11.80305,11.88873,11.97171,12.05181,12.1293,12.20409,12.27636,12.3462,12.41361,12.47859,12.54141,12.601890000000001,12.660120000000001,12.716280000000001,12.77028,12.82221,12.87207,12.91995,12.96576,13.00968,13.05162,13.09167,13.12983,13.1661,13.200479999999999,13.23297,13.26366,13.29246,13.319460000000001,13.34457,13.36788,13.3893,13.40892,13.42665,13.44258,13.456620000000001,13.46877,13.47903,13.487400000000001,13.49379,13.498199999999999,13.50072,13.50117,13.49964,13.49595,13.49028,13.48236,13.472370000000002,13.460130000000001,13.445640000000001,13.4289,13.40973,13.38813,13.36419,13.33764,13.308480000000001,13.27671,13.24224,13.20489,13.16475,13.12164,13.075380000000001,13.02606,12.9735,12.91752,12.85812,12.795119999999999,12.72843,12.657869999999999,12.583440000000001,12.50487,12.42198,12.33468,12.24288,12.146310000000001,12.044699999999999,11.93805,11.82609,11.708549999999999,11.58534,11.456190000000001,11.32074,11.178989999999999,11.03049,10.875150000000001,10.7127,10.542959999999999,10.36557,10.18044,9.987480000000001,9.78642,9.577169999999999,9.359910000000001,9.13464,8.901594000000001,8.661267,8.414307,8.161695,7.904826,7.645563,7.386408,7.130610000000001,6.882282,6.646509,6.42933,6.237621000000001,6.078726,5.959827,5.887125,5.864913,5.894865,5.975703,6.103548,6.272532,6.47577,6.706179000000001,6.95709,7.222599,7.497729,7.778448000000001,8.061525,8.344494000000001,8.625456,8.903007,9.17613,9.444149999999999,9.7065,9.96291,10.2132,10.457370000000001,10.69533,10.92726,11.15316,11.37321,11.58759,11.79639,11.99997,12.19833,12.39174,12.58038,12.76443,12.944070000000002,13.11948,13.29084,13.45833,13.62204,13.78206,13.93875,14.09211,14.242230000000001,14.389380000000001,14.53356,14.674949999999999,14.81355
18.81135,18.74835,18.685350000000003,18.62235,18.559350000000002,18.496260000000003,18.43317,18.37017,18.307080000000003,18.24399,18.1809,18.117900000000002,18.0549,17.9919,17.92899,17.86617,17.803350000000002,17.74062,17.677979999999998,17.61543,17.55297,17.49069,17.4285,17.36649,17.30466,17.243009999999998,17.18154,17.120250000000002,17.05923,16.99848,16.938000000000002,16.87788,16.81794,16.75845,16.69923,16.64046,16.582140000000003,16.52418,16.46676,16.40979,16.353270000000002,16.29738,16.242030000000003,16.18731,16.133219999999998,16.07985,16.02711,15.97518,15.92397,15.87357,15.82398,15.7752,15.727410000000003,15.68052,15.63462,15.58962,15.5457,15.50286,15.46101,15.420330000000002,15.38082,15.34248,15.30522,15.269220000000002,15.23448,15.201,15.16869,15.137730000000001,15.10803,15.07959,15.052500000000002,15.026670000000001,15.00219,14.97906,14.95719,14.93658,14.91723,14.899230000000001,14.88249,14.866919999999999,14.85261,14.839469999999999,14.82759,14.816790000000001,14.807070000000001,14.79843,14.79087,14.78439,14.77881,14.774130000000001,14.77044,14.767560000000001,14.765579999999998,14.76423,14.76369,14.763869999999999,14.76468,14.76612,14.768099999999999,14.77062,14.773589999999999,14.77701,14.780790000000001,14.784930000000001,14.789430000000001,14.7942,14.799150000000001,14.80437,14.809680000000002,14.815170000000002,14.820750000000002,14.82642,14.83209,14.83776,14.84343,14.84901,14.8545,14.8599,14.865120000000001,14.87025,14.87511,14.879790000000002,14.88429,14.88852,14.89248,14.896260000000002,14.89959,14.90274,14.905439999999999,14.907869999999999,14.90994,14.91165,14.913,14.913900000000002,14.91444,14.914530000000001,14.91426,14.91354,14.91237,14.91075,14.90868,14.90625,14.90319,14.89977,14.8959,14.89149,14.886540000000002,14.881140000000002,14.87529,14.868900000000002,14.862060000000001,14.85459,14.846670000000001,14.838299999999998,14.8293,14.81985,14.80986,14.79933,14.788260000000001,14.776650000000002,14.764500000000002,14.751809999999999,14.73858,14.724720000000001,14.71041,14.695469999999998,14.67999,14.663879999999999,14.64723,14.630040000000001,14.61231,14.59386,14.574869999999999,14.55534,14.535180000000002,14.514389999999999,14.492970000000001,14.471010000000001,14.44833,14.42502,14.40117,14.3766,14.35131,14.325479999999999,14.29884,14.27166,14.24367,14.21505,14.18571,14.155650000000001,14.12487,14.09328,14.060970000000001,14.027940000000001,13.99401,13.95936,13.9239,13.88754,13.85037,13.812389999999999,13.77351,13.733640000000001,13.69296,13.651290000000001,13.60863,13.56498,13.520340000000001,13.47471,13.42791,13.38012,13.33116,13.281030000000001,13.22973,13.17726,13.12344,13.06845,13.012020000000001,12.95424,12.89502,12.83445,12.77226,12.70854,12.6432,12.57615,12.50748,12.43692,12.36447,12.29022,12.21381,12.13542,12.05487,11.97207,11.88684,11.79927,11.70909,11.6163,11.52072,11.42235,11.320829999999999,11.21625,11.10834,10.99701,10.881990000000002,10.76328,10.64061,10.5138,10.382579999999999,10.246860000000002,10.10628,9.96075,9.81,9.65376,9.491760000000001,9.323730000000001,9.14949,8.968743,8.781264,8.586837,8.385309,8.176572,7.960616999999999,7.7375430000000005,7.507647,7.271469,7.029873,6.784173,6.536277,6.288858,6.045552,5.811138,5.591664,5.394438,5.2277309999999995,5.100021,5.018877,4.9895640000000006,5.013891,5.089734,5.211522,5.371434,5.560776,5.771115,5.995026,6.226371,6.460335,6.693246,6.922431,7.146009,7.362675,7.571583,7.772238000000001,7.96437,8.147907,8.322885000000001,8.489457,8.647794000000001,8.798139,8.940744,9.07587,9.20376,9.324810000000001,9.43911,9.54702,9.64872,9.74457,9.834570000000001,9.919080000000001,9.99828,10.07235,10.14138,10.20564,10.26522,10.320210000000001,10.3707,10.416960000000001,10.45899,10.49679,10.53054,10.56033,10.58625,10.60821,10.6263,10.64061,10.65114,10.65798,10.66095,10.66023,10.65573,10.647450000000001,10.635390000000001,10.61946,10.59975,10.57599,10.54836,10.51659,10.480770000000001,10.440809999999999,10.39644,10.347750000000001,10.29447,10.236600000000001,10.17396,10.10637,10.03365,9.95571,9.87237,9.78336,9.688500000000001,9.587610000000002,9.48033,9.36657,9.24588,9.11817,8.983152,8.840466,8.689887,8.531154,8.364042000000001,8.188344,8.003943,7.8107940000000005,7.608987000000001,7.398783,7.180704,6.955604999999999,6.7248090000000005,6.490242,6.254613,6.021603,5.796099,5.584293,5.393664,5.232699,5.110155,5.033916,5.009589,5.039325,5.121306,5.250267,5.418603,5.617782,5.839497000000001,6.076386,6.322356,6.572565,6.8233500000000005,7.071993000000001,7.31655,7.555680000000001,7.788492,8.014419,8.233155,8.444564999999999,8.64864,8.845479000000001,9.03519,9.21807,9.39429,9.56403,9.72756,9.88515,10.03707,10.1835,10.32471,10.460790000000001,10.59219,10.718910000000001,10.84122,10.9593,11.07333,11.1834,11.28978,11.392470000000001,11.49174,11.58759,11.68029,11.76984,11.85633,11.93994,12.020760000000001,12.09879,12.17421,12.246929999999999,12.31722,12.38508,12.45051,12.5136,12.574440000000001,12.63303,12.68946,12.743730000000001,12.79593,12.845970000000001,12.89403,12.94011,12.984210000000001,13.02633,13.06656,13.10481,13.14117,13.17564,13.20831,13.239090000000001,13.267980000000001,13.29498,13.32018,13.343580000000001,13.365,13.38471,13.40244,13.41837,13.432409999999999,13.44456,13.45473,13.4631,13.4694,13.47381,13.476239999999999,13.476600000000001,13.47498,13.47129,13.465440000000001,13.45743,13.44726,13.43484,13.42017,13.40325,13.3839,13.36203,13.33782,13.311,13.28157,13.24944,13.21461,13.1769,13.13631,13.09266,13.04595,12.996,12.942810000000001,12.8862,12.826080000000001,12.762270000000001,12.69477,12.62331,12.5478,12.468150000000001,12.38409,12.29553,12.2022,12.10401,12.000779999999999,11.89224,11.778120000000001,11.65833,11.5326,11.40066,11.26215,11.11698,10.96479,10.80531,10.63827,10.4634,10.280339999999999,10.08891,9.888750000000002,9.679680000000001,9.46161,9.23427,8.997741000000001,8.752041,8.497449000000001,8.234433,7.963785,7.686693,7.404858,7.120692,6.837462,6.559524,6.292503,6.043419,5.820651,5.633577,5.4918000000000005,5.403915,5.376015,5.410449,5.505318,5.654943,5.851107,6.084531,6.346098,6.627618,6.922206,7.224354000000001,7.529751000000001,7.835157000000001,8.138169000000001,8.437059000000001,8.730603,9.018,9.29862,9.57231,9.8388,10.098180000000001,10.35036,10.59561,10.83402,11.065769999999999,11.29104,11.51019,11.72331,11.93076,12.13263,12.329279999999999,12.520890000000001,12.70764,12.88971,13.06737,13.24071,13.41009,13.57551,13.737150000000002,13.89528,14.049990000000001,14.201369999999999,14.34969,14.49486,14.63724,14.776830000000002
18.758070000000004,18.69462,18.63117,18.56772,18.504179999999998,18.44055,18.377010000000002,18.31338,18.24975,18.186120000000003,18.12258,18.05895,17.995320000000003,17.93178,17.86824,17.80479,17.741339999999997,17.677979999999998,17.61462,17.55144,17.48835,17.42535,17.36244,17.29971,17.23716,17.17479,17.11251,17.0505,16.98876,16.9272,16.866,16.80498,16.744320000000002,16.68393,16.62399,16.564410000000002,16.50519,16.446420000000003,16.3881,16.33032,16.27299,16.2162,16.160040000000002,16.104509999999998,16.049609999999998,15.99534,15.941790000000001,15.88905,15.837029999999999,15.78582,15.73542,15.68592,15.637410000000001,15.5898,15.54309,15.49746,15.45291,15.409440000000002,15.36705,15.325830000000002,15.285690000000002,15.24681,15.209190000000001,15.17283,15.137640000000001,15.1038,15.07122,15.03999,15.010110000000001,14.981580000000001,14.9544,14.928569999999999,14.904089999999998,14.880960000000002,14.859180000000002,14.838750000000001,14.81967,14.80194,14.78547,14.77035,14.756400000000001,14.743800000000002,14.73237,14.72211,14.71302,14.70501,14.69817,14.69232,14.687460000000002,14.68359,14.680710000000001,14.67864,14.67747,14.67711,14.67747,14.67855,14.680259999999999,14.6826,14.68557,14.688990000000002,14.692950000000002,14.697360000000002,14.70213,14.70726,14.71275,14.71851,14.72445,14.73066,14.736960000000002,14.74344,14.74992,14.756490000000001,14.763150000000001,14.76972,14.77629,14.782770000000001,14.78916,14.79537,14.801490000000001,14.80743,14.81319,14.81868,14.82399,14.829030000000001,14.83371,14.838209999999998,14.84235,14.84613,14.84964,14.8527,14.855400000000001,14.857830000000002,14.85972,14.86134,14.86242,14.863140000000001,14.863410000000002,14.863230000000001,14.862689999999999,14.861609999999999,14.86008,14.85801,14.85558,14.85261,14.8491,14.845230000000003,14.840729999999999,14.835780000000002,14.830290000000002,14.824349999999999,14.817870000000001,14.810849999999999,14.80329,14.79528,14.78664,14.77755,14.76792,14.757660000000001,14.74695,14.735610000000001,14.72382,14.711400000000001,14.698440000000002,14.684940000000001,14.67081,14.65614,14.64093,14.62509,14.60871,14.591790000000001,14.57424,14.55606,14.53734,14.517990000000001,14.498009999999999,14.4774,14.45625,14.43438,14.411970000000002,14.38884,14.365169999999999,14.34078,14.31567,14.289930000000002,14.26356,14.23647,14.20875,14.18022,14.15106,14.121089999999999,14.0904,14.05899,14.026860000000001,13.993920000000001,13.96017,13.925609999999999,13.89024,13.85406,13.816980000000001,13.77909,13.74021,13.70052,13.65993,13.618350000000001,13.57578,13.53222,13.487580000000001,13.44195,13.39533,13.34754,13.29858,13.24854,13.19724,13.14477,13.090950000000001,13.03587,12.97944,12.921660000000001,12.862440000000001,12.80178,12.7395,12.67569,12.61026,12.54312,12.47418,12.403530000000002,12.330900000000002,12.25638,12.179789999999999,12.101040000000001,12.02013,11.936969999999999,11.85138,11.76336,11.67273,11.57931,11.4831,11.38401,11.28177,11.176290000000002,11.067390000000001,10.95498,10.838880000000001,10.718820000000001,10.59462,10.466099999999999,10.333079999999999,10.19529,10.05255,9.90441,9.750779999999999,9.5913,9.425609999999999,9.253530000000001,9.07461,8.888580000000001,8.695125,8.493912,8.284644,8.067069,7.840998000000001,7.606341,7.363161000000001,7.111727999999999,6.852636,6.5869290000000005,6.316254000000001,6.043104,5.7711060000000005,5.5053719999999995,5.252769,5.022144,4.824171000000001,4.670487,4.57209,4.536963,4.56795,4.661847,4.810347,5.0021819999999995,5.225472,5.469399,5.724999,5.985315000000001,6.245216999999999,6.501078,6.750387,6.991533,7.22349,7.445709,7.657947,7.860177,8.052534,8.235225,8.408547,8.572815,8.72838,8.875593,9.01476,9.14634,9.27054,9.38772,9.49815,9.6021,9.69993,9.79182,9.87795,9.95859,10.03392,10.104120000000002,10.16946,10.229940000000001,10.28574,10.33704,10.38393,10.4265,10.464839999999999,10.499039999999999,10.52928,10.555470000000001,10.5777,10.596060000000001,10.61055,10.62126,10.6281,10.631160000000001,10.63044,10.62585,10.61748,10.60533,10.589220000000001,10.56924,10.54521,10.51722,10.48509,10.448730000000001,10.40823,10.36323,10.31382,10.25973,10.20096,10.13733,10.068570000000001,9.99459,9.9153,9.83025,9.73944,9.6426,9.53937,9.42957,9.31293,9.18909,9.05778,8.918568,8.77122,8.615358,8.450622000000001,8.276660999999999,8.093160000000001,7.89984,7.696466999999999,7.482933,7.259256,7.025715,6.782868000000001,6.531741,6.274008,6.012189,5.7499649999999995,5.492520000000001,5.246874,5.022045,4.828941,4.679514,4.585095,4.554054,4.5896040000000005,4.688919,4.843989,5.04378,5.276592,5.531697,5.8001759999999996,6.075108,6.351336,6.6251880000000005,6.894117,7.15644,7.411095,7.657451999999999,7.8952230000000005,8.124309,8.344800000000001,8.556849,8.760708000000001,8.956656,9.14499,9.32607,9.50013,9.66753,9.82854,9.98352,10.13274,10.276380000000001,10.41471,10.54809,10.6767,10.80063,10.92024,11.03553,11.14695,11.25441,11.35818,11.458350000000001,11.555100000000001,11.64852,11.738790000000002,11.826,11.91024,11.9916,12.070170000000001,12.145950000000001,12.21921,12.289860000000001,12.35808,12.423869999999999,12.48732,12.54843,12.60729,12.66399,12.718440000000001,12.77082,12.82113,12.86937,12.91563,12.95991,13.00212,13.042440000000001,13.08087,13.11732,13.15197,13.18464,13.21551,13.244399999999999,13.27158,13.29678,13.32018,13.34169,13.3614,13.37922,13.39506,13.409099999999999,13.42125,13.43151,13.43979,13.44609,13.450410000000002,13.45284,13.45311,13.4514,13.44762,13.44168,13.43358,13.42332,13.410720000000001,13.39596,13.37877,13.35924,13.33728,13.3128,13.285710000000002,13.25601,13.22361,13.18842,13.15044,13.1094,13.065389999999999,13.01823,12.96783,12.914100000000001,12.856950000000001,12.7962,12.73176,12.66345,12.59118,12.51477,12.43413,12.34899,12.25926,12.16467,12.06513,11.960370000000001,11.85012,11.734200000000001,11.61234,11.48436,11.349900000000002,11.20869,11.06037,10.90485,10.74159,10.57032,10.39068,10.2024,10.00503,9.798210000000001,9.581760000000001,9.35523,9.118350000000001,8.871048,8.613108,8.344593,8.065746,7.777062000000001,7.479459000000001,7.17435,6.863886000000001,6.551181000000001,6.240627,5.9382269999999995,5.651928,5.391792,5.16978,4.998888,4.891329,4.8561119999999995,4.896693,5.010111,5.187807,5.417973,5.687964,5.986053,6.302376000000001,6.629130000000001,6.960393,7.291809,7.6203,7.943688000000001,8.260524,8.569872,8.871174,9.164159999999999,9.44865,9.724770000000001,9.99261,10.25244,10.50444,10.74879,10.98594,11.21616,11.43963,11.65671,11.86767,12.07278,12.27231,12.466529999999999,12.65571,12.84003,13.019670000000001,13.1949,13.36581,13.53285,13.69593,13.85532,14.0112,14.16366,14.31297,14.45913,14.602319999999999,14.742630000000002
18.70497,18.64107,18.577170000000002,18.513090000000002,18.449099999999998,18.38502,18.32094,18.25677,18.1926,18.12843,18.06426,18.0,17.93583,17.87166,17.80749,17.74341,17.67933,17.615250000000003,17.55135,17.48745,17.423640000000002,17.35992,17.29638,17.23284,17.16957,17.10639,17.043480000000002,16.98066,16.91811,16.85574,16.79364,16.731900000000003,16.67034,16.60923,16.54839,16.48791,16.427880000000002,16.36821,16.30908,16.250400000000003,16.19217,16.13457,16.07751,16.02108,15.96528,15.910200000000001,15.85575,15.80211,15.749279999999999,15.697260000000002,15.646049999999999,15.595740000000001,15.546420000000001,15.498,15.450660000000001,15.40431,15.35904,15.314850000000002,15.271920000000001,15.23007,15.18939,15.149970000000001,15.1119,15.075000000000001,15.03945,15.00525,14.9724,14.94099,14.910839999999999,14.882129999999998,14.854860000000002,14.829030000000001,14.80455,14.78142,14.75982,14.739570000000002,14.720670000000002,14.70321,14.6871,14.672340000000002,14.658840000000001,14.646690000000001,14.635710000000001,14.626080000000002,14.617620000000002,14.61024,14.604120000000002,14.59899,14.59494,14.591880000000002,14.58981,14.588639999999998,14.58837,14.588910000000002,14.590170000000002,14.59224,14.59494,14.598270000000001,14.602229999999999,14.60673,14.61168,14.61708,14.622929999999998,14.629050000000001,14.635530000000001,14.642280000000001,14.649300000000002,14.656500000000001,14.663789999999999,14.671260000000002,14.67873,14.686290000000001,14.69394,14.701410000000001,14.708969999999999,14.716350000000002,14.723640000000001,14.73075,14.73777,14.74461,14.75118,14.757480000000001,14.7636,14.769449999999999,14.774939999999999,14.78016,14.785020000000001,14.78961,14.793750000000001,14.797530000000002,14.80095,14.804009999999998,14.806619999999999,14.80878,14.81058,14.81184,14.812740000000002,14.8131,14.8131,14.812560000000001,14.81157,14.81004,14.80806,14.805540000000002,14.80257,14.799150000000001,14.7951,14.790600000000001,14.78556,14.77998,14.773950000000001,14.767290000000001,14.760180000000002,14.75244,14.744250000000001,14.73543,14.726160000000002,14.716260000000002,14.705820000000001,14.694840000000001,14.683320000000002,14.671260000000002,14.65857,14.645340000000001,14.631480000000002,14.61717,14.602139999999999,14.58666,14.570459999999999,14.55381,14.536439999999999,14.518529999999998,14.49999,14.48091,14.461110000000001,14.44077,14.419799999999999,14.3982,14.37597,14.35302,14.32944,14.30532,14.28039,14.25483,14.22864,14.20173,14.174100000000001,14.14575,14.11677,14.08698,14.05647,14.025150000000002,13.99311,13.96035,13.92669,13.89231,13.85712,13.82103,13.784040000000001,13.74624,13.707540000000002,13.66794,13.62744,13.58595,13.54347,13.5,13.45554,13.41,13.363380000000001,13.31559,13.26681,13.21677,13.16556,13.11309,13.059360000000002,13.00428,12.94785,12.89007,12.830850000000002,12.770100000000001,12.70782,12.64401,12.57849,12.51126,12.44223,12.37149,12.298680000000001,12.223980000000001,12.147210000000001,12.06828,11.98719,11.90367,11.817810000000001,11.72943,11.63835,11.54448,11.44782,11.3481,11.24523,11.13903,11.02941,10.91601,10.798919999999999,10.67769,10.55232,10.42236,10.28781,10.14822,10.00341,9.85302,9.69687,9.53451,9.36558,9.189810000000001,9.00675,8.815923,8.617014000000001,8.409564,8.193132,7.967313,7.731711000000001,7.48602,7.230033,6.9636960000000006,6.6872430000000005,6.401295,6.107076,5.806665000000001,5.503392000000001,5.202342,4.9109490000000005,4.639581000000001,4.401801,4.213692,4.091643,4.048281,4.088322,4.206654,4.390281000000001,4.622517,4.8870629999999995,5.170185,5.461407,5.753241,6.040592999999999,6.320115,6.589746,6.848307,7.095204,7.330239,7.553511,7.765254,7.9658370000000005,8.155665,8.335206000000001,8.504892,8.665209,8.81658,8.959446000000002,9.09423,9.221219999999999,9.34092,9.4536,9.55962,9.65916,9.75267,9.840150000000001,9.92205,9.998550000000002,10.069830000000001,10.13598,10.19727,10.25379,10.305719999999999,10.353150000000001,10.39626,10.43505,10.4697,10.500210000000001,10.526670000000001,10.54917,10.56771,10.58238,10.59318,10.600200000000001,10.60326,10.60254,10.597949999999999,10.58949,10.57716,10.560960000000001,10.54071,10.5165,10.48815,10.45575,10.419030000000001,10.37799,10.33245,10.282409999999999,10.22769,10.16811,10.103580000000001,10.03392,9.958860000000001,9.87822,9.79182,9.699480000000001,9.60084,9.49563,9.38358,9.26433,9.13761,9.00306,8.860158,8.708607,8.547939,8.377713,8.197461,8.006732999999999,7.80507,7.592058000000001,7.367355,7.1307089999999995,6.882057,6.621606,6.349950000000001,6.068322,5.778819,5.484816,5.19147,4.906350000000001,4.640004,4.4062470000000005,4.2214860000000005,4.102479,4.062312,4.106115000000001,4.2291810000000005,4.418838,4.658652,4.932468,5.226633,5.530725,5.837229,6.1410149999999994,6.438699000000001,6.728157,7.008129,7.277958,7.537392,7.786440000000001,8.025309,8.254287000000001,8.473734,8.684064000000001,8.885673,9.07902,9.26442,9.44244,9.61326,9.77733,9.9351,10.08666,10.23255,10.37286,10.50804,10.63818,10.76355,10.88442,11.00097,11.113380000000001,11.22183,11.326500000000001,11.427480000000001,11.52504,11.61909,11.709990000000001,11.79774,11.88252,11.96433,12.04335,12.119580000000001,12.193200000000001,12.26421,12.332699999999999,12.398760000000001,12.462480000000001,12.52386,12.5829,12.63978,12.694500000000001,12.74706,12.797550000000001,12.845970000000001,12.89232,12.93669,12.979080000000002,13.019490000000001,13.058010000000001,13.09455,13.129199999999999,13.16196,13.192919999999999,13.221900000000002,13.24908,13.27437,13.29777,13.319370000000001,13.33908,13.3569,13.37283,13.38687,13.39893,13.40919,13.417470000000002,13.423770000000001,13.42809,13.43034,13.4307,13.4289,13.425030000000001,13.419,13.41081,13.40046,13.38777,13.37283,13.35555,13.335930000000001,13.313790000000001,13.28904,13.26186,13.23189,13.19931,13.16385,13.12551,13.084200000000001,13.03983,12.99231,12.941550000000001,12.88737,12.82968,12.76839,12.70341,12.63447,12.56157,12.48435,12.4029,12.31686,12.226140000000001,12.13047,12.029670000000001,11.92356,11.81187,11.69433,11.57067,11.440710000000001,11.30409,11.160449999999999,11.00943,10.85085,10.68426,10.50921,10.32534,10.132290000000001,9.92961,9.71685,9.49356,9.2592,9.01359,8.75619,8.486721000000001,8.204985,7.910919000000001,7.604694,7.286823,6.9583140000000006,6.620877,6.2772120000000005,5.931432,5.5895850000000005,5.260257,4.955184000000001,4.68945,4.480731,4.346919,4.3019099999999995,4.351167,4.489767,4.704309,4.977351,5.291532,5.632029,5.987313,6.348906,6.710840999999999,7.0690230000000005,7.420751999999999,7.764309000000001,8.098650000000001,8.423217000000001,8.737767,9.042300000000001,9.33696,9.62199,9.89766,10.16442,10.422540000000001,10.67238,10.914480000000001,11.14893,11.37636,11.596950000000001,11.811060000000001,12.01905,12.221100000000002,12.41766,12.60891,12.795119999999999,12.97647,13.15332,13.32576,13.49406,13.65831,13.81887,13.975740000000002,14.12919,14.27931,14.42619,14.5701,14.71113
18.65205,18.587699999999998,18.52326,18.45873,18.394199999999998,18.32958,18.26496,18.20025,18.135540000000002,18.07074,18.00603,17.94123,17.87643,17.81163,17.74683,17.68212,17.61741,17.5527,17.48799,17.423460000000002,17.35893,17.29449,17.230230000000002,17.16597,17.10189,17.03799,16.97418,16.91064,16.84728,16.784100000000002,16.72119,16.658549999999998,16.59618,16.534170000000003,16.472430000000003,16.41114,16.35021,16.28964,16.22961,16.17003,16.1109,16.0524,15.994439999999999,15.937109999999999,15.88041,15.82434,15.76908,15.71454,15.66081,15.60789,15.555779999999999,15.50466,15.454530000000002,15.4053,15.35715,15.31008,15.264090000000001,15.21918,15.17553,15.133049999999999,15.09183,15.05187,15.01326,14.97591,14.939910000000001,14.905349999999999,14.87223,14.84046,14.810130000000001,14.78124,14.75388,14.727870000000001,14.703479999999999,14.680439999999999,14.658930000000002,14.638770000000001,14.62014,14.60295,14.5872,14.5728,14.55975,14.54814,14.53779,14.5287,14.52087,14.51421,14.508809999999999,14.50449,14.50125,14.499,14.497829999999999,14.49756,14.498190000000001,14.499720000000002,14.50197,14.505030000000001,14.50872,14.513129999999999,14.51808,14.52357,14.529599999999999,14.53608,14.543009999999999,14.550209999999998,14.55777,14.565600000000002,14.573610000000002,14.581800000000001,14.590170000000002,14.598630000000002,14.60718,14.61582,14.624370000000003,14.63292,14.64138,14.64966,14.65794,14.66604,14.67387,14.68161,14.68908,14.69628,14.70321,14.70978,14.716169999999998,14.72211,14.727780000000001,14.73309,14.73795,14.742450000000002,14.746590000000001,14.75028,14.753520000000002,14.756400000000001,14.75874,14.760720000000001,14.76216,14.763150000000001,14.7636,14.76369,14.763150000000001,14.76225,14.760720000000001,14.75874,14.75622,14.75325,14.74965,14.745600000000001,14.741010000000001,14.735880000000002,14.730210000000001,14.724,14.71716,14.70987,14.70204,14.69358,14.684669999999999,14.675130000000001,14.665049999999999,14.65434,14.643089999999999,14.631300000000001,14.618970000000001,14.60601,14.592509999999999,14.578380000000001,14.563709999999999,14.54841,14.532570000000002,14.516100000000002,14.499,14.48127,14.463000000000001,14.4441,14.424570000000001,14.404499999999999,14.38371,14.36229,14.34024,14.31756,14.294160000000002,14.27013,14.245470000000001,14.22009,14.194080000000001,14.16735,14.1399,14.111730000000001,14.082840000000001,14.05323,14.0229,13.991760000000001,13.9599,13.92723,13.89375,13.85955,13.82445,13.78845,13.75164,13.71402,13.675410000000001,13.63599,13.59549,13.55418,13.51179,13.46841,13.42404,13.37859,13.33215,13.284450000000001,13.23567,13.18572,13.134599999999999,13.08222,13.02858,12.973590000000002,12.91725,12.85947,12.80025,12.7395,12.67731,12.613410000000002,12.54789,12.48066,12.411629999999999,12.3408,12.267990000000001,12.19311,12.11625,12.037230000000001,11.95587,11.87226,11.786130000000002,11.69748,11.60613,11.51199,11.41488,11.31471,11.211300000000001,11.104560000000001,10.99431,10.88028,10.76229,10.64016,10.513710000000001,10.382670000000001,10.246770000000001,10.10565,9.95922,9.806939999999999,9.64863,9.48375,9.31212,9.13311,8.946396,8.751447,8.54775,8.334764999999999,8.111934000000002,7.878681,7.634421,7.378596,7.1106929999999995,6.830316000000001,6.537240000000001,6.231555,5.913855,5.585535,5.249214,4.909419,4.573521,4.252941,3.9643110000000004,3.72969,3.574062,3.518559,3.571524,3.7241639999999996,3.9549600000000003,4.238595,4.552794,4.8807540000000005,5.2109820000000004,5.536062,5.851458,6.1545510000000005,6.443991,6.7192110000000005,6.9801660000000005,7.227125999999999,7.460523,7.680924,7.888923000000001,8.085141,8.27019,8.444673,8.609138999999999,8.764146,8.910188999999999,9.04779,9.17721,9.29907,9.41373,9.521370000000001,9.62244,9.717210000000001,9.805950000000001,9.88893,9.966330000000001,10.03842,10.10538,10.167300000000001,10.224450000000001,10.276919999999999,10.3248,10.368360000000001,10.40751,10.44243,10.4733,10.49994,10.52271,10.54143,10.55619,10.567079999999999,10.574100000000001,10.57725,10.57653,10.571940000000001,10.56348,10.55106,10.53468,10.51434,10.48995,10.46133,10.42857,10.391580000000001,10.35018,10.30419,10.2537,10.19844,10.13823,10.072890000000001,10.002419999999999,9.92646,9.84474,9.75726,9.66348,9.5634,9.456479999999999,9.34254,9.22113,9.091890000000001,8.954487,8.808399,8.653176,8.488287000000001,8.313219,8.127369,7.9301699999999995,7.720983,7.499205,7.264233,7.015527,6.7526459999999995,6.475338,6.183675,5.878251000000001,5.560443,5.232924,4.9002930000000005,4.570029000000001,4.253742,3.9683070000000003,3.736152,3.582666,3.529485,3.5854470000000003,3.7422000000000004,3.978567,4.269492,4.592799,4.931775,5.274918,5.614785,5.946786,6.268239,6.5777220000000005,6.874596,7.158744,7.430346000000001,7.689789,7.937558999999999,8.174205,8.400285,8.616366000000001,8.822997,9.0207,9.20997,9.39132,9.5652,9.73197,9.89199,10.04571,10.1934,10.335420000000001,10.47204,10.603530000000001,10.73016,10.85211,10.96965,11.08296,11.19222,11.297609999999999,11.399310000000002,11.49741,11.59209,11.683440000000001,11.77164,11.85678,11.93904,12.01833,12.09492,12.168809999999999,12.24009,12.308850000000001,12.37518,12.439079999999999,12.50064,12.55995,12.61701,12.67182,12.72456,12.77514,12.82365,12.870090000000001,12.91455,12.95703,12.997530000000001,13.036140000000001,13.07277,13.107510000000001,13.140360000000001,13.17132,13.20039,13.22757,13.25295,13.27635,13.29795,13.31766,13.33548,13.35141,13.365450000000001,13.377600000000001,13.387860000000002,13.396049999999999,13.40235,13.40667,13.40892,13.40919,13.40739,13.40343,13.3974,13.38921,13.37868,13.36599,13.35096,13.33359,13.313790000000001,13.29156,13.266720000000001,13.23936,13.20921,13.176449999999999,13.14081,13.10229,13.06071,13.016070000000001,12.96828,12.917159999999999,12.86262,12.80457,12.74283,12.6774,12.607920000000002,12.53439,12.45663,12.37446,12.287700000000001,12.19617,12.0996,11.99781,11.89053,11.77758,11.65869,11.53359,11.401919999999999,11.26341,11.1177,10.96443,10.80324,10.63377,10.455480000000001,10.26801,10.07082,9.863370000000002,9.6453,9.41598,9.17478,8.921259,8.654778,8.374842,8.080964999999999,7.772778,7.450065000000001,7.112871,6.761664,6.397479000000001,6.022341,5.639661,5.254956,4.876839,4.518216000000001,4.197483,3.9385890000000003,3.7684260000000003,3.7096830000000005,3.7716299999999996,3.945591,4.209408000000001,4.536675,4.903767,5.292540000000001,5.690277000000001,6.088455,6.481629,6.866388,7.240724999999999,7.603551,7.954362,8.29305,8.619786000000001,8.934858,9.23868,9.53172,9.81441,10.087200000000001,10.35081,10.60542,10.85175,11.08998,11.32074,11.54439,11.7612,11.97162,12.175920000000001,12.37446,12.56742,12.75525,12.938130000000001,13.116240000000001,13.289940000000001,13.45932,13.62456,13.78602,13.9437,14.09796,14.248709999999999,14.396310000000001,14.54085,14.68242
18.599310000000003,18.53442,18.46953,18.40446,18.339389999999998,18.27432,18.20907,18.14391,18.07857,18.01323,17.94789,17.88255,17.817120000000003,17.75169,17.68626,17.62083,17.55549,17.49006,17.42472,17.35947,17.294220000000003,17.22906,17.163990000000002,17.09901,17.03421,16.9695,16.904880000000002,16.84053,16.77627,16.71228,16.64856,16.58502,16.52184,16.458840000000002,16.39629,16.334010000000003,16.272180000000002,16.210710000000002,16.14969,16.08921,16.02918,15.96969,15.91074,15.852420000000002,15.794820000000001,15.73785,15.6816,15.62616,15.57144,15.51762,15.4647,15.41268,15.361650000000001,15.311609999999998,15.26265,15.214680000000001,15.16797,15.122340000000001,15.07797,15.034860000000002,14.99292,14.952420000000002,14.91318,14.875379999999998,14.838930000000001,14.804009999999998,14.77044,14.738400000000002,14.707889999999999,14.67882,14.65128,14.62527,14.60079,14.577840000000002,14.556420000000001,14.536530000000003,14.51808,14.50116,14.485770000000002,14.471729999999999,14.45922,14.44806,14.43825,14.42979,14.422680000000001,14.416739999999999,14.41206,14.40855,14.406210000000002,14.404860000000001,14.404589999999999,14.40531,14.406930000000001,14.409360000000001,14.41269,14.416739999999999,14.421600000000002,14.427000000000001,14.43312,14.43969,14.4468,14.454360000000001,14.462369999999998,14.470740000000001,14.47938,14.48829,14.49738,14.50674,14.516190000000002,14.525730000000001,14.535270000000002,14.544900000000002,14.554530000000002,14.564070000000001,14.573519999999998,14.58288,14.59206,14.601060000000002,14.60988,14.61852,14.6268,14.6349,14.64273,14.6502,14.657310000000003,14.66406,14.670539999999999,14.676570000000002,14.682240000000002,14.687460000000002,14.69223,14.69664,14.7006,14.704020000000002,14.707080000000001,14.709600000000002,14.71167,14.713289999999999,14.71437,14.714910000000001,14.715000000000002,14.71455,14.713560000000001,14.712120000000002,14.71005,14.70753,14.70447,14.70087,14.69664,14.691960000000002,14.68665,14.680890000000002,14.6745,14.66757,14.660100000000002,14.652000000000001,14.64336,14.63418,14.624460000000001,14.61411,14.60322,14.591700000000001,14.579640000000001,14.566950000000002,14.55372,14.539950000000001,14.525459999999999,14.510520000000001,14.49486,14.47866,14.46183,14.44437,14.42637,14.407650000000002,14.38839,14.36841,14.34789,14.32674,14.30487,14.28237,14.25924,14.23539,14.21091,14.18571,14.159880000000001,14.133329999999999,14.106060000000001,14.07807,14.04936,14.01993,13.98978,13.958820000000001,13.927050000000001,13.89456,13.861260000000001,13.82715,13.79223,13.75641,13.71978,13.682250000000002,13.643820000000002,13.60449,13.56417,13.52295,13.48074,13.43754,13.39326,13.34799,13.30155,13.25403,13.20534,13.15557,13.104540000000002,13.052249999999999,12.99861,12.94371,12.88746,12.82977,12.77064,12.70998,12.64779,12.58398,12.51855,12.451319999999999,12.382290000000001,12.31146,12.23865,12.16377,12.08691,12.007800000000001,11.926350000000001,11.84265,11.75634,11.66751,11.57598,11.481660000000002,11.38428,11.28384,11.18016,11.07297,10.96218,10.84761,10.729080000000002,10.60632,10.47906,10.34712,10.21014,10.06794,9.920069999999999,9.76635,9.606240000000001,9.43947,9.2655,9.08388,8.894187,8.695764,8.488053,8.270397,8.04213,7.802496,7.550738999999999,7.28604,7.007598000000001,6.714621,6.406407,6.082416,5.742459,5.386950000000001,5.017347000000001,4.63689,4.251834000000001,3.8733389999999996,3.520251,3.221712,3.0163860000000002,2.94192,3.014577,3.21759,3.51288,3.861441,4.233906,4.611312000000001,4.9824,5.340915000000001,5.683599,6.009021,6.316812,6.607197,6.88077,7.138278000000001,7.380548999999999,7.608447,7.822827000000001,8.02449,8.214219,8.392725,8.560674,8.718705,8.867376,9.0072,9.13878,9.26235,9.378540000000001,9.48762,9.58986,9.68571,9.77544,9.85923,9.93735,10.01016,10.07766,10.14012,10.19772,10.25064,10.298879999999999,10.34271,10.38222,10.41741,10.44846,10.47537,10.49823,10.517040000000001,10.531979999999999,10.542959999999999,10.550070000000002,10.55322,10.5525,10.547910000000002,10.53936,10.52694,10.51047,10.49004,10.46547,10.43667,10.40373,10.36647,10.3248,10.278540000000001,10.2276,10.17189,10.11114,10.045350000000001,9.97416,9.89748,9.81504,9.72648,9.63171,9.53037,9.4221,9.30663,9.18342,9.052200000000001,8.912448000000001,8.763696,8.605413,8.436996,8.257833,8.067249,7.864515000000001,7.648866,7.419474,7.175511,6.916113,6.640452000000001,6.347799,6.037587,5.709609,5.36427,5.003055000000001,4.6292670000000005,4.2492600000000005,3.8743830000000004,3.5237249999999998,3.226806,3.022758,2.9497950000000004,3.024747,3.231342,3.531852,3.887505,4.269024,4.657482,5.0416110000000005,5.415066,5.7745619999999995,6.118569,6.446646,6.7589369999999995,7.055937,7.338339,7.606898999999999,7.862418,8.10567,8.33742,8.558388,8.769249,8.970642,9.163170000000001,9.34731,9.52362,9.69255,9.854550000000001,10.00998,10.1592,10.302570000000001,10.44036,10.57293,10.70055,10.8234,10.94166,11.05569,11.16558,11.27151,11.37366,11.4723,11.567340000000002,11.659139999999999,11.747700000000002,11.8332,11.91564,11.995289999999999,12.07215,12.14622,12.21777,12.28671,12.35313,12.41721,12.478950000000001,12.53835,12.5955,12.650490000000001,12.70323,12.7539,12.8025,12.84912,12.89367,12.93615,12.97674,13.01535,13.05207,13.0869,13.119750000000002,13.15071,13.17987,13.20705,13.23243,13.25592,13.27752,13.297229999999999,13.315140000000001,13.33107,13.34511,13.35726,13.36743,13.37571,13.382010000000001,13.38624,13.388580000000001,13.388760000000001,13.38696,13.383,13.376880000000002,13.368599999999999,13.35816,13.34538,13.33026,13.31289,13.293,13.27059,13.24575,13.21821,13.18806,13.15512,13.1193,13.0806,13.03884,12.994019999999999,12.94605,12.894660000000002,12.83985,12.78153,12.71952,12.65364,12.5838,12.509910000000001,12.431610000000001,12.34899,12.261600000000001,12.16935,12.07206,11.96955,11.861369999999999,11.74752,11.62755,11.50119,11.36817,11.22813,11.08071,10.92564,10.76229,10.59039,10.409400000000002,10.21887,10.01826,9.80703,9.58446,9.35001,9.10296,8.842680000000001,8.568387,8.279343,7.974837,7.654148999999999,7.316667000000001,6.961914,6.58971,6.200298,5.794686,5.375106,4.945806,4.514328000000001,4.093452,3.703968,3.3772949999999997,3.154446,3.0750930000000003,3.156687,3.382443,3.713283,4.1086350000000005,4.53744,4.97916,5.421159,5.856003,6.27948,6.689367,7.0846290000000005,7.464978,7.830567,8.181783000000001,8.519202,8.843427,9.15516,9.45495,9.74367,10.02168,10.28979,10.548449999999999,10.798290000000001,11.039760000000001,11.27331,11.499390000000002,11.71836,11.93076,12.13686,12.33702,12.53142,12.720600000000001,12.90456,13.08375,13.25835,13.42863,13.59477,13.75686,13.91526,14.07006,14.221350000000001,14.36949,14.514389999999999,14.656410000000001
18.54666,18.48132,18.41589,18.350369999999998,18.284850000000002,18.219150000000003,18.15345,18.08766,18.02178,17.9559,17.88993,17.823960000000003,17.757900000000003,17.69184,17.62578,17.55972,17.493660000000002,17.4276,17.36154,17.29557,17.229599999999998,17.163629999999998,17.097839999999998,17.032049999999998,16.966440000000002,16.90092,16.83549,16.77024,16.70526,16.64037,16.57575,16.51131,16.44714,16.38333,16.31979,16.25661,16.19379,16.131420000000002,16.06941,16.00785,15.946920000000002,15.886439999999999,15.826500000000001,15.767280000000001,15.7086,15.650640000000001,15.5934,15.536970000000002,15.481349999999999,15.42654,15.372720000000001,15.319709999999999,15.267780000000002,15.21684,15.16698,15.118199999999998,15.070680000000001,15.02424,14.97915,14.935319999999999,14.89275,14.85153,14.81175,14.77341,14.736509999999999,14.701139999999999,14.66721,14.63481,14.604030000000002,14.574779999999999,14.54706,14.52096,14.49648,14.473530000000002,14.45229,14.432490000000001,14.414399999999999,14.39775,14.38272,14.36913,14.35707,14.34645,14.33727,14.32953,14.32305,14.317919999999999,14.31405,14.311350000000001,14.30991,14.30946,14.31018,14.3118,14.314499999999999,14.31801,14.322420000000001,14.32755,14.33349,14.340060000000001,14.34726,14.355,14.36328,14.37201,14.3811,14.39055,14.40036,14.410440000000001,14.4207,14.431140000000001,14.441669999999998,14.45238,14.463000000000001,14.47371,14.484329999999998,14.49495,14.50539,14.51574,14.526000000000002,14.53599,14.54571,14.55525,14.56452,14.573519999999998,14.582160000000002,14.590440000000001,14.598450000000001,14.6061,14.613299999999999,14.62014,14.62653,14.63247,14.638050000000002,14.643089999999999,14.647680000000001,14.65191,14.65551,14.658750000000001,14.661360000000002,14.66352,14.66523,14.6664,14.666940000000002,14.667030000000002,14.66667,14.665680000000002,14.664150000000001,14.66208,14.65947,14.65623,14.65254,14.64822,14.64336,14.63796,14.63202,14.625449999999999,14.61834,14.610600000000002,14.602410000000003,14.5935,14.58414,14.574060000000001,14.56353,14.55237,14.540579999999999,14.528249999999998,14.51529,14.5017,14.487570000000002,14.47281,14.457510000000001,14.44149,14.42493,14.407740000000002,14.38992,14.37147,14.35248,14.33277,14.312429999999999,14.29146,14.26977,14.24754,14.22459,14.20101,14.17671,14.15169,14.126040000000001,14.09967,14.07258,14.04486,14.01633,13.98708,13.95702,13.92624,13.894739999999999,13.86234,13.829220000000001,13.79529,13.76055,13.724910000000001,13.68837,13.65102,13.61277,13.57362,13.53348,13.49235,13.450320000000001,13.407210000000001,13.363109999999999,13.31793,13.27167,13.22433,13.17582,13.12614,13.0752,13.023000000000001,12.96954,12.91482,12.85866,12.80106,12.74211,12.68154,12.619439999999999,12.555719999999999,12.49038,12.42324,12.3543,12.283470000000001,12.21075,12.13596,12.059009999999999,11.97999,11.89863,11.81484,11.728530000000001,11.6397,11.54808,11.45358,11.356110000000001,11.25549,11.15163,11.04426,10.9332,10.81827,10.69938,10.576080000000001,10.44828,10.315710000000001,10.178099999999999,10.03509,9.886230000000001,9.73143,9.57006,9.401760000000001,9.226080000000001,9.04257,8.850519,8.649414,8.438571,8.217261,7.984674,7.739946000000001,7.482132,7.210196999999999,6.92307,6.619563,6.298515,5.958729,5.599161,5.219073,4.818357,4.3982280000000005,3.9624029999999997,3.519513,3.087459,2.7008010000000002,2.418066,2.31129,2.416905,2.6979029999999997,3.08178,3.5096849999999997,3.9468330000000003,4.375206,4.786128,5.175854999999999,5.543199,5.888277,6.211899000000001,6.515154000000001,6.799266,7.0654770000000005,7.315002,7.548975,7.768466999999999,7.974468,8.167887,8.349552,8.520219,8.68059,8.831295,8.972901,9.105929999999999,9.23094,9.348210000000002,9.45828,9.56151,9.65817,9.74853,9.83295,9.9117,9.984960000000001,10.05291,10.11573,10.17369,10.226880000000001,10.27539,10.319490000000002,10.35918,10.39455,10.42569,10.45278,10.47573,10.494720000000001,10.50975,10.52073,10.52793,10.531080000000001,10.53045,10.52586,10.51731,10.504800000000001,10.488330000000001,10.467720000000002,10.443060000000001,10.41426,10.38114,10.3437,10.30185,10.255320000000001,10.2042,10.14813,10.087110000000001,10.02087,9.94923,9.87201,9.78894,9.69975,9.60426,9.50202,9.392669999999999,9.27603,9.15147,9.01872,8.877204,8.726409,8.565741000000001,8.394579,8.212203,8.017866,7.810722,7.589862,7.354305,7.10298,6.834744,6.548409,6.242724,5.916500999999999,5.568651,5.198418,4.805739,4.391847,3.960576,3.520692,3.090384,2.704581,2.422323,2.316303,2.4236009999999997,2.7077760000000004,3.096657,3.5315819999999998,3.9778200000000004,4.417353,4.8414600000000005,5.246343,5.630706,5.994612,6.338745,6.664140000000001,6.971922,7.2632520000000005,7.539282,7.801083000000001,8.049663,8.285949,8.510796000000001,8.724996,8.929269,9.12429,9.310590000000001,9.488790000000002,9.65943,9.822870000000002,9.979560000000001,10.12995,10.274310000000002,10.41309,10.54647,10.674719999999999,10.7982,10.91709,11.03157,11.14191,11.24829,11.3508,11.44971,11.54511,11.637179999999999,11.72592,11.81169,11.894309999999999,11.97414,12.05109,12.12534,12.19698,12.2661,12.33261,12.396780000000001,12.45861,12.5181,12.57534,12.63033,12.68325,12.73401,12.78261,12.82923,12.87378,12.91644,12.95703,12.99564,13.032449999999999,13.06719,13.10013,13.13118,13.160250000000001,13.18752,13.2129,13.23639,13.25808,13.27779,13.29561,13.31163,13.32567,13.33782,13.348080000000001,13.35627,13.362570000000002,13.36689,13.36914,13.36941,13.36752,13.36356,13.35753,13.34925,13.33872,13.32594,13.31082,13.29336,13.273380000000001,13.25106,13.226040000000001,13.1985,13.16826,13.13523,13.09941,13.06053,13.01877,12.97377,12.92562,12.87414,12.819149999999999,12.76065,12.698369999999999,12.63231,12.5622,12.487950000000001,12.40938,12.32631,12.23856,12.14586,12.048119999999999,11.944890000000001,11.836170000000001,11.721599999999999,11.600819999999999,11.47356,11.339550000000001,11.19834,11.04975,10.89315,10.72827,10.55448,10.371509999999999,10.17855,9.975330000000001,9.76095,9.534870000000002,9.29637,9.04473,8.779005,8.498394000000001,8.201960999999999,7.8887339999999995,7.5577049999999995,7.207866,6.838227,6.447942,6.036354,5.603282999999999,5.149395,4.676886,4.190787,3.7013670000000003,3.228687,2.809908,2.506473,2.393145,2.507895,2.813481,3.23577,3.7138050000000002,4.21074,4.706766,5.191749,5.66073,6.111540000000001,6.543522,6.956838,7.352073,7.730036999999999,8.091639,8.437814999999999,8.769492000000001,9.087570000000001,9.392940000000001,9.686340000000001,9.968490000000001,10.2402,10.50201,10.75455,10.99845,11.234160000000001,11.46213,11.6829,11.896740000000001,12.10419,12.305520000000001,12.501090000000001,12.69117,12.87603,13.05603,13.23126,13.40217,13.56885,13.73148,13.89033,14.04549,14.19723,14.345640000000001,14.4909,14.6331
18.49428,18.42849,18.36252,18.29655,18.2304,18.164250000000003,18.09792,18.03159,17.96517,17.89866,17.832150000000002,17.76546,17.698860000000003,17.632170000000002,17.56539,17.498700000000003,17.43192,17.36514,17.298360000000002,17.23167,17.16489,17.098290000000002,17.0316,16.96509,16.89867,16.832250000000002,16.76601,16.699949999999998,16.63398,16.568279999999998,16.502760000000002,16.43742,16.37235,16.30755,16.243019999999998,16.17885,16.11504,16.05168,15.98868,15.926219999999999,15.86412,15.80265,15.74172,15.681420000000001,15.621750000000002,15.562800000000001,15.50457,15.44706,15.390450000000001,15.33465,15.27975,15.22584,15.17292,15.120990000000003,15.070230000000002,15.020639999999998,14.97213,14.924970000000002,14.87898,14.834430000000001,14.79114,14.749290000000002,14.70888,14.669910000000002,14.632560000000002,14.596649999999999,14.56236,14.529599999999999,14.498460000000001,14.46903,14.441130000000001,14.41503,14.390460000000001,14.367600000000001,14.34636,14.32683,14.30892,14.292629999999999,14.27796,14.26482,14.2533,14.243219999999999,14.23467,14.22756,14.22189,14.21757,14.21451,14.21271,14.21217,14.2128,14.214419999999999,14.217210000000001,14.2209,14.22549,14.23098,14.23728,14.24439,14.25213,14.2605,14.26941,14.27886,14.28885,14.29911,14.30982,14.3208,14.33205,14.343480000000001,14.35509,14.366790000000002,14.378580000000001,14.39037,14.402160000000002,14.41395,14.42556,14.43708,14.448509999999999,14.45967,14.470740000000001,14.481449999999999,14.49198,14.502149999999999,14.512050000000002,14.521590000000002,14.530769999999999,14.53959,14.54805,14.55606,14.563709999999999,14.570910000000001,14.57757,14.583870000000001,14.58963,14.59494,14.599800000000002,14.604120000000002,14.607900000000003,14.61123,14.61402,14.616270000000002,14.617980000000001,14.619150000000001,14.61978,14.619869999999999,14.61942,14.61834,14.616810000000001,14.61465,14.611859999999998,14.60862,14.60475,14.600340000000001,14.5953,14.58972,14.5836,14.57685,14.569560000000001,14.56164,14.553090000000001,14.544,14.534370000000001,14.524109999999999,14.513220000000002,14.50179,14.48973,14.47704,14.463810000000002,14.44995,14.43546,14.420340000000001,14.404679999999999,14.38839,14.37138,14.35383,14.33565,14.316840000000001,14.2974,14.27724,14.256540000000001,14.23512,14.21307,14.1903,14.1669,14.14278,14.118030000000001,14.09256,14.066370000000001,14.03955,14.01192,13.98357,13.954500000000001,13.92471,13.894110000000001,13.86279,13.83066,13.79763,13.76388,13.72932,13.69386,13.6575,13.62033,13.58226,13.5432,13.50324,13.46238,13.420440000000001,13.37751,13.33359,13.288590000000001,13.242510000000001,13.195350000000001,13.14693,13.09743,13.04667,12.99465,12.941370000000001,12.88674,12.83076,12.773340000000001,12.71448,12.65409,12.592170000000001,12.52863,12.46338,12.39633,12.32757,12.256920000000001,12.18429,12.10959,12.03282,11.953800000000001,11.872530000000001,11.788829999999999,11.7027,11.61387,11.52225,11.42784,11.33037,11.22975,11.1258,11.01834,10.90728,10.79226,10.6731,10.54962,10.42164,10.28871,10.150649999999999,10.00719,9.85779,9.70227,9.54018,9.370890000000001,9.19413,9.00927,8.815734,8.612820000000001,8.399835,8.175978,7.940358000000001,7.692003000000001,7.4298329999999995,7.1526510000000005,6.859116,6.54777,6.217002,5.865066000000001,5.490126,5.090274,4.663791,4.209399,3.727206,3.220497,2.700387,2.197404,1.788129,1.6181370000000002,1.78749,2.1954870000000004,2.69604,3.212271,3.7134359999999997,4.188321,4.633596,5.04918,5.436333,5.796837,6.132636000000001,6.445638,6.737625,7.0102709999999995,7.265079,7.503444000000001,7.726608,7.935687,8.131698,8.315559,8.488107,8.65008,8.802153,8.944946999999999,9.07902,9.20484,9.32292,9.43371,9.53748,9.63459,9.72549,9.81027,9.889289999999999,9.96282,10.03104,10.09413,10.152270000000001,10.20564,10.254420000000001,10.29861,10.33839,10.373850000000001,10.40517,10.432260000000001,10.455300000000001,10.47438,10.48941,10.50048,10.50768,10.51092,10.510290000000001,10.505700000000001,10.497150000000001,10.48464,10.46817,10.44756,10.4229,10.39401,10.360890000000001,10.32336,10.28133,10.2348,10.18341,10.12725,10.06605,9.99954,9.927719999999999,9.85014,9.766710000000002,9.67716,9.58113,9.47826,9.36837,9.25092,9.12546,8.991702000000002,8.848989,8.696799,8.534511,8.361432,8.176824,7.979831999999999,7.769556,7.544961000000001,7.304931000000001,7.048215,6.773445,6.4791,6.163533,5.824962,5.4615149999999995,5.071275000000001,4.652514,4.204017,3.7259460000000004,3.221766,2.702817,2.200041,1.790541,1.620666,1.791243,2.202165,2.707641,3.23091,3.7412730000000005,4.227489,4.686138,5.117076,5.521464000000001,5.901003,6.257538,6.592878000000001,6.908742,7.206714,7.488225,7.7545980000000005,8.007012,8.246538000000001,8.474139000000001,8.690688,8.896968,9.09369,9.28152,9.46107,9.63279,9.79722,9.95472,10.105830000000001,10.250910000000001,10.39023,10.52406,10.652849999999999,10.77669,10.895850000000001,11.01069,11.1213,11.227860000000002,11.33064,11.429730000000001,11.52531,11.61747,11.706389999999999,11.792159999999999,11.87496,11.954880000000001,12.031920000000001,12.10626,12.177900000000001,12.24702,12.31371,12.37788,12.43971,12.49929,12.55653,12.61161,12.66444,12.715200000000001,12.76389,12.81051,12.85515,12.89772,12.9384,12.977010000000002,13.013819999999999,13.04865,13.0815,13.11255,13.141710000000002,13.16898,13.19436,13.21785,13.23954,13.25925,13.27716,13.293180000000001,13.307220000000001,13.319370000000001,13.329630000000002,13.33791,13.34421,13.34853,13.35078,13.35105,13.34916,13.34529,13.339170000000001,13.33089,13.32036,13.30758,13.29246,13.275,13.25511,13.2327,13.20777,13.18023,13.1499,13.116869999999999,13.08096,13.04217,13.00032,12.95532,12.90708,12.855509999999999,12.80052,12.74184,12.67956,12.61332,12.54312,12.46869,12.389940000000001,12.30669,12.21867,12.1257,12.027600000000001,11.924100000000001,11.81493,11.699910000000001,11.57859,11.450790000000001,11.31615,11.174220000000002,11.024730000000002,10.867230000000001,10.70118,10.52622,10.34181,10.14732,9.94212,9.725670000000001,9.497160000000001,9.25578,9.00081,8.731179,8.445996,8.144163,7.8245190000000004,7.485804000000001,7.1266680000000004,6.745716,6.341481000000001,5.912487,5.457384,4.975155,4.465503,3.9297779999999998,3.372975,2.808414,2.269494,1.836279,1.6580519999999999,1.8370440000000001,2.2718249999999998,2.813787,3.383325,3.9473550000000004,4.492791,5.014755,5.511978,5.984748000000001,6.434108999999999,6.861357,7.267923,7.655184,8.024507999999999,8.377155,8.714286,9.036990000000001,9.34632,9.643049999999999,9.92817,10.2024,10.466460000000001,10.72089,10.9665,11.20365,11.432970000000001,11.65482,11.86974,12.078,12.280140000000001,12.47634,12.667050000000001,12.852450000000001,13.03299,13.20867,13.37994,13.54689,13.70988,13.869,14.02443,14.176350000000001,14.324940000000002,14.47029,14.61267
18.44208,18.37575,18.30933,18.242820000000002,18.17622,18.109440000000003,18.04257,17.9757,17.908649999999998,17.841600000000003,17.77446,17.707230000000003,17.63991,17.572589999999998,17.50518,17.43777,17.37027,17.302770000000002,17.235270000000003,17.16777,17.10036,17.03286,16.96545,16.898130000000002,16.83081,16.76358,16.69653,16.62957,16.5627,16.496100000000002,16.42959,16.36335,16.29729,16.2315,16.16598,16.100820000000002,16.03602,15.971580000000001,15.90759,15.844050000000001,15.780960000000002,15.71841,15.656400000000001,15.59502,15.534270000000001,15.47424,15.414930000000002,15.35634,15.29865,15.241770000000002,15.185880000000001,15.13089,15.076979999999999,15.02415,14.9724,14.921819999999999,14.872409999999999,14.824349999999999,14.77755,14.7321,14.68809,14.645520000000001,14.60448,14.564969999999999,14.5269,14.490540000000001,14.455800000000002,14.422680000000001,14.39127,14.36157,14.33349,14.307210000000001,14.28264,14.259870000000001,14.23872,14.219370000000001,14.20173,14.1858,14.17149,14.1588,14.14782,14.13837,14.13045,14.12406,14.119110000000001,14.115599999999999,14.113529999999999,14.11263,14.11308,14.114700000000001,14.1174,14.12127,14.126040000000001,14.1318,14.13855,14.14602,14.154300000000001,14.163210000000001,14.17284,14.183010000000001,14.193719999999999,14.204880000000001,14.21649,14.22837,14.24061,14.253120000000001,14.26572,14.278500000000001,14.29146,14.30442,14.317380000000002,14.33034,14.34321,14.35599,14.36859,14.38101,14.39325,14.40531,14.4171,14.42853,14.43969,14.45049,14.46102,14.471100000000002,14.480820000000001,14.490090000000002,14.49891,14.50737,14.51529,14.522850000000002,14.529780000000002,14.536349999999999,14.542380000000001,14.547870000000001,14.552819999999999,14.55732,14.561280000000002,14.56461,14.56749,14.569740000000001,14.57154,14.57271,14.57325,14.57334,14.5728,14.57172,14.57001,14.56776,14.564969999999999,14.56155,14.557500000000001,14.552909999999999,14.547780000000001,14.541929999999999,14.535630000000001,14.52861,14.521139999999999,14.51295,14.50422,14.49486,14.484960000000001,14.47434,14.46327,14.451480000000002,14.439150000000001,14.4261,14.4126,14.398380000000001,14.38353,14.36814,14.352030000000001,14.33538,14.31801,14.3001,14.281559999999999,14.2623,14.24241,14.22189,14.200740000000001,14.178870000000002,14.15637,14.13315,14.1093,14.08473,14.05944,14.033520000000001,14.00688,13.97943,13.95135,13.922460000000001,13.892850000000001,13.86243,13.831290000000001,13.79925,13.76649,13.732920000000002,13.69854,13.663260000000001,13.62717,13.59018,13.55229,13.51341,13.473630000000002,13.43295,13.39119,13.34853,13.304789999999999,13.259970000000001,13.21407,13.167000000000002,13.11885,13.06953,13.01895,12.96711,12.914010000000001,12.85965,12.80385,12.74661,12.68793,12.62772,12.56598,12.50262,12.43755,12.37077,12.302190000000001,12.231630000000001,12.15918,12.08475,12.00816,11.92932,11.848230000000001,11.76471,11.67867,11.59002,11.49867,11.40435,11.30706,11.206620000000001,11.10276,10.99539,10.88442,10.769490000000001,10.65042,10.52694,10.398959999999999,10.26603,10.12788,9.98433,9.83484,9.67905,9.5166,9.34704,9.169830000000001,8.984358,8.790075,8.586279,8.372196,8.147007,7.909758,7.6594050000000005,7.394787000000001,7.114581,6.817302,6.501285,6.164631,5.805207,5.420592,5.008041,4.564512,4.086666,3.571074,3.0148200000000003,2.417409,1.787949,1.179018,0.8520057,1.178739,1.78668,2.413935,3.00762,3.558447,4.066812,4.535613000000001,4.968288,5.3681849999999995,5.738409,6.08175,6.400665,6.697377,6.973803,7.231698000000001,7.472574000000001,7.69779,7.90857,8.105994,8.291034000000002,8.464554000000001,8.627346000000001,8.780112,8.923482,9.058050000000001,9.184320000000001,9.30276,9.41373,9.51777,9.61515,9.70614,9.7911,9.8703,9.94392,10.01223,10.075410000000002,10.13355,10.187009999999999,10.235790000000001,10.27998,10.31985,10.355400000000001,10.38672,10.41381,10.43694,10.45602,10.47105,10.48221,10.48941,10.492650000000001,10.49202,10.48752,10.47897,10.46655,10.449990000000001,10.42947,10.404810000000001,10.37592,10.3428,10.30527,10.263330000000002,10.21671,10.16541,10.10925,10.047960000000002,9.98145,9.909450000000001,9.83187,9.74835,9.65862,9.562320000000001,9.45936,9.34911,9.2313,9.10557,8.971254,8.827956,8.675073000000001,8.511948,8.33787,8.152047,7.953615000000001,7.7415840000000005,7.514874,7.27227,7.012404,6.733746,6.434586,6.11298,5.76675,5.393439,4.990293,4.554252,4.082031,3.570264,3.0161789999999997,2.419524,1.789785,1.180107,0.8527266,1.180413,1.791198,2.423403,3.024234,3.584403,4.104252,4.586607000000001,5.034816,5.452146000000001,5.841584999999999,6.205833,6.547275,6.868026,7.1699399999999995,7.454682,7.72371,7.978311,8.219664000000002,8.448794999999999,8.666622,8.873991,9.07164,9.26019,9.44037,9.61263,9.777600000000001,9.935550000000001,10.08702,10.23228,10.371870000000001,10.50588,10.63485,10.75878,10.878120000000001,10.99305,11.10375,11.2104,11.313180000000001,11.412270000000001,11.507850000000001,11.6001,11.689020000000001,11.77488,11.85759,11.93751,12.014550000000002,12.088890000000001,12.16053,12.22965,12.29625,12.360420000000001,12.42225,12.48183,12.53907,12.594059999999999,12.64698,12.69774,12.74634,12.792959999999999,12.8376,12.88017,12.920760000000001,12.95946,12.99618,13.03101,13.06395,13.095,13.12407,13.151340000000001,13.17681,13.2003,13.22199,13.2417,13.25961,13.27563,13.28967,13.30191,13.31217,13.32045,13.326749999999999,13.33107,13.33341,13.333680000000001,13.33188,13.328009999999999,13.32189,13.313699999999999,13.30317,13.29048,13.275360000000001,13.25799,13.2381,13.21569,13.19085,13.16331,13.13307,13.10004,13.06422,13.02543,12.98358,12.938580000000002,12.89043,12.83886,12.78387,12.72519,12.66291,12.59667,12.52647,12.45204,12.373199999999999,12.289950000000001,12.20184,12.10887,12.01068,11.907,11.79774,11.682540000000001,11.56104,11.432970000000001,11.29806,11.15577,11.00592,10.84797,10.68138,10.50579,10.32066,10.12527,9.919170000000001,9.70146,9.471599999999999,9.22869,8.97174,8.699904,8.412066000000001,8.107056,7.783587,7.440246,7.075458,6.687531,6.2745750000000005,5.834538,5.365188,4.864158000000001,4.329063,3.757707,3.148812,2.504115,1.835649,1.1998710000000001,0.8630019000000001,1.2001950000000001,1.8371790000000001,2.5083900000000003,3.157848,3.7738080000000003,4.3547579999999995,4.902084,5.418045,5.905044,6.36543,6.801399,7.214949,7.6078980000000005,7.9818750000000005,8.338374,8.678727,9.00414,9.31572,9.61443,9.90117,10.17684,10.44207,10.69758,10.944,11.18196,11.41191,11.6343,11.84976,12.058470000000002,12.26088,12.45744,12.648420000000002,12.83409,13.01472,13.19058,13.36194,13.529069999999999,13.69206,13.85127,14.0067,14.15871,14.3073,14.452649999999998,14.59503
18.39015,18.32328,18.256410000000002,18.18936,18.122130000000002,18.0549,17.98749,17.919990000000002,17.8524,17.78472,17.71695,17.64909,17.58114,17.5131,17.44506,17.37693,17.3088,17.240579999999998,17.17227,17.10405,17.03583,16.96752,16.8993,16.83117,16.76304,16.69491,16.62696,16.5591,16.491329999999998,16.42374,16.35633,16.2891,16.22205,16.155269999999998,16.08876,16.02252,15.956730000000002,15.891210000000001,15.826139999999999,15.761429999999999,15.697260000000002,15.63363,15.57054,15.507990000000001,15.446160000000003,15.384960000000001,15.324480000000001,15.264899999999999,15.206040000000002,15.14808,15.091020000000002,15.03504,14.98005,14.926139999999998,14.87331,14.821739999999998,14.77143,14.722380000000001,14.674769999999999,14.628419999999998,14.5836,14.54031,14.498460000000001,14.458320000000002,14.419709999999998,14.382810000000001,14.34753,14.31405,14.28228,14.252310000000001,14.224050000000002,14.19768,14.17302,14.15025,14.12928,14.11002,14.09265,14.07699,14.063130000000001,14.05098,14.04054,14.03172,14.02452,14.01885,14.0148,14.0121,14.01093,14.01102,14.01246,14.01516,14.01903,14.02398,14.03001,14.036940000000001,14.04486,14.05359,14.063130000000001,14.07339,14.084280000000001,14.0958,14.10777,14.120190000000001,14.13306,14.14629,14.159790000000001,14.17356,14.18751,14.201550000000001,14.215679999999999,14.22981,14.24403,14.25816,14.272200000000002,14.28606,14.29983,14.31342,14.32674,14.33979,14.35257,14.36508,14.37723,14.38902,14.40036,14.41143,14.42196,14.432129999999999,14.441850000000002,14.45112,14.459850000000001,14.468130000000002,14.475869999999999,14.483160000000002,14.489910000000002,14.49612,14.5017,14.50683,14.51142,14.51547,14.51889,14.521770000000002,14.524019999999998,14.525820000000001,14.5269,14.52753,14.52744,14.5269,14.525640000000001,14.52384,14.521500000000001,14.518529999999998,14.514930000000001,14.510790000000002,14.50593,14.50062,14.49459,14.48802,14.480820000000001,14.47308,14.46462,14.455620000000001,14.445990000000002,14.43582,14.42493,14.4135,14.401440000000001,14.388750000000002,14.37543,14.36157,14.34699,14.33187,14.316030000000001,14.299650000000002,14.28255,14.26482,14.24655,14.22756,14.20785,14.1876,14.166630000000001,14.14503,14.122710000000001,14.09976,14.07609,14.05179,14.02668,14.00094,13.974480000000002,13.9473,13.9194,13.890690000000001,13.86135,13.83111,13.80015,13.76838,13.735890000000001,13.7025,13.6683,13.6332,13.597290000000001,13.56048,13.52277,13.484160000000001,13.44456,13.40406,13.362570000000002,13.32009,13.27653,13.23189,13.18626,13.13946,13.09149,13.04235,12.992040000000001,12.94038,12.88755,12.83337,12.77775,12.72078,12.662370000000001,12.602430000000002,12.54087,12.477780000000001,12.412889999999999,12.34638,12.277980000000001,12.20778,12.1356,12.061350000000001,11.985030000000002,11.90655,11.82564,11.74239,11.65671,11.56833,11.47716,11.3832,11.28618,11.186010000000001,11.08242,10.97541,10.86462,10.74996,10.63125,10.50804,10.38033,10.247670000000001,10.10988,9.96651,9.81729,9.66177,9.49959,9.33021,9.15309,8.967834,8.773659,8.569926,8.355852,8.130590999999999,7.8931890000000005,7.642566,7.377525,7.096707,6.798582000000001,6.481395,6.143166,5.7816,5.394069,4.977522,4.528404,4.0425390000000005,3.515013,2.939967,2.3104080000000002,1.617858,0.851967,0.0,0.8518239,1.616814,2.30724,2.9331270000000003,3.5027820000000003,4.0231259999999995,4.4999910000000005,4.9382909999999995,5.342238,5.7154229999999995,6.060951,6.3815040000000005,6.67944,6.956793,7.215363000000001,7.456743,7.682328000000001,7.893369,8.090964,8.276112,8.449686000000002,8.612487000000002,8.765235,8.908560000000001,9.04302,9.1692,9.28755,9.39852,9.502469999999999,9.59967,9.690570000000001,9.77544,9.854550000000001,9.92808,9.9963,10.05939,10.11753,10.1709,10.21959,10.26378,10.30356,10.33902,10.37034,10.39752,10.42056,10.43964,10.45467,10.46583,10.47303,10.47636,10.47573,10.47123,10.462769999999999,10.45035,10.43397,10.41345,10.38888,10.36008,10.327050000000002,10.28961,10.24776,10.201319999999999,10.150110000000002,10.093950000000001,10.03284,9.96651,9.8946,9.81711,9.733770000000002,9.64413,9.54801,9.44514,9.33498,9.21735,9.09162,8.95743,8.814186000000001,8.661312,8.498169,8.324028,8.138079000000001,7.939449,7.72713,7.500014999999999,7.256861999999999,6.996258,6.716619,6.416163,6.092838,5.744322,5.367951,4.960647,4.518864,4.038453,3.514572,2.941506,2.3124960000000003,1.619433,0.8525574,0.0,0.8527185,1.6205939999999999,2.316051,2.949201,3.528315,4.060287,4.550841,5.004828000000001,5.426334,5.818869,6.185448,6.528654,6.850746,7.153695,7.439229,7.708851000000001,7.963920000000001,8.205615,8.434989000000002,8.652996,8.860473,9.05814,9.246780000000001,9.42696,9.59922,9.76401,9.92196,10.07334,10.21851,10.35801,10.49193,10.62072,10.74465,10.8639,10.97865,11.089260000000001,11.195730000000001,11.29842,11.39742,11.49291,11.58507,11.6739,11.75958,11.84229,11.922030000000001,11.998980000000001,12.07323,12.144870000000001,12.2139,12.28041,12.34449,12.40623,12.46572,12.522870000000001,12.577860000000001,12.630690000000001,12.681360000000002,12.73005,12.77658,12.82113,12.8637,12.904290000000001,12.9429,12.979619999999999,13.01445,13.0473,13.07835,13.107510000000001,13.134780000000001,13.160160000000001,13.18365,13.20534,13.22514,13.24305,13.258980000000001,13.273109999999999,13.28535,13.29561,13.30389,13.310279999999999,13.31469,13.317029999999999,13.317390000000001,13.31559,13.311720000000001,13.30569,13.29759,13.28715,13.27446,13.25943,13.24206,13.22235,13.20003,13.175189999999999,13.147739999999999,13.117590000000002,13.08474,13.048919999999999,13.01022,12.96855,12.92364,12.875580000000001,12.824100000000001,12.769200000000001,12.7107,12.64851,12.58245,12.51234,12.438,12.35934,12.27618,12.188160000000002,12.09528,11.99718,11.89377,11.7846,11.6694,11.54808,11.4201,11.28528,11.14308,10.99332,10.835370000000001,10.66887,10.49328,10.308060000000001,10.11267,9.90639,9.688590000000001,9.45846,9.215190000000002,8.957934,8.685594,8.397126,8.091306,7.766811,7.422165000000001,7.05573,6.665688,6.250014,5.806422,5.332374,4.824981,4.280994000000001,3.696732,3.067983,2.3899230000000005,1.657026,0.8628624,0.0,0.8630325000000001,1.658268,2.3938289999999998,3.076569,3.7123470000000003,4.306176,4.862367000000001,5.384682000000001,5.876388,6.3403290000000005,6.779034,7.194717000000001,7.589331,7.964631,8.322174,8.663355,8.989425,9.3015,9.600660000000001,9.88767,10.16352,10.42893,10.68462,10.93113,11.16909,11.39904,11.62152,11.8368,12.04551,12.24792,12.4443,12.63519,12.820770000000001,13.00122,13.17699,13.34826,13.51521,13.67811,13.83714,13.99248,14.144309999999999,14.292720000000001,14.437980000000001,14.580179999999999
18.3384,18.27108,18.20358,18.13599,18.06831,18.00045,17.9325,17.86446,17.79633,17.72802,17.65962,17.59113,17.52255,17.45388,17.38512,17.316270000000003,17.247329999999998,17.17839,17.109450000000002,17.04042,16.97139,16.90227,16.833240000000004,16.76421,16.69518,16.626240000000003,16.557389999999998,16.48854,16.41987,16.35129,16.28289,16.21467,16.146630000000002,16.078860000000002,16.01127,15.94404,15.877080000000001,15.81048,15.744240000000001,15.678450000000002,15.613199999999999,15.54831,15.48405,15.420420000000002,15.357330000000001,15.29505,15.2334,15.17256,15.11253,15.05349,14.99526,14.93811,14.88195,14.82696,14.77314,14.720490000000002,14.6691,14.619150000000001,14.570459999999999,14.5233,14.477580000000001,14.43348,14.39091,14.34996,14.31072,14.27328,14.23746,14.20353,14.1714,14.141070000000001,14.11272,14.086170000000001,14.06142,14.03865,14.01777,13.99878,13.98168,13.966380000000001,13.95297,13.94127,13.931370000000001,13.92327,13.91679,13.911930000000002,13.90869,13.906979999999999,13.90671,13.90788,13.9104,13.91418,13.91922,13.92534,13.932630000000001,13.94091,13.95009,13.960080000000001,13.970970000000001,13.982579999999999,13.994819999999999,14.0076,14.02101,14.034780000000001,14.049,14.063580000000002,14.078429999999999,14.09346,14.10867,14.12406,14.13945,14.15493,14.17032,14.18562,14.20092,14.215950000000001,14.230889999999999,14.245560000000001,14.259960000000001,14.274180000000001,14.28795,14.30154,14.314680000000001,14.32746,14.33979,14.35176,14.36319,14.37426,14.38479,14.394870000000001,14.404499999999999,14.4135,14.42205,14.430060000000001,14.437529999999999,14.44446,14.45076,14.45661,14.46183,14.46642,14.470469999999999,14.473980000000001,14.47686,14.479110000000002,14.480820000000001,14.481900000000001,14.48235,14.48226,14.481539999999999,14.480189999999999,14.4783,14.47569,14.47254,14.46885,14.46444,14.459489999999999,14.453909999999999,14.447700000000001,14.44086,14.43339,14.425379999999999,14.41665,14.40738,14.39748,14.38695,14.37579,14.364090000000001,14.35167,14.33871,14.32503,14.31072,14.29587,14.2803,14.264190000000001,14.247359999999999,14.2299,14.211810000000002,14.19309,14.17365,14.15358,14.13288,14.111550000000001,14.089409999999999,14.06673,14.04324,14.019120000000001,13.99437,13.96881,13.94253,13.91562,13.8879,13.85946,13.83021,13.80024,13.76946,13.737960000000001,13.70556,13.67244,13.63842,13.60359,13.56786,13.531320000000001,13.49379,13.45545,13.416120000000001,13.3758,13.33449,13.29219,13.2489,13.20453,13.15908,13.11255,13.064760000000001,13.01589,12.96585,12.91446,12.8619,12.8079,12.752640000000001,12.69594,12.63771,12.57804,12.51684,12.45402,12.38949,12.323250000000002,12.25512,12.185279999999999,12.113370000000002,12.039480000000001,11.96352,11.88531,11.80485,11.721960000000001,11.636550000000002,11.54853,11.45781,11.36421,11.26764,11.16792,11.06478,10.95822,10.84797,10.73376,10.6155,10.49292,10.36575,10.23372,10.09647,9.95373,9.805140000000002,9.65034,9.48888,9.320310000000001,9.14409,8.959698000000001,8.766477,8.56377,8.350812,8.126766,7.890687,7.641540000000001,7.378145999999999,7.099182,6.803172,6.488442,6.153093,5.794983,5.411682,5.0004360000000005,4.558203,4.081608,3.567222,3.0120750000000003,2.415645,1.7869860000000002,1.178595,0.851787,1.178316,1.785717,2.41218,3.004902,3.554649,4.0618620000000005,4.529457,4.960908000000001,5.35959,5.728599,6.070734,6.388488000000001,6.684048000000001,6.959376,7.216200000000001,7.456049999999999,7.680276,7.890111,8.086625999999999,8.270793,8.443494000000001,8.605494,8.757513000000001,8.900172,9.034020000000002,9.15966,9.27747,9.38799,9.4914,9.588330000000001,9.678870000000002,9.76338,9.842130000000001,9.91539,9.98334,10.04625,10.104120000000002,10.15731,10.205820000000001,10.249830000000001,10.289520000000001,10.32489,10.35612,10.38312,10.40616,10.42515,10.440270000000002,10.45134,10.45863,10.46196,10.46133,10.45692,10.44846,10.43613,10.41984,10.3995,10.37502,10.346400000000001,10.313550000000001,10.276290000000001,10.234620000000001,10.18836,10.13742,10.081620000000001,10.02069,9.954630000000002,9.88317,9.80604,9.72297,9.63378,9.53811,9.43569,9.32607,9.20889,9.08379,8.950220999999999,8.807661,8.655525,8.493183,8.319924,8.134947,7.937387999999999,7.726257,7.500482999999999,7.258833,6.999948000000001,6.722307,6.424173000000001,6.103611,5.758443000000001,5.386194,4.984109999999999,4.549122,4.077918,3.567132,3.0139560000000003,2.4180930000000003,1.7890020000000002,1.1797650000000002,0.8525511,1.180071,1.790424,2.421999,3.022056,3.5813520000000003,4.100274,4.581657,5.028876,5.445198,5.833647000000001,6.196905,6.537375,6.857172,7.1581589999999995,7.441992,7.710138,7.9638930000000006,8.204418,8.432748,8.649801,8.856414000000001,9.053370000000001,9.241200000000001,9.42075,9.59238,9.75663,9.91404,10.06488,10.20969,10.348650000000001,10.48221,10.61064,10.73412,10.85301,10.96749,11.07774,11.18403,11.28645,11.38518,11.480400000000001,11.57229,11.66094,11.746440000000002,11.82888,11.90844,11.9853,12.059370000000001,12.130740000000001,12.199679999999999,12.26601,12.33,12.39165,12.45096,12.50811,12.56292,12.61566,12.66633,12.714839999999999,12.76128,12.80583,12.84831,12.88881,12.92742,12.96405,12.99888,13.03173,13.06269,13.09185,13.11912,13.1445,13.16799,13.189680000000001,13.209389999999999,13.2273,13.24341,13.25754,13.26969,13.28004,13.28841,13.2948,13.29921,13.30164,13.302,13.30029,13.29651,13.29066,13.28256,13.272210000000001,13.25961,13.244760000000001,13.22748,13.20777,13.185630000000002,13.16088,13.133610000000001,13.10364,13.070879999999999,13.03524,12.99672,12.95514,12.9105,12.862530000000001,12.81132,12.7566,12.698369999999999,12.63636,12.57048,12.50064,12.42657,12.348180000000001,12.26529,12.17763,12.08511,11.98737,11.88423,11.77542,11.660670000000001,11.53971,11.41218,11.27781,11.13615,10.986839999999999,10.82943,10.66356,10.4886,10.30401,10.10934,9.903870000000001,9.686969999999999,9.45783,9.21555,8.959419,8.688357,8.401302000000001,8.097084,7.774425,7.431894,7.067934,6.680826000000001,6.268689,5.8294619999999995,5.360904,4.860657000000001,4.326300000000001,3.7556280000000006,3.147363,2.503197,1.8351540000000002,1.199664,0.8628939000000001,1.199988,1.8366930000000001,2.5074810000000003,3.1564170000000003,3.7717739999999997,4.3520579999999995,4.898673,5.413887000000001,5.900121,6.359733,6.79491,7.207668000000001,7.599825,7.973019,8.328744,8.668323000000001,8.992971,9.30375,9.60174,9.88776,10.16271,10.42722,10.6821,10.92789,11.16513,11.39445,11.6163,11.83104,12.039209999999999,12.24108,12.437009999999999,12.627360000000001,12.81249,12.99258,13.16799,13.33881,13.5054,13.66794,13.82661,13.98159,14.13315,14.28129,14.42628,14.568120000000002
18.28692,18.219060000000002,18.15111,18.08298,18.014760000000003,17.946360000000002,17.87787,17.8092,17.740350000000003,17.6715,17.60247,17.533350000000002,17.46405,17.394750000000002,17.32527,17.255699999999997,17.186130000000002,17.11647,17.04672,16.97688,16.90704,16.83711,16.76727,16.69734,16.6275,16.557570000000002,16.487820000000003,16.41807,16.34841,16.27884,16.20945,16.14015,16.07103,16.002180000000003,15.9336,15.8652,15.79716,15.72939,15.66207,15.59511,15.5286,15.462539999999999,15.397110000000001,15.33222,15.267960000000002,15.204419999999999,15.141509999999998,15.0795,15.018300000000002,14.957910000000002,14.89851,14.840190000000002,14.78286,14.7267,14.671710000000001,14.617980000000001,14.565510000000002,14.514389999999999,14.4648,14.41665,14.37003,14.32503,14.281649999999999,14.239980000000001,14.20002,14.16186,14.12559,14.09112,14.058629999999999,14.028030000000001,13.99932,13.97259,13.947840000000001,13.925070000000002,13.90428,13.88547,13.86864,13.853700000000002,13.84074,13.82958,13.820310000000001,13.81284,13.807170000000001,13.80312,13.80078,13.80006,13.80078,13.803030000000001,13.80672,13.81167,13.81797,13.82535,13.8339,13.843530000000001,13.85406,13.865490000000001,13.877730000000001,13.890690000000001,13.90428,13.91859,13.93335,13.94856,13.964220000000001,13.98015,13.996350000000001,14.012820000000001,14.029380000000002,14.04612,14.06286,14.079600000000001,14.09625,14.1129,14.12937,14.14566,14.16168,14.177520000000001,14.19309,14.208390000000001,14.223329999999999,14.237910000000001,14.25204,14.26581,14.27922,14.29209,14.30451,14.31648,14.327910000000001,14.3388,14.34924,14.35905,14.36841,14.37714,14.385330000000002,14.392980000000001,14.4,14.406480000000002,14.41233,14.41764,14.422229999999999,14.42637,14.42979,14.432670000000002,14.43483,14.436450000000002,14.437439999999999,14.437890000000001,14.437619999999999,14.436810000000001,14.43528,14.433209999999999,14.43051,14.427180000000002,14.42322,14.418630000000002,14.41341,14.407560000000002,14.40108,14.39406,14.38632,14.37795,14.36904,14.3595,14.34924,14.33844,14.32692,14.314860000000001,14.30217,14.28876,14.27481,14.26014,14.24493,14.229000000000001,14.21244,14.195250000000001,14.177430000000001,14.158890000000001,14.13981,14.11992,14.099490000000001,14.07834,14.05647,14.03397,14.010750000000002,13.9869,13.96233,13.93695,13.91094,13.88421,13.85676,13.8285,13.799520000000001,13.76973,13.739220000000001,13.7079,13.67577,13.64283,13.60908,13.574430000000001,13.53897,13.50261,13.465349999999999,13.427190000000001,13.38813,13.348080000000001,13.30704,13.26501,13.221900000000002,13.1778,13.13262,13.08627,13.03884,12.99024,12.94038,12.88935,12.836969999999999,12.78333,12.72834,12.67191,12.61404,12.554730000000001,12.4938,12.43134,12.367170000000002,12.3012,12.23352,12.16404,12.09249,12.01905,11.94345,11.86569,11.785680000000001,11.703240000000001,11.61828,11.5308,11.440620000000001,11.34756,11.25153,11.152260000000002,11.04984,10.94391,10.834290000000001,10.7208,10.60326,10.48149,10.355129999999999,10.22391,10.087650000000002,9.9459,9.79848,9.64476,9.48456,9.317340000000002,9.14265,8.959824000000001,8.768385,8.567649000000001,8.356895999999999,8.135307000000001,7.902018000000001,7.656048,7.396308000000001,7.121592000000001,6.830568,6.521769,6.193575,5.844231000000001,5.471874000000001,5.0745960000000006,4.650633,4.198689,3.7188090000000003,3.214233,2.695986,2.194497,1.786194,1.616562,1.785564,2.192589,2.691675,3.2060790000000003,3.705174,4.177827000000001,4.620771,5.03397,5.41872,5.776839,6.11028,6.420969,6.710706,6.981165,7.233867,7.470198,7.6914,7.898589000000001,8.092809,8.274951,8.445843000000002,8.606250000000001,8.756838,8.898219000000001,9.03096,9.155520000000001,9.27243,9.38205,9.48474,9.580860000000001,9.670770000000001,9.75474,9.83304,9.905759999999999,9.97335,10.03581,10.09332,10.14624,10.19448,10.23822,10.27773,10.31292,10.34388,10.37088,10.393740000000001,10.41273,10.427669999999999,10.43883,10.44603,10.44936,10.44882,10.444410000000001,10.43613,10.42389,10.40778,10.38753,10.36332,10.33488,10.30221,10.265310000000001,10.22391,10.17801,10.12743,10.071990000000001,10.011510000000001,9.94599,9.87498,9.798390000000001,9.715950000000001,9.62748,9.53253,9.43092,9.3222,9.20601,9.081990000000001,8.949555,8.808291,8.657604000000001,8.496873,8.325414,8.14248,7.947234000000001,7.73874,7.515999000000001,7.277868000000001,7.023096000000001,6.7503150000000005,6.458004,6.144507,5.8080240000000005,5.446665,5.058522000000001,4.641813,4.195305,3.7191240000000003,3.216681,2.699253,2.197683,1.788984,1.6193970000000002,1.7897040000000002,2.199843,2.70414,3.2259510000000002,3.7346400000000006,4.219047,4.675815,5.104809,5.5072350000000005,5.884821,6.239412000000001,6.5728349999999995,6.886818000000001,7.182945,7.462665,7.727291999999999,7.978014,8.215893,8.44191,8.656920000000001,8.861715,9.05697,9.243450000000001,9.421650000000001,9.59211,9.75528,9.91161,10.06164,10.205549999999999,10.34379,10.47663,10.60434,10.72728,10.845630000000002,10.959570000000001,11.069280000000001,11.17512,11.27709,11.37546,11.47032,11.56176,11.65005,11.73528,11.81745,11.89683,11.973329999999999,12.047130000000001,12.11832,12.18699,12.25323,12.31704,12.37842,12.43764,12.49452,12.54933,12.601890000000001,12.652379999999999,12.700800000000001,12.747150000000001,12.79161,12.834,12.874410000000001,12.91293,12.949560000000002,12.9843,13.01706,13.04802,13.07718,13.10436,13.12974,13.153229999999999,13.17492,13.19472,13.21263,13.22865,13.24278,13.25511,13.26537,13.27383,13.28031,13.28472,13.28724,13.28769,13.28607,13.28238,13.27653,13.26861,13.25835,13.245930000000001,13.23117,13.21398,13.194450000000002,13.172490000000002,13.147920000000001,13.12083,13.091040000000001,13.05846,13.02309,12.98475,12.94344,12.89898,12.85137,12.80043,12.74607,12.68811,12.626460000000002,12.56094,12.49146,12.41784,12.33981,12.257370000000002,12.170250000000001,12.07818,11.98098,11.87838,11.770199999999999,11.65617,11.53593,11.40912,11.27556,11.1348,10.98648,10.83015,10.665360000000002,10.491660000000001,10.308510000000002,10.11537,9.91161,9.69651,9.46944,9.229500000000002,8.976015,8.707941,8.424324,8.124066000000001,7.806024000000001,7.46892,7.111413000000001,6.73209,6.329466000000001,5.902074,5.448546,4.967820000000001,4.459608,3.925233,3.3696360000000003,2.8061100000000003,2.267991,1.8352979999999999,1.657251,1.836063,2.27034,2.81151,3.3800399999999997,3.9429089999999998,4.48704,5.007618,5.503374,5.97465,6.4224630000000005,6.8481630000000004,7.253163000000001,7.638866999999999,8.006634,8.357733,8.693334,9.01458,9.32238,9.61767,9.90135,10.174140000000001,10.43676,10.68993,10.934099999999999,11.16999,11.398050000000001,11.61864,11.8323,12.039390000000001,12.24036,12.43548,12.62502,12.80934,12.988710000000001,13.1634,13.33359,13.49964,13.661550000000002,13.81968,13.97421,14.12514,14.27283,14.417370000000002,14.558850000000001
18.23562,18.16731,18.09882,18.03015,17.96139,17.89245,17.82333,17.75412,17.68473,17.615250000000003,17.54559,17.47575,17.405820000000002,17.335800000000003,17.265690000000003,17.195400000000003,17.12502,17.05464,16.984080000000002,16.91343,16.84278,16.77204,16.7013,16.630560000000003,16.55973,16.48899,16.41825,16.347510000000003,16.27686,16.206300000000002,16.13583,16.065540000000002,15.99534,15.925410000000001,15.85566,15.78618,15.716880000000002,15.648030000000002,15.579450000000001,15.51132,15.443550000000002,15.376320000000002,15.30963,15.243480000000002,15.17796,15.11307,15.04899,14.98563,14.923079999999999,14.861519999999999,14.80086,14.741190000000001,14.6826,14.62518,14.56902,14.51412,14.46048,14.40828,14.35761,14.30838,14.26077,14.21487,14.17059,14.128110000000001,14.08743,14.04864,14.01174,13.97673,13.94379,13.912830000000001,13.88385,13.85703,13.83219,13.80942,13.78872,13.770090000000001,13.753530000000001,13.738949999999999,13.72644,13.71582,13.707180000000001,13.70043,13.69557,13.69242,13.691070000000002,13.69134,13.693140000000001,13.696560000000002,13.70142,13.70763,13.715190000000002,13.72392,13.73382,13.7448,13.75677,13.76964,13.78332,13.79781,13.81284,13.82859,13.84488,13.86153,13.878630000000001,13.895999999999999,13.91373,13.93155,13.94955,13.967640000000001,13.98573,14.00382,14.02191,14.03973,14.05755,14.075099999999999,14.09238,14.10939,14.12613,14.1426,14.15862,14.17428,14.18949,14.20425,14.21865,14.232510000000001,14.24583,14.258700000000001,14.27103,14.28282,14.294070000000001,14.30478,14.314860000000001,14.3244,14.33331,14.34168,14.34942,14.356530000000001,14.3631,14.36895,14.37426,14.37894,14.38299,14.38641,14.3892,14.391359999999999,14.392800000000001,14.3937,14.39397,14.39361,14.392619999999999,14.39091,14.38866,14.38569,14.38218,14.37795,14.37318,14.36769,14.36166,14.35491,14.34753,14.33961,14.330969999999999,14.3217,14.3118,14.30127,14.29011,14.27832,14.2659,14.252849999999999,14.239170000000001,14.224770000000001,14.20983,14.19417,14.17788,14.160960000000001,14.143320000000001,14.12505,14.106150000000001,14.08662,14.066370000000001,14.04549,14.023890000000002,14.00157,13.978620000000001,13.95495,13.930560000000002,13.90554,13.879710000000001,13.853250000000001,13.82598,13.79799,13.76919,13.73967,13.70934,13.67829,13.646429999999999,13.61367,13.58019,13.545810000000001,13.51053,13.474440000000001,13.43745,13.399560000000001,13.36068,13.3209,13.28013,13.23828,13.19553,13.1517,13.10679,13.06071,13.01355,12.96522,12.91572,12.86496,12.81294,12.75966,12.70494,12.64887,12.59136,12.532409999999999,12.47184,12.409740000000001,12.345930000000001,12.28041,12.21318,12.14406,12.07305,12.00006,11.92491,11.84769,11.76813,11.68623,11.6019,11.51505,11.425410000000001,11.332980000000001,11.23767,11.13921,11.037420000000001,10.9323,10.82358,10.71099,10.59444,10.47366,10.34838,10.21833,10.08333,9.94302,9.79695,9.64494,9.48645,9.32112,9.1485,8.967987,8.779122000000001,8.581257,8.373726000000001,8.1558,7.926669000000001,7.685460000000001,7.431237,7.162965,6.879537,6.579783000000001,6.2625150000000005,5.926518000000001,5.570739,5.194386,4.797324,4.380705,3.9481919999999997,3.508308,3.078837,2.694204,2.412783,2.306466,2.4116310000000003,2.691351,3.073239,3.498615,3.932856,4.358052,4.765626,5.151915000000001,5.515776,5.857380000000001,6.177555,6.477426,6.758235,7.0212330000000005,7.267635000000001,7.498602,7.715196000000001,7.918416,8.109162,8.28828,8.456508,8.614548,8.763039000000001,8.902557000000002,9.033570000000001,9.15669,9.27225,9.38061,9.48222,9.577440000000001,9.666450000000001,9.74952,9.827100000000002,9.89919,9.966149999999999,10.028070000000001,10.085130000000001,10.137599999999999,10.18548,10.22886,10.26801,10.303020000000002,10.3338,10.360529999999999,10.3833,10.40211,10.417050000000001,10.42812,10.435319999999999,10.438649999999999,10.4382,10.43388,10.42569,10.413630000000001,10.39761,10.37763,10.3536,10.32543,10.29312,10.256580000000001,10.21554,10.17009,10.11996,10.06506,10.005300000000002,9.94032,9.87003,9.79425,9.71271,9.62514,9.53127,9.43074,9.32328,9.208440000000001,9.08595,8.955261,8.815896,8.667333,8.508996,8.340237,8.160354,7.968591,7.764102,7.545978000000001,7.313229,7.064784,6.799491000000001,6.516135,6.2134920000000005,5.890320000000001,5.54553,5.178339,4.78863,4.3776,3.949029,3.511602,3.0834,2.6992439999999998,2.418057,2.312415,2.419362,2.7025110000000003,3.089799,3.52269,3.9665880000000002,4.4035470000000005,4.824954,5.227029,5.608548,5.9695920000000005,6.3108900000000006,6.633459,6.938478,7.227099000000001,7.500482999999999,7.75971,8.005779,8.239635000000002,8.462124,8.674047,8.876115,9.06894,9.25326,9.42948,9.59814,9.759780000000001,9.914760000000001,10.06335,10.20609,10.34325,10.4751,10.60191,10.72395,10.84149,10.95471,11.063790000000001,11.169,11.270340000000001,11.36817,11.46249,11.55357,11.64141,11.72619,11.808,11.886930000000001,11.96316,12.0366,12.107520000000001,12.175920000000001,12.24189,12.305430000000001,12.36663,12.42558,12.482370000000001,12.53691,12.58929,12.63969,12.68793,12.734190000000002,12.77847,12.820770000000001,12.86109,12.89952,12.936060000000001,12.97071,13.00347,13.03434,13.063410000000001,13.09059,13.11588,13.13946,13.16106,13.180860000000001,13.19877,13.214879999999999,13.22901,13.241340000000001,13.25169,13.26015,13.266720000000001,13.27122,13.27383,13.27437,13.27284,13.269240000000002,13.26357,13.255650000000001,13.245659999999999,13.23333,13.21875,13.20174,13.18239,13.16061,13.13631,13.1094,13.07979,13.04757,13.01238,12.974400000000001,12.93336,12.88926,12.84201,12.79143,12.73743,12.679920000000001,12.61872,12.55365,12.48471,12.41154,12.334230000000002,12.25233,12.16584,12.07449,11.97801,11.87631,11.768939999999999,11.65581,11.536560000000001,11.41092,11.278530000000002,11.13912,10.99215,10.837349999999999,10.67427,10.50246,10.32138,10.13049,9.929160000000001,9.71694,9.493020000000001,9.25668,9.007290000000001,8.743815000000001,8.465517,8.171424,7.860564,7.53192,7.184475,6.817239,6.42933,6.020091000000001,5.589315,5.137632,4.667211,4.183029,3.695337,3.224115,2.806452,2.503728,2.390652,2.5051680000000003,2.810061,3.231261,3.7078740000000003,4.203144,4.6973069999999995,5.180274000000001,5.647131,6.095745,6.525477,6.936507,7.329438,7.7050980000000004,8.064396,8.408286,8.737704,9.05355,9.356670000000001,9.647910000000001,9.927900000000001,10.19754,10.457279999999999,10.707840000000001,10.94976,11.18349,11.40957,11.62845,11.84049,12.046140000000001,12.245669999999999,12.43953,12.6279,12.81114,12.98952,13.16322,13.332600000000001,13.49775,13.658940000000001,13.81626,13.97007,14.12046,14.267520000000001,14.41143,14.55237
18.184590000000004,18.11574,18.0468,17.977590000000003,17.90829,17.838810000000002,17.76915,17.69931,17.62929,17.55918,17.488889999999998,17.41842,17.34786,17.27712,17.2062,17.13528,17.06418,16.992900000000002,16.92162,16.850160000000002,16.7787,16.707150000000002,16.63551,16.56387,16.49214,16.42041,16.348679999999998,16.27704,16.20531,16.133760000000002,16.06221,15.990840000000002,15.919560000000002,15.848460000000001,15.77754,15.706890000000001,15.63651,15.56631,15.496559999999999,15.427170000000002,15.358139999999999,15.289649999999998,15.22161,15.154110000000001,15.087240000000001,15.021090000000001,14.95557,14.89095,14.82705,14.76414,14.70213,14.641110000000001,14.58126,14.52258,14.465069999999999,14.408909999999999,14.3541,14.30073,14.248890000000001,14.19858,14.14989,14.103,14.05782,14.01444,13.972949999999999,13.933440000000001,13.89591,13.86036,13.826880000000001,13.79556,13.76631,13.739220000000001,13.71429,13.69152,13.67091,13.65246,13.636170000000002,13.62204,13.60998,13.59999,13.59198,13.586039999999999,13.581990000000001,13.57974,13.57938,13.58073,13.5837,13.58829,13.594410000000002,13.601970000000001,13.610880000000002,13.62105,13.632390000000001,13.64481,13.65822,13.67262,13.68783,13.70376,13.72041,13.737689999999999,13.75551,13.77369,13.79232,13.81122,13.830390000000001,13.84974,13.86927,13.8888,13.90833,13.92777,13.94712,13.966380000000001,13.985460000000002,14.00427,14.0229,14.041170000000001,14.05908,14.076630000000002,14.093820000000001,14.11056,14.126850000000001,14.14269,14.15808,14.172930000000001,14.187240000000001,14.2011,14.21433,14.226930000000001,14.23908,14.2506,14.26149,14.27175,14.28147,14.29056,14.29902,14.30685,14.31405,14.32062,14.32647,14.33178,14.33637,14.34042,14.34375,14.34636,14.34843,14.349870000000001,14.35059,14.35068,14.35014,14.34888,14.34708,14.34456,14.341410000000002,14.33763,14.33322,14.32818,14.322420000000001,14.316030000000001,14.309099999999999,14.301449999999999,14.29317,14.28417,14.27463,14.26446,14.253570000000002,14.24205,14.22999,14.217210000000001,14.203710000000001,14.18967,14.17491,14.15961,14.14359,14.126850000000001,14.109570000000001,14.091569999999999,14.07294,14.05359,14.033610000000001,14.012910000000002,13.99158,13.969529999999999,13.94685,13.92336,13.89924,13.874400000000001,13.848840000000001,13.82256,13.79556,13.76784,13.73931,13.70997,13.67991,13.64913,13.61745,13.58496,13.55175,13.517550000000002,13.48263,13.44672,13.41,13.37238,13.333770000000001,13.29426,13.25376,13.21227,13.169699999999999,13.12614,13.0815,13.035779999999999,12.98898,12.94101,12.891779999999999,12.841380000000001,12.78972,12.73671,12.68244,12.62673,12.56958,12.51099,12.45087,12.38922,12.32586,12.260790000000002,12.19401,12.12543,12.05487,11.982420000000001,11.90781,11.83113,11.75229,11.67102,11.58732,11.501100000000001,11.412270000000001,11.32065,11.22606,11.1285,11.027700000000001,10.92348,10.81575,10.70433,10.58886,10.46934,10.34541,10.216890000000001,10.08342,9.94473,9.80055,9.65052,9.494280000000002,9.33138,9.16137,8.983863000000001,8.798301,8.604144,8.400789000000001,8.187588,7.963857,7.728849,7.48179,7.22187,6.9482610000000005,6.660162,6.356844,6.037749000000001,5.702661,5.35194,4.9869900000000005,4.610970000000001,4.2300450000000005,3.8552669999999996,3.505329,3.209211,3.005442,2.931516,3.0036690000000004,3.2051700000000003,3.498093,3.843603,4.212486,4.585941,4.952826,5.306976,5.6452230000000005,5.96619,6.269544000000001,6.555564,6.824853,7.078176,7.316396999999999,7.540371,7.750971,7.948989,8.135217,8.310366,8.47512,8.6301,8.775864,8.912952,9.04185,9.16299,9.27675,9.38358,9.483839999999999,9.57771,9.66564,9.747720000000001,9.82431,9.89559,9.96174,10.02294,10.079460000000001,10.1313,10.17873,10.22175,10.26054,10.2951,10.325700000000001,10.35216,10.37475,10.393469999999999,10.40823,10.41921,10.426409999999999,10.429829999999999,10.42938,10.42515,10.417050000000001,10.40517,10.38942,10.369620000000001,10.34595,10.318140000000001,10.28619,10.2501,10.2096,10.1646,10.115100000000002,10.060920000000001,10.00179,9.937710000000001,9.86832,9.79353,9.71307,9.62667,9.53406,9.43506,9.329220000000001,9.21618,9.09567,8.967132000000001,8.830233,8.684442,8.52921,8.363961000000002,8.188074,8.000874000000001,7.801622999999999,7.589547,7.363827,7.123617,6.868053,6.596289,6.3075600000000005,6.001299,5.6772540000000005,5.335794,4.978359,4.608189,4.2315570000000005,3.859713,3.5116289999999997,3.2166900000000003,3.01392,2.941398,3.015963,3.221343,3.519963,3.8731590000000002,4.2517890000000005,4.637052000000001,5.017761,5.38767,5.743530000000001,6.083874,6.408279,6.716925000000001,7.010343000000001,7.289217000000001,7.554330000000001,7.806474,8.04645,8.275014,8.492886,8.700750000000001,8.899245,9.088920000000002,9.27036,9.44406,9.610470000000001,9.770040000000002,9.92313,10.0701,10.211310000000001,10.34703,10.47762,10.60326,10.72422,10.840679999999999,10.953,11.06127,11.16558,11.266290000000001,11.3634,11.45709,11.547540000000001,11.63484,11.71908,11.80044,11.87892,11.954699999999999,12.02778,12.09834,12.16638,12.231990000000001,12.29526,12.356190000000002,12.41487,12.471390000000001,12.52575,12.577950000000001,12.62808,12.67614,12.72231,12.76641,12.808530000000001,12.84876,12.8871,12.92355,12.95811,12.99078,13.021560000000001,13.05063,13.07772,13.10301,13.126500000000002,13.1481,13.167900000000001,13.1859,13.20192,13.21614,13.22847,13.238909999999999,13.24746,13.25403,13.25871,13.26132,13.26204,13.2606,13.25718,13.2516,13.243860000000002,13.23396,13.22181,13.20741,13.19067,13.17159,13.14999,13.125960000000001,13.09932,13.07007,13.038030000000001,13.00329,12.965580000000001,12.924990000000001,12.88125,12.83445,12.784320000000001,12.730770000000001,12.67371,12.61305,12.5487,12.480300000000002,12.40785,12.33117,12.25017,12.16449,12.07395,11.97846,11.87775,11.77155,11.65968,11.54169,11.41749,11.286629999999999,11.148840000000002,11.00376,10.85094,10.69002,10.52064,10.342260000000001,10.154340000000001,9.95643,9.7479,9.528120000000001,9.29655,9.05247,8.795142,8.523873,8.237907000000002,7.936497,7.618923,7.284573000000001,6.932943,6.563826000000001,6.1774379999999995,5.7747779999999995,5.358015000000001,4.931379,4.50234,4.0836239999999995,3.695949,3.370635,3.148659,3.0696030000000003,3.1509270000000003,3.375855,3.705363,4.098969,4.525695,4.965057,5.4045,5.836626000000001,6.257277,6.664248000000001,7.056549,7.4339010000000005,7.796475000000001,8.144694,8.479116,8.80038,9.10917,9.406080000000001,9.691920000000001,9.96714,10.232460000000001,10.488420000000001,10.73556,10.97433,11.20536,11.42892,11.64546,11.85543,12.059099999999999,12.256920000000001,12.449160000000001,12.636,12.81789,12.99492,13.16745,13.335659999999999,13.499730000000001,13.65993,13.81635,13.96926,14.11884,14.265089999999999,14.40828,14.548499999999999
18.133830000000003,18.06453,17.99505,17.925300000000004,17.85546,17.78535,17.715149999999998,17.64468,17.57412,17.50338,17.43237,17.361269999999998,17.290080000000003,17.218619999999998,17.14707,17.07534,17.00343,16.93143,16.859340000000003,16.78716,16.7148,16.64235,16.56981,16.49727,16.42464,16.35192,16.279200000000003,16.206480000000003,16.133850000000002,16.061220000000002,15.98859,15.91605,15.843689999999999,15.77142,15.69933,15.62742,15.555779999999999,15.484409999999999,15.413310000000001,15.34266,15.27228,15.202440000000001,15.133049999999999,15.0642,14.99598,14.92839,14.861519999999999,14.79546,14.730120000000001,14.665770000000002,14.602410000000003,14.54004,14.47875,14.418720000000002,14.35986,14.30235,14.24628,14.19165,14.13855,14.08707,14.0373,13.98924,13.94307,13.89879,13.85649,13.81617,13.77792,13.74174,13.70781,13.67595,13.646429999999999,13.61907,13.59405,13.57128,13.55076,13.53249,13.51656,13.502790000000001,13.49127,13.481819999999999,13.47462,13.4694,13.46625,13.46499,13.46571,13.468140000000002,13.472370000000002,13.47822,13.48569,13.4946,13.50495,13.51656,13.52943,13.543379999999999,13.55841,13.57434,13.59117,13.60872,13.62699,13.645890000000001,13.66524,13.685130000000001,13.70529,13.72581,13.746509999999999,13.76739,13.788359999999999,13.80942,13.830390000000001,13.85136,13.872150000000001,13.89276,13.91319,13.93335,13.953240000000001,13.97277,13.99185,14.01066,14.02902,14.04693,14.064300000000001,14.08122,14.0976,14.11344,14.12883,14.1435,14.157720000000001,14.17122,14.18418,14.1966,14.208300000000001,14.219370000000001,14.22981,14.23962,14.248800000000001,14.25735,14.265179999999999,14.27238,14.278950000000002,14.2848,14.29002,14.29461,14.29848,14.301720000000001,14.30433,14.30622,14.30739,14.30802,14.30793,14.307120000000001,14.30577,14.303700000000001,14.300910000000002,14.29758,14.29353,14.28885,14.28345,14.27751,14.270850000000001,14.26356,14.25555,14.247,14.237729999999999,14.22783,14.217300000000002,14.20614,14.19426,14.181750000000001,14.168610000000001,14.15484,14.140440000000002,14.12532,14.109570000000001,14.093100000000002,14.07609,14.05836,14.03991,14.02083,14.00112,13.980690000000001,13.95963,13.93785,13.91535,13.892130000000002,13.86828,13.84362,13.81833,13.79232,13.7655,13.73805,13.709700000000002,13.680719999999999,13.65093,13.62033,13.588920000000002,13.556700000000001,13.523670000000001,13.48983,13.45509,13.419540000000001,13.383,13.345650000000001,13.3074,13.26807,13.227929999999999,13.18671,13.1445,13.1013,13.05693,13.01157,12.96504,12.917430000000001,12.86856,12.818520000000001,12.76722,12.71466,12.66075,12.605400000000001,12.54879,12.49056,12.43089,12.36969,12.30687,12.24234,12.17601,12.10797,12.03804,11.96613,11.89224,11.816189999999999,11.73798,11.65743,11.57454,11.489130000000001,11.40111,11.3103,11.2167,11.120130000000001,11.02032,10.91727,10.81071,10.70055,10.58652,10.468440000000001,10.34613,10.21923,10.087650000000002,9.95103,9.809009999999999,9.66141,9.50778,9.347760000000001,9.180990000000001,9.00702,8.825454,8.635752,8.43741,8.229897000000001,8.012628,7.785036000000001,7.546518000000001,7.296507,7.034481,6.760008,6.472854,6.173064,5.861196,5.538573,5.2077420000000005,4.873158,4.542066,4.225743,3.9406860000000004,3.708792,3.5548830000000002,3.499983,3.5524080000000002,3.703401,3.931569,4.211775,4.521888000000001,4.8452850000000005,5.170617,5.4905669999999995,5.800707,6.098499,6.382629,6.652593,6.9083820000000005,7.150284,7.378767,7.594389,7.7977799999999995,7.989552000000001,8.170326,8.340696000000001,8.501247000000001,8.65251,8.79498,8.929134000000001,9.05544,9.174240000000001,9.28593,9.390870000000001,9.489329999999999,9.581760000000001,9.66825,9.74907,9.824580000000001,9.894779999999999,9.960030000000001,10.020510000000002,10.076220000000001,10.12743,10.174230000000001,10.216800000000001,10.25505,10.289340000000001,10.319490000000002,10.34577,10.36809,10.38654,10.4013,10.41219,10.4193,10.42272,10.42236,10.41822,10.410300000000001,10.3986,10.38303,10.36359,10.34028,10.31283,10.28142,10.24578,10.205820000000001,10.16154,10.11276,10.0593,10.001159999999999,9.93798,9.869670000000001,9.79605,9.71685,9.63189,9.5409,9.443610000000001,9.33975,9.22887,9.1107,8.984898,8.850978,8.708535,8.557065,8.396082,8.225028,8.043327,7.850385,7.645581,7.428276000000001,7.197885,6.953823,6.695649,6.423084,6.136164,5.835447,5.5222560000000005,5.199210000000001,4.870818,4.544478,4.2316650000000005,3.949155,3.7192320000000003,3.5671589999999997,3.514491,3.57003,3.725469,3.9597300000000004,4.247883000000001,4.567887,4.903173,5.242329000000001,5.578011,5.9057010000000005,6.222789,6.527871,6.820362,7.100172,7.367499,7.6227480000000005,7.866414000000001,8.099064,8.321247,8.533539,8.736489,8.930636999999999,9.11646,9.29448,9.46512,9.62874,9.78579,9.93663,10.08153,10.22085,10.35495,10.48392,10.60812,10.727820000000001,10.843110000000001,10.95426,11.06145,11.164950000000001,11.264669999999999,11.36097,11.45394,11.54367,11.63034,11.71395,11.79468,11.872710000000001,11.947949999999999,12.020579999999999,12.09069,12.15837,12.22362,12.28653,12.3471,12.40551,12.46167,12.51576,12.56778,12.617640000000002,12.66552,12.71142,12.75543,12.79737,12.83751,12.875670000000001,12.91203,12.94641,12.97899,13.00977,13.03875,13.06584,13.091040000000001,13.11453,13.136130000000001,13.15593,13.17384,13.18995,13.20426,13.21659,13.22712,13.23567,13.242329999999999,13.2471,13.249889999999999,13.25061,13.249350000000002,13.246020000000001,13.24062,13.23306,13.22343,13.211459999999999,13.19724,13.18077,13.16196,13.14063,13.116869999999999,13.09059,13.06161,13.03002,12.99564,12.95838,12.91815,12.87495,12.8286,12.77901,12.726090000000001,12.66966,12.609630000000001,12.54591,12.47832,12.40668,12.330810000000001,12.25071,12.16602,12.07656,11.98224,11.88279,11.777940000000001,11.667420000000002,11.55105,11.42856,11.29959,11.16378,11.020950000000001,10.87065,10.71243,10.54602,10.37088,10.18665,9.9927,9.78876,9.574110000000001,9.3483,9.110790000000001,8.86086,8.598096,8.321913,8.031816,7.727427,7.408521,7.075107,6.727626,6.367095000000001,5.995494000000001,5.6161710000000005,5.234616,4.85937,4.503267,4.184613,3.9272940000000003,3.758112,3.6997109999999997,3.761361,3.9343860000000004,4.196700000000001,4.52196,4.886622,5.272641,5.6673540000000004,6.062301000000001,6.452082000000001,6.83334,7.204095000000001,7.5632850000000005,7.910442,8.245476,8.568548999999999,8.879985,9.18018,9.46962,9.748800000000001,10.01826,10.278360000000001,10.52964,10.77264,11.00772,11.23524,11.45574,11.669490000000001,11.876940000000001,12.07827,12.27393,12.4641,12.649140000000001,12.82932,13.00482,13.17582,13.342680000000001,13.50549,13.664520000000001,13.81986,13.97169,14.12028,14.26563,14.40792,14.547329999999999
18.08343,18.01359,17.94357,17.87328,17.8029,17.73225,17.66142,17.59041,17.51922,17.447850000000003,17.37621,17.30448,17.232480000000002,17.16039,17.08812,17.01558,16.943040000000003,16.870230000000003,16.79733,16.72425,16.65099,16.57773,16.50429,16.43076,16.35723,16.28352,16.20981,16.1361,16.06239,15.98859,15.91488,15.841260000000002,15.76773,15.694289999999999,15.620940000000001,15.547860000000002,15.47487,15.402240000000003,15.329880000000001,15.25779,15.186060000000001,15.11487,15.044039999999999,14.97384,14.904089999999998,14.83506,14.76675,14.699160000000001,14.63238,14.56659,14.5017,14.437800000000001,14.375070000000001,14.313600000000001,14.2533,14.19444,14.136930000000001,14.08095,14.02659,13.97385,13.922910000000002,13.87368,13.82643,13.78116,13.737870000000001,13.69674,13.657770000000001,13.62096,13.586400000000001,13.55409,13.52421,13.49667,13.47147,13.44861,13.42818,13.41018,13.39452,13.3812,13.370130000000001,13.3614,13.35483,13.35051,13.34826,13.348080000000001,13.34988,13.353570000000001,13.359060000000001,13.36626,13.37508,13.38552,13.39731,13.410540000000001,13.424940000000001,13.44051,13.457160000000002,13.4748,13.49334,13.512599999999999,13.53258,13.553099999999999,13.574160000000001,13.59567,13.61754,13.63968,13.662,13.6845,13.70709,13.72959,13.752180000000001,13.77459,13.79682,13.81887,13.84065,13.86225,13.8834,13.90419,13.92462,13.9446,13.96413,13.98321,14.00175,14.01975,14.03721,14.05413,14.07042,14.086079999999999,14.1012,14.11569,14.12955,14.14269,14.155289999999999,14.16717,14.178420000000001,14.18895,14.19885,14.20803,14.21658,14.2245,14.231610000000002,14.23818,14.24394,14.24907,14.253570000000002,14.25735,14.26041,14.26284,14.264550000000002,14.26563,14.26599,14.26563,14.26473,14.26302,14.26077,14.257800000000001,14.254109999999999,14.24979,14.24484,14.239170000000001,14.23287,14.22594,14.21829,14.2101,14.2011,14.19156,14.1813,14.17041,14.158890000000001,14.146650000000001,14.13387,14.12028,14.106150000000001,14.0913,14.07582,14.05971,14.04288,14.02542,14.00724,13.988430000000001,13.968990000000002,13.94883,13.927950000000001,13.90644,13.884120000000001,13.861260000000001,13.83759,13.81329,13.78818,13.76235,13.735890000000001,13.70862,13.68054,13.65183,13.62222,13.591890000000001,13.56075,13.5288,13.49604,13.46247,13.42809,13.39272,13.35654,13.319460000000001,13.28148,13.242510000000001,13.20264,13.16178,13.11984,13.07691,13.03299,12.987990000000002,12.94182,12.89448,12.846060000000001,12.79638,12.74553,12.69333,12.63987,12.58497,12.52881,12.47112,12.411900000000001,12.351239999999999,12.28887,12.22488,12.15918,12.09177,12.02247,11.95119,11.87793,11.80269,11.725200000000001,11.64546,11.56338,11.47887,11.39175,11.30202,11.2095,11.11392,11.01537,10.913580000000001,10.80846,10.69974,10.587240000000001,10.47087,10.35027,10.225439999999999,10.095930000000001,9.96156,9.82215,9.677249999999999,9.52659,9.3699,9.20691,9.036990000000001,8.859996,8.675406,8.482806,8.281773,8.071866,7.8526620000000005,7.623774,7.384850999999999,7.135686,6.876189,6.606558000000001,6.327387,6.0398190000000005,5.74587,5.448798,5.153571,4.867497,4.600809,4.3669080000000005,4.181742,4.061529,4.018833,4.0583160000000005,4.17492,4.3557570000000005,4.584303,4.844412,5.122512,5.408289000000001,5.69439,5.975811,6.249312,6.512895,6.765435,7.006383,7.2355860000000005,7.453152000000001,7.65936,7.85457,8.039214000000001,8.213751,8.378649,8.534358000000001,8.681337000000001,8.82,8.95077,9.07398,9.19008,9.299339999999999,9.40212,9.49869,9.58923,9.674190000000001,9.753570000000002,9.82773,9.896849999999999,9.96102,10.020510000000002,10.075410000000002,10.1259,10.17198,10.213920000000002,10.25172,10.28547,10.31526,10.34118,10.36323,10.3815,10.39608,10.406880000000001,10.41399,10.41741,10.417050000000001,10.41309,10.40535,10.393830000000001,10.378530000000001,10.35945,10.3365,10.30959,10.27863,10.24353,10.20429,10.16082,10.11285,10.06029,10.00314,9.941040000000001,9.873990000000001,9.801720000000001,9.724050000000002,9.6408,9.55161,9.456389999999999,9.35469,9.24633,9.13095,9.00819,8.877753,8.739171,8.592048,8.435961,8.27046,8.095068,7.909326,7.712775000000001,7.504992,7.285608,7.054353,6.811146,6.556149,6.289929,6.013674000000001,5.7294,5.440428000000001,5.151834,4.871052,4.608531,4.377951,4.195602,4.078125,4.038507,4.081878000000001,4.203576,4.390992,4.627827,4.8980429999999995,5.18814,5.487795,5.789610000000001,6.088527,6.381243,6.66567,6.940602,7.205427000000001,7.45992,7.704108,7.938198000000001,8.162505,8.377398000000001,8.583291,8.780598000000001,8.969733,9.15111,9.32517,9.492210000000002,9.65268,9.80676,9.95499,10.09755,10.23471,10.36683,10.494,10.61658,10.73466,10.848600000000001,10.95849,11.06451,11.16684,11.26557,11.36097,11.45304,11.541960000000001,11.62782,11.71071,11.79081,11.86821,11.94291,12.015,12.084660000000001,12.151800000000001,12.2166,12.27915,12.339360000000001,12.39741,12.4533,12.50703,12.55869,12.60837,12.656070000000001,12.7017,12.74544,12.78729,12.82716,12.86523,12.90141,12.935699999999999,12.96828,12.99888,13.02777,13.05477,13.079970000000001,13.10337,13.12497,13.14477,13.16277,13.178880000000001,13.193190000000001,13.20561,13.21614,13.22478,13.231530000000001,13.23639,13.239270000000001,13.240169999999999,13.239090000000001,13.23594,13.23072,13.22334,13.213890000000001,13.20219,13.18824,13.17204,13.153410000000001,13.13244,13.10904,13.08312,13.054590000000001,13.02336,12.98934,12.95262,12.91293,12.87027,12.82446,12.775500000000001,12.723210000000002,12.6675,12.60819,12.54528,12.47859,12.40785,12.33306,12.253950000000001,12.170430000000001,12.08223,11.989260000000002,11.891250000000001,11.78793,11.679120000000001,11.56464,11.444040000000001,11.31723,11.183850000000001,11.04363,10.89612,10.74105,10.578059999999999,10.40679,10.22679,10.037700000000001,9.83898,9.630270000000001,9.41112,9.18108,8.939709,8.686656000000001,8.421588,8.144262,7.854623999999999,7.552809000000001,7.239321,6.915114,6.581871,6.2422379999999995,5.900292,5.562,5.2359029999999995,4.933629000000001,4.67019,4.463199,4.330476,4.285845,4.334787,4.472379,4.685283,4.956111,5.26761,5.605020000000001,5.956893,6.314814,6.67287,7.027029,7.374636,7.713998999999999,8.044092000000001,8.364384000000001,8.674676999999999,8.974953000000001,9.265410000000001,9.54621,9.81783,10.08045,10.33452,10.580490000000001,10.81854,11.049299999999999,11.27286,11.48976,11.70027,11.90466,12.103290000000001,12.296429999999999,12.484259999999999,12.66723,12.84543,13.01904,13.18842,13.353660000000001,13.515030000000001,13.67262,13.8267,13.97727,14.124690000000001,14.26896,14.41026,14.54877
18.0333,17.96292,17.892360000000004,17.82162,17.750609999999998,17.67942,17.60805,17.53641,17.46459,17.39259,17.320320000000002,17.247870000000002,17.175240000000002,17.102430000000002,17.02935,16.95618,16.882740000000002,16.80921,16.7355,16.66152,16.58745,16.513289999999998,16.43895,16.364520000000002,16.289910000000003,16.2153,16.140600000000003,16.06581,15.990930000000002,15.91614,15.841260000000002,15.76647,15.691679999999998,15.61707,15.542460000000002,15.468029999999999,15.39387,15.319799999999999,15.24609,15.172649999999999,15.099480000000002,15.026850000000001,14.95458,14.882850000000001,14.81166,14.741100000000001,14.671170000000002,14.60205,14.533830000000002,14.46642,14.39991,14.334570000000001,14.27031,14.20722,14.145480000000001,14.085,14.02614,13.96872,13.91292,13.85883,13.80663,13.75623,13.70781,13.66146,13.617180000000001,13.57515,13.53528,13.49775,13.462650000000002,13.4298,13.399560000000001,13.37166,13.34628,13.32342,13.30308,13.285260000000001,13.269870000000001,13.257000000000001,13.24656,13.23846,13.2327,13.22928,13.22802,13.22892,13.23189,13.236839999999999,13.24368,13.252320000000001,13.26267,13.27455,13.28805,13.302810000000001,13.31892,13.33629,13.35465,13.374,13.394250000000001,13.415310000000002,13.437,13.45932,13.48218,13.5054,13.52898,13.55283,13.57686,13.60107,13.62528,13.6494,13.67352,13.697460000000001,13.721219999999999,13.744710000000001,13.76802,13.79088,13.81347,13.835609999999999,13.8573,13.878540000000001,13.89933,13.919580000000002,13.93929,13.95837,13.97691,13.994819999999999,14.01219,14.02884,14.04486,14.06025,14.07501,14.08905,14.10246,14.11515,14.12721,14.13846,14.14908,14.15907,14.16825,14.1768,14.18463,14.19174,14.19813,14.203800000000001,14.20884,14.21316,14.21676,14.21973,14.22189,14.22342,14.22432,14.2245,14.22396,14.222700000000001,14.22081,14.2182,14.21496,14.21109,14.20641,14.20119,14.195250000000001,14.188590000000001,14.18139,14.173380000000002,14.16483,14.155560000000001,14.14557,14.13504,14.12379,14.11191,14.099310000000001,14.086079999999999,14.07222,14.057640000000001,14.042430000000001,14.0265,14.01003,13.99275,13.97493,13.9563,13.93713,13.91715,13.89663,13.8753,13.85334,13.83066,13.807260000000001,13.783140000000001,13.75839,13.73283,13.70655,13.67955,13.65174,13.6233,13.593960000000001,13.5639,13.53303,13.50135,13.468950000000001,13.43556,13.40145,13.366439999999999,13.33053,13.29372,13.2561,13.2174,13.17789,13.1373,13.09581,13.05324,13.00959,12.96495,12.91914,12.872250000000001,12.82419,12.77496,12.72456,12.67281,12.6198,12.56544,12.50964,12.452490000000001,12.39381,12.33369,12.27195,12.20859,12.14352,12.07674,12.00807,11.9376,11.865060000000001,11.79054,11.71395,11.63511,11.55393,11.47041,11.38437,11.295630000000001,11.204279999999999,11.110050000000001,11.01276,10.912410000000001,10.80873,10.701630000000002,10.59084,10.47636,10.35783,10.23507,10.10799,9.97623,9.83952,9.69777,9.55053,9.397530000000001,9.23859,9.073260000000001,8.901315,8.722368000000001,8.536104,8.34219,8.140338,7.930269000000001,7.711785,7.484769,7.249248,7.005483000000001,6.754014,6.495822,6.2324910000000004,5.966442000000001,5.701212,5.441769,5.1948810000000005,4.969251000000001,4.7753820000000005,4.624785,4.528322999999999,4.493898,4.524336000000001,4.616469,4.7620890000000005,4.950072,5.168682,5.407281,5.657039999999999,5.9111460000000005,6.164604000000001,6.41385,6.656499,6.890967,7.116309,7.332021,7.537869000000001,7.73388,7.92018,8.097021,8.264691000000001,8.423523,8.573868,8.716077,8.85051,8.977491,9.097380000000001,9.210420000000001,9.316980000000001,9.41724,9.511560000000001,9.60021,9.68328,9.76104,9.83376,9.90153,9.96453,10.02294,10.07685,10.12644,10.1718,10.21311,10.25028,10.28349,10.31292,10.33839,10.36017,10.37826,10.392570000000001,10.40328,10.410300000000001,10.41372,10.413540000000001,10.40958,10.40211,10.390860000000002,10.37583,10.35711,10.334610000000001,10.30815,10.27782,10.243440000000001,10.204920000000001,10.16226,10.11519,10.06371,10.00764,9.94689,9.88119,9.81045,9.734490000000001,9.65313,9.56601,9.473040000000001,9.37386,9.26829,9.156060000000002,9.03672,8.910126,8.775855,8.633574,8.482923000000001,8.323569,8.155134,7.977294,7.789752,7.592274,7.3847249999999995,7.167105,6.939639,6.702876,6.4577789999999995,6.205968,5.949891,5.693157,5.440842,5.199858,4.979106,4.789368,4.642469999999999,4.549653,4.5192060000000005,4.554342,4.652262,4.80501,5.001687,5.23071,5.481468,5.745186,6.015033,6.285942,6.554322,6.817698,7.074441,7.323516000000001,7.564338000000001,7.796637,8.02035,8.235567,8.442459,8.641296,8.832339000000001,9.015929999999999,9.19233,9.36189,9.52497,9.681840000000001,9.83277,9.97803,10.117890000000001,10.25262,10.382489999999999,10.50759,10.62828,10.74474,10.85706,10.96551,11.07018,11.17125,11.26881,11.36313,11.454210000000002,11.54223,11.62728,11.70936,11.788739999999999,11.86542,11.93949,12.01095,12.080070000000001,12.14667,12.21102,12.27303,12.332880000000001,12.39057,12.446010000000001,12.499469999999999,12.55086,12.60018,12.64761,12.693060000000001,12.73653,12.7782,12.81789,12.855780000000001,12.891779999999999,12.92598,12.95838,12.98889,13.01769,13.04469,13.0698,13.0932,13.114799999999999,13.13451,13.15251,13.16862,13.18293,13.19544,13.20606,13.21479,13.22172,13.22667,13.22964,13.23072,13.22973,13.22676,13.22172,13.21461,13.20534,13.19391,13.18032,13.164390000000001,13.14612,13.12551,13.10247,13.07691,13.04883,13.018049999999999,12.984570000000001,12.94839,12.90924,12.86712,12.822030000000002,12.7737,12.72222,12.66723,12.60882,12.546809999999999,12.481110000000001,12.41145,12.33774,12.25989,12.17763,12.09087,11.99934,11.90295,11.80143,11.694510000000001,11.5821,11.463840000000001,11.339459999999999,11.20878,11.07144,10.92717,10.7757,10.61658,10.449629999999999,10.2744,10.090620000000001,9.89784,9.6957,9.483929999999999,9.26226,9.03033,8.787906000000001,8.534943,8.271423,7.997561999999999,7.713846,7.421139000000001,7.120836000000001,6.815034,6.506793,6.2004600000000005,5.901957,5.619159,5.3620470000000005,5.14251,4.973463,4.867056000000001,4.832253000000001,4.872519,4.984875000000001,5.160834,5.388651,5.655753,5.950494,6.263091,6.585813,6.9127920000000005,7.239752999999999,7.563627,7.882308,8.194383,8.498925000000002,8.795403,9.08352,9.363240000000001,9.63459,9.89775,10.1529,10.40022,10.64016,10.87281,11.09862,11.317770000000001,11.53053,11.73735,11.938410000000001,12.133890000000001,12.32424,12.50946,12.69,12.865950000000002,13.03749,13.20489,13.36842,13.528080000000001,13.68405,13.83669,13.98591,14.132069999999999,14.275170000000001,14.4153,14.55264
17.98344,17.91261,17.84151,17.77023,17.69868,17.62695,17.55495,17.482680000000002,17.41023,17.3376,17.2647,17.19162,17.11827,17.04474,16.970940000000002,16.89696,16.8228,16.74846,16.673849999999998,16.59915,16.52418,16.44912,16.373790000000003,16.298370000000002,16.22286,16.14717,16.07148,15.995610000000001,15.91965,15.843689999999999,15.76764,15.691679999999998,15.61572,15.539760000000001,15.46389,15.3882,15.3126,15.23718,15.16203,15.087150000000001,15.012630000000001,14.938379999999999,14.864670000000002,14.791319999999999,14.7186,14.64642,14.574960000000003,14.50422,14.43429,14.36526,14.29722,14.23017,14.16429,14.09958,14.03622,13.97421,13.91373,13.85478,13.797540000000001,13.7421,13.688460000000001,13.6368,13.58712,13.5396,13.494240000000001,13.451220000000001,13.410449999999999,13.372200000000001,13.33638,13.302990000000001,13.272210000000001,13.24404,13.218570000000001,13.19562,13.175370000000001,13.15764,13.14261,13.13019,13.12038,13.113000000000001,13.10805,13.10553,13.105350000000001,13.107420000000001,13.111650000000001,13.11795,13.12623,13.13631,13.14828,13.16178,13.1769,13.19346,13.21137,13.23045,13.2507,13.271849999999999,13.29399,13.31685,13.34043,13.364640000000001,13.3893,13.41441,13.43979,13.465349999999999,13.49118,13.51701,13.54293,13.56876,13.5945,13.62006,13.64535,13.67037,13.69512,13.71951,13.743450000000001,13.76694,13.78998,13.812570000000001,13.83453,13.85595,13.87683,13.89708,13.916699999999999,13.93569,13.95405,13.97178,13.988790000000002,14.00508,14.02074,14.035680000000001,14.049900000000001,14.0634,14.07618,14.08824,14.09958,14.11029,14.120190000000001,14.12937,14.137830000000001,14.14557,14.15259,14.158890000000001,14.164470000000001,14.16933,14.17347,14.17689,14.179590000000001,14.18157,14.182920000000001,14.18355,14.18346,14.18265,14.18112,14.17896,14.17617,14.17257,14.16834,14.16348,14.15781,14.1516,14.144670000000001,14.137020000000001,14.12874,14.11983,14.1102,14.09994,14.08896,14.077350000000001,14.06502,14.052150000000001,14.03847,14.02425,14.00931,13.99365,13.977360000000001,13.96044,13.942800000000002,13.92453,13.90554,13.88592,13.86558,13.84452,13.822830000000002,13.80042,13.77729,13.75344,13.72887,13.70358,13.677570000000001,13.65084,13.62339,13.595130000000001,13.56606,13.53627,13.50567,13.474350000000001,13.44213,13.409099999999999,13.37526,13.340520000000001,13.30497,13.26852,13.23117,13.19283,13.15359,13.11345,13.07223,13.03002,12.98682,12.94254,12.89718,12.85065,12.803040000000001,12.75426,12.704220000000001,12.65301,12.60045,12.54663,12.491370000000002,12.43476,12.37671,12.31713,12.256020000000001,12.19329,12.12885,12.06279,11.99493,11.92518,11.85345,11.77983,11.70414,11.626199999999999,11.546100000000001,11.463569999999999,11.37861,11.29113,11.20104,11.10816,11.012310000000001,10.91349,10.811430000000001,10.70613,10.59723,10.484729999999999,10.368450000000001,10.24812,10.123560000000001,9.99468,9.86103,9.72261,9.57906,9.43011,9.275580000000001,9.1152,8.948718000000001,8.775855,8.596377,8.410086,8.216783999999999,8.016354,7.808769000000001,7.594110000000001,7.372629000000001,7.14483,6.911523000000001,6.673959,6.433992,6.194187,5.958081,5.730327,5.516856,5.3248500000000005,5.1624,5.037876000000001,4.95873,4.930164,4.953969,5.028048,5.146929,5.302917,5.4874350000000005,5.692239,5.910038999999999,6.134841,6.361947000000001,6.587802,6.809832,7.02621,7.235702999999999,7.437518999999999,7.6311990000000005,7.816509,7.993404000000001,8.161938000000001,8.322264,8.474589,8.619147,8.756208,8.886033,9.00891,9.12501,9.23481,9.33831,9.435960000000001,9.527849999999999,9.61425,9.695340000000002,9.77139,9.84249,9.90873,9.97047,10.02771,10.08054,10.12923,10.17369,10.21419,10.250729999999999,10.2834,10.31229,10.3374,10.35891,10.37664,10.390860000000002,10.401390000000001,10.40832,10.41174,10.411560000000001,10.407869999999999,10.400490000000001,10.389510000000001,10.374929999999999,10.356570000000001,10.33452,10.30869,10.27899,10.24533,10.20762,10.16586,10.11987,10.06947,10.01466,9.95526,9.89118,9.82215,9.74799,9.668610000000001,9.58383,9.49329,9.3969,9.29439,9.185580000000002,9.07002,8.947629000000001,8.818038,8.681004,8.536239,8.383482,8.22249,8.053065,7.8750539999999996,7.688394,7.493157,7.2895769999999995,7.078131,6.859647,6.635376,6.4071810000000005,6.17769,5.950521,5.730444,5.523525,5.337153000000001,5.17968,5.059755,4.985181,4.961493,4.990824,5.07141,5.198031,5.363181,5.558445,5.7756419999999995,6.007536,6.248124,6.492672,6.737598,6.980256,7.218764999999999,7.451838000000001,7.678602,7.898544000000001,8.111367,8.316963000000001,8.51535,8.706627000000001,8.890947,9.06849,9.23958,9.40428,9.56304,9.715950000000001,9.86328,10.005300000000002,10.14219,10.274310000000002,10.40166,10.524600000000001,10.64322,10.75779,10.868400000000001,10.97514,11.078370000000001,11.17809,11.27439,11.36754,11.457540000000002,11.54448,11.628540000000001,11.70981,11.78838,11.86425,11.9376,12.00852,12.07692,12.142980000000001,12.20679,12.268350000000002,12.32766,12.3849,12.43998,12.49308,12.544110000000002,12.593160000000001,12.64023,12.685410000000001,12.728700000000002,12.770010000000001,12.80952,12.84723,12.883140000000001,12.917159999999999,12.94938,12.979890000000001,13.008510000000001,13.03542,13.06053,13.08384,13.105350000000001,13.125150000000001,13.14315,13.15926,13.17366,13.18617,13.19688,13.2057,13.21272,13.21776,13.22091,13.22217,13.22136,13.218570000000001,13.2138,13.20687,13.19796,13.1868,13.173390000000001,13.15782,13.14,13.119750000000002,13.09707,13.07196,13.04433,13.014090000000001,12.981150000000001,12.94551,12.90708,12.86559,12.82122,12.7737,12.72294,12.66894,12.61143,12.550410000000001,12.485790000000001,12.417300000000001,12.344850000000001,12.26826,12.18744,12.10221,12.01239,11.917800000000002,11.81826,11.713500000000002,11.60334,11.4876,11.36601,11.23821,11.104199999999999,10.96344,10.81584,10.661130000000002,10.49886,10.32885,10.150830000000001,9.96453,9.76959,9.56583,9.35307,9.131219999999999,8.900127,8.659934999999999,8.410851000000001,8.153325,7.888122000000001,7.616385,7.3397879999999995,7.060671,6.782274,6.508863000000001,6.246009,6.000651,5.781078,5.596614000000001,5.456772,5.370102,5.342643000000001,5.376753,5.470533,5.618358,5.812074,6.0424560000000005,6.300477000000001,6.578019,6.868296,7.165827,7.466382,7.766775,8.064639000000001,8.358300000000002,8.646552,8.928602999999999,9.20394,9.472320000000002,9.7335,9.987570000000002,10.234620000000001,10.47465,10.708020000000001,10.93473,11.155140000000001,11.369340000000001,11.57778,11.78046,11.97774,12.16989,12.357000000000001,12.539430000000001,12.71718,12.8907,13.05999,13.22523,13.38669,13.544550000000001,13.69881,13.84983,13.99761,14.14224,14.283990000000001,14.422860000000002,14.55912
17.93394,17.86257,17.790930000000003,17.71911,17.64702,17.57475,17.50212,17.42931,17.35623,17.28297,17.20944,17.135640000000002,17.06157,16.98732,16.9128,16.8381,16.76313,16.687980000000003,16.612560000000002,16.53696,16.46109,16.38513,16.308899999999998,16.232490000000002,16.15599,16.07931,16.00245,15.925500000000001,15.848460000000001,15.771330000000003,15.694199999999999,15.61698,15.539670000000001,15.462449999999999,15.38532,15.30819,15.231240000000001,15.15447,15.07779,15.00147,14.92533,14.84964,14.774310000000002,14.69943,14.625,14.5512,14.47803,14.40567,14.33403,14.263200000000001,14.19345,14.124690000000001,14.0571,13.99068,13.925609999999999,13.86198,13.79979,13.73931,13.68045,13.62348,13.56831,13.5153,13.46427,13.41549,13.36905,13.324860000000001,13.283190000000001,13.24404,13.207500000000001,13.17357,13.142249999999999,13.11372,13.08798,13.06494,13.04478,13.02732,13.01265,13.000680000000001,12.99141,12.98475,12.98079,12.97926,12.98016,12.98349,12.98898,12.99672,13.006530000000001,13.01823,13.03182,13.047120000000001,13.06404,13.0824,13.10211,13.12317,13.14531,13.16844,13.19247,13.217310000000001,13.24287,13.26897,13.29552,13.322519999999999,13.34979,13.37724,13.404869999999999,13.432500000000001,13.460130000000001,13.48776,13.51512,13.542300000000001,13.56921,13.59585,13.62213,13.647960000000001,13.673340000000001,13.69827,13.722660000000001,13.746509999999999,13.76973,13.79241,13.81446,13.835880000000001,13.856670000000001,13.87674,13.896180000000001,13.914810000000001,13.93281,13.95009,13.96665,13.98249,13.99752,14.01183,14.02542,14.03829,14.05035,14.06178,14.07231,14.08221,14.0913,14.09967,14.10732,14.11416,14.12028,14.125680000000001,14.13036,14.13432,14.137559999999999,14.14008,14.14179,14.14287,14.14323,14.14287,14.14179,14.139990000000001,14.137559999999999,14.13441,14.13054,14.12595,14.12073,14.11479,14.108220000000001,14.10093,14.09301,14.08437,14.07501,14.06511,14.0544,14.04306,14.03109,14.018400000000002,14.00508,13.99113,13.976460000000001,13.96107,13.94514,13.928400000000002,13.91103,13.89303,13.874310000000001,13.85496,13.8348,13.8141,13.79259,13.77045,13.74759,13.724010000000002,13.69971,13.67469,13.64895,13.62249,13.59531,13.56732,13.53852,13.50909,13.47876,13.44771,13.41576,13.383090000000001,13.34952,13.315140000000001,13.27986,13.24377,13.20669,13.1688,13.12992,13.09005,13.049190000000001,13.007430000000001,12.96459,12.920760000000001,12.87576,12.82968,12.78252,12.734190000000002,12.68469,12.63393,12.58191,12.52863,12.47391,12.41793,12.360420000000001,12.30147,12.24099,12.17898,12.11535,12.04992,11.98287,11.91393,11.84319,11.770380000000001,11.695680000000001,11.618730000000001,11.53971,11.458350000000001,11.37465,11.28843,11.19969,11.10825,11.01393,10.91673,10.81647,10.71306,10.606230000000002,10.495980000000001,10.38204,10.26423,10.14246,10.01655,9.886230000000001,9.75141,9.611730000000001,9.4671,9.317340000000002,9.16218,9.00153,8.835048,8.662707000000001,8.484345,8.299917,8.109423,7.912971,7.710821999999999,7.503398999999999,7.291386,7.075791,6.858018,6.640002,6.424326,6.214329,6.014177999999999,5.82894,5.664411,5.526837,5.422338,5.35617,5.331879000000001,5.350644,5.411007,5.509188,5.639705999999999,5.7962430000000005,5.972418,6.1623090000000005,6.360786,6.563619,6.76746,6.969699,7.168419,7.362225,7.550118,7.731459,7.905843,8.073027,8.232948,8.385606,8.531091,8.669556,8.801145,8.926074,9.044550000000001,9.156780000000001,9.262979999999999,9.363240000000001,9.458010000000002,9.54729,9.63135,9.71028,9.78435,9.85374,9.91845,9.97875,10.03464,10.086390000000002,10.134,10.177560000000001,10.21725,10.253070000000001,10.28511,10.313460000000001,10.33821,10.35927,10.37673,10.39068,10.40112,10.40796,10.41138,10.41129,10.40769,10.400580000000001,10.38987,10.37565,10.35783,10.33623,10.31103,10.28205,10.24911,10.21239,10.17153,10.126619999999999,10.07757,10.02411,9.966149999999999,9.90369,9.836459999999999,9.76437,9.687240000000001,9.604800000000001,9.517050000000001,9.423630000000001,9.32445,9.219149999999999,9.10773,8.989776,8.865171,8.733690000000001,8.595135,8.449317,8.29611,8.135424,7.967249999999999,7.791678,7.608933000000001,7.4194379999999995,7.223877,7.02324,6.818976,6.6130379999999995,6.408072,6.207498,6.0156,5.837598000000001,5.679486,5.547735,5.4487440000000005,5.388066,5.369553,5.394681,5.462298,5.56884,5.709042,5.876712,6.065559,6.269715000000001,6.484068,6.70437,6.927228,7.150023,7.370757000000001,7.587980999999999,7.800660000000001,8.008065,8.209755,8.405433,8.594973,8.778348,8.955594,9.12681,9.29214,9.4518,9.60579,9.75456,9.89802,10.03662,10.17036,10.29951,10.42425,10.54476,10.661130000000002,10.77363,10.88235,10.98747,11.088989999999999,11.18718,11.28222,11.37402,11.46285,11.54871,11.631689999999999,11.712060000000001,11.78973,11.86479,11.937330000000001,12.00744,12.07521,12.14064,12.20391,12.26484,12.3237,12.38049,12.435120000000001,12.48777,12.53844,12.58713,12.63393,12.67875,12.721770000000001,12.7629,12.802140000000001,12.83967,12.875309999999999,12.90924,12.941370000000001,12.9717,13.00023,13.027050000000001,13.05207,13.075380000000001,13.09689,13.1166,13.134599999999999,13.1508,13.1652,13.1778,13.18851,13.19751,13.20462,13.20975,13.213080000000001,13.21443,13.213890000000001,13.21137,13.20678,13.20021,13.19148,13.18059,13.167629999999999,13.15242,13.134870000000001,13.115070000000001,13.09293,13.06827,13.04118,13.01148,12.97917,12.94416,12.90627,12.86559,12.822030000000002,12.77532,12.72546,12.67236,12.61593,12.555990000000001,12.49254,12.42531,12.35421,12.27915,12.199860000000001,12.116340000000001,12.028410000000001,11.93571,11.838330000000001,11.73582,11.62818,11.51514,11.39652,11.27205,11.14146,11.00457,10.8612,10.711079999999999,10.553939999999999,10.389510000000001,10.2177,10.038240000000002,9.85095,9.655650000000001,9.45234,9.24093,9.0216,8.794557,8.560196999999999,8.319168000000001,8.072415000000001,7.821288,7.567622999999999,7.31385,7.063173,6.819624,6.5882249999999996,6.374943,6.186573,6.030369,5.913477,5.842035,5.820291,5.849919,5.929668,6.055668,6.222123000000001,6.42222,6.648939,6.895692,7.156647,7.426899000000001,7.702469999999999,7.980192000000001,8.257644,8.532972000000001,8.804817,9.07218,9.334349999999999,9.59094,9.84159,10.08612,10.32462,10.55691,10.78326,11.00367,11.21823,11.427299999999999,11.63088,11.82915,12.02247,12.210840000000001,12.394620000000002,12.57381,12.74868,12.919500000000001,13.08627,13.24926,13.408560000000001,13.564350000000001,13.71672,13.86594,14.01201,14.1552,14.295420000000002,14.43294,14.56785
17.884710000000002,17.812890000000003,17.74071,17.66835,17.59572,17.52282,17.449740000000002,17.3763,17.302590000000002,17.2287,17.15445,17.080019999999998,17.00532,16.93026,16.85502,16.77951,16.70382,16.62777,16.55154,16.47504,16.39836,16.32141,16.24428,16.166880000000003,16.089299999999998,16.01163,15.93369,15.85566,15.77745,15.699150000000001,15.62076,15.542280000000002,15.463799999999999,15.38523,15.30666,15.228180000000002,15.149790000000001,15.071580000000003,14.993460000000002,14.91552,14.83785,14.76054,14.683500000000002,14.607000000000001,14.530859999999999,14.45535,14.38047,14.30631,14.23287,14.16033,14.08869,14.01813,13.94865,13.88043,13.81356,13.748130000000002,13.684230000000001,13.62204,13.56156,13.50288,13.446180000000002,13.39164,13.339260000000001,13.28913,13.241340000000001,13.19607,13.15332,13.11327,13.075830000000002,13.041269999999999,13.009500000000001,12.98052,12.95451,12.93147,12.91122,12.89403,12.87963,12.8682,12.85956,12.8538,12.85065,12.850200000000001,12.852360000000001,12.856950000000001,12.86388,12.87315,12.884490000000001,12.89799,12.91329,12.930390000000001,12.9492,12.96954,12.99123,13.01427,13.03839,13.063590000000001,13.089690000000001,13.1166,13.14414,13.17222,13.200840000000001,13.22982,13.259070000000001,13.2885,13.31802,13.34754,13.37697,13.40631,13.43547,13.464360000000001,13.492890000000001,13.52115,13.54896,13.576319999999999,13.60323,13.62951,13.655339999999999,13.68054,13.70511,13.72905,13.752270000000001,13.77486,13.79673,13.81797,13.8384,13.85811,13.8771,13.89528,13.912830000000001,13.92948,13.945409999999999,13.960619999999999,13.97493,13.98861,14.00139,14.01354,14.02479,14.03532,14.04504,14.05404,14.062320000000001,14.069790000000001,14.07645,14.08239,14.087610000000002,14.09211,14.0958,14.09877,14.10102,14.102549999999999,14.10327,14.10336,14.102730000000001,14.10138,14.099310000000001,14.096520000000002,14.09301,14.08878,14.083919999999999,14.07834,14.07213,14.06511,14.05755,14.049180000000002,14.04018,14.03055,14.020199999999999,14.00913,13.99743,13.9851,13.97205,13.95828,13.94388,13.92885,13.9131,13.89672,13.87962,13.861799999999999,13.843350000000001,13.82427,13.80438,13.78395,13.76271,13.74084,13.71825,13.69494,13.67091,13.64616,13.62069,13.5945,13.567499999999999,13.53987,13.51143,13.48218,13.45221,13.421429999999999,13.38984,13.35744,13.32423,13.29012,13.2552,13.219380000000001,13.18275,13.14513,13.106610000000002,13.06719,13.02678,12.98529,12.9429,12.89943,12.854970000000002,12.80934,12.76263,12.714839999999999,12.665790000000001,12.61557,12.56409,12.51135,12.45726,12.40182,12.34503,12.28671,12.22695,12.16566,12.10275,12.03822,11.97189,11.90385,11.83401,11.76228,11.68848,11.6127,11.53476,11.45466,11.37222,11.28735,11.20005,11.11014,11.01753,10.922130000000001,10.82376,10.722330000000001,10.61766,10.50975,10.39833,10.28322,10.16442,10.04166,9.914850000000001,9.78381,9.64827,9.508230000000001,9.363330000000001,9.213659999999999,9.058950000000001,8.899146,8.734131,8.563905,8.388504000000001,8.208036,8.022744000000001,7.833006000000001,7.639380000000001,7.4426760000000005,7.244001,7.044831,6.847101,6.653268000000001,6.466365,6.290055,6.1285680000000005,5.986566000000001,5.868863999999999,5.780016000000001,5.723802,5.702697000000001,5.717511,5.767200000000001,5.849055,5.959098,6.092595,6.2445960000000005,6.4103129999999995,6.585444000000001,6.766281,6.949746,7.133355000000001,7.315182000000001,7.49376,7.667991,7.837083,8.000496,8.157888,8.309025,8.453835,8.592281999999999,8.72442,8.850330000000001,8.970156,9.084060000000001,9.19206,9.29448,9.3915,9.48312,9.569609999999999,9.65115,9.72783,9.79992,9.867329999999999,9.93042,9.9891,10.043730000000002,10.09422,10.14075,10.18332,10.22211,10.25721,10.28853,10.31634,10.34055,10.36125,10.37835,10.39212,10.402379999999999,10.40922,10.41264,10.41255,10.40913,10.40229,10.39185,10.37799,10.360619999999999,10.33965,10.31508,10.28682,10.25478,10.218960000000001,10.17918,10.13553,10.087650000000002,10.035720000000001,9.97938,9.91863,9.85338,9.78345,9.70866,9.62883,9.54387,9.45369,9.357930000000001,9.2565,9.149310000000002,9.036090000000002,8.916678000000001,8.790984000000002,8.658855,8.520201,8.374986000000002,8.223210000000002,8.064981000000001,7.900524,7.730199,7.554564,7.37442,7.190892000000001,7.005492,6.820173,6.637473,6.460515,6.29307,6.139521,6.004719,5.893695,5.811246000000001,5.7614220000000005,5.746986,5.769,5.826699,5.917581,6.037839,6.182892000000001,6.347880000000001,6.528087,6.71922,6.917571,7.120053,7.324146000000001,7.527888,7.72974,7.928577000000001,8.123553000000001,8.314065,8.499717,8.680257,8.855532,9.02547,9.19017,9.34956,9.50373,9.65295,9.79722,9.936720000000001,10.07154,10.20195,10.32804,10.449990000000001,10.56789,10.68192,10.79217,10.89891,11.00214,11.10195,11.19852,11.29203,11.38248,11.47005,11.55465,11.636640000000002,11.71593,11.79261,11.86677,11.938500000000001,12.00789,12.074940000000002,12.13965,12.2022,12.26268,12.32091,12.37716,12.43134,12.48363,12.533850000000001,12.582180000000001,12.628530000000001,12.67308,12.71583,12.756689999999999,12.79575,12.833010000000002,12.86847,12.902220000000002,12.93417,12.96432,12.99276,13.019490000000001,13.04442,13.067730000000001,13.08915,13.10895,13.12686,13.14315,13.15755,13.17024,13.18104,13.19013,13.197330000000001,13.20264,13.206150000000001,13.20768,13.20732,13.205070000000001,13.200750000000001,13.19436,13.18599,13.175460000000001,13.16286,13.148010000000001,13.13091,13.11156,13.08987,13.06575,13.0392,13.01013,12.97845,12.944070000000002,12.90699,12.86712,12.82428,12.77856,12.72969,12.67758,12.62232,12.563550000000001,12.50127,12.43539,12.365820000000001,12.29229,12.2148,12.13308,12.04704,11.9565,11.861369999999999,11.761379999999999,11.65644,11.546280000000001,11.430810000000001,11.30976,11.18295,11.0502,10.91133,10.766070000000001,10.61424,10.45584,10.29051,10.11816,9.938790000000001,9.752310000000001,9.558629999999999,9.35811,9.15066,8.936892,8.717247,8.492526,8.263827,8.032572,7.8006780000000004,7.570557000000001,7.345242,7.12845,6.924582,6.738705,6.5763359999999995,6.443181,6.344631000000001,6.28524,6.268086,6.294384,6.363297,6.472098000000001,6.616584,6.791625,6.991785,7.211717999999999,7.446519000000001,7.691904,7.944228,8.200503000000001,8.458308,8.715771,8.971407000000001,9.2241,9.473040000000001,9.71766,9.957510000000001,10.19232,10.42182,10.64619,10.86516,11.07891,11.28744,11.49084,11.689380000000002,11.88306,12.07206,12.25647,12.43656,12.61242,12.78423,12.95208,13.11615,13.27662,13.43358,13.58721,13.7376,13.88493,14.029290000000001,14.17068,14.309370000000001,14.44545,14.578919999999998
17.835929999999998,17.76357,17.69085,17.61795,17.54478,17.47134,17.39763,17.32356,17.24931,17.174699999999998,17.09982,17.02476,16.94925,16.87356,16.797600000000003,16.72128,16.64478,16.56792,16.49088,16.413480000000003,16.3359,16.25805,16.17993,16.10154,16.02297,15.94413,15.8652,15.786,15.70662,15.627149999999999,15.5475,15.46776,15.38793,15.308010000000001,15.228090000000002,15.148169999999999,15.06834,14.98851,14.90886,14.82939,14.7501,14.671080000000002,14.592419999999999,14.51412,14.436269999999999,14.35896,14.28219,14.20614,14.1309,14.05647,13.982940000000001,13.9104,13.83912,13.76901,13.70016,13.632840000000002,13.56714,13.50306,13.440690000000002,13.38039,13.32198,13.265820000000001,13.211820000000001,13.160250000000001,13.1112,13.06467,13.02075,12.97971,12.941460000000001,12.90609,12.87369,12.84435,12.81807,12.79476,12.774690000000001,12.75759,12.74364,12.732750000000001,12.72474,12.719790000000001,12.71763,12.718350000000001,12.72168,12.72771,12.736170000000001,12.74706,12.76011,12.77532,12.7926,12.81168,12.83247,12.85479,12.87864,12.90375,12.93003,12.95739,12.98565,13.01463,13.04433,13.074570000000001,13.105350000000001,13.13631,13.167629999999999,13.19904,13.23054,13.26195,13.29336,13.3245,13.355459999999999,13.38615,13.41639,13.44627,13.475700000000002,13.50468,13.53303,13.56084,13.58802,13.61457,13.64049,13.665690000000001,13.69026,13.71402,13.737060000000001,13.75938,13.78089,13.801680000000001,13.821570000000001,13.84083,13.859190000000002,13.87683,13.89357,13.90959,13.9248,13.9392,13.95279,13.965570000000001,13.97754,13.988790000000002,13.99914,14.00877,14.01759,14.025689999999999,14.03289,14.03946,14.04513,14.05017,14.054310000000001,14.05782,14.06052,14.0625,14.06367,14.06421,14.06394,14.06295,14.06133,14.058900000000001,14.05575,14.05197,14.04738,14.042159999999999,14.03622,14.02965,14.022269999999999,14.01435,14.00562,13.99626,13.986180000000001,13.97547,13.964039999999999,13.95198,13.9392,13.925790000000001,13.91166,13.89681,13.88133,13.865219999999999,13.84839,13.83093,13.812750000000001,13.793849999999999,13.774320000000001,13.75407,13.7331,13.7115,13.68918,13.66614,13.642380000000001,13.6179,13.5927,13.56678,13.540140000000001,13.512780000000001,13.484610000000002,13.45563,13.42602,13.395510000000002,13.36419,13.33215,13.29921,13.26555,13.2309,13.19553,13.15917,13.122,13.08384,13.04478,13.00473,12.96378,12.92175,12.87873,12.83472,12.789629999999999,12.74337,12.69603,12.64752,12.59784,12.5469,12.49479,12.44133,12.38652,12.33036,12.27276,12.21372,12.15324,12.09114,12.02742,11.96199,11.89494,11.826,11.755260000000002,11.682630000000001,11.607930000000001,11.53125,11.45241,11.37132,11.287889999999999,11.20212,11.11383,11.02293,10.92942,10.83303,10.73367,10.63134,10.52586,10.417050000000001,10.30491,10.18917,10.06974,9.946530000000001,9.81936,9.68814,9.55278,9.41301,9.26892,9.120420000000001,8.967339,8.809766999999999,8.647731,8.481366000000001,8.31087,8.136576,7.958952,7.7786550000000005,7.596557999999999,7.413813,7.231896,7.0526610000000005,6.878376,6.711759,6.555942,6.4144440000000005,6.291,6.189336,6.1128990000000005,6.064443,6.045768000000001,6.057423000000001,6.098634,6.167421,6.260823,6.37524,6.506811000000001,6.651684,6.806277,6.9673680000000004,7.132212000000001,7.298523,7.464429000000001,7.628463,7.7894820000000005,7.946613,8.099217,8.246853,8.389215,8.526096,8.657397,8.783091,8.903186999999999,9.01773,9.126900000000001,9.23067,9.329130000000001,9.42264,9.51102,9.59463,9.67356,9.7479,9.81774,9.88317,9.944460000000001,10.00161,10.054710000000002,10.10394,10.1493,10.19088,10.22868,10.26297,10.293660000000001,10.320839999999999,10.34451,10.36476,10.381590000000001,10.395000000000001,10.40517,10.41192,10.41534,10.41534,10.4121,10.40544,10.39536,10.381950000000002,10.36503,10.34469,10.320839999999999,10.2933,10.26216,10.22733,10.18872,10.14624,10.09989,10.0494,9.99477,9.93591,9.87273,9.80496,9.73269,9.655650000000001,9.57366,9.486720000000002,9.39456,9.297179999999999,9.1944,9.086039999999999,8.971983000000002,8.85222,8.726661,8.595279,8.458119,8.315289,8.166969,8.013482999999999,7.855308000000001,7.693074,7.527690000000001,7.360308,7.192449,7.026003,6.863301,6.70716,6.5608379999999995,6.4279980000000005,6.3125279999999995,6.218388,6.1492320000000005,6.1080570000000005,6.096915,6.116598,6.166566,6.245037,6.349221,6.475653,6.6205620000000005,6.780168000000001,6.950925000000001,7.12962,7.313499000000001,7.500258,7.687989000000001,7.875179999999999,8.060643,8.243469,8.422965000000001,8.598645000000001,8.770158,8.937252,9.099810000000002,9.257760000000001,9.41103,9.55971,9.70389,9.843570000000001,9.97884,10.10988,10.23678,10.359630000000001,10.47861,10.59381,10.70532,10.813229999999999,10.917810000000001,11.01906,11.11707,11.21193,11.30391,11.39283,11.47905,11.56248,11.64321,11.72142,11.79702,11.87028,11.94111,12.009599999999999,12.07593,12.13992,12.20184,12.261600000000001,12.31938,12.375,12.42873,12.48048,12.53025,12.57822,12.62421,12.6684,12.710790000000001,12.751380000000001,12.79017,12.82725,12.862440000000001,12.89601,12.92778,12.957840000000001,12.98619,13.012830000000001,13.03767,13.06089,13.08231,13.102020000000001,13.12002,13.136220000000002,13.15071,13.16349,13.17438,13.18356,13.19094,13.19643,13.20003,13.20183,13.20165,13.199580000000001,13.19562,13.189499999999999,13.18149,13.17132,13.15908,13.14459,13.12803,13.10913,13.08798,13.064400000000001,13.03839,13.009950000000002,12.97899,12.94542,12.90906,12.870000000000001,12.82815,12.78333,12.73545,12.68451,12.63033,12.57291,12.511980000000001,12.44763,12.3795,12.307680000000001,12.231990000000001,12.15216,12.06828,11.97999,11.88729,11.78991,11.68785,11.58075,11.46861,11.35116,11.22831,11.09988,10.96569,10.82556,10.6794,10.52703,10.368450000000001,10.203570000000001,10.032300000000001,9.85473,9.67095,9.481230000000002,9.28584,9.08514,8.880003,8.671167,8.45982,8.247456000000001,8.035947,7.827624,7.625304,7.432299,7.252443,7.089993,6.949422,6.835248,6.751629,6.701967,6.688575,6.71238,6.772797000000001,6.8678550000000005,6.99444,7.148673,7.326287999999999,7.522983,7.734654000000001,7.9576020000000005,8.188578000000001,8.424819000000001,8.66403,8.904339,9.14427,9.38259,9.61839,9.851040000000001,10.08,10.30482,10.52541,10.74141,10.952910000000001,11.15973,11.36196,11.55969,11.75283,11.94165,12.126149999999999,12.306420000000001,12.48264,12.65499,12.82347,12.98826,13.14954,13.30731,13.46184,13.61313,13.76136,13.90662,14.04909,14.18868,14.325750000000001,14.46021,14.59224
17.78742,17.71452,17.641440000000003,17.568,17.4942,17.42022,17.34588,17.27127,17.19639,17.12115,17.04564,16.96977,16.893720000000002,16.817220000000002,16.74054,16.663500000000003,16.5861,16.50843,16.43049,16.35228,16.27371,16.19496,16.115850000000002,16.03647,15.95682,15.876990000000001,15.79689,15.716520000000001,15.63606,15.55533,15.47442,15.39333,15.31215,15.23088,15.14961,15.06825,14.9868,14.905529999999999,14.824259999999999,14.74308,14.66217,14.581439999999999,14.500980000000002,14.42088,14.34123,14.262030000000001,14.18337,14.10534,14.028120000000001,13.95171,13.876199999999999,13.801680000000001,13.72833,13.65615,13.58532,13.51602,13.448250000000002,13.38228,13.31802,13.25583,13.19562,13.13775,13.082130000000001,13.02894,12.97836,12.930480000000001,12.885390000000001,12.84318,12.80403,12.767850000000001,12.734820000000001,12.70494,12.6783,12.65499,12.634830000000001,12.618,12.60441,12.59397,12.586770000000001,12.58272,12.58164,12.58353,12.58821,12.595680000000002,12.60576,12.618360000000001,12.63321,12.6504,12.66957,12.69072,12.71367,12.738240000000001,12.764249999999999,12.79161,12.82014,12.84975,12.880260000000002,12.91158,12.94353,12.97602,13.00887,13.04208,13.07547,13.10904,13.142520000000001,13.176,13.2093,13.242420000000001,13.275269999999999,13.307670000000002,13.33971,13.3713,13.40244,13.43295,13.46283,13.492170000000002,13.52079,13.54878,13.57605,13.6026,13.62834,13.653360000000001,13.677570000000001,13.70097,13.72356,13.74543,13.766399999999999,13.786560000000001,13.80591,13.82436,13.84209,13.85892,13.87485,13.89006,13.90437,13.917959999999999,13.93065,13.94253,13.95351,13.96377,13.973220000000001,13.98186,13.989690000000001,13.99671,14.00301,14.0085,14.01318,14.017140000000001,14.02029,14.02272,14.02434,14.02533,14.02542,14.02488,14.02362,14.02155,14.01885,14.01534,14.0112,14.00625,14.000670000000001,13.99437,13.987440000000001,13.9797,13.97133,13.962240000000001,13.952520000000002,13.942079999999999,13.93092,13.919130000000001,13.90662,13.89348,13.87962,13.86513,13.849920000000001,13.83408,13.81752,13.80024,13.782330000000002,13.76379,13.744439999999999,13.72446,13.70385,13.68252,13.66038,13.6377,13.61421,13.59,13.56507,13.53942,13.51314,13.48596,13.45815,13.42953,13.4001,13.36995,13.338989999999999,13.30731,13.274730000000002,13.241340000000001,13.20705,13.17204,13.13604,13.09923,13.06152,13.02282,12.983220000000001,12.94263,12.90114,12.85857,12.81501,12.77037,12.72465,12.67785,12.629880000000002,12.58083,12.530520000000001,12.478950000000001,12.426120000000001,12.37203,12.316500000000001,12.25971,12.20139,12.141630000000001,12.080430000000002,12.01761,11.95308,11.886930000000001,11.819070000000002,11.749410000000001,11.67786,11.604420000000001,11.529,11.45151,11.371770000000001,11.28996,11.20572,11.11914,11.03013,10.93842,10.8441,10.74708,10.64709,10.544130000000001,10.43811,10.32885,10.21635,10.100340000000001,9.98091,9.85779,9.73098,9.600389999999999,9.46584,9.32751,9.185130000000001,9.03888,8.888741999999999,8.73486,8.577423,8.416701,8.253098999999999,8.087148000000001,7.919559,7.751223,7.583310000000001,7.417233,7.254720000000001,7.097823,6.948927,6.810714,6.686064,6.577992,6.489414,6.42294,6.38064,6.363837,6.372909,6.407271,6.465447,6.545178000000001,6.6437100000000004,6.757983,6.884901,7.021476,7.164972,7.312959,7.463367000000001,7.614441,7.764749999999999,7.91316,8.058753,8.200845000000001,8.338923000000001,8.472582000000001,8.601579,8.725734,8.844948,8.959167,9.0684,9.17262,9.27198,9.36657,9.456389999999999,9.54153,9.62208,9.698310000000001,9.77013,9.83772,9.90117,9.96057,10.01601,10.06767,10.11546,10.159559999999999,10.200059999999999,10.23696,10.27035,10.300320000000001,10.32678,10.349910000000001,10.369710000000001,10.386180000000001,10.39941,10.40931,10.41606,10.41939,10.41957,10.41642,10.41003,10.4004,10.38735,10.37106,10.35126,10.32813,10.30149,10.27125,10.2375,10.200059999999999,10.15893,10.11393,10.06506,10.01223,9.955350000000001,9.894240000000002,9.828899999999999,9.75915,9.684899999999999,9.606060000000001,9.522450000000001,9.43407,9.34083,9.24246,9.139050000000001,9.03051,8.916768,8.797824,8.673741,8.544609,8.410626,8.272044000000001,8.129259000000001,7.982802,7.833393000000001,7.681940999999999,7.529634000000001,7.377912,7.228575000000001,7.083747,6.945885,6.8177970000000006,6.702516,6.603201,6.522966,6.464628,6.4304820000000005,6.422058000000001,6.439968,6.483834,6.552351,6.64344,6.754446000000001,6.882435,7.024365,7.177302,7.338519,7.505586,7.676424000000001,7.849251,8.022618000000001,8.195328,8.366436,8.535222000000001,8.701119,8.863695,9.02268,9.17775,9.32895,9.4761,9.619110000000001,9.75816,9.89307,10.02411,10.15119,10.2744,10.39401,10.50984,10.622160000000001,10.731060000000001,10.83663,10.938960000000002,11.03814,11.13417,11.22732,11.317590000000001,11.40507,11.48976,11.57184,11.6514,11.728349999999999,11.80296,11.87523,11.94507,12.01275,12.07818,12.14145,12.20265,12.26178,12.31884,12.37401,12.42711,12.47841,12.52773,12.57525,12.62088,12.66471,12.706740000000002,12.74706,12.785580000000001,12.8223,12.85731,12.8907,12.92229,12.952169999999999,12.98043,13.00689,13.03173,13.05486,13.07619,13.0959,13.1139,13.13019,13.14477,13.15755,13.16853,13.1778,13.18527,13.19094,13.19481,13.19679,13.19688,13.195079999999999,13.1913,13.185630000000002,13.17789,13.16808,13.15629,13.142249999999999,13.12614,13.10778,13.08708,13.06413,13.03884,13.01103,12.98079,12.94794,12.91248,12.87432,12.83337,12.789629999999999,12.74283,12.693060000000001,12.64014,12.58398,12.52458,12.46167,12.39525,12.32523,12.25134,12.173670000000001,12.09186,12.006,11.91582,11.82123,11.72214,11.61828,11.50965,11.39598,11.277270000000001,11.15325,11.02392,10.889100000000001,10.7487,10.60263,10.45089,10.29357,10.13049,9.96201,9.78804,9.60912,9.42552,9.23778,9.046710000000001,8.853111,8.658279,8.463654,8.271054000000001,8.082657,7.901019,7.7290920000000005,7.570161,7.427781,7.305615,7.207254000000001,7.135929000000001,7.0942680000000005,7.084035,7.10595,7.159608,7.243551,7.3554390000000005,7.492292999999999,7.650756,7.827336,8.01864,8.221491,8.433045000000002,8.650782000000001,8.872569,9.09657,9.321390000000001,9.545850000000002,9.768780000000001,9.989640000000001,10.2078,10.42272,10.63422,10.84194,11.0457,11.2455,11.44134,11.63304,11.820780000000001,12.004470000000001,12.18429,12.360330000000001,12.53259,12.70116,12.86622,13.02777,13.18608,13.34106,13.492980000000001,13.64184,13.787820000000002,13.93092,14.07132,14.20911,14.344380000000001,14.477129999999999,14.607629999999999
17.73936,17.66592,17.5923,17.51832,17.44407,17.36946,17.29458,17.21934,17.14383,17.067960000000003,16.99182,16.915319999999998,16.838459999999998,16.76133,16.68384,16.605990000000002,16.52787,16.44939,16.370549999999998,16.29144,16.21197,16.132230000000003,16.05213,15.971760000000002,15.89112,15.810120000000001,15.728940000000001,15.6474,15.565680000000002,15.483690000000001,15.40152,15.31917,15.236640000000001,15.153930000000003,15.07113,14.988240000000001,14.905349999999999,14.822460000000001,14.739479999999999,14.65668,14.573970000000001,14.491530000000001,14.409270000000001,14.32728,14.24565,14.16456,14.083919999999999,14.003910000000001,13.92462,13.84605,13.768469999999999,13.691790000000001,13.616280000000001,13.54203,13.46913,13.39767,13.32783,13.2597,13.19346,13.129199999999999,13.0671,13.00725,12.94992,12.89502,12.84291,12.7935,12.747150000000001,12.70368,12.66345,12.62637,12.59262,12.5622,12.535290000000002,12.511709999999999,12.49155,12.47499,12.46176,12.45195,12.44547,12.44232,12.44232,12.44547,12.451680000000001,12.46068,12.47247,12.48687,12.50379,12.522960000000001,12.54429,12.5676,12.5928,12.619710000000001,12.648060000000001,12.67776,12.70872,12.74067,12.77361,12.80727,12.84156,12.87639,12.91158,12.947040000000001,12.98268,13.018410000000001,13.05405,13.0896,13.12497,13.16007,13.19472,13.2291,13.26294,13.296240000000001,13.32909,13.361220000000001,13.39272,13.42359,13.453740000000002,13.48308,13.5117,13.5396,13.5666,13.59288,13.61826,13.64283,13.666590000000001,13.68945,13.71141,13.73256,13.7529,13.77225,13.790790000000001,13.808520000000001,13.82535,13.841280000000001,13.8564,13.87062,13.884030000000001,13.89654,13.90824,13.919130000000001,13.929210000000001,13.93839,13.94676,13.95441,13.96116,13.96719,13.97241,13.97682,13.98042,13.983300000000002,13.985370000000001,13.986720000000002,13.98726,13.98708,13.986180000000001,13.98456,13.98222,13.97907,13.975200000000001,13.9707,13.96539,13.95945,13.95279,13.945409999999999,13.937310000000002,13.92858,13.919130000000001,13.90896,13.898159999999999,13.886640000000002,13.874400000000001,13.86153,13.84794,13.83372,13.81878,13.80321,13.78692,13.76991,13.752270000000001,13.73391,13.71492,13.695210000000001,13.67487,13.65372,13.63194,13.609530000000001,13.586310000000001,13.56237,13.5378,13.51242,13.48641,13.45959,13.43205,13.4037,13.37463,13.344840000000001,13.31415,13.28274,13.25052,13.21749,13.18365,13.14891,13.11336,13.07691,13.03956,13.00131,12.96216,12.92202,12.880980000000001,12.83895,12.79584,12.75174,12.70656,12.660300000000001,12.612870000000001,12.56436,12.51468,12.46374,12.411629999999999,12.35817,12.303450000000002,12.24738,12.18987,12.13092,12.07053,12.008610000000001,11.94516,11.879999999999999,11.81322,11.74464,11.67426,11.602079999999999,11.52792,11.45178,11.37366,11.29329,11.21076,11.12598,11.03877,10.94913,10.85697,10.7622,10.66464,10.564380000000002,10.46115,10.35495,10.24569,10.133280000000001,10.017629999999999,9.89865,9.776250000000001,9.65052,9.52128,9.388620000000001,9.25254,9.11304,8.970246,8.824392000000001,8.675676000000001,8.524449,8.371134,8.216307,8.060706000000001,7.905231000000001,7.750998000000001,7.599348000000001,7.451856,7.310366999999999,7.176933000000001,7.053822,6.943437,6.84819,6.770367,6.7119930000000005,6.674643,6.659298,6.666228,6.694983,6.744429,6.812829000000001,6.898023,6.997590000000001,7.109028,7.229844000000001,7.357716000000001,7.490538,7.626429000000001,7.7638050000000005,7.901289000000001,8.037783000000001,8.172378,8.304345,8.433135,8.558316,8.679555,8.796627,8.909379,9.01773,9.12159,9.22095,9.315900000000001,9.40635,9.49248,9.5742,9.65178,9.72513,9.79443,9.859679999999999,9.92097,9.97848,10.032210000000001,10.08225,10.128689999999999,10.17153,10.21086,10.246770000000001,10.27926,10.30842,10.33425,10.35684,10.37619,10.3923,10.40517,10.41498,10.42155,10.42497,10.42515,10.42227,10.41615,10.40679,10.39419,10.37844,10.35936,10.33695,10.311119999999999,10.28196,10.24929,10.21302,10.17324,10.12977,10.08261,10.03158,9.97668,9.91782,9.85482,9.78777,9.7164,9.64071,9.560699999999999,9.4761,9.387,9.29322,9.19485,9.091800000000001,8.984025,8.871687000000001,8.754822,8.633610000000001,8.508285,8.379162,8.246682,8.111439,7.974144000000001,7.835751000000001,7.697385,7.560423,7.426521,7.297568999999999,7.175736000000001,7.063398,6.963084,6.87735,6.80868,6.759278999999999,6.73092,6.724782,6.741333000000001,6.780321,6.840765,6.92109,7.019253,7.132932,7.259679,7.397082,7.542819000000001,7.694783999999999,7.851123000000001,8.010197999999999,8.17065,8.331318000000001,8.491266,8.649738000000001,8.806131,8.959977,9.11097,9.25875,9.403110000000002,9.54414,9.681479999999999,9.81531,9.94545,10.07208,10.19511,10.31463,10.43073,10.5435,10.652940000000001,10.75914,10.86219,10.96218,11.0592,11.15325,11.24451,11.33307,11.41893,11.502089999999999,11.58282,11.66103,11.73681,11.81034,11.88144,11.950380000000001,12.01707,12.08169,12.14415,12.204630000000002,12.26304,12.31947,12.37401,12.42657,12.47724,12.52611,12.57318,12.618450000000001,12.66192,12.70359,12.743549999999999,12.78171,12.81825,12.85308,12.8862,12.91761,12.94731,12.975389999999999,13.00176,13.02651,13.04955,13.07097,13.09059,13.10859,13.12488,13.13946,13.15233,13.16349,13.17294,13.1805,13.186350000000001,13.1904,13.19256,13.192919999999999,13.19139,13.18797,13.18257,13.175189999999999,13.16583,13.1544,13.1409,13.125240000000002,13.107420000000001,13.087349999999999,13.06503,13.040370000000001,13.01328,12.98376,12.95181,12.917159999999999,12.87999,12.84003,12.79728,12.75165,12.70314,12.65157,12.59676,12.53889,12.4776,12.412889999999999,12.34467,12.27285,12.19725,12.11778,12.03435,11.94687,11.85516,11.75913,11.658600000000002,11.55357,11.44386,11.32929,11.209950000000001,11.08557,10.956150000000001,10.8216,10.68192,10.5372,10.387440000000002,10.23264,10.07307,9.90891,9.74061,9.56853,9.3933,9.215729999999999,9.036629999999999,8.857403999999999,8.679312,8.504127,8.333838,8.170758000000001,8.017460999999999,7.876773,7.751664,7.645131000000001,7.5600629999999995,7.499016000000001,7.464042000000001,7.456509,7.476993,7.525206000000001,7.600068000000001,7.699788,7.8220350000000005,7.9641720000000005,8.123346,8.296758,8.481699,8.675667,8.876448,9.082080000000001,9.290790000000001,9.5013,9.712349999999999,9.92295,10.132290000000001,10.33983,10.54494,10.747349999999999,10.9467,11.142900000000001,11.33559,11.52486,11.71053,11.8926,12.07125,12.24621,12.41775,12.58587,12.750660000000002,12.91212,13.07043,13.22559,13.377690000000001,13.526909999999999,13.673250000000001,13.8168,13.95765,14.09598,14.23179,14.365169999999999,14.49621,14.625
17.69166,17.61777,17.54361,17.46909,17.3943,17.31915,17.243640000000003,17.167859999999997,17.091720000000002,17.01522,16.93836,16.86123,16.783649999999998,16.7058,16.6275,16.54893,16.470000000000002,16.390620000000002,16.31097,16.230960000000003,16.15059,16.06986,15.98886,15.90741,15.82569,15.743609999999999,15.661259999999999,15.57864,15.49566,15.412410000000001,15.32898,15.245190000000001,15.16131,15.077160000000001,14.99292,14.908500000000002,14.82399,14.739389999999998,14.654790000000002,14.57028,14.485770000000002,14.401440000000001,14.3172,14.23332,14.149799999999999,14.066550000000001,13.983929999999999,13.901760000000001,13.820310000000001,13.73958,13.65975,13.580910000000001,13.503150000000002,13.42665,13.35141,13.277700000000001,13.20561,13.13523,13.066830000000001,13.00041,12.93624,12.874410000000001,12.815100000000001,12.75849,12.70458,12.65364,12.60576,12.56103,12.519630000000001,12.48156,12.447000000000001,12.41604,12.38859,12.36483,12.34476,12.32829,12.31551,12.30633,12.30066,12.298499999999999,12.29976,12.304260000000001,12.311910000000001,12.32271,12.336300000000001,12.35268,12.37158,12.393,12.416580000000002,12.44223,12.46986,12.49911,12.52998,12.56229,12.595680000000002,12.63024,12.665610000000001,12.701789999999999,12.7386,12.77586,12.81348,12.85128,12.88926,12.92724,12.96513,13.002839999999999,13.040280000000001,13.07736,13.11408,13.15035,13.18608,13.22118,13.255740000000001,13.289579999999999,13.322700000000001,13.3551,13.38678,13.41756,13.44762,13.47687,13.505220000000001,13.532670000000001,13.55931,13.58496,13.6098,13.63374,13.656780000000001,13.67892,13.70016,13.7205,13.73994,13.75848,13.77612,13.792860000000001,13.8087,13.823640000000001,13.837769999999999,13.851,13.863330000000001,13.87485,13.88547,13.89528,13.90428,13.91238,13.91967,13.92615,13.93191,13.936770000000001,13.94082,13.944149999999999,13.94667,13.94847,13.94946,13.949639999999999,13.949100000000001,13.947840000000001,13.94586,13.94307,13.93956,13.93542,13.930470000000001,13.9248,13.91841,13.91139,13.903649999999999,13.89519,13.88601,13.87611,13.86558,13.854330000000001,13.84245,13.82985,13.81653,13.80258,13.78791,13.77261,13.756590000000001,13.73985,13.72248,13.70448,13.68567,13.66623,13.64616,13.62537,13.60386,13.58163,13.55868,13.5351,13.510800000000001,13.48569,13.459950000000001,13.43349,13.40622,13.37823,13.349430000000002,13.32,13.28967,13.25862,13.22676,13.194090000000001,13.16061,13.12623,13.091040000000001,13.05504,13.01814,12.98034,12.941550000000001,12.90195,12.861270000000001,12.81969,12.77712,12.73356,12.688920000000001,12.6432,12.596400000000001,12.54852,12.499469999999999,12.449160000000001,12.39777,12.34503,12.291030000000001,12.23577,12.17907,12.121020000000001,12.06153,12.0006,11.93805,11.873970000000002,11.80827,11.740860000000001,11.67174,11.600819999999999,11.52801,11.45331,11.37672,11.297970000000001,11.21715,11.13417,11.04894,10.96137,10.87137,10.77894,10.683900000000001,10.586340000000002,10.48599,10.38294,10.27701,10.16811,10.05633,9.94158,9.823680000000001,9.702810000000001,9.57888,9.45189,9.32193,9.18909,9.05355,8.915517,8.775261,8.633142000000001,8.489637,8.345331,8.200962,8.057402999999999,7.915716,7.777134000000001,7.643088,7.515198000000001,7.395255000000001,7.285158000000001,7.186878,7.102386,7.033491,6.981777,6.94845,6.934248,6.9393780000000005,6.96348,7.005663,7.064577,7.138521,7.225542000000001,7.323597,7.4306339999999995,7.544673,7.663887000000001,7.786611000000001,7.911396000000001,8.036982,8.162316,8.286498,8.408817,8.528679,8.645634000000001,8.759313,8.869446,8.975835,9.0783,9.17685,9.271350000000002,9.361799999999999,9.4482,9.53055,9.60894,9.68337,9.75384,9.82053,9.88344,9.94257,9.9981,10.050030000000001,10.09845,10.14345,10.18494,10.2231,10.25802,10.289520000000001,10.31787,10.34307,10.36503,10.38393,10.39968,10.41228,10.42182,10.4283,10.43172,10.432080000000001,10.429290000000002,10.42344,10.414530000000001,10.40247,10.38717,10.36881,10.34712,10.322280000000001,10.29402,10.26252,10.2276,10.18917,10.14723,10.10178,10.05264,9.999810000000002,9.943200000000001,9.88272,9.81837,9.74997,9.677520000000001,9.60093,9.52029,9.43533,9.34614,9.25281,9.15516,9.053460000000001,8.947602,8.837847,8.724357000000001,8.607429,8.487414000000001,8.364789,8.240157,8.114246999999999,7.987977,7.862436,7.738893,7.618860000000001,7.504011,7.3962270000000006,7.297523999999999,7.210008,7.135785,7.076826,7.034886,7.01136,7.007157,7.022673,7.0577190000000005,7.111548,7.182963,7.270353,7.371891,7.485588000000001,7.609437,7.741503000000001,7.879968000000001,8.023167,8.169642,8.318115,8.467506,8.616897,8.765532,8.912799,9.05823,9.201329999999999,9.34191,9.4797,9.61452,9.74628,9.874889999999999,10.00026,10.12239,10.241370000000002,10.357199999999999,10.469790000000001,10.57923,10.685699999999999,10.78911,10.88964,10.9872,11.08206,11.17404,11.26341,11.35017,11.434320000000001,11.51604,11.59524,11.6721,11.74671,11.81898,11.889000000000001,11.95695,12.02265,12.08637,12.14802,12.20769,12.26538,12.32109,12.375,12.42702,12.47715,12.52548,12.572099999999999,12.61692,12.659939999999999,12.701250000000002,12.74085,12.778830000000001,12.81501,12.84957,12.88251,12.913739999999999,12.94326,12.97116,12.99744,13.0221,13.04505,13.06638,13.08609,13.104090000000001,13.12038,13.13505,13.148010000000001,13.15926,13.16871,13.17654,13.18257,13.1868,13.18923,13.189860000000001,13.188600000000001,13.18545,13.18041,13.173390000000001,13.164480000000001,13.153500000000001,13.140450000000001,13.12533,13.10805,13.08861,13.066920000000001,13.04298,13.0167,12.987990000000002,12.956760000000001,12.9231,12.88692,12.847949999999999,12.806370000000001,12.76191,12.71466,12.66444,12.61116,12.55482,12.49515,12.43233,12.366,12.29625,12.22281,12.14577,12.06495,11.98017,11.89143,11.79855,11.70153,11.60019,11.494439999999999,11.38419,11.26953,11.15019,11.02626,10.89765,10.76445,10.62666,10.48437,10.33776,10.187100000000001,10.03257,9.87462,9.7137,9.55044,9.38574,9.2205,9.05571,8.892972,8.733735000000001,8.579844000000001,8.433369,8.296551,8.171802,8.061624,7.968474,7.894683,7.842321,7.8129990000000005,7.807797000000001,7.827201,7.870995,7.938369000000001,8.027928,8.137853999999999,8.266014,8.410122000000001,8.567820000000001,8.736822,8.914968,9.10026,9.29097,9.48555,9.68256,9.88083,10.079550000000001,10.27782,10.47501,10.67058,10.86408,11.055150000000001,11.24361,11.42928,11.61189,11.79153,11.968020000000001,12.14127,12.31146,12.4785,12.64239,12.80322,12.96099,13.11588,13.267800000000001,13.41693,13.56336,13.707,13.84812,13.986720000000002,14.1228,14.256540000000001,14.38803,14.51718,14.644260000000001
17.64432,17.56998,17.49528,17.42031,17.34489,17.269199999999998,17.19315,17.11674,17.03997,16.96284,16.885350000000003,16.8075,16.729290000000002,16.65063,16.5717,16.49232,16.412580000000002,16.33239,16.25184,16.170930000000002,16.089660000000002,16.00794,15.92595,15.84351,15.760710000000001,15.67755,15.59403,15.51015,15.426,15.34149,15.25662,15.17157,15.08625,15.000660000000002,14.9148,14.828850000000001,14.74272,14.656410000000001,14.5701,14.48379,14.39739,14.31117,14.22504,14.139180000000001,14.0535,13.96827,13.8834,13.79907,13.71537,13.632390000000001,13.55022,13.468950000000001,13.38885,13.30992,13.23234,13.1562,13.08168,13.00896,12.93822,12.86955,12.80313,12.73914,12.67776,12.61908,12.56337,12.510720000000001,12.46122,12.415049999999999,12.37239,12.33324,12.297870000000001,12.26619,12.238290000000001,12.214260000000001,12.1941,12.177900000000001,12.16548,12.156930000000001,12.15216,12.15108,12.153599999999999,12.15954,12.1689,12.181410000000001,12.19698,12.21543,12.23667,12.260340000000001,12.28635,12.31452,12.34467,12.376619999999999,12.4101,12.44502,12.481110000000001,12.51828,12.55635,12.59514,12.63456,12.674339999999999,12.71448,12.754800000000001,12.795119999999999,12.83544,12.875670000000001,12.91563,12.95523,12.99447,13.03326,13.07142,13.10913,13.14612,13.18239,13.21794,13.252770000000002,13.28679,13.32,13.352310000000001,13.38372,13.41432,13.44402,13.47273,13.50054,13.52745,13.553460000000001,13.57839,13.602509999999999,13.62564,13.647870000000001,13.669110000000002,13.68936,13.7088,13.72725,13.744710000000001,13.76136,13.77702,13.79187,13.80573,13.81869,13.83084,13.84209,13.85253,13.86198,13.870709999999999,13.878540000000001,13.88556,13.891680000000001,13.89708,13.90158,13.90536,13.90833,13.91049,13.91184,13.912469999999999,13.91238,13.911480000000001,13.90977,13.90743,13.90428,13.90041,13.89582,13.89042,13.88439,13.877640000000001,13.870170000000002,13.86198,13.85316,13.84362,13.83336,13.82238,13.81077,13.79844,13.78539,13.77171,13.75731,13.74228,13.72653,13.71006,13.69296,13.675229999999999,13.65669,13.63761,13.61772,13.5972,13.57596,13.55409,13.531410000000001,13.5081,13.484070000000001,13.45932,13.433850000000001,13.40766,13.38075,13.35303,13.324679999999999,13.295430000000001,13.26555,13.23477,13.20327,13.17096,13.13784,13.10391,13.06917,13.03353,12.99708,12.95964,12.92139,12.88224,12.8421,12.80097,12.75894,12.71592,12.67182,12.62673,12.580470000000002,12.53322,12.4848,12.435210000000001,12.384540000000001,12.33252,12.279330000000002,12.22488,12.16899,12.111839999999999,12.05334,11.993310000000001,11.931840000000001,11.86884,11.80422,11.73798,11.670119999999999,11.60055,11.52918,11.45592,11.38086,11.30382,11.22471,11.14362,11.06037,10.974870000000001,10.88721,10.797120000000001,10.70469,10.60983,10.512450000000001,10.41246,10.30995,10.20474,10.09683,9.986220000000001,9.872819999999999,9.75681,9.63801,9.51669,9.39276,9.26649,9.13797,9.00756,8.875377,8.741961000000002,8.607744,8.47332,8.3394,8.20683,8.076582,7.949799,7.827768000000001,7.7118839999999995,7.6037040000000005,7.504829999999999,7.416891000000001,7.341471,7.280046,7.233849000000001,7.203825000000001,7.190532,7.194132,7.214337000000001,7.250427,7.301340000000001,7.365708000000001,7.441974,7.528446000000001,7.6234139999999995,7.725213,7.832241,7.943058000000001,8.05635,8.170956,8.285895,8.400303,8.513469,8.624826,8.733879,8.840241,8.943633,9.04383,9.14058,9.23382,9.32346,9.4095,9.491760000000001,9.57042,9.64539,9.71658,9.78426,9.84825,9.90882,9.96579,10.01934,10.06947,10.11618,10.159650000000001,10.19988,10.23678,10.27062,10.30122,10.32876,10.353150000000001,10.37457,10.392930000000002,10.40832,10.42065,10.430010000000001,10.4364,10.439820000000001,10.44018,10.437660000000001,10.432080000000001,10.42353,10.41192,10.39725,10.37952,10.358730000000001,10.334700000000002,10.30761,10.277190000000001,10.24353,10.20663,10.16631,10.12257,10.075320000000001,10.024560000000001,9.97029,9.91233,9.85068,9.785250000000001,9.716040000000001,9.643049999999999,9.566189999999999,9.48555,9.40095,9.312570000000001,9.22032,9.124469999999999,9.02502,8.922168000000001,8.816166,8.707311,8.596008,8.482734,8.368083,8.252801999999999,8.137746,8.023941,7.912557,7.804952999999999,7.7026140000000005,7.607151,7.520292000000001,7.443792,7.37937,7.328637,7.292997,7.273548000000001,7.271028,7.2857520000000005,7.317576,7.365951000000001,7.4299230000000005,7.5082320000000005,7.599419999999999,7.701867,7.813908,7.933914,8.06031,8.191656,8.326629,8.464077,8.602974,8.742447,8.881776,9.020340000000001,9.15759,9.29322,9.42678,9.558,9.68679,9.81297,9.93645,10.05705,10.17477,10.2897,10.40166,10.51074,10.61694,10.72035,10.82097,10.9188,11.01402,11.10654,11.19645,11.28384,11.3688,11.45124,11.53134,11.6091,11.684610000000001,11.75778,11.82888,11.89782,11.9646,12.0294,12.092130000000001,12.15297,12.21183,12.26871,12.323789999999999,12.37698,12.428370000000001,12.47796,12.52575,12.57183,12.616200000000001,12.65886,12.699810000000001,12.73905,12.776670000000001,12.81258,12.846870000000001,12.87954,12.910590000000001,12.94002,12.967740000000001,12.99393,13.018410000000001,13.04136,13.0626,13.08231,13.10031,13.1166,13.13136,13.144319999999999,13.15575,13.16538,13.173300000000001,13.17951,13.18392,13.18662,13.18752,13.18653,13.18374,13.17906,13.172490000000002,13.16394,13.153500000000001,13.1409,13.12632,13.10967,13.090860000000001,13.069890000000001,13.04658,13.02111,12.99321,12.96297,12.930209999999999,12.89502,12.85722,12.81672,12.77361,12.72762,12.678840000000001,12.627089999999999,12.572280000000001,12.51441,12.45339,12.38904,12.32145,12.25035,12.175740000000001,12.097439999999999,12.01554,11.92986,11.84022,11.74671,11.64906,11.547450000000001,11.441609999999999,11.33163,11.21742,11.09889,10.97631,10.8495,10.718639999999999,10.583820000000001,10.445310000000001,10.30329,10.15803,10.01016,9.859950000000001,9.70821,9.55566,9.40329,9.252180000000001,9.1035,8.958807,8.819748,8.688123000000001,8.565885,8.455113,8.357886,8.276256,8.21214,8.167176000000001,8.142687,8.139546,8.158131000000001,8.198316,8.259462000000001,8.340480000000001,8.439939,8.55612,8.687133,8.831043,8.985888000000001,9.149849999999999,9.32112,9.49806,9.679409999999999,9.86382,10.05021,10.23759,10.42524,10.612440000000001,10.79865,10.983419999999999,11.16639,11.347290000000001,11.52594,11.70207,11.87559,12.04632,12.214350000000001,12.37959,12.542040000000002,12.70161,12.85848,13.012559999999999,13.16385,13.31253,13.4586,13.60215,13.74309,13.881689999999999,14.01786,14.15169,14.28336,14.41278,14.54013,14.66532
17.597430000000003,17.52264,17.4474,17.37189,17.296020000000002,17.21979,17.14311,17.06616,16.98876,16.911,16.83288,16.75431,16.67538,16.596,16.516260000000003,16.43616,16.35561,16.27461,16.19316,16.111349999999998,16.02918,15.94647,15.86349,15.77997,15.696090000000002,15.611849999999999,15.527160000000002,15.442110000000001,15.3567,15.270840000000002,15.18471,15.098220000000001,15.011460000000001,14.924339999999999,14.836949999999998,14.749380000000002,14.66163,14.573610000000002,14.4855,14.3973,14.309099999999999,14.2209,14.13279,14.04477,13.95702,13.86954,13.78242,13.69575,13.60971,13.5243,13.4397,13.356,13.273380000000001,13.191930000000001,13.111740000000001,13.03308,12.95604,12.880799999999999,12.807540000000001,12.73644,12.66759,12.60126,12.53763,12.476880000000001,12.4191,12.36456,12.31335,12.265559999999999,12.22155,12.181230000000001,12.144870000000001,12.11238,12.08403,12.05964,12.039480000000001,12.023460000000002,12.01149,12.00366,11.99979,11.99979,12.00366,12.011220000000002,12.02229,12.03678,12.05451,12.07521,12.0987,12.124889999999999,12.15351,12.18438,12.21723,12.25197,12.288240000000002,12.325949999999999,12.36492,12.40488,12.44574,12.48732,12.52944,12.57192,12.61467,12.6576,12.70044,12.74328,12.78585,12.82815,12.870000000000001,12.9114,12.95226,12.99258,13.03218,13.071060000000001,13.10913,13.14648,13.18302,13.21866,13.253400000000001,13.28724,13.32018,13.352129999999999,13.383090000000001,13.41315,13.44222,13.4703,13.49739,13.52349,13.5486,13.57272,13.59585,13.61799,13.63923,13.65948,13.678740000000001,13.69701,13.71438,13.73076,13.74633,13.76082,13.7745,13.78728,13.79907,13.81005,13.82013,13.8294,13.83768,13.84524,13.8519,13.857750000000001,13.8627,13.86693,13.87026,13.87287,13.87467,13.875660000000002,13.87593,13.87539,13.874039999999999,13.87197,13.86918,13.86567,13.86135,13.8564,13.85064,13.84425,13.83705,13.829220000000001,13.82058,13.81131,13.80132,13.790700000000001,13.77936,13.7673,13.75452,13.741109999999999,13.726980000000001,13.71222,13.69674,13.68054,13.66371,13.64625,13.628070000000001,13.60917,13.589550000000001,13.5693,13.54842,13.52673,13.50441,13.48137,13.45761,13.43322,13.40802,13.38219,13.35555,13.328190000000001,13.30011,13.271310000000001,13.2417,13.21137,13.18023,13.14828,13.115520000000002,13.082040000000001,13.04766,13.01247,12.97638,12.93948,12.90168,12.86289,12.823290000000002,12.7827,12.74121,12.698730000000001,12.65517,12.610710000000001,12.56508,12.51846,12.47076,12.42189,12.37185,12.320640000000001,12.26826,12.21462,12.15963,12.10338,12.04578,11.986740000000001,11.926350000000001,11.86443,11.80098,11.735999999999999,11.6694,11.601180000000001,11.53125,11.45952,11.38608,11.31066,11.23344,11.15424,11.07297,10.98963,10.90422,10.81665,10.72674,10.63467,10.54026,10.44342,10.344240000000001,10.24272,10.13868,10.032210000000001,9.92331,9.81207,9.6984,9.58257,9.46467,9.3447,9.22302,9.09972,8.975367,8.850195000000001,8.724726,8.599527,8.475291,8.352801,8.232966000000001,8.116812,8.005482,7.900209,7.802316,7.713144,7.634061000000001,7.566362999999999,7.511220000000001,7.46964,7.4423520000000005,7.429797000000001,7.432083,7.448976000000001,7.4799,7.524018000000001,7.580204999999999,7.647201000000001,7.723611,7.808004000000001,7.8989579999999995,7.995105,8.095176,8.198001000000001,8.302518000000001,8.407818,8.513091000000001,8.617653,8.720928,8.822439,8.92179,9.01863,9.11277,9.20394,9.292050000000001,9.37692,9.458549999999999,9.536850000000001,9.611730000000001,9.68328,9.75141,9.816120000000002,9.8775,9.935550000000001,9.99036,10.04184,10.09017,10.13526,10.177200000000001,10.215990000000001,10.25172,10.28448,10.31409,10.34082,10.36449,10.38528,10.40319,10.41813,10.43019,10.43928,10.44558,10.449,10.44954,10.44711,10.44189,10.4337,10.42263,10.40859,10.391580000000001,10.371509999999999,10.34847,10.322370000000001,10.29321,10.2609,10.22535,10.18665,10.14471,10.099440000000001,10.05084,9.99882,9.94338,9.88452,9.82215,9.75618,9.6867,9.613710000000001,9.53721,9.4572,9.37368,9.28674,9.19665,9.10341,9.0072,8.908434000000002,8.80731,8.704278,8.599815000000001,8.494524,8.389098,8.284365000000001,8.18127,8.080893000000001,7.984422,7.893171,7.808553000000001,7.732008,7.665030000000001,7.6090230000000005,7.565310000000001,7.535024999999999,7.5190589999999995,7.518006,7.5321180000000005,7.561305000000001,7.605135000000001,7.662852,7.733475,7.8158069999999995,7.908525,8.010261,8.119620000000001,8.23527,8.355942,8.480466,8.60778,8.736965999999999,8.867187,8.99775,9.128070000000001,9.257579999999999,9.38592,9.51264,9.63765,9.76059,9.88128,9.99963,10.11546,10.22886,10.33956,10.44774,10.55331,10.65627,10.75662,10.85445,10.94967,11.04237,11.13255,11.22039,11.30571,11.38878,11.46951,11.54799,11.624220000000001,11.698290000000002,11.770199999999999,11.83995,11.907720000000001,11.97342,12.037230000000001,12.099060000000001,12.15891,12.21687,12.27303,12.327390000000001,12.37995,12.43071,12.47967,12.526919999999999,12.57255,12.616380000000001,12.65859,12.69918,12.738059999999999,12.77532,12.810960000000001,12.84498,12.87738,12.908249999999999,12.93741,12.96504,12.99105,13.01553,13.0383,13.05954,13.079160000000002,13.09725,13.11363,13.12839,13.14144,13.15296,13.16268,13.17078,13.17717,13.18185,13.18482,13.18599,13.18536,13.18284,13.178609999999999,13.1724,13.1643,13.15431,13.14234,13.1283,13.11219,13.0941,13.07376,13.051260000000001,13.02651,12.999509999999999,12.970170000000001,12.93849,12.904290000000001,12.86757,12.828330000000001,12.786480000000001,12.74184,12.694500000000001,12.64437,12.59127,12.53511,12.47598,12.41379,12.34827,12.27951,12.20742,12.13182,12.0528,11.970180000000001,11.88387,11.79387,11.70009,11.60253,11.501100000000001,11.395890000000001,11.28672,11.173770000000001,11.05704,10.93662,10.8126,10.685160000000002,10.55448,10.42083,10.28466,10.146419999999999,10.00647,9.86562,9.72459,9.584280000000001,9.445680000000001,9.30996,9.17856,9.05292,8.934561,8.825256,8.726769,8.640846,8.569206000000001,8.513424,8.474841,8.454537,8.453214000000001,8.471205,8.508411,8.564346,8.638155000000001,8.728677,8.834526,8.954153999999999,9.08595,9.228240000000001,9.37935,9.53793,9.70245,9.87156,10.04427,10.21932,10.39608,10.57356,10.75122,10.92843,11.10474,11.27979,11.45331,11.62503,11.79468,11.96208,12.12723,12.289950000000001,12.45024,12.6081,12.76335,12.916170000000001,13.06647,13.21425,13.3596,13.50252,13.6431,13.78125,13.91724,14.05098,14.18256,14.31198,14.439330000000002,14.5647,14.68809
17.550990000000002,17.47566,17.399970000000003,17.32392,17.247510000000002,17.170740000000002,17.093519999999998,17.01594,16.938000000000002,16.85961,16.78077,16.70157,16.621920000000003,16.54191,16.461360000000003,16.380450000000003,16.29909,16.217280000000002,16.13502,16.05231,15.96915,15.88554,15.801480000000002,15.71697,15.632010000000001,15.546600000000002,15.46074,15.374519999999999,15.28776,15.200640000000002,15.11316,15.02532,14.937029999999998,14.84838,14.75946,14.67027,14.580720000000001,14.49099,14.40108,14.31099,14.22081,14.13054,14.040360000000002,13.95018,13.86027,13.77045,13.680990000000001,13.59198,13.50342,13.41558,13.328370000000001,13.24206,13.156830000000001,13.07268,12.98979,12.908430000000001,12.82869,12.75075,12.67479,12.601080000000001,12.52962,12.46077,12.39471,12.331620000000001,12.27168,12.21507,12.16197,12.11247,12.066930000000001,12.02535,11.987820000000001,11.95452,11.92554,11.90088,11.88063,11.86479,11.85327,11.84616,11.84328,11.84454,11.84985,11.85912,11.87208,11.88864,11.90862,11.931750000000001,11.95785,11.986650000000001,12.01806,12.051720000000001,12.08754,12.125160000000001,12.16449,12.205169999999999,12.247110000000001,12.29004,12.333870000000001,12.37833,12.42333,12.46869,12.514140000000001,12.55977,12.605310000000001,12.650580000000001,12.69567,12.740310000000001,12.78459,12.828240000000001,12.87126,12.91365,12.95523,12.996089999999999,13.036050000000001,13.0752,13.11345,13.15071,13.18707,13.222439999999999,13.25682,13.29021,13.322519999999999,13.35384,13.38417,13.41342,13.44168,13.468860000000001,13.49505,13.520159999999999,13.54428,13.56732,13.589459999999999,13.61052,13.63059,13.64967,13.667850000000001,13.68495,13.70115,13.71636,13.73067,13.74408,13.7565,13.76802,13.77864,13.788359999999999,13.79727,13.80528,13.812389999999999,13.81869,13.82418,13.82877,13.832550000000001,13.835609999999999,13.837769999999999,13.83912,13.83975,13.83957,13.83867,13.83696,13.83444,13.831290000000001,13.82733,13.82265,13.81716,13.81104,13.8042,13.79664,13.788359999999999,13.77936,13.76964,13.75929,13.748130000000002,13.73643,13.72392,13.71078,13.69692,13.68243,13.66722,13.651380000000001,13.634820000000001,13.61754,13.59963,13.581,13.56174,13.54176,13.52106,13.499730000000001,13.47768,13.455,13.43151,13.40739,13.38255,13.356990000000001,13.33071,13.30371,13.2759,13.24746,13.21821,13.18815,13.15746,13.12587,13.093560000000002,13.06044,13.026420000000002,12.99168,12.95604,12.919590000000001,12.88224,12.84408,12.80493,12.76488,12.723930000000001,12.68199,12.63906,12.59514,12.550229999999999,12.50424,12.457170000000001,12.409020000000002,12.35979,12.3093,12.25773,12.2049,12.1509,12.095550000000001,12.03894,11.980889999999999,11.92158,11.86083,11.79855,11.73483,11.669580000000002,11.60271,11.53422,11.46402,11.392199999999999,11.31858,11.243070000000001,11.16576,11.08665,11.00547,10.92231,10.83717,10.74996,10.660680000000001,10.569149999999999,10.47555,10.37979,10.281780000000001,10.181610000000001,10.079279999999999,9.97479,9.86823,9.759689999999999,9.64917,9.536940000000001,9.42318,9.30798,9.191699999999999,9.0747,8.957268000000001,8.839989000000001,8.723367,8.608068,8.494803000000001,8.384418,8.277831,8.176041000000001,8.080137,7.991244000000001,7.910505000000001,7.8390450000000005,7.777935000000001,7.7281379999999995,7.690446000000001,7.665435000000001,7.653474,7.654617,7.668684,7.695216,7.733502,7.78266,7.841628000000001,7.9092720000000005,7.984368000000001,8.065728,8.152155,8.242542,8.335854,8.431128,8.527527000000001,8.624304,8.720802,8.816472000000001,8.910819,9.00351,9.09405,9.18234,9.26811,9.351180000000001,9.43146,9.50877,9.583020000000001,9.65421,9.72234,9.787320000000001,9.84924,9.90801,9.96363,10.01619,10.065690000000002,10.11213,10.15551,10.19592,10.233360000000001,10.26792,10.29951,10.32822,10.35405,10.376999999999999,10.397160000000001,10.414530000000001,10.42902,10.440809999999999,10.44972,10.45593,10.459349999999999,10.45998,10.45773,10.45278,10.44504,10.43442,10.42101,10.404720000000001,10.38555,10.363410000000002,10.33839,10.3104,10.27944,10.245420000000001,10.20834,10.16811,10.124820000000001,10.078380000000001,10.0287,9.97578,9.91971,9.86031,9.79758,9.7317,9.66249,9.59004,9.51444,9.43578,9.35406,9.26955,9.182250000000002,9.09252,9.000630000000001,8.906877,8.811657,8.715474,8.618895,8.522595,8.427348,8.334009,8.243559,8.15706,8.075664000000002,8.000595,7.933077,7.874352000000001,7.825617000000001,7.787934,7.762257,7.749288,7.749531,7.763184,7.790193,7.830207,7.88265,7.946712,8.021429999999999,8.105715,8.198433,8.298405,8.404479,8.515557,8.630595,8.748657,8.868870000000001,8.990496,9.112860000000001,9.23535,9.35748,9.47889,9.599129999999999,9.718020000000001,9.8352,9.95058,10.06398,10.17522,10.28421,10.39095,10.49535,10.59741,10.697040000000001,10.79433,10.88928,10.9818,11.07207,11.16,11.245590000000002,11.32893,11.41011,11.48904,11.565809999999999,11.640509999999999,11.71305,11.783610000000001,11.85219,11.918700000000001,11.98332,12.04605,12.10689,12.16584,12.22299,12.27834,12.33189,12.38373,12.433860000000001,12.48219,12.5289,12.57399,12.61737,12.65913,12.69927,12.73779,12.774690000000001,12.81006,12.84381,12.87594,12.90654,12.93561,12.96306,12.98898,13.01328,13.036050000000001,13.0572,13.07682,13.09482,13.11129,13.126050000000001,13.13928,13.15089,13.16079,13.169070000000001,13.17564,13.1805,13.18374,13.18518,13.18491,13.18275,13.178880000000001,13.173119999999999,13.16547,13.156020000000002,13.1445,13.13109,13.1157,13.09815,13.07862,13.05693,13.03299,13.00689,12.97845,12.94776,12.91464,12.87918,12.841109999999999,12.80052,12.75741,12.71151,12.66291,12.61152,12.557250000000002,12.5001,12.43989,12.37671,12.31029,12.24072,12.167910000000001,12.09177,12.01221,11.92923,11.84283,11.75292,11.6595,11.56248,11.46195,11.35791,11.25045,11.13948,11.025360000000001,10.908,10.78767,10.66464,10.53927,10.41174,10.282680000000001,10.15254,10.02204,9.891720000000001,9.76266,9.635670000000001,9.51183,9.39249,9.278910000000002,9.17244,9.07461,8.986995,8.91099,8.848062,8.799516,8.766477,8.749818000000001,8.750133,8.767692,8.802441,8.853984,8.921655000000001,9.0045,9.10143,9.21114,9.33219,9.46332,9.60309,9.750150000000001,9.90324,10.06119,10.22292,10.38753,10.554210000000001,10.722059999999999,10.89063,11.0592,11.22741,11.39481,11.56104,11.72592,11.88927,12.05073,12.2103,12.367709999999999,12.52314,12.67632,12.82725,12.97602,13.12245,13.266630000000001,13.40865,13.54842,13.68594,13.821390000000001,13.95468,14.0859,14.215140000000002,14.342310000000001,14.46759,14.59098,14.712480000000001
17.505,17.42922,17.35299,17.276490000000003,17.199540000000002,17.12223,17.04447,16.966260000000002,16.88769,16.808670000000003,16.729290000000002,16.64937,16.569,16.48827,16.407,16.32537,16.243109999999998,16.16049,16.07742,15.993810000000002,15.909659999999999,15.82506,15.740010000000002,15.654509999999998,15.568470000000001,15.481890000000002,15.39486,15.307379999999998,15.21945,15.130980000000001,15.042060000000001,14.95278,14.863050000000001,14.772870000000001,14.68233,14.591430000000003,14.50017,14.40864,14.316840000000001,14.224860000000001,14.13261,14.040360000000002,13.94793,13.85559,13.763340000000001,13.671180000000001,13.57929,13.48776,13.39668,13.30614,13.21623,13.127220000000001,13.0392,12.952169999999999,12.866489999999999,12.782250000000001,12.699629999999999,12.61881,12.53997,12.46338,12.38922,12.31767,12.249,12.183300000000001,12.121020000000001,12.06216,12.0069,11.9556,11.90835,11.86533,11.826630000000002,11.792430000000001,11.76273,11.73771,11.71728,11.70162,11.69064,11.68425,11.68236,11.68497,11.6919,11.70297,11.718,11.73681,11.75913,11.784870000000002,11.81376,11.84544,11.87982,11.916540000000001,11.95542,11.99628,12.038670000000002,12.082590000000001,12.12768,12.173760000000001,12.22074,12.26826,12.31623,12.36447,12.412889999999999,12.461310000000001,12.50955,12.55752,12.605220000000001,12.652379999999999,12.699,12.74499,12.79026,12.83472,12.87846,12.9213,12.963149999999999,13.00419,13.04415,13.08312,13.1211,13.158,13.19391,13.22865,13.262400000000001,13.29498,13.32657,13.356990000000001,13.38642,13.41468,13.44186,13.46805,13.493070000000001,13.517100000000001,13.540049999999999,13.562009999999999,13.58289,13.602780000000001,13.62168,13.6395,13.65642,13.67226,13.6872,13.70124,13.7142,13.72635,13.73751,13.74777,13.75722,13.76568,13.77333,13.78008,13.78593,13.79097,13.7952,13.79862,13.80114,13.802940000000001,13.80393,13.80411,13.80357,13.80213,13.80006,13.797179999999999,13.79349,13.78917,13.784040000000001,13.77819,13.77162,13.76433,13.75632,13.74768,13.73823,13.728150000000001,13.717260000000001,13.70583,13.69359,13.680719999999999,13.66713,13.65291,13.63797,13.622399999999999,13.606110000000001,13.5891,13.57146,13.553099999999999,13.53411,13.5144,13.49406,13.473,13.451220000000001,13.42881,13.40568,13.38183,13.35726,13.33206,13.30614,13.27941,13.25205,13.22388,13.194989999999999,13.16538,13.134960000000001,13.103819999999999,13.07187,13.03911,13.00563,12.97125,12.93615,12.900150000000002,12.86325,12.82554,12.786930000000002,12.74742,12.70701,12.665700000000001,12.62331,12.580020000000001,12.53574,12.49047,12.44412,12.396690000000001,12.348180000000001,12.29859,12.24774,12.19581,12.14271,12.08835,12.03264,11.975760000000001,11.917440000000001,11.85786,11.79684,11.73429,11.670390000000001,11.60496,11.53791,11.469330000000001,11.39913,11.32722,11.2536,11.17827,11.101140000000001,11.022210000000001,10.94139,10.858680000000001,10.77408,10.68759,10.59903,10.50858,10.41615,10.32174,10.22535,10.12707,10.0269,9.92493,9.82134,9.716040000000001,9.60939,9.50148,9.39249,9.282869999999999,9.1728,9.06264,8.953047,8.844381,8.737299,8.632467,8.530641000000001,8.432649,8.339382,8.251767000000001,8.170767000000001,8.097372,8.032509000000001,7.977069,7.931826000000001,7.897428,7.874343,7.86285,7.863012,7.874649000000001,7.897392,7.930674,7.973748,8.025741000000002,8.085708,8.152623,8.225469,8.303211000000001,8.384886,8.469558,8.55639,8.644599,8.733492,8.822466,8.910981,8.998569,9.08487,9.16947,9.252180000000001,9.33273,9.41094,9.48663,9.55971,9.630090000000001,9.69768,9.762480000000002,9.8244,9.88344,9.93951,9.99279,10.0431,10.090620000000001,10.13517,10.17693,10.21581,10.25181,10.28511,10.315620000000001,10.34334,10.36827,10.3905,10.41003,10.42686,10.440990000000001,10.45242,10.46124,10.467270000000001,10.470690000000001,10.47141,10.469430000000001,10.46475,10.457370000000001,10.44729,10.43451,10.41894,10.400580000000001,10.379430000000001,10.35549,10.32876,10.29906,10.26657,10.231110000000001,10.192770000000001,10.15137,10.107090000000001,10.059750000000001,10.00935,9.95598,9.89955,9.840060000000001,9.777600000000001,9.71217,9.64386,9.57258,9.4986,9.42192,9.342720000000002,9.26127,9.17775,9.09234,9.00558,8.917677000000001,8.829234,8.740764,8.652887999999999,8.566317,8.481852,8.400366,8.322804,8.250183,8.183538,8.123940000000001,8.072424,8.029997999999999,7.997553,7.9758450000000005,7.965486,7.966872000000001,7.980192000000001,8.005383,8.042193,8.090136,8.148591000000001,8.216739,8.293698000000001,8.378514,8.470188,8.567730000000001,8.670186000000001,8.776638,8.886249,8.998227,9.11187,9.22662,9.34173,9.45693,9.57177,9.6858,9.79884,9.91053,10.02069,10.12923,10.235880000000002,10.34064,10.44342,10.54404,10.64268,10.73907,10.833300000000001,10.925370000000001,11.01528,11.10303,11.18853,11.27196,11.35332,11.43252,11.50965,11.5848,11.65788,11.72898,11.79819,11.86542,11.93076,11.99421,12.055860000000001,12.11571,12.173670000000001,12.229920000000002,12.284460000000001,12.33729,12.38841,12.43782,12.48561,12.531780000000001,12.57624,12.61917,12.66048,12.70017,12.738330000000001,12.77487,12.80988,12.84336,12.87522,12.905640000000002,12.93444,12.9618,12.987540000000001,13.01175,13.03443,13.05558,13.07511,13.0932,13.109580000000001,13.12452,13.13775,13.14945,13.15953,13.16799,13.17483,13.17996,13.18338,13.18509,13.18518,13.183470000000002,13.17996,13.174650000000002,13.16745,13.15845,13.14756,13.134780000000001,13.11993,13.103190000000001,13.08438,13.063410000000001,13.040370000000001,13.01517,12.98781,12.95811,12.92607,12.891779999999999,12.854970000000002,12.81573,12.77406,12.72969,12.68271,12.63312,12.58074,12.52548,12.46743,12.406410000000001,12.34251,12.27546,12.205440000000001,12.13218,12.055860000000001,11.97621,11.893410000000001,11.80728,11.718,11.62539,11.52954,11.43054,11.32839,11.22327,11.115179999999999,11.00439,10.89099,10.77543,10.65789,10.53873,10.4184,10.297530000000002,10.17666,10.056420000000001,9.937710000000001,9.82143,9.70857,9.60021,9.49752,9.401760000000001,9.31419,9.23616,9.16884,9.11358,9.07137,9.0432,9.0297,9.031500000000001,9.04878,9.08145,9.129330000000001,9.191699999999999,9.26802,9.35712,9.45819,9.569880000000001,9.69102,9.82053,9.957239999999999,10.09989,10.247580000000001,10.399230000000001,10.554120000000001,10.711260000000001,10.87011,11.02995,11.19033,11.350710000000001,11.51073,11.67003,11.82825,11.9853,12.141,12.29499,12.44727,12.597750000000001,12.74634,12.89304,13.03767,13.18032,13.3209,13.4595,13.59603,13.73067,13.863240000000001,13.99383,14.122530000000001,14.24934,14.37426,14.49738,14.618699999999999,14.738310000000002
17.45946,17.38314,17.30655,17.229509999999998,17.15202,17.07417,16.99587,16.91712,16.83792,16.75827,16.67826,16.59771,16.51662,16.43517,16.353180000000002,16.270740000000004,16.18776,16.10424,16.02027,15.935759999999998,15.8508,15.76521,15.67917,15.5925,15.50538,15.417720000000001,15.329520000000002,15.24078,15.15159,15.06177,14.971500000000002,14.88069,14.789430000000001,14.69772,14.60556,14.51295,14.419980000000002,14.32656,14.23287,14.13891,14.04468,13.95018,13.85559,13.761,13.666319999999999,13.57173,13.47732,13.383180000000001,13.2894,13.19607,13.10346,13.01148,12.92049,12.830490000000001,12.74184,12.654449999999999,12.568769999999999,12.48489,12.40299,12.32334,12.24621,12.17178,12.10023,12.031830000000001,11.96694,11.905560000000001,11.84814,11.79477,11.74563,11.70099,11.66094,11.625660000000002,11.59524,11.56977,11.54925,11.53377,11.52324,11.51766,11.51694,11.52099,11.52954,11.54259,11.559780000000002,11.58102,11.60604,11.63457,11.66643,11.701260000000001,11.738790000000002,11.77875,11.82096,11.86515,11.910960000000001,11.95821,12.00663,12.05604,12.10626,12.15702,12.20823,12.259530000000002,12.311010000000001,12.36231,12.41343,12.46419,12.5145,12.56418,12.61332,12.66165,12.70926,12.75597,12.80178,12.84669,12.89052,12.93336,12.97512,13.01589,13.05549,13.09392,13.131269999999999,13.167539999999999,13.20264,13.23657,13.26933,13.30101,13.33152,13.360949999999999,13.38921,13.41639,13.442400000000001,13.46733,13.49118,13.51395,13.53564,13.55634,13.57596,13.5945,13.61205,13.62861,13.64418,13.65876,13.67244,13.68504,13.69683,13.70763,13.71744,13.72644,13.73454,13.74174,13.748040000000001,13.753530000000001,13.75821,13.76199,13.76496,13.76712,13.768469999999999,13.76901,13.768740000000001,13.76775,13.76595,13.763340000000001,13.76001,13.75596,13.75119,13.745610000000001,13.73931,13.732380000000001,13.724639999999999,13.71618,13.70709,13.697280000000001,13.68675,13.675500000000001,13.66353,13.65093,13.63761,13.62366,13.60899,13.59369,13.57767,13.56093,13.543560000000001,13.52556,13.50684,13.487400000000001,13.46733,13.44654,13.425030000000001,13.40289,13.38012,13.35654,13.33233,13.3074,13.28175,13.25547,13.22838,13.200569999999999,13.17204,13.14279,13.112820000000001,13.082040000000001,13.05054,13.01823,12.985109999999999,12.95118,12.91653,12.880980000000001,12.84462,12.80745,12.76938,12.730410000000001,12.69054,12.64977,12.60801,12.565349999999999,12.521700000000001,12.47715,12.431519999999999,12.38481,12.337110000000001,12.288240000000002,12.238290000000001,12.18726,12.13506,12.0816,12.02697,11.97108,11.91393,11.85552,11.79567,11.73447,11.67192,11.607840000000001,11.54241,11.47536,11.406780000000001,11.33667,11.264940000000001,11.191500000000001,11.11653,11.039760000000001,10.96128,10.881,10.79901,10.71522,10.62972,10.54233,10.45323,10.36233,10.26972,10.1754,10.079460000000001,9.981990000000001,9.88308,9.78291,9.681479999999999,9.57924,9.47619,9.372779999999999,9.26928,9.16605,9.063540000000001,8.962209,8.862678,8.765532,8.671464,8.581203,8.495532,8.415261,8.341227,8.27424,8.215110000000001,8.164557,8.12322,8.091639,8.070192,8.059086,8.058375,8.067915,8.087391,8.116326,8.154107999999999,8.200026000000001,8.253261,8.312958,8.378235,8.448210000000001,8.522028,8.598888,8.678007,8.758692,8.840304,8.922276,9.004050000000001,9.08532,9.1656,9.24453,9.32184,9.39735,9.47088,9.54225,9.61119,9.67779,9.741869999999999,9.80334,9.86229,9.91845,9.972,10.02285,10.071,10.11645,10.1592,10.19925,10.236600000000001,10.27125,10.30329,10.33263,10.35945,10.38348,10.40499,10.42389,10.44018,10.45395,10.46502,10.47357,10.4796,10.48302,10.48383,10.48203,10.47771,10.470690000000001,10.46115,10.44891,10.43415,10.4166,10.39644,10.37358,10.34802,10.31976,10.28871,10.254959999999999,10.21833,10.179,10.13679,10.0917,10.04391,9.99324,9.93969,9.88344,9.8244,9.76266,9.698220000000001,9.631170000000001,9.56178,9.48996,9.41598,9.34002,9.26235,9.18315,9.10296,9.02196,8.940753,8.85978,8.779662,8.701038,8.624637,8.551251,8.481708000000001,8.41689,8.357715,8.305092,8.259903000000001,8.222985,8.195085,8.176851000000001,8.168778000000001,8.171190000000001,8.184258,8.207937000000001,8.242029,8.286138000000001,8.339751,8.402220000000002,8.472789,8.550657000000001,8.634986999999999,8.724933,8.819649,8.918334,9.02025,9.12465,9.23094,9.33849,9.44685,9.555570000000001,9.66411,9.772200000000002,9.87957,9.98604,10.09116,10.19502,10.29726,10.39788,10.4967,10.59372,10.68885,10.782,10.87326,10.96254,11.04975,11.13498,11.21823,11.2995,11.3787,11.45601,11.53134,11.60478,11.67624,11.7459,11.81367,11.87955,11.943719999999999,12.006,12.06657,12.12534,12.1824,12.23775,12.29148,12.3435,12.3939,12.442590000000001,12.489749999999999,12.535290000000002,12.5793,12.621690000000001,12.66246,12.701789999999999,12.7395,12.77568,12.81042,12.84354,12.87522,12.90537,12.93399,12.961170000000001,12.986730000000001,13.01085,13.03344,13.054590000000001,13.07412,13.09212,13.10859,13.12353,13.136940000000001,13.14873,13.158990000000001,13.167629999999999,13.174650000000002,13.17996,13.18374,13.18581,13.18617,13.18482,13.18167,13.1769,13.17024,13.16178,13.151430000000001,13.139190000000001,13.12506,13.10904,13.090950000000001,13.07079,13.04865,13.02444,12.99798,12.96936,12.93849,12.90537,12.869909999999999,12.83202,12.79179,12.749039999999999,12.70368,12.6558,12.605310000000001,12.55212,12.49623,12.43746,12.37599,12.31155,12.24423,12.17394,12.10077,12.02454,11.945250000000001,11.862990000000002,11.777759999999999,11.68947,11.5983,11.50425,11.407409999999999,11.30787,11.20572,11.10132,10.994670000000001,10.886220000000002,10.77615,10.665,10.553040000000001,10.440809999999999,10.32903,10.21824,10.109160000000001,10.002780000000001,9.89991,9.80154,9.70866,9.622530000000001,9.54405,9.47457,9.41499,9.36639,9.32976,9.30591,9.29529,9.29844,9.31545,9.3465,9.39114,9.449100000000001,9.519660000000002,9.602010000000002,9.69543,9.79884,9.91116,10.031490000000002,10.15875,10.292040000000002,10.43028,10.57266,10.71846,10.86678,11.01717,11.16882,11.32128,11.47419,11.6271,11.77965,11.93157,12.082500000000001,12.23244,12.38103,12.52827,12.67389,12.81798,12.96036,13.10094,13.23981,13.37679,13.51197,13.64535,13.776840000000002,13.90662,14.03451,14.1606,14.28498,14.407650000000002,14.52861,14.647860000000001,14.76549
17.41437,17.33769,17.26056,17.18298,17.104950000000002,17.02656,16.94772,16.86843,16.78869,16.70841,16.62777,16.5465,16.46487,16.38261,16.2999,16.21674,16.13295,16.048620000000003,15.963840000000001,15.878430000000002,15.792480000000001,15.705900000000002,15.61887,15.531210000000002,15.44301,15.35418,15.264809999999999,15.17481,15.084270000000002,14.993189999999998,14.901480000000001,14.80923,14.716440000000002,14.623110000000002,14.52933,14.435010000000002,14.340150000000001,14.24493,14.14926,14.05323,13.95693,13.86027,13.76343,13.66641,13.5693,13.47219,13.37517,13.27824,13.18167,13.085550000000001,12.98988,12.89502,12.800880000000001,12.70773,12.61584,12.5253,12.43629,12.34908,12.26394,12.181049999999999,12.10068,12.023010000000001,11.9484,11.87712,11.80926,11.74527,11.68533,11.629710000000001,11.57859,11.53215,11.49066,11.454210000000002,11.42289,11.39688,11.37618,11.360880000000002,11.35089,11.34621,11.34666,11.35215,11.36259,11.37771,11.39742,11.421270000000002,11.44908,11.48067,11.51568,11.553840000000001,11.594790000000001,11.63826,11.68407,11.73177,11.781179999999999,11.83203,11.88405,11.936969999999999,11.99061,12.04479,12.09924,12.153870000000001,12.20841,12.262860000000002,12.31686,12.3705,12.4236,12.47598,12.527640000000002,12.5784,12.62835,12.6774,12.72537,12.77226,12.81816,12.86289,12.90654,12.94893,12.99024,13.030289999999999,13.06917,13.10688,13.14333,13.178609999999999,13.21263,13.24548,13.27716,13.307670000000002,13.33701,13.365179999999999,13.39218,13.418009999999999,13.442760000000002,13.46634,13.488840000000001,13.51035,13.53069,13.54995,13.56822,13.585410000000001,13.60161,13.61682,13.63095,13.64418,13.65651,13.667760000000001,13.6782,13.687650000000001,13.696200000000001,13.70385,13.7106,13.716450000000002,13.721490000000001,13.72572,13.72905,13.731570000000001,13.73328,13.73418,13.73427,13.73355,13.73211,13.72986,13.726890000000001,13.72311,13.71861,13.7133,13.70736,13.70061,13.693230000000002,13.68504,13.67622,13.66668,13.65642,13.64544,13.63374,13.621410000000001,13.608360000000001,13.59468,13.58028,13.56525,13.5495,13.53303,13.515929999999999,13.498199999999999,13.47975,13.46058,13.44078,13.42026,13.39911,13.37733,13.35474,13.33152,13.307670000000002,13.28301,13.25772,13.23171,13.205070000000001,13.177620000000001,13.14945,13.120560000000001,13.090950000000001,13.06053,13.02948,12.997530000000001,12.96495,12.93147,12.897269999999999,12.86217,12.82635,12.789629999999999,12.7521,12.71367,12.674339999999999,12.6342,12.59307,12.55113,12.50811,12.46419,12.41928,12.373380000000001,12.3264,12.27843,12.22938,12.179160000000001,12.12786,12.075479999999999,12.02184,11.96703,11.911050000000001,11.853720000000001,11.79513,11.73528,11.67399,11.61144,11.547450000000001,11.48202,11.41515,11.34675,11.276909999999999,11.20545,11.13246,11.05794,10.98171,10.903950000000002,10.824570000000001,10.74357,10.66086,10.57662,10.49076,10.40328,10.31436,10.22391,10.132109999999999,10.038960000000001,9.94464,9.84933,9.75303,9.6561,9.558810000000001,9.46125,9.36387,9.26703,9.17109,9.076590000000001,8.98398,8.893845,8.806797,8.723493,8.644608,8.570862,8.502966,8.441613,8.387478,8.341164000000001,8.303211000000001,8.274051000000002,8.253999,8.243208,8.241732,8.249436000000001,8.266067999999999,8.291231999999999,8.324406,8.364987000000001,8.412291,8.465598,8.524143,8.58717,8.653923,8.723691,8.795781,8.869563,8.944461,9.01989,9.09549,9.17073,9.24534,9.31887,9.39114,9.461879999999999,9.53091,9.59796,9.663030000000001,9.72594,9.786510000000002,9.844830000000002,9.90072,9.95427,10.00521,10.05372,10.09971,10.143180000000001,10.18404,10.22247,10.25829,10.291590000000001,10.322370000000001,10.35063,10.37637,10.39968,10.420380000000002,10.438649999999999,10.4544,10.467720000000002,10.47852,10.48689,10.49283,10.49616,10.49706,10.49553,10.49148,10.484910000000001,10.47591,10.464300000000001,10.45026,10.43361,10.41435,10.39266,10.36827,10.34136,10.31184,10.27962,10.24488,10.20744,10.167300000000001,10.12455,10.07919,10.03122,9.980640000000001,9.92745,9.87174,9.81351,9.75294,9.69012,9.62496,9.55782,9.48888,9.418140000000001,9.34605,9.27279,9.198720000000002,9.1242,9.04977,8.975709,8.902719,8.831358000000002,8.762292,8.696214,8.633871000000001,8.576037000000001,8.523495,8.477037,8.43741,8.405325,8.381421,8.36622,8.360163,8.363502,8.37639,8.398809,8.430579,8.471403,8.52084,8.578359,8.643339,8.715095999999999,8.792919,8.876079,8.963847000000001,9.055530000000001,9.15039,9.24786,9.3474,9.44838,9.55035,9.65286,9.75555,9.85806,9.960030000000001,10.06137,10.161810000000001,10.26108,10.359,10.45557,10.550609999999999,10.64403,10.73583,10.825830000000002,10.91412,11.00052,11.085120000000002,11.16792,11.24883,11.32785,11.40507,11.480400000000001,11.55393,11.625660000000002,11.695590000000001,11.763720000000001,11.830050000000002,11.894670000000001,11.95749,12.018690000000001,12.07809,12.135869999999999,12.19194,12.246390000000002,12.299220000000002,12.35052,12.400110000000002,12.448170000000001,12.4947,12.53961,12.58299,12.62484,12.66525,12.70404,12.74139,12.77721,12.811589999999999,12.84444,12.87585,12.90582,12.93426,12.961170000000001,12.986640000000001,13.010670000000001,13.03317,13.05423,13.07376,13.09176,13.10832,13.12326,13.136759999999999,13.14873,13.15908,13.167900000000001,13.1751,13.18077,13.18473,13.18716,13.18788,13.186890000000002,13.184190000000001,13.17978,13.17366,13.165740000000001,13.156020000000002,13.14441,13.131,13.11561,13.098329999999999,13.07907,13.05783,13.034519999999999,13.00905,12.98151,12.95181,12.91995,12.885750000000002,12.8493,12.81051,12.76929,12.72573,12.67965,12.63105,12.57984,12.52611,12.46968,12.41055,12.34872,12.28419,12.21687,12.146849999999999,12.07395,11.99826,11.91978,11.8386,11.75463,11.667959999999999,11.57877,11.487060000000001,11.39301,11.296710000000001,11.19834,11.09826,10.99665,10.893780000000001,10.7901,10.686060000000001,10.58211,10.47879,10.37673,10.27665,10.179359999999999,10.08558,9.9963,9.912420000000001,9.83484,9.764550000000002,9.70263,9.649980000000001,9.60741,9.57564,9.555570000000001,9.54747,9.55188,9.5688,9.59841,9.64035,9.69444,9.76005,9.83655,9.92322,10.019250000000001,10.12374,10.235790000000001,10.35459,10.479239999999999,10.608929999999999,10.74276,10.8801,11.02023,11.16261,11.306519999999999,11.451690000000001,11.5974,11.74356,11.88954,12.035250000000001,12.18042,12.32478,12.468060000000001,12.61035,12.751290000000001,12.890880000000001,13.02894,13.16556,13.30065,13.43403,13.56588,13.69602,13.82454,13.95135,14.07654,14.20011,14.32206,14.442390000000001,14.5611,14.67828,14.79393
17.36982,17.2926,17.215020000000003,17.13699,17.058510000000002,16.97958,16.900199999999998,16.82028,16.740000000000002,16.659180000000003,16.57782,16.49592,16.41357,16.33068,16.247249999999998,16.16328,16.078770000000002,15.993630000000001,15.90795,15.82164,15.73479,15.64731,15.5592,15.47046,15.38118,15.29127,15.200640000000002,15.10947,15.017669999999999,14.92515,14.83209,14.738400000000002,14.64408,14.549130000000002,14.45364,14.357520000000001,14.26095,14.16375,14.066189999999999,13.96809,13.86954,13.77063,13.67145,13.572000000000001,13.472370000000002,13.37265,13.27284,13.173210000000001,13.07376,12.97458,12.87585,12.77775,12.68037,12.58389,12.48858,12.394620000000002,12.302100000000001,12.21147,12.12273,12.03633,11.95245,11.871450000000001,11.79351,11.718900000000001,11.64807,11.58111,11.518469999999999,11.46033,11.40696,11.35854,11.315339999999999,11.27754,11.24532,11.218679999999999,11.1978,11.182680000000001,11.17323,11.169450000000001,11.17116,11.178360000000001,11.19078,11.20824,11.23047,11.2572,11.288160000000001,11.322989999999999,11.361419999999999,11.403179999999999,11.44782,11.49507,11.54457,11.59614,11.64942,11.70405,11.75985,11.816460000000001,11.87379,11.93157,11.98953,12.047490000000002,12.105360000000001,12.16296,12.22011,12.27663,12.33252,12.38769,12.441960000000002,12.49533,12.54771,12.599010000000002,12.649230000000001,12.69828,12.74616,12.79287,12.83832,12.88251,12.92544,12.96711,13.00752,13.04667,13.08456,13.1211,13.15647,13.19049,13.22334,13.25493,13.28535,13.31451,13.34241,13.36923,13.39479,13.41927,13.44258,13.46481,13.48587,13.50585,13.524750000000001,13.54266,13.5594,13.57524,13.59,13.603769999999999,13.61655,13.62834,13.63923,13.649220000000001,13.65822,13.66623,13.67343,13.679730000000001,13.685220000000001,13.689810000000001,13.6935,13.69638,13.69845,13.69971,13.70016,13.69971,13.698630000000001,13.69665,13.693950000000001,13.69053,13.686300000000001,13.68135,13.67568,13.6692,13.66209,13.65417,13.64562,13.63635,13.62636,13.61565,13.60422,13.59216,13.57938,13.56597,13.55184,13.536990000000001,13.52151,13.5054,13.48857,13.471020000000001,13.45293,13.43403,13.4145,13.39434,13.373460000000001,13.35195,13.32972,13.30677,13.283190000000001,13.258980000000001,13.23396,13.20831,13.181939999999999,13.15485,13.12704,13.098600000000001,13.06935,13.039380000000001,13.008690000000001,12.97719,12.94497,12.91203,12.87828,12.84372,12.80835,12.772170000000001,12.73509,12.69729,12.65859,12.61899,12.57858,12.53718,12.49488,12.451680000000001,12.40749,12.36231,12.31614,12.268979999999999,12.22083,12.17151,12.1212,12.06972,12.01716,11.96343,11.90853,11.85246,11.79513,11.73654,11.67669,11.615490000000001,11.553030000000001,11.489220000000001,11.42397,11.357370000000001,11.28933,11.21994,11.14902,11.07666,11.002770000000002,10.92744,10.85058,10.77228,10.69245,10.611270000000001,10.52856,10.444500000000001,10.35909,10.27251,10.18458,10.09566,10.00575,9.91503,9.823680000000001,9.73188,9.6399,9.547920000000001,9.4563,9.365400000000001,9.275580000000001,9.18738,9.10107,9.01737,8.93664,8.859591,8.78679,8.718849,8.65638,8.599986000000001,8.550225,8.50761,8.4726,8.445528,8.426663999999999,8.416143,8.413992,8.420094,8.434242000000001,8.456094,8.485227,8.521119,8.563194,8.610831,8.663373,8.720172000000002,8.780553,8.843895,8.909586000000001,8.977041,9.045720000000001,9.1152,9.18495,9.25461,9.32382,9.39231,9.45972,9.525870000000001,9.590580000000001,9.65367,9.71487,9.774180000000001,9.83151,9.88668,9.93978,9.990540000000001,10.039050000000001,10.08522,10.129050000000001,10.170539999999999,10.20969,10.246410000000001,10.2807,10.312650000000001,10.342260000000001,10.36935,10.39419,10.4166,10.43658,10.454220000000001,10.46952,10.48239,10.49292,10.50102,10.506780000000001,10.510200000000001,10.511190000000001,10.50984,10.506150000000002,10.50003,10.49148,10.4805,10.46718,10.45134,10.433159999999999,10.41246,10.38933,10.36377,10.33569,10.305090000000002,10.27206,10.236600000000001,10.19862,10.15812,10.11519,10.069830000000001,10.02204,9.971910000000001,9.91944,9.86472,9.80784,9.748980000000001,9.68805,9.62541,9.56115,9.49554,9.42867,9.36099,9.29268,9.22419,9.15597,9.08838,9.02196,8.957205,8.894799,8.835336,8.779464,8.727876,8.681247,8.640252,8.605547999999999,8.577729000000001,8.557335,8.544825,8.540541000000001,8.544726,8.557497000000001,8.578845,8.608644,8.646624000000001,8.692443,8.745651,8.805726000000002,8.872092,8.944137,9.02124,9.102780000000001,9.1881,9.27657,9.36774,9.460980000000001,9.55584,9.65187,9.748619999999999,9.84573,9.94293,10.039950000000001,10.13643,10.23219,10.32714,10.420919999999999,10.513620000000001,10.604970000000002,10.694880000000001,10.78335,10.870289999999999,10.95561,11.03922,11.1213,11.20158,11.28015,11.3571,11.432250000000002,11.505690000000001,11.57742,11.64744,11.71575,11.782350000000001,11.847240000000001,11.91051,11.97207,12.0321,12.09042,12.147120000000001,12.20229,12.25584,12.30777,12.35817,12.40713,12.45447,12.50028,12.54456,12.5874,12.6288,12.66867,12.70701,12.744,12.77946,12.81348,12.846060000000001,12.87711,12.90681,12.93507,12.9618,12.98718,13.01103,13.03344,13.054409999999999,13.07394,13.09203,13.10859,13.123619999999999,13.13721,13.149270000000001,13.1598,13.1688,13.17627,13.182120000000001,13.186440000000001,13.18914,13.19022,13.189589999999999,13.187429999999999,13.183470000000002,13.1778,13.170420000000002,13.16133,13.15035,13.13766,13.12299,13.10652,13.08807,13.067730000000001,13.04541,13.02102,12.99456,12.966030000000002,12.93534,12.90249,12.86748,12.83022,12.79062,12.74868,12.7044,12.65769,12.60855,12.55698,12.5028,12.446190000000001,12.38697,12.32523,12.260790000000002,12.19383,12.12426,12.05217,11.97738,11.900160000000001,11.82042,11.73834,11.653830000000001,11.56716,11.47833,11.3877,11.29527,11.2014,11.10627,11.010330000000002,10.91385,10.81719,10.72089,10.625580000000001,10.53162,10.43991,10.3509,10.26558,10.18449,10.10871,10.038960000000001,9.97605,9.92088,9.874350000000002,9.83709,9.80973,9.79299,9.787230000000001,9.792720000000001,9.80964,9.838080000000001,9.87768,9.92844,9.98973,10.061010000000001,10.14174,10.23129,10.32876,10.433430000000001,10.544580000000002,10.6614,10.78317,10.90917,11.03877,11.17125,11.30616,11.44287,11.58093,11.71998,11.859570000000001,11.99943,12.1392,12.278609999999999,12.41757,12.555810000000001,12.693150000000001,12.829500000000001,12.964680000000001,13.098600000000001,13.23126,13.362570000000002,13.49244,13.62087,13.74786,13.87332,13.99734,14.11983,14.24079,14.36022,14.4783,14.59476,14.70987,14.823540000000001
17.32572,17.24805,17.17002,17.091540000000002,17.01252,16.933049999999998,16.85313,16.772759999999998,16.691850000000002,16.6104,16.528499999999998,16.44597,16.36299,16.27938,16.195230000000002,16.11045,16.02513,15.93927,15.85269,15.765569999999999,15.677729999999999,15.589350000000001,15.500250000000001,15.410520000000002,15.320070000000001,15.22899,15.137279999999999,15.04476,14.9517,14.857830000000002,14.763330000000002,14.668199999999999,14.572350000000002,14.47578,14.378580000000001,14.28075,14.18229,14.0832,13.98348,13.88331,13.7826,13.68144,13.57983,13.477860000000002,13.375620000000001,13.2732,13.1706,13.068,12.96549,12.86325,12.76128,12.65985,12.55905,12.459060000000001,12.360149999999999,12.262500000000001,12.16638,12.07188,11.97945,11.88927,11.8017,11.71692,11.635380000000001,11.557260000000001,11.48301,11.412899999999999,11.347290000000001,11.28636,11.23047,11.17989,11.13489,11.09556,11.06226,11.03499,11.013750000000002,10.99872,10.9899,10.987110000000001,10.99026,10.99926,11.01384,11.03382,11.05884,11.08872,11.12301,11.16135,11.20356,11.2491,11.2977,11.349,11.402640000000002,11.458350000000001,11.51559,11.57436,11.634120000000001,11.69469,11.755889999999999,11.81736,11.879010000000001,11.940570000000001,12.00186,12.062700000000001,12.123000000000001,12.182670000000002,12.24153,12.29949,12.35655,12.41244,12.46734,12.52098,12.57345,12.62466,12.674610000000001,12.723210000000002,12.77055,12.816540000000002,12.861180000000001,12.90447,12.94641,12.987,13.02624,13.06422,13.100760000000001,13.13604,13.17006,13.20273,13.23414,13.264289999999999,13.293270000000001,13.3209,13.34736,13.37265,13.396770000000002,13.41972,13.441500000000001,13.462200000000001,13.481819999999999,13.50027,13.51773,13.53411,13.54941,13.56372,13.57704,13.58937,13.600710000000001,13.61115,13.620600000000001,13.62915,13.636709999999999,13.64346,13.649220000000001,13.65417,13.65831,13.661550000000002,13.66398,13.66551,13.666319999999999,13.66623,13.66542,13.6638,13.66137,13.65822,13.65435,13.64967,13.64418,13.63806,13.631219999999999,13.62357,13.61529,13.60629,13.596480000000001,13.58613,13.57497,13.563180000000001,13.55067,13.53744,13.523579999999999,13.50909,13.49388,13.47795,13.461390000000002,13.4442,13.426290000000002,13.407750000000002,13.38849,13.368599999999999,13.34799,13.326749999999999,13.30488,13.282290000000001,13.258980000000001,13.235040000000001,13.21047,13.18509,13.15908,13.13235,13.10499,13.07682,13.04802,13.018410000000001,12.98817,12.957120000000002,12.92535,12.89286,12.85956,12.82545,12.79062,12.75498,12.718530000000001,12.68118,12.64311,12.604140000000001,12.56427,12.52359,12.48201,12.439440000000001,12.39606,12.351600000000001,12.30633,12.25998,12.21264,12.16431,12.1149,12.06441,12.01293,11.96028,11.906460000000001,11.851560000000001,11.79549,11.73825,11.67975,11.62008,11.55906,11.496870000000001,11.43333,11.368440000000001,11.30229,11.23479,11.165939999999999,11.09574,11.02419,10.9512,10.87695,10.801260000000001,10.724310000000001,10.64601,10.566450000000001,10.48572,10.40382,10.320839999999999,10.23678,10.151909999999999,10.06623,9.979920000000002,9.89325,9.80631,9.719280000000001,9.63252,9.5463,9.460980000000001,9.37683,9.2943,9.213930000000001,9.13599,9.061020000000001,8.989623,8.922267,8.85951,8.801856,8.749836,8.703927,8.664561,8.632098000000001,8.606853,8.589024,8.578719,8.575965,8.580663,8.592633000000001,8.611578,8.637147,8.668908,8.706348,8.748945,8.796132,8.847333,8.901972,8.9595,9.01935,9.081,9.144,9.2079,9.27225,9.33669,9.40095,9.46458,9.52749,9.58932,9.64989,9.70902,9.766620000000001,9.82251,9.8766,9.9288,9.97902,10.02717,10.073250000000002,10.117170000000002,10.15893,10.19853,10.235880000000002,10.27098,10.303830000000001,10.33443,10.36278,10.38879,10.41264,10.43424,10.4535,10.47051,10.48527,10.49769,10.50795,10.515870000000001,10.52154,10.52496,10.52613,10.52496,10.52154,10.515780000000001,10.50777,10.49742,10.484820000000001,10.46988,10.4526,10.43307,10.41111,10.38681,10.36026,10.331280000000001,10.29996,10.26639,10.23048,10.19223,10.15164,10.10889,10.0638,10.01664,9.96732,9.91602,9.86274,9.80766,9.75087,9.692459999999999,9.6327,9.57177,9.50994,9.44748,9.38466,9.32175,9.25929,9.19764,9.13716,9.078570000000001,9.02223,8.968725,8.918685,8.872695,8.831349,8.795223,8.764884,8.740845,8.723565,8.713431,8.710731000000001,8.71569,8.728398,8.748846,8.776944,8.812476,8.855136000000002,8.904573,8.960328,9.02196,9.08883,9.16047,9.23643,9.315990000000001,9.3987,9.484020000000001,9.57159,9.660779999999999,9.75123,9.84267,9.93456,10.026810000000001,10.11897,10.21086,10.30221,10.392930000000002,10.482840000000001,10.57167,10.65942,10.746,10.831230000000001,10.91511,10.99755,11.07855,11.15802,11.23587,11.312190000000001,11.386980000000001,11.46006,11.53161,11.60154,11.66985,11.73654,11.8017,11.86515,11.92707,11.98746,12.046230000000001,12.10347,12.159089999999999,12.21327,12.26592,12.31704,12.36663,12.41469,12.461400000000001,12.506580000000001,12.550229999999999,12.59253,12.6333,12.67272,12.710609999999999,12.747150000000001,12.782250000000001,12.81591,12.848220000000001,12.879000000000001,12.908430000000001,12.93651,12.96306,12.98826,13.012020000000001,13.03434,13.05531,13.07475,13.092839999999999,13.1094,13.12452,13.138200000000001,13.15044,13.161150000000001,13.17033,13.177980000000002,13.184099999999999,13.18869,13.19175,13.193190000000001,13.19301,13.19121,13.18779,13.18266,13.17582,13.16736,13.15701,13.14495,13.13109,13.11543,13.09788,13.078439999999999,13.05702,13.03371,13.00842,12.981060000000001,12.951630000000002,12.92013,12.886470000000001,12.850740000000002,12.81267,12.772530000000001,12.73005,12.68523,12.638160000000001,12.588750000000001,12.53691,12.48273,12.426029999999999,12.36708,12.30561,12.241710000000001,12.17538,12.10671,12.0357,11.962349999999999,11.88675,11.80899,11.72916,11.64735,11.56374,11.47842,11.39175,11.30382,11.21499,11.12544,11.035710000000002,10.94616,10.85706,10.76913,10.68282,10.59867,10.5174,10.43973,10.366200000000001,10.29771,10.23498,10.17873,10.12977,10.08864,10.05615,10.032750000000002,10.018979999999999,10.01529,10.02186,10.03878,10.06623,10.10394,10.15164,10.209150000000001,10.27593,10.35153,10.43514,10.5264,10.624410000000001,10.72863,10.83843,10.953,11.07171,11.19411,11.319569999999999,11.447460000000001,11.57733,11.708820000000001,11.84148,11.974860000000001,12.108780000000001,12.24288,12.376890000000001,12.51063,12.643830000000001,12.776489999999999,12.908249999999999,13.0392,13.169070000000001,13.29786,13.42548,13.55184,13.67694,13.80078,13.92327,14.044410000000001,14.16411,14.28255,14.39955,14.5152,14.6295,14.742540000000002,14.854140000000001
17.28216,17.204040000000003,17.12556,17.04654,16.96707,16.887150000000002,16.80669,16.72578,16.64433,16.56225,16.47972,16.39665,16.31295,16.22871,16.14384,16.05834,15.97221,15.88554,15.79815,15.710130000000001,15.62139,15.53202,15.442020000000001,15.35121,15.259680000000001,15.16752,15.074550000000002,14.98086,14.886450000000002,14.791319999999999,14.69538,14.59872,14.50125,14.40315,14.30424,14.20461,14.10426,14.003190000000002,13.901489999999999,13.79916,13.696200000000001,13.5927,13.48857,13.38408,13.27914,13.17393,13.06845,12.96288,12.85722,12.75165,12.646350000000002,12.54141,12.437009999999999,12.33333,12.230640000000001,12.12912,12.02904,11.93058,11.8341,11.73987,11.64825,11.55951,11.474010000000002,11.39211,11.31417,11.24055,11.171520000000001,11.10753,11.04894,10.995930000000001,10.94886,10.90791,10.87335,10.845270000000001,10.82376,10.80882,10.80063,10.798919999999999,10.8036,10.81449,10.8315,10.85418,10.88226,10.91547,10.95345,10.995659999999999,11.041920000000001,11.0916,11.14452,11.20014,11.25819,11.31822,11.37987,11.44287,11.506950000000002,11.57166,11.63691,11.70234,11.76786,11.833020000000001,11.897910000000001,11.96226,12.02589,12.08871,12.15063,12.21147,12.271320000000001,12.32991,12.38724,12.4434,12.49812,12.55158,12.6036,12.65418,12.70341,12.751199999999999,12.797550000000001,12.842459999999999,12.88593,12.92796,12.968639999999999,13.00788,13.045770000000001,13.08222,13.11732,13.151159999999999,13.18356,13.2147,13.244580000000001,13.2732,13.300559999999999,13.32666,13.351500000000001,13.37517,13.39776,13.41909,13.439340000000001,13.45842,13.476510000000001,13.49343,13.509360000000001,13.52421,13.53798,13.55085,13.56264,13.57353,13.58334,13.59234,13.60035,13.607460000000001,13.61367,13.618979999999999,13.62348,13.62708,13.62978,13.63167,13.632840000000002,13.63311,13.63257,13.631219999999999,13.62915,13.62627,13.622580000000001,13.61826,13.61304,13.60719,13.600620000000001,13.59324,13.58523,13.57641,13.566960000000002,13.556790000000001,13.54599,13.53438,13.52214,13.50927,13.49568,13.48137,13.46643,13.45077,13.434479999999999,13.41756,13.39992,13.381649999999999,13.36275,13.34313,13.322790000000001,13.30191,13.28031,13.25799,13.235040000000001,13.211459999999999,13.18716,13.162139999999999,13.13649,13.11012,13.08312,13.0554,13.026959999999999,12.9978,12.96792,12.937320000000001,12.906,12.87396,12.841109999999999,12.807540000000001,12.773159999999999,12.738059999999999,12.70215,12.665429999999999,12.6279,12.58956,12.550320000000001,12.51027,12.469410000000002,12.427560000000001,12.3849,12.34125,12.29679,12.25125,12.20481,12.15738,12.10896,12.05946,12.00897,11.95749,11.90484,11.85111,11.7963,11.74032,11.68326,11.62503,11.56554,11.504880000000002,11.44305,11.379959999999999,11.315610000000001,11.25,11.18322,11.11509,11.04579,10.97523,10.903410000000001,10.83042,10.756170000000001,10.68084,10.60434,10.526760000000001,10.44819,10.36872,10.28844,10.20744,10.12581,10.043730000000002,9.96147,9.87903,9.79686,9.71496,9.63378,9.55359,9.47475,9.397530000000001,9.32238,9.24975,9.180090000000002,9.113760000000001,9.051300000000001,8.993142,8.939781,8.89164,8.849133,8.812611,8.782398,8.758737,8.741808,8.731691999999999,8.728398,8.731854,8.741907,8.758296,8.780724000000001,8.808813,8.84214,8.880246,8.922636,8.968815000000001,9.018270000000001,9.07056,9.12501,9.18144,9.239220000000001,9.2979,9.3573,9.41688,9.47637,9.5355,9.59409,9.65178,9.70848,9.76401,9.818100000000001,9.870659999999999,9.921690000000002,9.971010000000001,10.01844,10.06407,10.10781,10.14948,10.18926,10.226880000000001,10.26252,10.296,10.32741,10.35675,10.38384,10.40886,10.43172,10.45242,10.47105,10.48743,10.50165,10.513710000000001,10.5237,10.53144,10.53702,10.54044,10.54161,10.54071,10.53756,10.532250000000001,10.52478,10.51506,10.50318,10.48905,10.472760000000001,10.454220000000001,10.433520000000001,10.41057,10.385370000000002,10.35801,10.3284,10.29672,10.26279,10.2267,10.18845,10.14822,10.105830000000001,10.06155,10.01529,9.96723,9.91737,9.86598,9.81297,9.758700000000001,9.70326,9.64683,9.589770000000001,9.53217,9.474390000000001,9.416699999999999,9.35964,9.30339,9.24849,9.19539,9.144630000000001,9.09657,9.05175,9.010800000000001,8.974188,8.942409,8.915967,8.895285,8.880768000000002,8.872749,8.871489,8.877141,8.889822,8.909523000000002,8.936154,8.969553,9.009450000000001,9.05562,9.10755,9.16488,9.22725,9.294030000000001,9.36486,9.43929,9.51669,9.59679,9.67896,9.76302,9.84834,9.934740000000001,10.02186,10.10934,10.19691,10.28448,10.371690000000001,10.45836,10.5444,10.62963,10.71396,10.79721,10.879380000000001,10.96029,11.039940000000001,11.11824,11.19519,11.2707,11.34477,11.4174,11.48859,11.55825,11.626380000000001,11.69298,11.75805,11.821679999999999,11.88378,11.94435,12.00348,12.06108,12.11715,12.17178,12.224969999999999,12.27663,12.32685,12.375630000000001,12.422970000000001,12.468960000000001,12.51342,12.55653,12.5982,12.63843,12.67731,12.714839999999999,12.75093,12.785670000000001,12.81897,12.85092,12.88152,12.910680000000001,12.93849,12.96495,12.98997,13.01364,13.03587,13.056750000000001,13.07619,13.094280000000001,13.110840000000001,13.126050000000001,13.13982,13.15215,13.16304,13.1724,13.18032,13.18671,13.19166,13.194989999999999,13.19679,13.19706,13.19571,13.19274,13.18815,13.181939999999999,13.17402,13.164390000000001,13.15305,13.13991,13.12506,13.10832,13.089780000000001,13.06944,13.047120000000001,13.022910000000001,12.99681,12.968639999999999,12.93849,12.90627,12.871979999999999,12.835619999999999,12.7971,12.75642,12.71358,12.66849,12.62124,12.57174,12.5199,12.465900000000001,12.409559999999999,12.35097,12.29022,12.227129999999999,12.16188,12.09447,12.0249,11.95335,11.87982,11.80449,11.727360000000001,11.6487,11.56869,11.48742,11.40516,11.32227,11.23902,11.15559,11.07261,10.99035,10.90935,10.830060000000001,10.753020000000001,10.67886,10.60812,10.54152,10.47978,10.423350000000001,10.373130000000002,10.32957,10.293389999999999,10.26513,10.24533,10.234259999999999,10.232460000000001,10.239930000000001,10.25703,10.28358,10.31958,10.36485,10.419030000000001,10.48176,10.552679999999999,10.631160000000001,10.716750000000001,10.80882,10.906830000000001,11.01006,11.118060000000002,11.2302,11.34594,11.46483,11.58615,11.70972,11.835,11.96154,12.08916,12.21741,12.346020000000001,12.474900000000002,12.6036,12.73203,12.86001,12.98745,13.114170000000001,13.24008,13.36509,13.48911,13.61205,13.73382,13.854510000000001,13.97403,14.09229,14.20938,14.32521,14.43978,14.553180000000001,14.66523,14.77611,14.88573
17.23905,17.16057,17.08164,17.002170000000003,16.92225,16.84179,16.76088,16.67943,16.597350000000002,16.51482,16.43166,16.34787,16.26354,16.17867,16.09308,16.00686,15.920010000000001,15.83253,15.744330000000001,15.65541,15.56586,15.4755,15.384510000000002,15.292710000000001,15.200099999999999,15.10677,15.012720000000002,14.917769999999999,14.8221,14.72553,14.62824,14.530050000000001,14.43105,14.331240000000001,14.23062,14.12919,14.02695,13.92399,13.82022,13.71564,13.610430000000001,13.5045,13.39794,13.29084,13.183110000000001,13.07502,12.966569999999999,12.857850000000001,12.74895,12.63996,12.53115,12.42252,12.314430000000002,12.20688,12.10014,11.99457,11.89026,11.78757,11.686770000000001,11.58813,11.49219,11.39913,11.30931,11.22327,11.141280000000002,11.063790000000001,10.99116,10.92384,10.862100000000002,10.80639,10.75698,10.71423,10.67823,10.64916,10.62729,10.612530000000001,10.604880000000001,10.60434,10.61073,10.62378,10.643310000000001,10.66905,10.70055,10.73745,10.779300000000001,10.825740000000001,10.87632,10.93068,10.98819,11.04849,11.111220000000001,11.175930000000001,11.24226,11.309849999999999,11.37834,11.44755,11.51703,11.5866,11.656080000000001,11.725200000000001,11.79378,11.861640000000001,11.928780000000001,11.99484,12.05991,12.12372,12.18636,12.24774,12.307680000000001,12.36627,12.42333,12.478950000000001,12.533130000000002,12.58569,12.63681,12.6864,12.73446,12.780990000000001,12.826080000000001,12.86964,12.911669999999999,12.95226,12.99132,13.029029999999999,13.0653,13.10013,13.133610000000001,13.165740000000001,13.196520000000001,13.226040000000001,13.25421,13.28112,13.30677,13.33125,13.354470000000001,13.376520000000001,13.3974,13.41711,13.43574,13.45329,13.46967,13.48506,13.49937,13.51269,13.52493,13.53627,13.54662,13.555980000000002,13.564350000000001,13.57191,13.578479999999999,13.584150000000001,13.58901,13.59288,13.59603,13.59819,13.59963,13.60017,13.59999,13.599,13.5972,13.59459,13.59117,13.58712,13.58226,13.576590000000001,13.57029,13.563180000000001,13.55544,13.54689,13.53771,13.52781,13.51719,13.50594,13.49388,13.48128,13.46787,13.45392,13.43925,13.42386,13.40784,13.39119,13.37382,13.355820000000001,13.337190000000001,13.31784,13.29786,13.27725,13.25592,13.23396,13.21128,13.18806,13.16403,13.13946,13.11408,13.08816,13.061430000000001,13.03416,13.00608,12.97737,12.94785,12.9177,12.88683,12.85524,12.82293,12.789810000000001,12.75597,12.72141,12.68604,12.64995,12.612960000000001,12.57525,12.53673,12.49731,12.457080000000001,12.41604,12.3741,12.33126,12.287519999999999,12.24288,12.19734,12.15081,12.103290000000001,12.05487,12.00546,11.954970000000001,11.903490000000001,11.85102,11.79747,11.74275,11.68704,11.63025,11.57229,11.513250000000001,11.45304,11.391660000000002,11.32911,11.26548,11.20068,11.13471,11.06757,10.999350000000002,10.92996,10.859580000000001,10.788030000000001,10.71549,10.641960000000001,10.56753,10.4922,10.41615,10.33938,10.262070000000001,10.18431,10.10637,10.02816,9.95013,9.87237,9.79506,9.718560000000002,9.64314,9.56916,9.4968,9.4266,9.358740000000001,9.293849999999999,9.23211,9.17406,9.12006,9.07056,9.025830000000001,8.986347,8.952345000000001,8.924103,8.901837,8.885691,8.875728,8.871966,8.874324,8.882676,8.896806,8.916453,8.941284000000001,8.970948,9.00504,9.04311,9.08478,9.1296,9.17703,9.226709999999999,9.27819,9.3312,9.385200000000001,9.43983,9.494909999999999,9.550080000000001,9.604980000000001,9.659519999999999,9.71334,9.76635,9.81828,9.86904,9.91854,9.96651,10.01304,10.05786,10.10106,10.14246,10.18206,10.21986,10.255680000000002,10.28961,10.321560000000002,10.35153,10.37952,10.40553,10.42947,10.45143,10.47132,10.48914,10.504890000000001,10.51866,10.53036,10.53999,10.547550000000001,10.553040000000001,10.55646,10.55781,10.55709,10.554210000000001,10.54935,10.54233,10.53324,10.52208,10.508759999999999,10.49346,10.476,10.45638,10.434780000000002,10.41102,10.38519,10.35729,10.32741,10.29537,10.26144,10.225530000000001,10.18764,10.14795,10.10637,10.063080000000001,10.01817,9.971639999999999,9.923760000000001,9.87444,9.82404,9.77265,9.72054,9.667800000000002,9.61479,9.56178,9.50904,9.45684,9.405719999999999,9.35586,9.30789,9.262080000000001,9.21897,9.17892,9.142470000000001,9.11016,9.08226,9.05931,9.041580000000002,9.02961,9.0234,9.02349,9.02979,9.042480000000001,9.061470000000002,9.08685,9.118440000000001,9.15588,9.19908,9.24768,9.30132,9.35955,9.42201,9.48834,9.558,9.63063,9.70587,9.783180000000002,9.86238,9.94302,10.024740000000001,10.10727,10.190339999999999,10.27368,10.35711,10.440270000000002,10.523159999999999,10.6056,10.687320000000001,10.768320000000001,10.84842,10.92753,11.005560000000001,11.082510000000001,11.15829,11.23272,11.305980000000002,11.3778,11.44836,11.51748,11.58534,11.651670000000001,11.71665,11.780190000000001,11.84229,11.90295,11.96217,12.020040000000002,12.07647,12.13146,12.18501,12.23721,12.28797,12.33729,12.38526,12.43188,12.47706,12.520890000000001,12.56337,12.604500000000002,12.64419,12.68262,12.71961,12.75525,12.789629999999999,12.822569999999999,12.85425,12.884490000000001,12.91347,12.94101,12.96729,12.992220000000001,13.01571,13.03785,13.05873,13.07817,13.096169999999999,13.112910000000001,13.128120000000001,13.14207,13.15449,13.16556,13.1751,13.18329,13.18995,13.195079999999999,13.19877,13.20102,13.20165,13.200750000000001,13.19832,13.19418,13.18851,13.18122,13.17231,13.16169,13.14936,13.13532,13.11948,13.101840000000001,13.08249,13.06125,13.038210000000001,13.01319,12.986369999999999,12.95757,12.92679,12.89403,12.859200000000001,12.82239,12.783600000000002,12.742650000000001,12.699629999999999,12.654449999999999,12.607199999999999,12.557789999999999,12.50631,12.45267,12.39696,12.33918,12.27924,12.21741,12.15351,12.08772,12.020040000000002,11.95065,11.87964,11.8071,11.73321,11.658150000000001,11.5821,11.50533,11.42811,11.350620000000001,11.27331,11.19654,11.12058,11.04597,10.97325,10.90278,10.8351,10.77084,10.710540000000002,10.65483,10.60425,10.559429999999999,10.52082,10.48914,10.46475,10.44801,10.43946,10.43937,10.44774,10.46493,10.49085,10.52532,10.56834,10.61964,10.67886,10.74564,10.81953,10.90008,10.98675,11.07909,11.17647,11.278530000000002,11.38455,11.49417,11.60685,11.72223,11.839770000000001,11.959200000000001,12.08016,12.2022,12.32505,12.44853,12.572280000000001,12.69621,12.82005,12.943620000000001,13.066830000000001,13.189499999999999,13.31145,13.43277,13.55319,13.67271,13.79133,13.90896,14.02551,14.140979999999999,14.25546,14.36868,14.480820000000001,14.591880000000002,14.70177,14.81049,14.918130000000001
17.196569999999998,17.11764,17.03826,16.95834,16.87797,16.79706,16.71561,16.63362,16.551090000000002,16.46793,16.38423,16.2999,16.214940000000002,16.129350000000002,16.04304,15.95619,15.86853,15.780240000000001,15.69132,15.601500000000001,15.511050000000001,15.419789999999999,15.32781,15.235020000000002,15.14133,15.046920000000002,14.95161,14.85549,14.758469999999999,14.66064,14.561910000000001,14.46228,14.36175,14.26032,14.15799,14.054670000000002,13.95054,13.845600000000001,13.73967,13.63293,13.52538,13.41702,13.30794,13.19814,13.087620000000001,12.97665,12.86505,12.75309,12.64077,12.528360000000001,12.41586,12.303450000000002,12.19131,12.07971,11.96883,11.85885,11.75004,11.642850000000001,11.537370000000001,11.43414,11.33352,11.23569,11.141280000000002,11.05065,10.96425,10.88253,10.805850000000001,10.73484,10.66968,10.610999999999999,10.55898,10.51407,10.47645,10.446390000000001,10.42398,10.40931,10.402379999999999,10.4031,10.41129,10.426680000000001,10.44909,10.47807,10.51326,10.554210000000001,10.60047,10.6515,10.70685,10.766070000000001,10.82853,10.89387,10.961640000000001,11.03139,11.10267,11.17521,11.248470000000001,11.32227,11.39625,11.47023,11.543849999999999,11.61702,11.68947,11.76111,11.83167,11.90124,11.96946,12.03642,12.10194,12.16602,12.228660000000001,12.28968,12.349169999999999,12.40704,12.46329,12.51792,12.57093,12.62241,12.672179999999999,12.720329999999999,12.76695,12.81195,12.85533,12.897269999999999,12.93759,12.97647,13.01391,13.04982,13.084290000000001,13.11741,13.149180000000001,13.17951,13.20849,13.23621,13.26267,13.287780000000001,13.311720000000001,13.3344,13.35591,13.37625,13.395510000000002,13.4136,13.430520000000001,13.44636,13.46121,13.47498,13.48776,13.49946,13.51026,13.51998,13.5288,13.53672,13.543650000000001,13.54968,13.55481,13.55913,13.56255,13.56507,13.56678,13.567680000000001,13.567770000000001,13.56705,13.565520000000001,13.563180000000001,13.560120000000001,13.55625,13.55166,13.54635,13.540230000000001,13.53339,13.525920000000001,13.51764,13.50873,13.49901,13.48866,13.47768,13.46589,13.45347,13.44042,13.42665,13.41225,13.39713,13.38138,13.365,13.3479,13.330169999999999,13.311810000000001,13.29282,13.273109999999999,13.252770000000002,13.23171,13.21011,13.18779,13.16484,13.14117,13.11696,13.09194,13.06638,13.040009999999999,13.0131,12.985470000000001,12.957120000000002,12.92805,12.89835,12.867930000000001,12.83679,12.80493,12.77235,12.73905,12.70503,12.6702,12.63465,12.59829,12.561209999999999,12.52332,12.484530000000001,12.44502,12.4047,12.36348,12.32145,12.27852,12.23478,12.19005,12.14451,12.09798,12.05055,12.00213,11.952810000000001,11.9025,11.85111,11.798820000000001,11.74545,11.69109,11.63574,11.57931,11.5218,11.46321,11.403540000000001,11.34288,11.281139999999999,11.21823,11.15442,11.08944,11.023470000000001,10.95651,10.88856,10.81962,10.74987,10.67922,10.60776,10.535580000000001,10.462769999999999,10.389510000000001,10.315710000000001,10.24164,10.167480000000001,10.09332,10.01934,9.945720000000001,9.87273,9.80064,9.72963,9.66006,9.59229,9.5265,9.46314,9.40248,9.34488,9.29088,9.24057,9.194490000000002,9.15282,9.11601,9.084240000000001,9.05778,9.03672,9.02133,9.01143,9.007290000000001,9.008640000000002,9.01548,9.02763,9.04482,9.06669,9.093150000000001,9.12366,9.15786,9.19539,9.23598,9.27909,9.32436,9.37143,9.41994,9.46962,9.52002,9.57087,9.6219,9.67284,9.723600000000001,9.77373,9.82323,9.871830000000001,9.91944,9.96588,10.01106,10.05489,10.097280000000001,10.13805,10.17729,10.21482,10.25064,10.28466,10.316970000000001,10.34739,10.37601,10.40274,10.42758,10.45044,10.4715,10.49058,10.50777,10.52289,10.536209999999999,10.547460000000001,10.55682,10.5642,10.5696,10.57302,10.57446,10.57392,10.5714,10.5669,10.56042,10.55196,10.54152,10.52901,10.514610000000001,10.498140000000001,10.47978,10.459349999999999,10.43703,10.41273,10.38654,10.35837,10.32831,10.29636,10.2627,10.22715,10.18998,10.1511,10.11069,10.06875,10.02537,9.980820000000001,9.9351,9.88839,9.84087,9.792720000000001,9.74412,9.69543,9.64683,9.598590000000002,9.55098,9.50445,9.45936,9.41598,9.37476,9.33615,9.30042,9.26811,9.23958,9.215190000000002,9.195300000000001,9.18036,9.17055,9.16605,9.16722,9.174150000000001,9.18684,9.20538,9.22968,9.25956,9.295020000000001,9.335609999999999,9.381150000000002,9.43146,9.485999999999999,9.544590000000001,9.60678,9.67221,9.74043,9.81126,9.88416,9.95895,10.03509,10.112490000000001,10.19079,10.26972,10.349010000000002,10.42857,10.50804,10.587240000000001,10.666170000000001,10.74465,10.822410000000001,10.89945,10.97559,11.050920000000001,11.12517,11.19843,11.270520000000001,11.34144,11.41119,11.47968,11.54691,11.61279,11.67741,11.74077,11.80269,11.86335,11.92266,11.98062,12.037139999999999,12.0924,12.146310000000001,12.19878,12.24999,12.29985,12.34836,12.395520000000001,12.44133,12.485790000000001,12.5289,12.57075,12.61125,12.650490000000001,12.68838,12.724920000000001,12.760200000000001,12.794130000000001,12.82671,12.85803,12.88809,12.91671,12.94416,12.970170000000001,12.99492,13.018320000000001,13.04046,13.06125,13.0806,13.09869,13.11543,13.130730000000002,13.14477,13.15737,13.16853,13.17834,13.18671,13.19364,13.19913,13.20318,13.2057,13.20678,13.206330000000001,13.20435,13.200840000000001,13.1958,13.18914,13.180860000000001,13.17096,13.15935,13.14612,13.13118,13.11453,13.096169999999999,13.07601,13.05405,13.030289999999999,13.00473,12.97719,12.94785,12.916620000000002,12.8835,12.8484,12.81132,12.77226,12.73122,12.6882,12.6432,12.596219999999999,12.54726,12.49632,12.44331,12.3885,12.331710000000001,12.273119999999999,12.21264,12.150450000000001,12.086640000000001,12.0213,11.95443,11.8863,11.817,11.7468,11.6757,11.60406,11.53215,11.460239999999999,11.3886,11.317590000000001,11.247660000000002,11.17908,11.1123,11.04795,10.986300000000002,10.927980000000002,10.87344,10.823310000000001,10.77795,10.73808,10.70397,10.676250000000001,10.65537,10.6416,10.63521,10.636650000000001,10.64592,10.663200000000002,10.688580000000002,10.72179,10.762920000000001,10.81161,10.86768,10.930860000000001,11.00061,11.07657,11.15838,11.245590000000002,11.337660000000001,11.43414,11.53458,11.63853,11.74563,11.85534,11.96739,12.081330000000001,12.19689,12.31362,12.43143,12.54996,12.669030000000001,12.78828,12.907710000000002,13.026959999999999,13.14603,13.26474,13.383,13.500630000000001,13.61763,13.73391,13.84938,13.96395,14.07762,14.1903,14.30208,14.41287,14.52258,14.631300000000001,14.73903,14.845680000000002,14.951250000000002
17.15463,17.07525,16.99551,16.91514,16.834319999999998,16.75296,16.67097,16.58844,16.505370000000003,16.421670000000002,16.33743,16.25247,16.166880000000003,16.08066,15.993810000000002,15.90615,15.81786,15.728760000000001,15.63903,15.5484,15.457049999999999,15.36498,15.271920000000001,15.178139999999999,15.08346,14.987970000000002,14.89149,14.79411,14.695920000000001,14.596649999999999,14.496569999999998,14.39541,14.29335,14.1903,14.086170000000001,13.98114,13.87512,13.76811,13.66011,13.551120000000001,13.44123,13.330440000000001,13.21875,13.106160000000001,12.99285,12.87882,12.76407,12.64878,12.53304,12.41694,12.300569999999999,12.18429,12.06801,11.95209,11.83671,11.72214,11.60865,11.496599999999999,11.38626,11.27799,11.17224,11.069370000000001,10.96992,10.87434,10.78308,10.696679999999999,10.61559,10.54035,10.47141,10.40931,10.35441,10.30707,10.26765,10.236419999999999,10.213470000000001,10.1988,10.192590000000001,10.19475,10.204920000000001,10.22292,10.24839,10.28097,10.320300000000001,10.36566,10.4166,10.47267,10.53324,10.59777,10.66572,10.73646,10.80972,10.884780000000001,10.96137,11.03904,11.11734,11.19609,11.27484,11.35332,11.43135,11.50875,11.58525,11.660670000000001,11.73492,11.80791,11.879460000000002,11.949570000000001,12.01806,12.08502,12.150269999999999,12.21381,12.27573,12.33585,12.394260000000001,12.45096,12.50586,12.55914,12.610619999999999,12.66039,12.70854,12.75498,12.7998,12.843,12.88467,12.924719999999999,12.963149999999999,13.00023,13.03569,13.06971,13.10238,13.133610000000001,13.1634,13.191930000000001,13.21911,13.24494,13.2696,13.292910000000001,13.31505,13.33602,13.355730000000001,13.374360000000001,13.39182,13.4082,13.423499999999999,13.43772,13.450949999999999,13.4631,13.47426,13.48443,13.49361,13.501890000000001,13.509179999999999,13.51557,13.52106,13.525649999999999,13.52943,13.53231,13.53429,13.53546,13.53582,13.53537,13.53411,13.53213,13.529250000000001,13.52574,13.52133,13.516290000000001,13.51044,13.503870000000001,13.49658,13.48866,13.479930000000001,13.47048,13.4604,13.4496,13.438170000000001,13.42602,13.41315,13.399650000000001,13.38552,13.370669999999999,13.35519,13.338989999999999,13.32225,13.304789999999999,13.2867,13.267980000000001,13.24854,13.22847,13.20777,13.186440000000001,13.164480000000001,13.1418,13.11858,13.09464,13.06998,13.04478,13.01886,12.992220000000001,12.96504,12.93705,12.908520000000001,12.87918,12.84921,12.818520000000001,12.7872,12.75507,12.72231,12.68883,12.65454,12.619620000000001,12.5838,12.54735,12.51009,12.472019999999999,12.43323,12.39363,12.35313,12.311910000000001,12.26979,12.22686,12.18303,12.13839,12.09285,12.04641,11.99907,11.950830000000002,11.9016,11.85147,11.80044,11.748420000000001,11.695409999999999,11.64141,11.58642,11.53044,11.47356,11.4156,11.35665,11.2968,11.23587,11.17404,11.111220000000001,11.047500000000001,10.982880000000002,10.91736,10.85103,10.783890000000001,10.71594,10.647450000000001,10.578330000000001,10.50867,10.43856,10.36818,10.29771,10.22706,10.15668,10.08648,10.01682,9.947880000000001,9.879840000000002,9.81297,9.74754,9.683910000000001,9.62226,9.56286,9.506160000000001,9.45234,9.401850000000001,9.35496,9.31194,9.273060000000001,9.23868,9.20889,9.18396,9.16398,9.14913,9.13941,9.134910000000001,9.13536,9.140939999999999,9.151290000000001,9.16623,9.185580000000002,9.20898,9.23625,9.26703,9.30096,9.33768,9.37683,9.41805,9.46107,9.50553,9.55116,9.59751,9.644490000000001,9.69174,9.73899,9.786150000000001,9.83286,9.87903,9.92448,9.96912,10.01268,10.05516,10.09638,10.13634,10.17486,10.21194,10.24749,10.28142,10.31382,10.34451,10.37349,10.40067,10.42623,10.449900000000001,10.471860000000001,10.49193,10.510290000000001,10.526760000000001,10.54134,10.554120000000001,10.565100000000001,10.574100000000001,10.5813,10.58661,10.59003,10.59165,10.59129,10.58913,10.584990000000001,10.57896,10.57113,10.56132,10.54971,10.536209999999999,10.52073,10.50345,10.48437,10.4634,10.44054,10.41588,10.389510000000001,10.36134,10.33146,10.29987,10.266660000000002,10.23183,10.19556,10.15785,10.11879,10.07847,10.03707,9.99468,9.95148,9.90756,9.86319,9.81855,9.77391,9.72936,9.68535,9.64206,9.59985,9.55899,9.51984,9.482850000000001,9.4482,9.41643,9.38781,9.36279,9.34155,9.32445,9.31194,9.30411,9.30123,9.30348,9.31095,9.323640000000001,9.34173,9.36504,9.39357,9.427050000000001,9.46539,9.50832,9.55566,9.60696,9.661950000000001,9.72045,9.78201,9.84627,9.91305,9.9819,10.05255,10.12464,10.197989999999999,10.27233,10.34739,10.4229,10.49877,10.574639999999999,10.65051,10.72611,10.801260000000001,10.876050000000001,10.95012,11.02356,11.096100000000002,11.16783,11.23857,11.30841,11.37708,11.44476,11.511180000000001,11.57652,11.640690000000001,11.7036,11.76525,11.82573,11.88486,11.942820000000001,11.99943,12.05478,12.10887,12.16161,12.213090000000001,12.26331,12.31218,12.35988,12.406139999999999,12.45123,12.49497,12.53745,12.57867,12.61863,12.65724,12.69468,12.730770000000001,12.7656,12.79908,12.831389999999999,12.86235,12.892140000000001,12.92058,12.94776,12.973590000000002,12.99816,13.021469999999999,13.043520000000001,13.06422,13.08357,13.101659999999999,13.118400000000001,13.13388,13.147920000000001,13.1607,13.17204,13.18203,13.19067,13.197870000000002,13.20372,13.20804,13.21101,13.21254,13.21254,13.21101,13.20804,13.20354,13.19751,13.18995,13.18077,13.169970000000001,13.15755,13.14351,13.12776,13.11039,13.09131,13.07052,13.047930000000001,13.02363,12.997530000000001,12.96954,12.93984,12.908249999999999,12.87486,12.83958,12.80241,12.76344,12.72249,12.67974,12.6351,12.588569999999999,12.54015,12.490020000000001,12.438,12.38427,12.32883,12.271770000000002,12.21318,12.15306,12.0915,12.02877,11.96487,11.899980000000001,11.834280000000001,11.76795,11.701260000000001,11.63439,11.5677,11.501460000000002,11.43594,11.3715,11.3085,11.24739,11.18853,11.13246,11.079630000000002,11.0304,10.98531,10.94481,10.90935,10.879380000000001,10.855350000000001,10.837530000000001,10.826369999999999,10.82205,10.82493,10.83501,10.85247,10.877310000000001,10.909440000000002,10.94886,10.99539,11.048670000000001,11.10852,11.17458,11.24649,11.32389,11.40642,11.49363,11.58507,11.68038,11.77911,11.88099,11.98548,12.092310000000001,12.201120000000001,12.31164,12.42351,12.53646,12.65031,12.7647,12.87963,12.99474,13.10994,13.22505,13.33998,13.454550000000001,13.568670000000001,13.68234,13.79529,13.9077,14.0193,14.130090000000001,14.24016,14.34933,14.457600000000001,14.564969999999999,14.67135,14.776830000000002,14.88141,14.985
17.11323,17.03349,16.9533,16.87257,16.79121,16.7094,16.62696,16.54398,16.46037,16.37622,16.29135,16.205849999999998,16.11963,16.03278,15.94521,15.85692,15.76791,15.678090000000001,15.587550000000002,15.4962,15.403950000000002,15.31089,15.217020000000002,15.12225,15.02649,14.92992,14.83227,14.73381,14.63427,14.533739999999998,14.43222,14.32962,14.22594,14.12127,14.01552,13.908600000000002,13.80069,13.691609999999999,13.58154,13.4703,13.35807,13.244760000000001,13.13046,13.01508,12.898890000000002,12.78171,12.66372,12.545010000000001,12.42576,12.30588,12.185640000000001,12.06513,11.94453,11.824110000000001,11.70414,11.584710000000001,11.46618,11.349,11.233350000000002,11.11968,11.00853,10.900170000000001,10.79523,10.69416,10.59759,10.506060000000002,10.420020000000001,10.340190000000002,10.26702,10.20114,10.14291,10.09287,10.05138,10.01871,9.995040000000001,9.980459999999999,9.97506,9.978660000000001,9.99099,10.01187,10.040849999999999,10.077480000000001,10.12122,10.17153,10.22769,10.28925,10.35549,10.42578,10.49958,10.576260000000001,10.65528,10.73619,10.81836,10.90152,10.98522,11.0691,11.1528,11.23614,11.31876,11.40048,11.48112,11.560500000000001,11.63853,11.71512,11.79,11.86335,11.934899999999999,12.00465,12.07269,12.138750000000002,12.2031,12.26547,12.32604,12.38481,12.44169,12.49668,12.54987,12.60135,12.65094,12.69891,12.74508,12.789629999999999,12.83247,12.8736,12.91329,12.951270000000001,12.98781,13.02282,13.0563,13.08834,13.11903,13.14828,13.17618,13.20273,13.22802,13.25196,13.274730000000002,13.296240000000001,13.31658,13.335659999999999,13.353660000000001,13.37058,13.38633,13.401000000000002,13.414589999999999,13.427190000000001,13.43871,13.44933,13.458870000000001,13.46751,13.47516,13.481910000000001,13.48767,13.49262,13.49667,13.499820000000001,13.50216,13.5036,13.50423,13.504050000000001,13.50306,13.50135,13.49874,13.49541,13.49136,13.4865,13.48092,13.47462,13.467600000000001,13.459859999999999,13.4514,13.44222,13.432409999999999,13.42188,13.410630000000001,13.39866,13.38615,13.37292,13.35897,13.34439,13.329180000000001,13.31325,13.29678,13.27959,13.26177,13.24332,13.22415,13.20444,13.184009999999999,13.16304,13.14135,13.11903,13.09608,13.0725,13.0482,13.02336,12.9978,12.97161,12.944790000000001,12.91725,12.88908,12.86019,12.83067,12.80052,12.76965,12.738059999999999,12.70575,12.67281,12.63915,12.60468,12.56958,12.533669999999999,12.49713,12.45969,12.42162,12.38265,12.34305,12.30255,12.26124,12.21921,12.17628,12.13254,12.0879,12.04245,11.99619,11.94903,11.900970000000001,11.852010000000002,11.802150000000001,11.75139,11.69973,11.647170000000001,11.59371,11.53926,11.48391,11.42766,11.370510000000001,11.31246,11.25342,11.193570000000001,11.132909999999999,11.07135,11.008980000000001,10.9458,10.8819,10.81737,10.75221,10.68642,10.620180000000001,10.55358,10.48662,10.41948,10.35225,10.28511,10.218150000000001,10.15164,10.08567,10.020420000000001,9.95625,9.89316,9.8316,9.77175,9.713790000000001,9.65817,9.604980000000001,9.554670000000002,9.507420000000002,9.46359,9.42327,9.38691,9.3546,9.32661,9.303030000000001,9.28413,9.26982,9.26019,9.25533,9.25506,9.25938,9.26811,9.281070000000001,9.29817,9.31896,9.343350000000001,9.370980000000001,9.40158,9.434790000000001,9.47034,9.507959999999999,9.5472,9.58797,9.62982,9.67257,9.715860000000001,9.759599999999999,9.80343,9.84717,9.89064,9.93375,9.97623,10.017990000000001,10.058850000000001,10.09872,10.13751,10.17513,10.21149,10.2465,10.28016,10.31229,10.34298,10.37214,10.39968,10.4256,10.449900000000001,10.47258,10.49346,10.51272,10.53027,10.54611,10.56015,10.57248,10.583010000000002,10.591830000000002,10.59885,10.60407,10.60749,10.609200000000001,10.609020000000001,10.60713,10.603439999999999,10.597949999999999,10.59066,10.581570000000001,10.570680000000001,10.55808,10.54368,10.52748,10.50957,10.48995,10.468530000000001,10.44549,10.42074,10.39437,10.366380000000001,10.33695,10.305900000000001,10.2735,10.23966,10.20456,10.1682,10.13085,10.09251,10.05327,10.01331,9.9729,9.93204,9.89109,9.85014,9.80946,9.769319999999999,9.72999,9.69174,9.65484,9.61965,9.58644,9.555570000000001,9.52731,9.50202,9.48006,9.4617,9.44721,9.436860000000001,9.43083,9.429300000000001,9.432540000000001,9.44055,9.453330000000001,9.471060000000001,9.49356,9.52074,9.552600000000002,9.58896,9.62955,9.674100000000001,9.72252,9.77436,9.82953,9.887490000000001,9.94824,10.01124,10.07631,10.143180000000001,10.21158,10.28115,10.3518,10.42326,10.495170000000002,10.56753,10.64007,10.7127,10.78515,10.857330000000001,10.92906,11.00034,11.07108,11.1411,11.21031,11.27871,11.3463,11.41281,11.47842,11.54295,11.6064,11.66877,11.73006,11.79009,11.84904,11.90682,11.96334,12.018690000000001,12.07278,12.1257,12.17736,12.22785,12.27708,12.32505,12.37185,12.417390000000001,12.46167,12.50469,12.54654,12.58704,12.626460000000002,12.664530000000001,12.70143,12.737070000000001,12.77145,12.80457,12.83652,12.867210000000002,12.89664,12.92481,12.95181,12.97746,13.001940000000001,13.025160000000001,13.047030000000001,13.067730000000001,13.08708,13.10517,13.122,13.137480000000002,13.1517,13.16457,13.17609,13.18626,13.195170000000001,13.20264,13.20876,13.21344,13.21677,13.21875,13.2192,13.21821,13.21578,13.21191,13.20651,13.199580000000001,13.191120000000002,13.18113,13.16952,13.15638,13.141620000000001,13.125150000000001,13.107149999999999,13.08744,13.06611,13.04307,13.01823,12.99177,12.963510000000001,12.93354,12.901860000000001,12.86829,12.833010000000002,12.79593,12.75714,12.71655,12.67425,12.63015,12.58434,12.53682,12.48768,12.43692,12.384540000000001,12.330810000000001,12.27555,12.21903,12.161249999999999,12.1023,12.04245,11.98179,11.920499999999999,11.85876,11.79675,11.73465,11.672910000000002,11.61162,11.55123,11.49201,11.434230000000001,11.37834,11.3247,11.273760000000001,11.22588,11.18151,11.1411,11.10501,11.0736,11.047410000000001,11.02662,11.01177,11.00295,11.00052,11.00466,11.01555,11.033190000000001,11.057670000000002,11.0889,11.12679,11.17125,11.22201,11.27898,11.34171,11.40993,11.48337,11.56167,11.64447,11.73132,11.821860000000001,11.91582,12.01284,12.11247,12.21444,12.318480000000001,12.424230000000001,12.53142,12.63987,12.749220000000001,12.85938,12.97008,13.08105,13.19229,13.30362,13.414860000000001,13.525920000000001,13.63662,13.74696,13.85685,13.9662,14.07492,14.182920000000001,14.29029,14.396849999999999,14.502690000000001,14.607719999999999,14.711939999999998,14.815260000000002,14.917769999999999,15.019379999999998
17.07237,16.992269999999998,16.911720000000003,16.830540000000003,16.748820000000002,16.66656,16.58367,16.50015,16.41609,16.331400000000002,16.245990000000003,16.159950000000002,16.07319,15.985710000000001,15.897510000000002,15.808500000000002,15.71877,15.628319999999999,15.536970000000002,15.444810000000002,15.351750000000001,15.25779,15.16302,15.06726,14.97051,14.872860000000001,14.774130000000001,14.67441,14.573700000000002,14.47182,14.368860000000002,14.26491,14.1597,14.053410000000001,13.94595,13.837230000000002,13.727430000000002,13.616370000000002,13.50414,13.39065,13.27599,13.160160000000001,13.04316,12.925080000000001,12.80583,12.685590000000001,12.56427,12.44214,12.31911,12.19536,12.07107,11.94624,11.82123,11.69613,11.57112,11.44665,11.3229,11.20014,11.07891,10.95948,10.84239,10.72809,10.617210000000002,10.510200000000001,10.40778,10.31049,10.21905,10.13409,10.05615,9.985949999999999,9.92403,9.870930000000001,9.827100000000002,9.792810000000001,9.76833,9.75375,9.74916,9.754380000000001,9.76923,9.79326,9.82602,9.86715,9.91584,9.97146,10.033470000000001,10.10106,10.17351,10.2501,10.33029,10.41327,10.49859,10.585619999999999,10.67391,10.762920000000001,10.8522,10.94157,11.03049,11.118780000000001,11.20617,11.292390000000001,11.377350000000002,11.46087,11.54277,11.62296,11.70135,11.777940000000001,11.852549999999999,11.92527,11.99592,12.064680000000001,12.13137,12.19608,12.25881,12.31956,12.37833,12.435210000000001,12.490110000000001,12.54312,12.594330000000001,12.643650000000001,12.69117,12.73698,12.781080000000001,12.82338,12.86406,12.903120000000001,12.940650000000002,12.976560000000001,13.01094,13.04379,13.07529,13.105260000000001,13.13388,13.161150000000001,13.18707,13.211640000000001,13.234950000000001,13.257000000000001,13.27788,13.29759,13.316040000000001,13.33341,13.34961,13.36473,13.37877,13.39173,13.4037,13.414589999999999,13.42449,13.43349,13.441500000000001,13.44852,13.454640000000001,13.459950000000001,13.46427,13.467690000000001,13.4703,13.4721,13.473,13.473090000000001,13.472370000000002,13.470839999999999,13.46859,13.465440000000001,13.46166,13.45707,13.45176,13.445640000000001,13.43889,13.43133,13.42314,13.41423,13.4046,13.394250000000001,13.383270000000001,13.37166,13.35933,13.34628,13.33269,13.31829,13.30335,13.287780000000001,13.27149,13.25457,13.237020000000001,13.21884,13.20003,13.18059,13.16052,13.13973,13.118400000000001,13.096440000000001,13.07376,13.05054,13.02669,13.00212,12.97692,12.95118,12.924719999999999,12.897630000000001,12.869819999999999,12.841470000000001,12.8124,12.78261,12.75228,12.72114,12.68946,12.65697,12.623850000000001,12.59001,12.55545,12.52026,12.484259999999999,12.44754,12.4101,12.37194,12.33306,12.29337,12.25287,12.21165,12.16962,12.12678,12.08313,12.038670000000002,11.993400000000001,11.947320000000001,11.90043,11.852640000000001,11.80404,11.75454,11.70423,11.653020000000001,11.601,11.54808,11.49435,11.439720000000001,11.38428,11.327940000000002,11.27088,11.21292,11.15424,11.094840000000001,11.03463,10.97379,10.912320000000001,10.85031,10.78767,10.72458,10.661130000000002,10.59741,10.53342,10.46934,10.40535,10.341450000000002,10.27782,10.214640000000001,10.152180000000001,10.090440000000001,10.02978,9.97029,9.91224,9.855810000000002,9.80136,9.74907,9.699209999999999,9.652050000000001,9.60777,9.566550000000001,9.52884,9.49464,9.464310000000001,9.43785,9.41562,9.39744,9.38367,9.37413,9.369,9.36801,9.37125,9.378630000000001,9.38979,9.40482,9.42327,9.44505,9.469800000000001,9.49743,9.52749,9.559800000000001,9.594000000000001,9.62991,9.66717,9.7056,9.74493,9.78498,9.8253,9.86598,9.90657,9.94707,9.98721,10.026810000000001,10.06587,10.104120000000002,10.14156,10.17801,10.213470000000001,10.24776,10.28079,10.31256,10.34307,10.37214,10.39977,10.42596,10.45062,10.473749999999999,10.49535,10.51533,10.53378,10.55052,10.56573,10.57923,10.591109999999999,10.60128,10.60983,10.616670000000001,10.6218,10.625309999999999,10.62711,10.62711,10.625490000000001,10.622250000000001,10.617210000000002,10.610460000000002,10.602089999999999,10.59201,10.58022,10.56681,10.55169,10.53495,10.51659,10.49661,10.4751,10.451970000000001,10.4274,10.4013,10.37376,10.34487,10.314720000000001,10.28322,10.25064,10.21698,10.18233,10.14687,10.11069,10.073879999999999,10.03662,9.99918,9.96156,9.92412,9.88704,9.8505,9.814860000000001,9.78021,9.747,9.71541,9.68571,9.65817,9.63324,9.61101,9.59193,9.57609,9.56394,9.555480000000001,9.55107,9.55089,9.55494,9.5634,9.57636,9.59373,9.61551,9.64161,9.672030000000001,9.70659,9.74502,9.787230000000001,9.83295,9.882000000000001,9.93402,9.98892,10.04625,10.10592,10.16757,10.230929999999999,10.29582,10.36197,10.42911,10.497150000000001,10.56582,10.63494,10.70433,10.773810000000001,10.8432,10.9125,10.981530000000001,11.05011,11.11824,11.18574,11.25261,11.31876,11.3841,11.44854,11.51217,11.574810000000001,11.63646,11.697030000000002,11.7567,11.8152,11.872620000000001,11.92896,11.98413,12.03822,12.09114,12.142980000000001,12.193560000000002,12.242970000000001,12.291210000000001,12.338370000000001,12.384179999999999,12.42891,12.47247,12.51477,12.555990000000001,12.59595,12.63465,12.67227,12.70863,12.743820000000001,12.77775,12.81051,12.8421,12.87252,12.90168,12.92958,12.95631,12.98187,13.006170000000001,13.02921,13.05108,13.07169,13.091040000000001,13.10913,13.125960000000001,13.14153,13.15584,13.1688,13.18059,13.19094,13.20003,13.20786,13.21425,13.219380000000001,13.22307,13.22541,13.22631,13.225859999999999,13.223970000000001,13.220640000000001,13.21587,13.209660000000001,13.20192,13.19274,13.181939999999999,13.169699999999999,13.15584,13.140450000000001,13.12353,13.1049,13.08474,13.06296,13.039470000000001,13.01445,12.98763,12.959280000000001,12.92922,12.897450000000001,12.86397,12.82887,12.792060000000001,12.753630000000001,12.71358,12.67182,12.628530000000001,12.58371,12.537270000000001,12.48939,12.44016,12.38949,12.33756,12.284460000000001,12.23028,12.17511,12.11922,12.06252,12.00537,11.947949999999999,11.89035,11.832840000000001,11.775689999999999,11.71917,11.66355,11.609190000000002,11.55627,11.50524,11.45646,11.410290000000002,11.367,11.32713,11.29095,11.25882,11.231190000000002,11.20842,11.190690000000002,11.178450000000002,11.17179,11.17107,11.17647,11.187990000000001,11.205900000000002,11.23002,11.26044,11.29698,11.339730000000001,11.388330000000002,11.4426,11.502360000000001,11.56725,11.637179999999999,11.71161,11.790270000000001,11.87289,11.959200000000001,12.04866,12.14118,12.236310000000001,12.33378,12.43332,12.53466,12.637440000000002,12.74157,12.84669,12.95271,13.059360000000002,13.16655,13.27401,13.381649999999999,13.48929,13.59693,13.70439,13.81158,13.918320000000001,14.024700000000001,14.13063,14.23593,14.34069,14.444730000000002,14.54814,14.650830000000001,14.7528,14.85405,14.95449,15.054120000000001
17.032140000000002,16.95168,16.87068,16.78914,16.706970000000002,16.62426,16.541010000000004,16.45704,16.37244,16.28721,16.20135,16.11477,16.02738,15.93936,15.85053,15.76098,15.67053,15.579360000000001,15.487290000000002,15.39432,15.30045,15.20568,15.109919999999999,15.01326,14.91552,14.816790000000001,14.71707,14.616180000000002,14.51421,14.41107,14.30676,14.20128,14.09463,13.986720000000002,13.87755,13.76712,13.655339999999999,13.542300000000001,13.42791,13.31226,13.195260000000001,13.07691,12.95721,12.83625,12.71403,12.59055,12.465900000000001,12.34017,12.21336,12.08565,11.957130000000001,11.82789,11.6982,11.568240000000001,11.4381,11.30823,11.1789,11.05038,10.923029999999999,10.79748,10.67409,10.553400000000002,10.43595,10.322460000000001,10.21365,10.11006,10.012500000000001,9.92178,9.83853,9.76356,9.697410000000001,9.6408,9.59427,9.558090000000002,9.53262,9.51804,9.51435,9.521370000000001,9.538920000000001,9.566460000000001,9.60354,9.64953,9.703800000000001,9.765450000000001,9.83376,9.90792,9.98721,10.070730000000001,10.157760000000001,10.247670000000001,10.33974,10.43334,10.528020000000001,10.62324,10.71855,10.813590000000001,10.908,11.001510000000001,11.09385,11.184750000000001,11.27412,11.36187,11.44773,11.53161,11.61351,11.69343,11.77119,11.84679,11.92023,11.9916,12.06072,12.127770000000002,12.19266,12.25539,12.31605,12.374730000000001,12.43134,12.48597,12.538620000000002,12.58938,12.638250000000001,12.685319999999999,12.7305,12.77397,12.81573,12.85587,12.894210000000001,12.93102,12.9663,12.99996,13.03218,13.06296,13.092210000000001,13.12011,13.14666,13.17186,13.1958,13.21839,13.23981,13.259970000000001,13.278870000000001,13.296690000000002,13.31334,13.32891,13.34331,13.35672,13.36905,13.380300000000002,13.390559999999999,13.39992,13.4082,13.41558,13.42206,13.42755,13.43223,13.435920000000001,13.4388,13.44087,13.44204,13.442400000000001,13.44195,13.440690000000002,13.43862,13.43583,13.43223,13.42782,13.42278,13.41693,13.410359999999999,13.403070000000001,13.39515,13.38642,13.37706,13.36698,13.35627,13.344840000000001,13.33269,13.32,13.3065,13.29246,13.27779,13.262400000000001,13.24638,13.22973,13.21245,13.19463,13.17609,13.156920000000001,13.13712,13.11669,13.095630000000002,13.07394,13.05171,13.02876,13.005270000000001,12.981060000000001,12.95631,12.93084,12.90483,12.8781,12.850740000000002,12.822840000000001,12.79422,12.76488,12.735000000000001,12.7044,12.67317,12.64131,12.608730000000001,12.57552,12.541500000000001,12.50694,12.47157,12.43557,12.398850000000001,12.36141,12.32316,12.28428,12.24459,12.20427,12.16305,12.1212,12.07845,12.03507,11.99079,11.94579,11.899980000000001,11.85336,11.80593,11.75769,11.708730000000001,11.65887,11.60829,11.556899999999999,11.50461,11.451690000000001,11.397870000000001,11.34333,11.28807,11.232090000000001,11.17539,11.117970000000001,11.05992,11.00133,10.9422,10.88253,10.822410000000001,10.761930000000001,10.70109,10.64007,10.57896,10.517850000000001,10.456740000000002,10.39599,10.335510000000001,10.27557,10.21626,10.15785,10.10043,10.04418,9.98946,9.93636,9.88506,9.83583,9.78894,9.744660000000001,9.70299,9.664380000000001,9.62883,9.5967,9.56808,9.54306,9.52191,9.50454,9.49122,9.48177,9.47628,9.47475,9.477089999999999,9.48312,9.49275,9.505889999999999,9.52218,9.541620000000002,9.56385,9.58869,9.615960000000001,9.64521,9.67644,9.709200000000001,9.743310000000001,9.77859,9.814770000000001,9.85167,9.88902,9.92664,9.964350000000001,10.00197,10.03932,10.07631,10.11276,10.148670000000001,10.18377,10.217970000000001,10.25127,10.28358,10.314720000000001,10.34478,10.37358,10.40112,10.42731,10.45215,10.47564,10.49769,10.51821,10.53738,10.55493,10.57104,10.58553,10.59858,10.60992,10.619819999999999,10.6281,10.63476,10.639890000000001,10.643310000000001,10.645199999999999,10.645470000000001,10.644210000000001,10.641240000000002,10.63674,10.63053,10.62279,10.61352,10.60254,10.59012,10.576080000000001,10.56042,10.543320000000001,10.52478,10.504710000000001,10.4832,10.46025,10.43595,10.41039,10.38348,10.35549,10.326329999999999,10.29609,10.26495,10.23291,10.20015,10.16685,10.13292,10.09881,10.064430000000002,10.030050000000001,9.995940000000001,9.962190000000001,9.92898,9.89667,9.865440000000001,9.835560000000001,9.807210000000001,9.78075,9.75636,9.734309999999999,9.71496,9.6984,9.68499,9.67482,9.66825,9.665370000000001,9.666269999999999,9.67113,9.68004,9.69309,9.710189999999999,9.73134,9.756540000000001,9.78561,9.81855,9.85509,9.89514,9.93852,9.984960000000001,10.03428,10.08621,10.14057,10.19709,10.25559,10.3158,10.37745,10.44036,10.50435,10.56924,10.63476,10.70073,10.76715,10.83375,10.90035,10.96686,11.033190000000001,11.09925,11.164860000000001,11.23002,11.294550000000001,11.35845,11.42172,11.48418,11.54583,11.606580000000001,11.66652,11.72547,11.783430000000001,11.84049,11.896469999999999,11.951369999999999,12.00528,12.058110000000001,12.10986,12.16053,12.210030000000001,12.25845,12.30579,12.35196,12.39696,12.44088,12.48372,12.5253,12.5658,12.605129999999999,12.64329,12.68037,12.716280000000001,12.75093,12.7845,12.8169,12.848130000000001,12.878190000000002,12.90708,12.934800000000001,12.961260000000001,12.986640000000001,13.010760000000001,13.03371,13.05549,13.07601,13.09536,13.11345,13.13037,13.14603,13.16043,13.17357,13.18545,13.19607,13.205430000000002,13.21353,13.22028,13.22568,13.22973,13.232520000000001,13.23396,13.23396,13.23261,13.22991,13.22577,13.22019,13.21317,13.2048,13.19481,13.183470000000002,13.1706,13.1562,13.140270000000001,13.12281,13.103819999999999,13.083300000000001,13.06116,13.03749,13.0122,12.98529,12.95685,12.92688,12.895199999999999,12.86199,12.82725,12.79089,12.75309,12.71367,12.67281,12.63051,12.586770000000001,12.54177,12.495420000000001,12.44781,12.39912,12.349350000000001,12.29859,12.24702,12.19482,12.14199,12.088890000000001,12.03543,11.98206,11.928870000000002,11.87613,11.824110000000001,11.77299,11.723040000000001,11.67471,11.62818,11.5839,11.542050000000001,11.50308,11.467260000000001,11.43504,11.4066,11.382390000000001,11.36268,11.34783,11.33793,11.33334,11.334150000000001,11.34072,11.35296,11.37096,11.3949,11.424600000000002,11.45997,11.501100000000001,11.54772,11.59965,11.65671,11.71872,11.78523,11.856240000000001,11.93121,12.009960000000001,12.092220000000001,12.177719999999999,12.26601,12.356910000000001,12.45024,12.54555,12.64266,12.74139,12.841380000000001,12.94263,13.04469,13.14756,13.25097,13.35483,13.45896,13.563180000000001,13.66749,13.7718,13.87584,13.9797,14.0832,14.186340000000001,14.28903,14.39118,14.492790000000001,14.59386,14.694300000000002,14.79411,14.893199999999998,14.99157,15.08931
16.99254,16.911720000000003,16.83036,16.74837,16.665840000000003,16.58277,16.49898,16.414649999999998,16.3296,16.24383,16.15743,16.07031,15.98247,15.893820000000002,15.804450000000001,15.71418,15.623190000000001,15.531210000000002,15.43842,15.344730000000002,15.250140000000002,15.15456,15.057900000000002,14.960339999999999,14.861609999999999,14.761890000000001,14.661,14.55903,14.455890000000002,14.35149,14.24592,14.139000000000001,14.03082,13.92138,13.810500000000001,13.69827,13.58469,13.46967,13.35312,13.23522,13.11579,12.99492,12.87261,12.74877,12.62349,12.496860000000002,12.36879,12.23937,12.108780000000001,11.976930000000001,11.84409,11.71035,11.575800000000001,11.440710000000001,11.30526,11.16972,11.034450000000001,10.89981,10.766160000000001,10.63395,10.50372,10.376100000000001,10.25163,10.13103,10.01511,9.90459,9.800370000000001,9.70317,9.61398,9.533520000000001,9.4626,9.40194,9.35217,9.31383,9.28728,9.27252,9.26982,9.278910000000002,9.299430000000001,9.33102,9.37287,9.42444,9.48483,9.553139999999999,9.62847,9.71001,9.79668,9.88767,9.98226,10.079550000000001,10.17882,10.27953,10.38105,10.482840000000001,10.58445,10.68543,10.7856,10.88451,10.98198,11.07774,11.171700000000001,11.26368,11.35359,11.44134,11.526840000000002,11.610000000000001,11.69091,11.76948,11.84571,11.91969,11.991240000000001,12.060540000000001,12.12759,12.192300000000001,12.25494,12.31533,12.37365,12.42981,12.48399,12.536100000000001,12.58632,12.63456,12.68091,12.72555,12.7683,12.80934,12.84867,12.886379999999999,12.92247,12.95694,12.98988,13.02129,13.051350000000001,13.079880000000001,13.10697,13.132800000000001,13.15719,13.18041,13.20228,13.22289,13.242329999999999,13.2606,13.277610000000001,13.29354,13.308390000000001,13.32216,13.33485,13.34646,13.357080000000002,13.366710000000001,13.37535,13.383090000000001,13.38975,13.3956,13.40055,13.40451,13.40766,13.41,13.41144,13.411980000000002,13.4118,13.41081,13.40901,13.406400000000001,13.403070000000001,13.39893,13.394070000000001,13.38849,13.3821,13.37508,13.36734,13.35888,13.3497,13.33989,13.32936,13.318200000000001,13.306320000000001,13.293809999999999,13.28067,13.26681,13.252320000000001,13.23729,13.221540000000001,13.20516,13.18815,13.17051,13.15224,13.133339999999999,13.1139,13.09374,13.07304,13.05171,13.02975,13.00716,12.98394,12.96018,12.935699999999999,12.910680000000001,12.88503,12.85875,12.83184,12.804300000000001,12.77613,12.74733,12.7179,12.68784,12.65715,12.62574,12.5937,12.56103,12.52773,12.49371,12.459060000000001,12.42369,12.387599999999999,12.35088,12.31344,12.27537,12.23649,12.19689,12.15666,12.11562,12.07386,12.03138,11.98818,11.94426,11.89953,11.854080000000002,11.80782,11.76093,11.71314,11.66472,11.615490000000001,11.56554,11.51487,11.46339,11.41128,11.35845,11.30499,11.25081,11.19609,11.14065,11.08476,11.02824,10.97136,10.91394,10.856250000000001,10.7982,10.73997,10.68165,10.62315,10.56483,10.5066,10.448730000000001,10.39122,10.33425,10.278,10.22256,10.16829,10.115100000000002,10.06335,10.01322,9.96489,9.91854,9.87444,9.83268,9.79344,9.75708,9.723600000000001,9.69327,9.666269999999999,9.6426,9.622349999999999,9.60579,9.592740000000001,9.58347,9.57771,9.57564,9.57708,9.58203,9.59022,9.60165,9.61605,9.63342,9.65331,9.67572,9.70029,9.726930000000001,9.75528,9.785160000000001,9.81648,9.84879,9.88209,9.91611,9.95058,9.98532,10.02033,10.05525,10.09008,10.12455,10.15866,10.19223,10.22508,10.25721,10.28853,10.318950000000001,10.34829,10.37664,10.403910000000002,10.429920000000001,10.45476,10.47834,10.500660000000002,10.52154,10.541160000000001,10.559429999999999,10.576170000000001,10.59156,10.605509999999999,10.618020000000001,10.629000000000001,10.63854,10.64655,10.653120000000001,10.65807,10.66158,10.66365,10.664100000000001,10.66302,10.6605,10.656360000000001,10.65078,10.64367,10.63512,10.62504,10.61352,10.60047,10.585980000000001,10.57014,10.55286,10.534139999999999,10.51416,10.49292,10.470329999999999,10.446570000000001,10.42173,10.39572,10.36872,10.34082,10.31202,10.2825,10.252350000000002,10.22166,10.190610000000001,10.15929,10.12788,10.09656,10.06542,10.034820000000002,10.004760000000001,9.9756,9.947519999999999,9.9207,9.89541,9.871830000000001,9.850320000000002,9.830969999999999,9.81414,9.79992,9.788580000000001,9.78039,9.77544,9.77391,9.77589,9.78147,9.79083,9.80397,9.8208,9.841410000000002,9.8658,9.8937,9.9252,9.960120000000002,9.99819,10.03941,10.08351,10.130310000000001,10.179630000000001,10.23129,10.28493,10.34046,10.3977,10.45638,10.51632,10.57734,10.63926,10.7019,10.76508,10.82862,10.892430000000001,10.956330000000001,11.02023,11.08404,11.14767,11.21085,11.273760000000001,11.33613,11.397960000000001,11.45916,11.51964,11.5794,11.63844,11.69658,11.753910000000001,11.81034,11.865870000000001,11.92041,11.97396,12.02661,12.07818,12.12876,12.17835,12.22677,12.27429,12.320640000000001,12.365910000000001,12.4101,12.45321,12.495239999999999,12.53619,12.57606,12.61476,12.652379999999999,12.68883,12.72429,12.75849,12.79161,12.82365,12.85452,12.88431,12.912840000000001,12.94038,12.966660000000001,12.99177,13.0158,13.03866,13.06035,13.08087,13.10013,13.118310000000001,13.13523,13.15098,13.16547,13.178790000000001,13.19085,13.20165,13.21128,13.21956,13.22667,13.23243,13.236930000000001,13.24008,13.24197,13.242510000000001,13.2417,13.23954,13.23603,13.23117,13.224870000000001,13.217220000000001,13.20813,13.1976,13.18572,13.17231,13.15737,13.14108,13.12326,13.10391,13.08312,13.0608,13.03704,13.011660000000001,12.98484,12.95649,12.9267,12.895380000000001,12.862530000000001,12.828330000000001,12.7926,12.75552,12.717,12.67722,12.636090000000001,12.59379,12.550229999999999,12.505680000000002,12.45996,12.41343,12.366,12.31794,12.269250000000001,12.22011,12.17079,12.12129,12.07188,12.022739999999999,11.974050000000002,11.92617,11.87928,11.83365,11.78955,11.747250000000001,11.70702,11.66931,11.6343,11.602260000000001,11.573640000000001,11.54862,11.527560000000001,11.51073,11.49831,11.49066,11.487870000000001,11.49021,11.49777,11.51064,11.528910000000002,11.55258,11.58165,11.61612,11.65581,11.70072,11.750490000000001,11.80512,11.86434,11.92797,11.99574,12.067380000000002,12.142619999999999,12.22119,12.30282,12.38733,12.47436,12.56373,12.65508,12.74832,12.84318,12.939390000000001,13.03677,13.13514,13.23432,13.33422,13.434660000000001,13.53537,13.63635,13.73751,13.83867,13.93983,14.04081,14.14152,14.24196,14.34204,14.441759999999999,14.54094,14.63967,14.73786,14.83551,14.93253,15.02901,15.12477
16.95348,16.8723,16.79058,16.70832,16.62534,16.54191,16.45767,16.37289,16.287390000000002,16.20126,16.114320000000003,16.02675,15.938369999999999,15.849179999999999,15.75918,15.668370000000001,15.576660000000002,15.48414,15.39063,15.29622,15.200820000000002,15.104429999999999,15.00696,14.908410000000002,14.80887,14.708070000000001,14.60619,14.50314,14.39874,14.29317,14.18625,14.07798,13.96836,13.85739,13.74489,13.63095,13.51548,13.398480000000001,13.27986,13.15971,13.037939999999999,12.91455,12.78954,12.662820000000002,12.53457,12.40461,12.273119999999999,12.1401,12.00555,11.86956,11.73231,11.5938,11.4543,11.3139,11.172870000000001,11.03148,10.89,10.74888,10.60839,10.46916,10.33164,10.19646,10.064340000000001,9.936,9.81234,9.694080000000001,9.5823,9.47799,9.381960000000001,9.295380000000002,9.21897,9.15372,9.10035,9.05949,9.031500000000001,9.01665,9.014940000000001,9.02628,9.05022,9.08622,9.133560000000001,9.19134,9.25857,9.334349999999999,9.41751,9.50706,9.60192,9.7011,9.803790000000001,9.909089999999999,10.01619,10.12446,10.23318,10.3419,10.45017,10.55745,10.66356,10.768049999999999,10.87083,10.97163,11.07027,11.16666,11.26062,11.35224,11.44134,11.52792,11.61198,11.693520000000001,11.772540000000001,11.84904,11.92302,11.99457,12.06378,12.130560000000001,12.195,12.2571,12.31704,12.374730000000001,12.43035,12.4839,12.535290000000002,12.58479,12.63231,12.677940000000001,12.721770000000001,12.7638,12.80403,12.842550000000001,12.87945,12.91464,12.948300000000001,12.98043,13.01112,13.040280000000001,13.068,13.094280000000001,13.1193,13.142970000000002,13.16529,13.186440000000001,13.206240000000001,13.22496,13.242420000000001,13.258799999999999,13.27392,13.28805,13.3011,13.31307,13.324050000000002,13.33395,13.34295,13.35087,13.357890000000001,13.36401,13.36923,13.373460000000001,13.376880000000002,13.3794,13.381110000000001,13.381920000000001,13.382010000000001,13.3812,13.37967,13.37724,13.37418,13.37022,13.36563,13.36023,13.35411,13.34727,13.3398,13.33152,13.32261,13.31298,13.302719999999999,13.291739999999999,13.28013,13.267890000000001,13.25493,13.241340000000001,13.22712,13.21227,13.19679,13.18068,13.16394,13.14657,13.12866,13.110030000000002,13.090860000000001,13.071060000000001,13.05063,13.02957,13.00797,12.98574,12.96288,12.939390000000001,12.915360000000002,12.8907,12.86541,12.83949,12.813030000000001,12.78594,12.758220000000001,12.72987,12.70098,12.67137,12.64113,12.61035,12.57885,12.54672,12.514050000000001,12.48066,12.44655,12.411900000000001,12.37653,12.340530000000001,12.30381,12.26646,12.22839,12.18969,12.150269999999999,12.11013,12.06936,12.02787,11.98566,11.942730000000001,11.89908,11.854800000000001,11.80971,11.76399,11.717550000000001,11.670390000000001,11.6226,11.57409,11.52486,11.475,11.42451,11.3733,11.32155,11.26917,11.21634,11.16288,11.10897,11.05452,10.9998,10.94463,10.889190000000001,10.83357,10.77777,10.72188,10.66599,10.61028,10.55475,10.49958,10.44486,10.39068,10.33731,10.28475,10.233270000000001,10.18296,10.13409,10.08675,10.041030000000001,9.99738,9.95571,9.91629,9.87939,9.84501,9.81342,9.7848,9.75915,9.736650000000001,9.71739,9.701369999999999,9.68877,9.6795,9.67356,9.67104,9.67167,9.67554,9.68256,9.692459999999999,9.70515,9.72054,9.73836,9.75852,9.78075,9.80487,9.8307,9.85797,9.88659,9.91629,9.9468,9.97812,10.00998,10.0422,10.0746,10.107090000000001,10.1394,10.17162,10.20339,10.2348,10.26558,10.29573,10.32516,10.35369,10.38141,10.408140000000001,10.43379,10.458450000000001,10.48203,10.50435,10.525500000000001,10.545390000000001,10.56411,10.581479999999999,10.5975,10.61217,10.625580000000001,10.63755,10.64817,10.657350000000001,10.66518,10.671570000000001,10.67652,10.68003,10.6821,10.68282,10.68201,10.67985,10.676250000000001,10.67121,10.66473,10.65681,10.647540000000001,10.63692,10.62486,10.61145,10.59678,10.58076,10.56348,10.54494,10.525229999999999,10.50435,10.48239,10.459349999999999,10.435410000000001,10.41048,10.38474,10.35819,10.33101,10.30338,10.27521,10.246770000000001,10.218150000000001,10.189440000000001,10.161,10.13274,10.104930000000001,10.07784,10.05156,10.02636,10.002419999999999,9.979920000000002,9.95904,9.940140000000001,9.92331,9.90873,9.89667,9.887400000000001,9.88092,9.87741,9.87714,9.88002,9.88641,9.89613,9.909360000000001,9.92601,9.94617,9.969750000000001,9.99666,10.0269,10.060200000000002,10.09665,10.13589,10.17783,10.222380000000001,10.269359999999999,10.31841,10.36953,10.42236,10.4769,10.53279,10.58994,10.64817,10.70739,10.76724,10.82772,10.88856,10.94985,11.011230000000001,11.07261,11.13408,11.19528,11.2563,11.316960000000002,11.37717,11.43702,11.49624,11.554829999999999,11.61279,11.67003,11.726550000000001,11.782350000000001,11.837250000000001,11.891250000000001,11.94444,11.996730000000001,12.048119999999999,12.09852,12.14793,12.19635,12.243870000000001,12.290310000000002,12.33576,12.38013,12.42351,12.465900000000001,12.50721,12.54744,12.58659,12.62475,12.66174,12.69774,12.73266,12.76641,12.79917,12.83076,12.86136,12.89079,12.91905,12.94632,12.97242,12.997349999999999,13.0212,13.04397,13.065570000000001,13.086,13.105350000000001,13.12344,13.140450000000001,13.1562,13.17087,13.184280000000001,13.196610000000002,13.207590000000001,13.2174,13.226040000000001,13.233419999999999,13.23954,13.244399999999999,13.248000000000001,13.25034,13.251420000000001,13.251149999999999,13.24962,13.24674,13.242510000000001,13.237020000000001,13.23009,13.22181,13.21218,13.20111,13.18869,13.17492,13.15962,13.142970000000002,13.12488,13.10544,13.08447,13.06206,13.0383,13.01301,12.986369999999999,12.95829,12.92877,12.89799,12.86568,12.83211,12.79728,12.7611,12.723749999999999,12.68514,12.64545,12.60468,12.56292,12.52026,12.47679,12.43251,12.387780000000001,12.34251,12.29688,12.25107,12.20526,12.15963,12.114270000000001,12.06954,12.02562,11.98269,11.94102,11.90079,11.86245,11.82609,11.79207,11.760750000000002,11.73222,11.70693,11.68506,11.66688,11.652660000000001,11.642669999999999,11.637,11.63592,11.639610000000001,11.648159999999999,11.66166,11.68011,11.7036,11.73222,11.7657,11.80422,11.84742,11.89539,11.94777,12.00456,12.06549,12.13029,12.19887,12.27078,12.346020000000001,12.424230000000001,12.50514,12.588569999999999,12.67425,12.762,12.851550000000001,12.942720000000001,13.03533,13.129109999999999,13.224060000000001,13.31982,13.4163,13.51332,13.610880000000002,13.7088,13.806899999999999,13.905090000000001,14.00328,14.10147,14.199480000000001,14.2974,14.394960000000001,14.49216,14.58909,14.68557,14.78151,14.87709,14.97213,15.06663,15.160499999999999
16.91505,16.8336,16.75152,16.66881,16.58556,16.50168,16.41717,16.33194,16.245990000000003,16.159409999999998,16.072020000000002,15.983909999999998,15.894990000000002,15.805349999999999,15.71481,15.623370000000001,15.53112,15.437879999999998,15.34374,15.248610000000001,15.152489999999998,15.055290000000001,14.9571,14.857740000000002,14.757209999999999,14.65551,14.55264,14.448419999999999,14.34303,14.2362,14.128020000000001,14.018400000000002,13.90743,13.79484,13.680810000000001,13.56507,13.4478,13.32891,13.20822,13.08591,12.9618,12.835890000000001,12.70818,12.57867,12.44727,12.31416,12.179160000000001,12.04236,11.90385,11.763720000000001,11.62188,11.4786,11.333969999999999,11.188170000000001,11.04138,10.893780000000001,10.74582,10.597859999999999,10.45017,10.30347,10.15812,10.01484,9.874350000000002,9.73755,9.60534,9.478620000000001,9.35847,9.24606,9.142380000000001,9.04878,8.966142,8.8956,8.838036,8.794170000000001,8.764542,8.749449,8.748936,8.762813999999999,8.790615,8.831664,8.885088,8.94987,9.02484,9.1089,9.200700000000001,9.29916,9.403020000000001,9.5112,9.622710000000001,9.736650000000001,9.85212,9.9684,10.084859999999999,10.20087,10.316070000000002,10.430010000000001,10.54224,10.65258,10.760760000000001,10.86669,10.9701,11.0709,11.16909,11.26458,11.357370000000001,11.447280000000001,11.53458,11.619,11.70081,11.77983,11.856240000000001,11.93004,12.00132,12.069989999999999,12.13632,12.20013,12.26169,12.32091,12.37797,12.43278,12.485430000000001,12.536100000000001,12.584700000000002,12.63141,12.67614,12.71907,12.760200000000001,12.79953,12.837240000000001,12.87315,12.90753,12.940290000000001,12.97161,13.00131,13.02966,13.056479999999999,13.082040000000001,13.106160000000001,13.12893,13.150530000000002,13.17078,13.189860000000001,13.20777,13.22442,13.23999,13.254480000000001,13.267800000000001,13.28013,13.29138,13.30164,13.31091,13.3191,13.32639,13.33278,13.33827,13.34277,13.34646,13.34916,13.351140000000001,13.35222,13.35249,13.35195,13.3506,13.34844,13.34556,13.34187,13.33746,13.332239999999999,13.32639,13.31982,13.31244,13.30443,13.29579,13.286340000000001,13.27626,13.26555,13.25412,13.24215,13.229460000000001,13.216050000000001,13.202100000000002,13.18752,13.17222,13.15638,13.13991,13.12281,13.10517,13.086810000000002,13.06791,13.048380000000002,13.02831,13.00761,12.98628,12.96432,12.94182,12.91878,12.89511,12.87081,12.84588,12.820409999999999,12.7944,12.767669999999999,12.740400000000001,12.7125,12.68406,12.65499,12.62529,12.59496,12.56409,12.5325,12.50037,12.46761,12.43422,12.4002,12.36546,12.33018,12.29418,12.25764,12.22038,12.18249,12.14388,12.10464,12.064770000000001,12.024270000000001,11.98305,11.94111,11.89863,11.85543,11.81151,11.766960000000001,11.72178,11.67597,11.62944,11.582370000000001,11.53458,11.48625,11.43729,11.38779,11.33775,11.28717,11.23605,11.184479999999999,11.13246,11.08008,11.02743,10.97442,10.921140000000001,10.86777,10.81431,10.76085,10.70739,10.6542,10.60119,10.548630000000001,10.49652,10.44495,10.39428,10.344420000000001,10.29555,10.24794,10.201590000000001,10.15677,10.11366,10.07235,10.03302,9.99576,9.960840000000001,9.92844,9.89856,9.87138,9.84699,9.825569999999999,9.807120000000001,9.79173,9.77949,9.77031,9.764190000000001,9.761220000000002,9.761220000000002,9.764100000000001,9.76995,9.778500000000001,9.78966,9.80325,9.81918,9.83727,9.85734,9.87921,9.902700000000001,9.92763,9.95373,9.981,10.00908,10.03788,10.06731,10.0971,10.12716,10.15722,10.18737,10.21734,10.24704,10.276290000000001,10.305090000000002,10.333350000000001,10.36098,10.38789,10.4139,10.4391,10.4634,10.48671,10.50894,10.530090000000001,10.55016,10.569149999999999,10.586879999999999,10.603439999999999,10.61874,10.63287,10.64565,10.65717,10.667340000000001,10.676250000000001,10.683810000000001,10.69011,10.69497,10.69857,10.70073,10.701630000000002,10.70109,10.69929,10.696140000000002,10.691550000000001,10.685699999999999,10.6785,10.67004,10.66023,10.64916,10.63683,10.62333,10.60848,10.592550000000001,10.57545,10.55727,10.53801,10.517669999999999,10.49652,10.47438,10.45143,10.42776,10.40337,10.37844,10.35306,10.32732,10.3014,10.2753,10.2492,10.22337,10.19781,10.1727,10.14831,10.124730000000001,10.10214,10.080810000000001,10.060920000000001,10.04256,10.026000000000002,10.011510000000001,9.999089999999999,9.98901,9.98145,9.976590000000002,9.974430000000002,9.975240000000001,9.97911,9.98604,9.99621,10.009530000000002,10.02609,10.045800000000002,10.068660000000001,10.09476,10.12374,10.15578,10.190610000000001,10.22814,10.26819,10.31067,10.355310000000001,10.40211,10.450800000000001,10.501290000000001,10.55322,10.60659,10.66122,10.716840000000001,10.77345,10.83078,10.88874,10.94715,11.00592,11.06487,11.124,11.18304,11.24208,11.30094,11.359530000000001,11.417760000000001,11.47554,11.53296,11.58975,11.645999999999999,11.70153,11.75643,11.81061,11.86407,11.91672,11.968560000000002,12.0195,12.06963,12.118860000000002,12.16719,12.21462,12.26106,12.30651,12.35106,12.394620000000002,12.437190000000001,12.478769999999999,12.519359999999999,12.55896,12.59748,12.63501,12.67146,12.70692,12.7413,12.774690000000001,12.807,12.83823,12.86847,12.897540000000001,12.92562,12.95262,12.97854,13.00329,13.027050000000001,13.04964,13.071150000000001,13.09158,13.110840000000001,13.12902,13.14603,13.16196,13.176630000000001,13.19022,13.20264,13.21398,13.223970000000001,13.232880000000002,13.24062,13.2471,13.252320000000001,13.25637,13.25916,13.26069,13.261050000000001,13.26006,13.257810000000001,13.2543,13.24944,13.24332,13.235850000000001,13.227030000000001,13.216949999999999,13.20552,13.19274,13.178519999999999,13.16304,13.14621,13.12794,13.10832,13.087349999999999,13.06503,13.04136,13.01634,12.98997,12.96234,12.93336,12.903120000000001,12.87162,12.83886,12.80493,12.76992,12.73383,12.69666,12.6585,12.61953,12.579749999999999,12.539159999999999,12.49803,12.45636,12.41433,12.37212,12.32973,12.28743,12.24531,12.20364,12.1626,12.122280000000002,12.08304,12.04506,12.008610000000001,11.97387,11.94111,11.9106,11.88261,11.85741,11.835090000000001,11.816189999999999,11.80062,11.788829999999999,11.781,11.777220000000002,11.777759999999999,11.782710000000002,11.792159999999999,11.8062,11.82492,11.84832,11.8764,11.90916,11.94651,11.98836,12.03453,12.08502,12.139560000000001,12.19797,12.26016,12.32586,12.3948,12.466890000000001,12.54186,12.61953,12.69954,12.7818,12.86613,12.95226,13.040009999999999,13.129199999999999,13.21965,13.31118,13.4037,13.49703,13.590900000000001,13.6854,13.78026,13.87539,13.97079,14.066189999999999,14.16168,14.25717,14.35248,14.447610000000001,14.542470000000002,14.637060000000002,14.731380000000001,14.82525,14.91867,15.01173,15.104249999999999,15.196319999999998
16.87725,16.79544,16.71309,16.630110000000002,16.5465,16.46217,16.377299999999998,16.291710000000002,16.2054,16.118370000000002,16.03053,15.941970000000001,15.8526,15.76242,15.67134,15.579360000000001,15.48648,15.392700000000001,15.29793,15.202080000000002,15.10533,15.007410000000002,14.908320000000002,14.80815,14.70681,14.60421,14.50035,14.39514,14.288580000000001,14.18067,14.07123,13.96035,13.84794,13.73391,13.61826,13.5009,13.38183,13.261050000000001,13.13838,13.013819999999999,12.88746,12.759030000000001,12.62871,12.496410000000001,12.36204,12.2256,12.08718,11.94669,11.80413,11.65968,11.513340000000001,11.365110000000001,11.215259999999999,11.063790000000001,10.91106,10.75716,10.602450000000001,10.4472,10.292040000000002,10.13724,9.98352,9.8316,9.68211,9.53604,9.39438,9.2583,9.12879,9.007290000000001,8.895006,8.793333,8.703549,8.626878,8.564409,8.517051,8.485461,8.470017,8.470791,8.487549,8.519741999999999,8.566551,8.626923000000001,8.699643000000002,8.78337,8.876682,8.978175,9.08649,9.20025,9.318240000000001,9.439380000000002,9.56259,9.686969999999999,9.8118,9.93645,10.060200000000002,10.1826,10.30329,10.422,10.53828,10.65213,10.76319,10.87146,10.97685,11.07927,11.17863,11.27502,11.368350000000001,11.45871,11.546190000000001,11.63061,11.712240000000001,11.79099,11.867040000000001,11.9403,12.01095,12.07899,12.1446,12.20769,12.268350000000002,12.32676,12.38283,12.43674,12.488489999999999,12.538170000000001,12.58587,12.631590000000001,12.67542,12.71736,12.7575,12.79584,12.83256,12.86757,12.900960000000001,12.93282,12.963149999999999,12.99195,13.0194,13.04532,13.06998,13.0932,13.11516,13.13586,13.15539,13.17357,13.19067,13.2066,13.22136,13.235040000000001,13.24764,13.25916,13.26969,13.27923,13.287780000000001,13.295340000000001,13.30191,13.307670000000002,13.31244,13.31631,13.319280000000001,13.32144,13.322790000000001,13.32324,13.32297,13.3218,13.31991,13.317210000000001,13.313699999999999,13.30947,13.30452,13.29885,13.29246,13.28535,13.277610000000001,13.26906,13.25988,13.250070000000001,13.23954,13.22838,13.21659,13.204080000000001,13.19094,13.17726,13.16286,13.147920000000001,13.13226,13.11606,13.09923,13.08177,13.06377,13.04514,13.025970000000001,13.00608,12.98574,12.964770000000001,12.94317,12.92103,12.89826,12.87495,12.85101,12.82653,12.80142,12.77577,12.74949,12.72267,12.695310000000001,12.66723,12.6387,12.60954,12.579749999999999,12.54933,12.51837,12.48678,12.45465,12.42189,12.3885,12.35448,12.319830000000001,12.28464,12.24882,12.21237,12.1752,12.137490000000001,12.09915,12.06018,12.020579999999999,11.980350000000001,11.93949,11.898000000000001,11.855879999999999,11.81322,11.76984,11.72592,11.681280000000001,11.636190000000001,11.59038,11.544120000000001,11.49723,11.4498,11.40183,11.35341,11.304540000000001,11.255220000000001,11.20545,11.15532,11.104920000000002,11.054160000000001,11.00322,10.952100000000002,10.90089,10.84968,10.79847,10.747349999999999,10.6965,10.64592,10.5957,10.54611,10.49706,10.44882,10.40148,10.355129999999999,10.30995,10.26603,10.223640000000001,10.18278,10.14363,10.10646,10.07127,10.038240000000002,10.00746,9.97911,9.953370000000001,9.930150000000001,9.90972,9.89208,9.87723,9.865169999999999,9.85608,9.849870000000001,9.84645,9.84582,9.84798,9.85275,9.860040000000001,9.869760000000001,9.88182,9.89604,9.91233,9.93042,9.95022,9.97155,9.99423,10.01808,10.0431,10.06884,10.09539,10.12257,10.15002,10.17783,10.205820000000001,10.23381,10.261709999999999,10.289340000000001,10.316790000000001,10.3437,10.37016,10.39608,10.42137,10.44585,10.46961,10.49247,10.514520000000001,10.535580000000001,10.55565,10.574639999999999,10.592640000000001,10.60956,10.625309999999999,10.639890000000001,10.65339,10.66563,10.6767,10.6866,10.69515,10.702530000000001,10.70865,10.713510000000001,10.71711,10.71945,10.72044,10.720260000000001,10.71873,10.716030000000002,10.71198,10.706760000000001,10.70019,10.69245,10.68354,10.67337,10.66212,10.649610000000001,10.63602,10.621350000000001,10.6056,10.58886,10.57113,10.5525,10.53297,10.51263,10.49157,10.46988,10.44756,10.42479,10.40157,10.37808,10.354500000000002,10.33074,10.307160000000001,10.283669999999999,10.26063,10.23804,10.21617,10.19511,10.175040000000001,10.156139999999999,10.13859,10.12257,10.10817,10.095749999999999,10.08531,10.07703,10.07109,10.06767,10.06686,10.068660000000001,10.07334,10.080900000000002,10.09143,10.104840000000001,10.12122,10.14066,10.16298,10.188180000000001,10.21617,10.24695,10.280339999999999,10.31625,10.35459,10.39518,10.43793,10.482569999999999,10.5291,10.57725,10.626930000000002,10.67796,10.73016,10.78344,10.837530000000001,10.892520000000001,10.94805,11.00412,11.060640000000001,11.11734,11.174220000000002,11.231190000000002,11.28807,11.34486,11.401380000000001,11.45772,11.5137,11.56923,11.624310000000001,11.67885,11.73276,11.786130000000002,11.83887,11.89089,11.9421,11.99268,12.04236,12.09132,12.139380000000001,12.18663,12.23298,12.27843,12.32298,12.36663,12.40929,12.45114,12.491909999999999,12.531780000000001,12.57066,12.60855,12.64554,12.68145,12.716370000000001,12.7503,12.78324,12.815190000000001,12.846060000000001,12.87585,12.90474,12.93246,12.959280000000001,12.98493,13.00959,13.03317,13.05567,13.07709,13.09743,13.11669,13.134870000000001,13.15197,13.16799,13.18284,13.196520000000001,13.20912,13.220640000000001,13.2309,13.24008,13.248090000000001,13.25493,13.2606,13.26501,13.26834,13.27032,13.27122,13.27077,13.26915,13.266359999999999,13.26222,13.25682,13.250160000000001,13.24224,13.23306,13.22253,13.21074,13.19769,13.18329,13.167629999999999,13.15062,13.13235,13.112820000000001,13.09194,13.0698,13.0464,13.021740000000001,12.99582,12.968639999999999,12.94038,12.91086,12.880260000000002,12.84849,12.81573,12.781979999999999,12.74733,12.711780000000001,12.67542,12.638340000000001,12.60063,12.56247,12.52386,12.48489,12.445829999999999,12.40668,12.36762,12.32892,12.29067,12.25305,12.21624,12.18051,12.14604,12.113010000000001,12.08169,12.05226,12.02499,12.000150000000001,11.97792,11.95848,11.94219,11.92914,11.9196,11.91375,11.91168,11.91366,11.91978,11.93004,11.94471,11.96361,11.98692,12.01464,12.04668,12.08304,12.12363,12.168270000000001,12.21687,12.26943,12.32559,12.38535,12.44844,12.51468,12.58389,12.65589,12.730410000000001,12.80736,12.886470000000001,12.96756,13.05054,13.13505,13.221,13.308300000000001,13.39668,13.48605,13.576319999999999,13.66722,13.75875,13.85073,13.94307,14.035680000000001,14.12847,14.221440000000001,14.31432,14.4072,14.49999,14.592509999999999,14.684940000000001,14.77701,14.868810000000002,14.960249999999998,15.051330000000002,15.142050000000001,15.232320000000001
16.84008,16.758000000000003,16.67529,16.59204,16.508070000000004,16.423470000000002,16.338150000000002,16.252200000000002,16.16553,16.07805,15.98985,15.90084,15.81102,15.7203,15.628770000000001,15.536249999999999,15.442919999999999,15.34851,15.253110000000001,15.156720000000002,15.059159999999999,14.960520000000002,14.860800000000001,14.75982,14.657580000000001,14.55417,14.44932,14.34312,14.23557,14.12649,14.01597,13.903830000000001,13.79007,13.674600000000002,13.55742,13.43853,13.31775,13.195079999999999,13.07043,12.9438,12.815100000000001,12.684330000000001,12.5514,12.416220000000001,12.278880000000001,12.1392,11.997359999999999,11.85309,11.706660000000001,11.55789,11.406870000000001,11.253689999999999,11.09853,10.9413,10.78236,10.62189,10.46016,10.297530000000002,10.13427,9.971100000000002,9.808470000000002,9.64719,9.48798,9.33183,9.17991,9.0333,8.893386,8.761644,8.639568,8.528724,8.430669,8.346879,8.278677,8.227197,8.193249,8.177328,8.179533,8.199585,8.236809000000001,8.290224,8.358543,8.440308,8.533899,8.637669,8.749953,8.869167000000001,8.993817000000002,9.12249,9.25398,9.387270000000001,9.52128,9.6552,9.78831,9.92016,10.05012,10.17792,10.3032,10.4256,10.545119999999999,10.66149,10.77471,10.884599999999999,10.99125,11.09457,11.19456,11.29131,11.384820000000001,11.47509,11.56221,11.646360000000001,11.727450000000001,11.805570000000001,11.8809,11.953439999999999,12.02319,12.09042,12.15495,12.21714,12.276810000000001,12.33414,12.38922,12.44205,12.49281,12.54141,12.588030000000002,12.632670000000001,12.67542,12.716280000000001,12.75543,12.79278,12.82842,12.862440000000001,12.89484,12.92571,12.955050000000002,12.98295,13.00941,13.03443,13.058100000000001,13.08051,13.10157,13.12137,13.14,13.15737,13.17366,13.18869,13.20273,13.2156,13.22748,13.23819,13.248000000000001,13.25682,13.26465,13.27149,13.27743,13.28238,13.286520000000001,13.289760000000001,13.2921,13.29363,13.29435,13.29426,13.293270000000001,13.29156,13.28913,13.28589,13.28184,13.27707,13.27158,13.265460000000001,13.25853,13.25097,13.242600000000001,13.233690000000001,13.224060000000001,13.21371,13.202820000000001,13.19121,13.17897,13.16601,13.15251,13.13838,13.123709999999999,13.10832,13.09239,13.075740000000001,13.05864,13.04091,13.02255,13.00356,12.98403,12.96396,12.94326,12.92202,12.90024,12.87783,12.854880000000001,12.8313,12.80718,12.78252,12.75723,12.7314,12.70503,12.67812,12.650580000000001,12.62241,12.59379,12.56454,12.53466,12.50424,12.473279999999999,12.44169,12.409559999999999,12.376800000000001,12.3435,12.30957,12.2751,12.24,12.20427,12.168,12.1311,12.09366,12.05559,12.01689,11.97765,11.93778,11.89737,11.85633,11.81466,11.772540000000001,11.72979,11.68641,11.64258,11.59812,11.55321,11.507760000000001,11.46186,11.41551,11.36862,11.32137,11.273760000000001,11.22579,11.17746,11.12886,11.08008,11.03112,10.98198,10.93284,10.883700000000001,10.834650000000002,10.785779999999999,10.73718,10.68885,10.64097,10.59363,10.54701,10.50111,10.45602,10.41201,10.36917,10.3275,10.287270000000001,10.24857,10.21149,10.176210000000001,10.14282,10.1115,10.08234,10.055520000000001,10.03095,10.0089,9.98928,9.97236,9.95796,9.946259999999999,9.93726,9.93087,9.92709,9.925920000000001,9.92727,9.93114,9.93735,9.94581,9.95643,9.96903,9.98361,9.9999,10.01781,10.03716,10.05786,10.07973,10.10259,10.12626,10.150649999999999,10.17567,10.20114,10.226880000000001,10.2528,10.27881,10.304730000000001,10.33056,10.35612,10.38132,10.406070000000001,10.43037,10.454130000000001,10.47717,10.49949,10.52109,10.54188,10.561770000000001,10.58076,10.59885,10.615950000000002,10.63197,10.647,10.66095,10.673820000000001,10.68561,10.69623,10.705680000000001,10.71405,10.72116,10.72719,10.73196,10.73565,10.73808,10.73925,10.73934,10.73817,10.73583,10.73232,10.727640000000001,10.72179,10.714770000000001,10.70667,10.6974,10.68705,10.67571,10.663200000000002,10.64979,10.6353,10.620000000000001,10.603710000000001,10.58661,10.56879,10.55016,10.5309,10.51101,10.49067,10.46988,10.44882,10.4274,10.405980000000001,10.38456,10.36314,10.34208,10.32129,10.30113,10.28151,10.26279,10.24506,10.22841,10.21302,10.19907,10.18683,10.176210000000001,10.16757,10.161,10.15659,10.15452,10.15479,10.157670000000001,10.16307,10.17117,10.18197,10.19556,10.21185,10.230929999999999,10.25271,10.277190000000001,10.30428,10.33398,10.366109999999999,10.400580000000001,10.4373,10.476180000000001,10.517040000000001,10.559790000000001,10.60434,10.65042,10.69794,10.74672,10.796759999999999,10.847790000000002,10.89972,10.95246,11.005740000000001,11.059650000000001,11.11392,11.16855,11.22327,11.27817,11.33307,11.387880000000001,11.4426,11.49705,11.55123,11.60505,11.65842,11.711340000000002,11.763720000000001,11.815650000000002,11.866859999999999,11.91753,11.96739,12.016710000000002,12.06522,12.11292,12.1599,12.20607,12.251430000000001,12.29589,12.33954,12.382290000000001,12.424230000000001,12.46518,12.505230000000001,12.54447,12.58263,12.61998,12.65634,12.69171,12.726090000000001,12.75957,12.792060000000001,12.82356,12.85407,12.883680000000002,12.91212,12.93966,12.96621,12.99168,13.016160000000001,13.03956,13.061969999999999,13.083390000000001,13.10364,13.1229,13.14108,13.15827,13.17429,13.18923,13.20318,13.21596,13.22757,13.23819,13.24764,13.25592,13.26312,13.26915,13.27401,13.27779,13.28031,13.28166,13.28184,13.280850000000001,13.27869,13.275269999999999,13.27059,13.26474,13.25772,13.249350000000002,13.23981,13.2291,13.21704,13.20381,13.18932,13.17357,13.156559999999999,13.13838,13.11894,13.09824,13.07646,13.053420000000001,13.02921,13.00392,12.97746,12.94992,12.9213,12.891779999999999,12.861180000000001,12.82977,12.797460000000001,12.76434,12.73059,12.69612,12.6612,12.62574,12.59001,12.55401,12.51792,12.48192,12.446010000000001,12.41046,12.37545,12.34107,12.307590000000001,12.2751,12.243870000000001,12.21408,12.18591,12.15954,12.135330000000002,12.113370000000002,12.09393,12.07719,12.06333,12.052620000000001,12.04515,12.0411,12.040650000000001,12.04398,12.05118,12.06225,12.07737,12.09663,12.11985,12.147210000000001,12.17871,12.21408,12.2535,12.29679,12.34377,12.39444,12.44862,12.50613,12.566790000000001,12.63051,12.69711,12.76632,12.83805,12.91203,12.98826,13.06638,13.14621,13.22775,13.31073,13.39497,13.48038,13.56687,13.65417,13.74228,13.83093,13.92021,14.00985,14.09985,14.19003,14.28048,14.370930000000001,14.46147,14.55192,14.642280000000001,14.73246,14.822460000000001,14.912279999999999,15.001740000000002,15.090930000000002,15.17976,15.26823
16.80354,16.72119,16.63821,16.5546,16.47036,16.3854,16.29981,16.2135,16.126469999999998,16.038629999999998,15.949980000000002,15.860610000000001,15.770340000000001,15.67917,15.58719,15.494220000000002,15.40026,15.30531,15.20937,15.11235,15.014160000000002,14.91489,14.81445,14.71275,14.6097,14.50539,14.399730000000002,14.292629999999999,14.184,14.07393,13.962240000000001,13.848840000000001,13.73382,13.617090000000001,13.498470000000001,13.37796,13.25547,13.131,13.004460000000002,12.87585,12.7449,12.61179,12.47634,12.338460000000001,12.19815,12.05532,11.90997,11.7621,11.61162,11.45853,11.30292,11.14479,10.98414,10.821150000000001,10.65591,10.48869,10.31967,10.14921,9.97767,9.80559,9.633510000000001,9.462150000000001,9.2925,9.12537,8.962137,8.803998,8.652474000000002,8.509221,8.375994,8.254629000000001,8.147007,8.054892,7.9799489999999995,7.923564,7.886781,7.870221000000001,7.8740369999999995,7.897878,7.940925,8.001963,8.079435,8.171532000000001,8.276346,8.391888,8.516250000000001,8.647587,8.784198,8.924562000000002,9.06732,9.21132,9.3555,9.49896,9.641160000000001,9.78138,9.91926,10.054260000000001,10.18629,10.31499,10.440270000000002,10.56204,10.68012,10.7946,10.90548,11.01267,11.11626,11.21634,11.31291,11.40597,11.49579,11.582370000000001,11.66571,11.7459,11.823210000000001,11.89755,11.96901,12.03777,12.10383,12.16728,12.22821,12.2868,12.34296,12.39687,12.44853,12.49803,12.54555,12.591000000000001,12.63447,12.67605,12.71583,12.75381,12.79008,12.82473,12.85767,12.88899,12.91887,12.94722,12.97404,12.999509999999999,13.02363,13.0464,13.067820000000001,13.08798,13.10688,13.12461,13.14117,13.156559999999999,13.17087,13.184009999999999,13.19616,13.20714,13.217220000000001,13.22622,13.23432,13.24143,13.24755,13.252770000000002,13.25709,13.26051,13.26312,13.26483,13.26573,13.265820000000001,13.2651,13.26357,13.26132,13.258260000000002,13.25439,13.249889999999999,13.244580000000001,13.23864,13.23189,13.22451,13.216410000000002,13.20768,13.19823,13.18815,13.17735,13.16601,13.153950000000002,13.14126,13.12803,13.11408,13.09959,13.08447,13.06881,13.052430000000001,13.0356,13.018049999999999,13.00005,12.98133,12.96216,12.94236,12.92202,12.90105,12.87954,12.85749,12.8349,12.81168,12.78801,12.763710000000001,12.73887,12.7134,12.68748,12.66093,12.63384,12.60621,12.57804,12.54933,12.52008,12.4902,12.45978,12.42882,12.39723,12.36519,12.33252,12.299220000000002,12.26547,12.23109,12.19617,12.160710000000002,12.12462,12.087990000000001,12.05082,12.01311,11.974770000000001,11.93589,11.896469999999999,11.85651,11.81601,11.77497,11.73339,11.69127,11.6487,11.60559,11.56203,11.517930000000002,11.47347,11.42856,11.38329,11.337660000000001,11.29167,11.24532,11.198789999999999,11.15199,11.10501,11.05794,11.01078,10.96362,10.91646,10.86948,10.82268,10.77624,10.73007,10.68435,10.63926,10.594710000000001,10.55106,10.508220000000001,10.466280000000001,10.4256,10.386,10.34784,10.31103,10.27593,10.24245,10.21077,10.18107,10.15335,10.127790000000001,10.10439,10.08333,10.06452,10.04823,10.03428,10.02285,10.01394,10.007370000000002,10.00332,10.0017,10.002419999999999,10.00539,10.01061,10.017900000000001,10.02717,10.03842,10.05147,10.06605,10.08225,10.0998,10.1187,10.13859,10.15947,10.18125,10.203750000000001,10.22679,10.25028,10.27404,10.29807,10.322280000000001,10.346400000000001,10.37043,10.39428,10.417860000000001,10.441080000000001,10.46376,10.48608,10.50777,10.52874,10.54917,10.5687,10.5876,10.605509999999999,10.622700000000002,10.6389,10.65411,10.66842,10.681740000000001,10.694070000000002,10.70532,10.715580000000001,10.72476,10.73277,10.73979,10.74564,10.75041,10.7541,10.75662,10.75806,10.758329999999999,10.75752,10.75563,10.75257,10.74843,10.74321,10.73691,10.729619999999999,10.72125,10.7118,10.70145,10.69011,10.67778,10.66464,10.6506,10.635750000000002,10.620180000000001,10.6038,10.586879999999999,10.56933,10.55124,10.5327,10.5138,10.49463,10.47537,10.45593,10.43658,10.41741,10.398420000000002,10.379880000000002,10.36179,10.344420000000001,10.327860000000001,10.3122,10.29771,10.2843,10.27242,10.261980000000001,10.253160000000001,10.24623,10.2411,10.23813,10.23723,10.23858,10.24236,10.24848,10.25712,10.26819,10.281870000000001,10.29816,10.316970000000001,10.3383,10.362150000000002,10.38843,10.417050000000001,10.44801,10.48122,10.5165,10.55385,10.593,10.63395,10.67661,10.7208,10.76634,10.81314,10.86111,10.91007,10.95993,11.01051,11.061810000000001,11.11365,11.165849999999999,11.21841,11.27124,11.324160000000001,11.37717,11.43018,11.48301,11.53566,11.58813,11.64033,11.692079999999999,11.74347,11.794410000000001,11.84481,11.894670000000001,11.943900000000001,11.992590000000002,12.040650000000001,12.0879,12.13452,12.18042,12.2256,12.26988,12.31344,12.356190000000002,12.39813,12.43917,12.4794,12.518820000000002,12.557250000000002,12.59487,12.6315,12.66732,12.70215,12.73608,12.769110000000001,12.80115,12.83229,12.862440000000001,12.89169,12.91986,12.94713,12.97341,12.9987,13.023000000000001,13.04631,13.06863,13.08987,13.11021,13.129470000000001,13.14765,13.16484,13.180950000000001,13.19607,13.21011,13.22307,13.234950000000001,13.24575,13.25547,13.26411,13.27158,13.27797,13.28328,13.28751,13.29057,13.29246,13.293180000000001,13.29282,13.29129,13.288590000000001,13.28463,13.27959,13.273380000000001,13.26591,13.25736,13.24755,13.23657,13.22442,13.2111,13.196520000000001,13.180860000000001,13.16394,13.145940000000001,13.12677,13.10643,13.08501,13.06251,13.03893,13.01436,12.988710000000001,12.96207,12.93453,12.906179999999999,12.876930000000002,12.846960000000001,12.81618,12.78486,12.753,12.720600000000001,12.68784,12.6549,12.621690000000001,12.58848,12.55536,12.52251,12.490020000000001,12.457980000000001,12.42666,12.39624,12.366810000000001,12.33864,12.31182,12.28662,12.26322,12.241800000000001,12.22254,12.20571,12.1914,12.17988,12.171240000000001,12.16566,12.16341,12.16449,12.16899,12.177180000000002,12.18906,12.20472,12.22416,12.24738,12.274469999999999,12.30534,12.33999,12.37833,12.42036,12.465900000000001,12.51486,12.56715,12.62259,12.68109,12.74247,12.80655,12.87324,12.94236,13.01364,13.08708,13.162410000000001,13.23945,13.31811,13.3983,13.47975,13.562280000000001,13.64598,13.73049,13.815900000000001,13.90194,13.98852,14.07564,14.163030000000001,14.25087,14.3388,14.427000000000001,14.5152,14.603399999999999,14.691600000000001,14.779710000000001,14.86773,14.955480000000001,15.043050000000001,15.130439999999998,15.21747,15.30414
16.76772,16.685100000000002,16.601850000000002,16.51788,16.43337,16.34814,16.26219,16.17561,16.08813,16.00002,15.91101,15.821190000000001,15.73056,15.63894,15.546510000000001,15.453090000000001,15.358680000000001,15.26319,15.16671,15.06915,14.97042,14.87043,14.769359999999999,14.666940000000002,14.563170000000001,14.45805,14.35158,14.24358,14.13405,14.0229,13.91013,13.79565,13.67946,13.56129,13.44132,13.319370000000001,13.195260000000001,13.069080000000001,12.94074,12.81006,12.67713,12.54168,12.40371,12.26313,12.11994,11.974050000000002,11.825370000000001,11.673810000000001,11.51946,11.36205,11.20185,11.038680000000001,10.872630000000001,10.703790000000001,10.532160000000001,10.35801,10.181519999999999,10.00305,9.82278,9.64134,9.45936,9.277379999999999,9.096390000000001,8.917488,8.741844,8.570943,8.406450000000001,8.250210000000001,8.104284,7.970823,7.852068,7.750206,7.667271,7.605027,7.564806000000001,7.547409000000001,7.553043,7.581285,7.631136,7.701048,7.7890950000000005,7.893081,8.010684,8.139546,8.277426,8.4222,8.571969,8.725032,8.879913,9.03537,9.190349999999999,9.34398,9.49554,9.644490000000001,9.79047,9.93294,10.07181,10.2069,10.338030000000002,10.465110000000001,10.58814,10.707120000000002,10.82214,10.9332,11.0403,11.14362,11.24316,11.3391,11.43144,11.52036,11.60586,11.688120000000001,11.76732,11.84337,11.916450000000001,11.986650000000001,12.05415,12.118860000000002,12.181049999999999,12.24072,12.297960000000002,12.352860000000002,12.40542,12.455820000000001,12.50415,12.550320000000001,12.5946,12.63681,12.67722,12.71583,12.752640000000001,12.787740000000001,12.82122,12.85308,12.88341,12.91212,12.93948,12.96531,12.98979,13.012920000000001,13.0347,13.05513,13.074390000000001,13.09239,13.109309999999999,13.12497,13.13946,13.15287,13.16529,13.17654,13.1868,13.19607,13.20435,13.211640000000001,13.21803,13.22352,13.22802,13.23171,13.23441,13.23639,13.23747,13.23774,13.2372,13.235850000000001,13.233780000000001,13.2309,13.22721,13.22289,13.21776,13.212,13.205430000000002,13.19823,13.1904,13.18176,13.17258,13.16268,13.15215,13.14099,13.129109999999999,13.11669,13.10364,13.08996,13.07565,13.0608,13.04532,13.029300000000001,13.01265,12.99537,12.977640000000001,12.959280000000001,12.940290000000001,12.920850000000002,12.90078,12.88017,12.858929999999999,12.837240000000001,12.81501,12.79215,12.76884,12.7449,12.72042,12.69549,12.66993,12.643830000000001,12.61728,12.590100000000001,12.56238,12.53421,12.50541,12.47607,12.44628,12.41586,12.3849,12.35349,12.32145,12.28887,12.25584,12.22218,12.18798,12.15333,12.11805,12.08232,12.04596,12.00915,11.97171,11.93382,11.89539,11.85651,11.81709,11.77713,11.736720000000002,11.695770000000001,11.65446,11.61261,11.570310000000001,11.527650000000001,11.484630000000001,11.44116,11.39733,11.35323,11.308860000000001,11.264130000000002,11.21922,11.174220000000002,11.129040000000002,11.083680000000001,11.03841,10.99314,10.94796,10.90287,10.85814,10.813590000000001,10.769490000000001,10.72584,10.68282,10.64034,10.59867,10.5579,10.51803,10.479330000000001,10.44171,10.40535,10.37043,10.33704,10.30527,10.27521,10.24695,10.22058,10.196190000000001,10.173869999999999,10.15371,10.135710000000001,10.11996,10.10646,10.0953,10.086390000000002,10.07982,10.0755,10.07334,10.07352,10.07568,10.08,10.08621,10.0944,10.1043,10.115910000000001,10.129050000000001,10.14363,10.159559999999999,10.17666,10.194840000000001,10.21401,10.23399,10.2546,10.27584,10.297530000000002,10.319490000000002,10.34181,10.364220000000001,10.38663,10.409040000000001,10.43127,10.453320000000001,10.47501,10.49634,10.51722,10.53756,10.55736,10.57653,10.59507,10.61289,10.629900000000001,10.6461,10.66149,10.67598,10.68966,10.702350000000001,10.71414,10.72494,10.73475,10.74357,10.7514,10.75824,10.764000000000001,10.76868,10.77237,10.775070000000001,10.77669,10.777230000000001,10.77669,10.775160000000001,10.77264,10.76904,10.76445,10.75887,10.7523,10.74474,10.73628,10.72683,10.716569999999999,10.70541,10.69344,10.68066,10.667159999999999,10.652940000000001,10.63809,10.622700000000002,10.60677,10.59039,10.57356,10.55655,10.53927,10.52181,10.50435,10.48698,10.469790000000001,10.45278,10.43631,10.42029,10.40499,10.390410000000001,10.37673,10.364130000000001,10.3527,10.34253,10.3338,10.326690000000001,10.321200000000001,10.3176,10.3158,10.316070000000002,10.3185,10.323,10.32984,10.338930000000001,10.35036,10.364130000000001,10.38033,10.398959999999999,10.41984,10.443060000000001,10.46862,10.49643,10.52631,10.55826,10.59228,10.628190000000002,10.66581,10.70523,10.746089999999999,10.78848,10.83222,10.877220000000001,10.923210000000001,10.97028,11.01816,11.06685,11.11617,11.166030000000001,11.21634,11.26701,11.31795,11.36907,11.42028,11.471490000000001,11.52261,11.573640000000001,11.62449,11.675070000000002,11.725290000000001,11.775150000000002,11.82465,11.8737,11.92221,11.970180000000001,12.01761,12.06441,12.11058,12.15612,12.20094,12.245040000000001,12.28842,12.33108,12.37293,12.414060000000001,12.45429,12.4938,12.532409999999999,12.570210000000001,12.607199999999999,12.64329,12.67848,12.712860000000001,12.74634,12.778830000000001,12.81051,12.8412,12.87099,12.89988,12.92787,12.95487,12.980879999999999,13.00599,13.0302,13.05333,13.07556,13.09671,13.11696,13.136220000000002,13.15449,13.17168,13.18788,13.20309,13.217220000000001,13.230360000000001,13.242510000000001,13.253580000000001,13.26357,13.27248,13.28031,13.28715,13.29282,13.297500000000001,13.30101,13.30344,13.304789999999999,13.30497,13.30407,13.30209,13.29894,13.29462,13.28922,13.28274,13.275,13.26618,13.25628,13.24512,13.23297,13.21965,13.20516,13.189589999999999,13.17294,13.15521,13.1364,13.11651,13.095630000000002,13.07376,13.0509,13.027140000000001,13.00248,12.97692,12.95064,12.92346,12.89574,12.8673,12.83832,12.8088,12.778920000000001,12.74877,12.718440000000001,12.68793,12.65742,12.627089999999999,12.59703,12.56742,12.538260000000001,12.509820000000001,12.48228,12.45573,12.43044,12.406500000000001,12.384,12.3633,12.34458,12.32784,12.31335,12.30138,12.29193,12.28527,12.281490000000002,12.28077,12.28329,12.289050000000001,12.29814,12.31074,12.32685,12.34647,12.36969,12.39651,12.42693,12.46086,12.4983,12.539159999999999,12.583350000000001,12.63078,12.681360000000002,12.734910000000001,12.79143,12.85065,12.91248,12.97683,13.043429999999999,13.11228,13.183110000000001,13.255740000000001,13.330169999999999,13.40622,13.48371,13.56246,13.642380000000001,13.72338,13.80537,13.88808,13.971599999999999,14.05566,14.14026,14.22531,14.31072,14.3964,14.48226,14.5683,14.65443,14.74047,14.826600000000001,14.912550000000001,14.99841,15.084180000000002,15.16968,15.254999999999999,15.33996
16.73253,16.64964,16.56612,16.48197,16.397100000000002,16.3116,16.225379999999998,16.13844,16.05069,15.962220000000002,15.872850000000001,15.782670000000001,15.691679999999998,15.599699999999999,15.506820000000001,15.412949999999999,15.31809,15.22215,15.125220000000002,15.02703,14.927760000000001,14.827229999999998,14.72553,14.62239,14.517990000000001,14.41215,14.30487,14.196060000000001,14.08563,13.97358,13.859820000000001,13.74426,13.62681,13.50747,13.38615,13.26276,13.13721,13.00941,12.87927,12.74679,12.6117,12.47409,12.33378,12.19068,12.044699999999999,11.89575,11.74374,11.58867,11.43036,11.2689,11.10402,10.9359,10.76445,10.58967,10.41165,10.23057,10.046520000000001,9.859679999999999,9.670499999999999,9.47934,9.28683,9.09369,8.900649,8.708931,8.519814,8.334864000000001,8.155899000000002,7.985043,7.824618,7.677198,7.545456,7.432092,7.339635000000001,7.270335000000001,7.225911000000001,7.207416000000001,7.215147000000001,7.2485729999999995,7.3064160000000005,7.386732,7.487118000000001,7.604838000000001,7.737075,7.8810210000000005,8.034048,8.193717,8.357904,8.524746,8.692659,8.860338,9.02673,9.19089,9.352260000000001,9.51021,9.664380000000001,9.814499999999999,9.9603,10.10169,10.23867,10.37106,10.499039999999999,10.62252,10.74159,10.85643,10.96704,11.07351,11.175930000000001,11.27457,11.369340000000001,11.460510000000001,11.54817,11.63241,11.71332,11.79099,11.865599999999999,11.937330000000001,12.00609,12.07206,12.13542,12.19608,12.25431,12.31011,12.36366,12.41487,12.463920000000002,12.510810000000001,12.555719999999999,12.598650000000001,12.639600000000002,12.67875,12.716099999999999,12.75174,12.785670000000001,12.81798,12.84867,12.87783,12.90555,12.931740000000001,12.95658,12.979980000000001,13.00212,13.022910000000001,13.042440000000001,13.0608,13.077900000000001,13.09383,13.10859,13.12227,13.134870000000001,13.14639,13.156830000000001,13.16637,13.17483,13.1823,13.18887,13.19454,13.19931,13.20309,13.20606,13.20822,13.20948,13.20993,13.209570000000001,13.208400000000001,13.20651,13.20381,13.2003,13.19616,13.19121,13.185630000000002,13.17924,13.17222,13.16457,13.1562,13.147110000000001,13.13739,13.12704,13.11606,13.10445,13.092210000000001,13.07943,13.06593,13.05189,13.03722,13.02201,13.006170000000001,12.98979,12.97287,12.95532,12.937230000000001,12.9186,12.89934,12.87963,12.85929,12.838500000000002,12.817079999999999,12.795119999999999,12.77271,12.74967,12.726180000000001,12.70215,12.67749,12.652379999999999,12.62682,12.60063,12.5739,12.54672,12.519,12.49074,12.46203,12.432690000000001,12.4029,12.37257,12.3417,12.31038,12.27852,12.24612,12.21318,12.179789999999999,12.14577,12.11139,12.07638,12.04092,12.00501,11.968560000000002,11.93157,11.89413,11.856240000000001,11.817810000000001,11.77902,11.739690000000001,11.700000000000001,11.65977,11.61918,11.57823,11.53692,11.49516,11.45313,11.41074,11.36817,11.32524,11.28213,11.23893,11.195459999999999,11.15199,11.10843,11.06487,11.0214,10.97802,10.93491,10.89198,10.84941,10.8072,10.76553,10.724400000000001,10.683900000000001,10.644210000000001,10.60524,10.567350000000001,10.53045,10.49463,10.46007,10.42686,10.395090000000001,10.36485,10.33623,10.309320000000001,10.28412,10.2609,10.23957,10.220220000000001,10.202940000000002,10.18773,10.17468,10.1637,10.15488,10.14822,10.14363,10.141200000000001,10.14075,10.14228,10.1457,10.151010000000001,10.15812,10.16685,10.17711,10.1889,10.20204,10.216529999999999,10.23201,10.24857,10.26612,10.28439,10.30338,10.32291,10.34289,10.36323,10.38384,10.404630000000001,10.425510000000001,10.446390000000001,10.46709,10.4877,10.50795,10.52793,10.547550000000001,10.56663,10.58526,10.603349999999999,10.62081,10.63764,10.65375,10.66914,10.68372,10.69749,10.710540000000002,10.7226,10.73394,10.744290000000001,10.75374,10.76229,10.76985,10.77651,10.78218,10.78686,10.79055,10.79334,10.79514,10.79595,10.795770000000001,10.7946,10.79253,10.789380000000001,10.78542,10.780470000000001,10.77462,10.76787,10.76031,10.751850000000001,10.74258,10.732500000000002,10.72161,10.710090000000001,10.69785,10.68507,10.671660000000001,10.657710000000002,10.643310000000001,10.62846,10.61334,10.598040000000001,10.58247,10.56681,10.55115,10.535670000000001,10.52037,10.50534,10.49067,10.47663,10.46313,10.45044,10.438649999999999,10.42776,10.41813,10.40967,10.402560000000001,10.396889999999999,10.392930000000002,10.39059,10.38996,10.39131,10.39464,10.39995,10.407330000000002,10.41687,10.42857,10.44252,10.45872,10.477079999999999,10.4976,10.52037,10.54521,10.57212,10.6011,10.63206,10.66482,10.69938,10.73565,10.773539999999999,10.81287,10.85364,10.895669999999999,10.938960000000002,10.98324,11.02842,11.07459,11.121390000000002,11.16891,11.21697,11.26548,11.314350000000001,11.36358,11.412899999999999,11.4624,11.5119,11.5614,11.61081,11.66013,11.70918,11.757959999999999,11.80638,11.85444,11.902140000000001,11.949390000000001,11.9961,12.04236,12.087990000000001,12.13308,12.17754,12.22137,12.26448,12.30696,12.34872,12.38976,12.42999,12.4695,12.50829,12.546180000000001,12.583350000000001,12.619710000000001,12.65517,12.68991,12.72366,12.756689999999999,12.78882,12.82005,12.85038,12.87981,12.908430000000001,12.936060000000001,12.96279,12.988620000000001,13.01355,13.03758,13.06062,13.08267,13.103819999999999,13.123980000000001,13.14324,13.161510000000002,13.178790000000001,13.195079999999999,13.21038,13.22469,13.238010000000001,13.25034,13.26168,13.27194,13.28112,13.2894,13.29651,13.30263,13.30776,13.311720000000001,13.31469,13.31658,13.317390000000001,13.31712,13.315769999999999,13.31334,13.30983,13.30524,13.299570000000001,13.29282,13.28499,13.27599,13.266,13.25493,13.24269,13.229460000000001,13.21524,13.19985,13.18356,13.16619,13.147920000000001,13.128570000000002,13.10841,13.08726,13.06521,13.042440000000001,13.01886,12.99447,12.96945,12.9438,12.91752,12.89079,12.8637,12.83616,12.808440000000001,12.78063,12.752640000000001,12.72483,12.69711,12.66966,12.64275,12.616380000000001,12.59064,12.5658,12.54195,12.519359999999999,12.49803,12.47814,12.45996,12.443670000000001,12.42927,12.417119999999999,12.40722,12.399750000000001,12.39489,12.39282,12.39363,12.39732,12.404160000000001,12.41415,12.42747,12.444030000000001,12.463920000000002,12.48714,12.51378,12.543750000000001,12.577050000000002,12.61359,12.65337,12.696390000000001,12.74238,12.79134,12.84327,12.8979,12.95514,13.0149,13.077,13.14135,13.20786,13.27626,13.34655,13.41846,13.49199,13.566960000000002,13.64319,13.720590000000001,13.79916,13.878540000000001,13.95891,14.03991,14.12163,14.20389,14.2866,14.369760000000001,14.453190000000001,14.536890000000001,14.62077,14.70483,14.788889999999999,14.872950000000001,14.9571,15.04107,15.124949999999998,15.208739999999999,15.292259999999999,15.37569
16.69797,16.61481,16.531109999999998,16.44669,16.36164,16.27587,16.18938,16.10208,16.01406,15.92523,15.83559,15.74514,15.6537,15.561450000000002,15.468120000000003,15.373890000000001,15.27858,15.18228,15.08481,14.98617,14.886360000000002,14.785290000000002,14.68296,14.57928,14.47425,14.36769,14.259689999999999,14.150070000000001,14.038829999999999,13.925880000000001,13.81122,13.69467,13.57614,13.45572,13.33314,13.208400000000001,13.08141,12.95208,12.82032,12.68595,12.54897,12.4092,12.26664,12.12111,11.97243,11.8206,11.66544,11.506950000000002,11.344949999999999,11.179260000000001,11.009970000000001,10.83699,10.66014,10.479510000000001,10.2951,10.107000000000001,9.91521,9.72,9.52164,9.32049,9.117090000000001,8.912052,8.706276,8.500842,8.297109,8.096733,7.9017029999999995,7.714377,7.537419,7.373853,7.226901,7.099875,6.995997,6.918129,6.868530000000001,6.848604,6.858774,6.898365,6.965721,7.058358,7.173207,7.306884,7.455915,7.616961000000001,7.786935000000001,7.963083,8.143029,8.324748,8.506584,8.687196,8.865504,9.04068,9.21204,9.37926,9.5418,9.699480000000001,9.8523,10.00008,10.14282,10.280520000000001,10.41318,10.541070000000001,10.66419,10.782630000000001,10.89657,11.0061,11.111310000000001,11.21247,11.30967,11.403,11.492640000000002,11.57868,11.6613,11.74059,11.81664,11.88963,11.959650000000002,12.02688,12.09123,12.15297,12.212100000000001,12.2688,12.32307,12.37509,12.42477,12.472380000000001,12.51792,12.561390000000001,12.60297,12.64266,12.68046,12.71655,12.75093,12.783600000000002,12.81474,12.84426,12.87234,12.898890000000002,12.924,12.94776,12.970170000000001,12.99123,13.01103,13.02966,13.047030000000001,13.06314,13.07817,13.09212,13.1049,13.1166,13.127310000000001,13.137030000000001,13.145669999999999,13.153410000000001,13.160160000000001,13.16601,13.17087,13.17492,13.17807,13.18032,13.18176,13.18239,13.182210000000001,13.18122,13.17942,13.1769,13.17366,13.16961,13.164930000000002,13.159440000000002,13.15332,13.14639,13.13892,13.130730000000002,13.121820000000001,13.11237,13.1022,13.0914,13.079970000000001,13.06791,13.05531,13.04208,13.02822,13.013819999999999,12.99879,12.983220000000001,12.96711,12.950370000000001,12.933090000000002,12.915270000000001,12.89691,12.87801,12.85857,12.838500000000002,12.81798,12.79692,12.77532,12.753269999999999,12.73059,12.707460000000001,12.68379,12.65958,12.634920000000001,12.60972,12.58398,12.557789999999999,12.531060000000002,12.50379,12.47607,12.4479,12.4191,12.389850000000001,12.360149999999999,12.32991,12.299220000000002,12.267990000000001,12.236220000000001,12.20409,12.17133,12.13821,12.104550000000001,12.070350000000001,12.03579,12.00069,11.965140000000002,11.92905,11.8926,11.8557,11.81835,11.78055,11.74239,11.703780000000002,11.66472,11.62539,11.585609999999999,11.54556,11.50515,11.46447,11.42352,11.382390000000001,11.340990000000001,11.29941,11.25765,11.2158,11.17395,11.1321,11.090160000000001,11.04849,11.00682,10.96542,10.92429,10.88352,10.8432,10.80333,10.764000000000001,10.7253,10.68741,10.65033,10.61415,10.57896,10.54485,10.512,10.48032,10.45008,10.421280000000001,10.39401,10.368360000000001,10.344330000000001,10.322099999999999,10.301670000000001,10.283130000000002,10.26648,10.25181,10.23912,10.22841,10.21968,10.21293,10.20816,10.20528,10.20438,10.20528,10.207980000000001,10.21239,10.21851,10.22616,10.23534,10.24587,10.25766,10.27071,10.28475,10.29987,10.3158,10.332540000000002,10.35,10.368,10.38645,10.40526,10.424339999999999,10.4436,10.462950000000001,10.48239,10.50174,10.52091,10.539900000000001,10.55862,10.57698,10.59489,10.612440000000001,10.62945,10.64592,10.66176,10.67706,10.69164,10.7055,10.718639999999999,10.73097,10.74258,10.75338,10.76328,10.77237,10.780650000000001,10.788030000000001,10.79451,10.80009,10.80477,10.80855,10.811430000000001,10.81332,10.814400000000001,10.81449,10.81377,10.81206,10.80954,10.80612,10.8018,10.79667,10.79073,10.783890000000001,10.77633,10.768049999999999,10.75905,10.74933,10.73889,10.72791,10.71639,10.70433,10.69182,10.67886,10.66554,10.65204,10.63827,10.62432,10.610370000000001,10.59651,10.58274,10.569149999999999,10.55592,10.54305,10.530719999999999,10.51902,10.508130000000001,10.49796,10.48887,10.480770000000001,10.473840000000001,10.468259999999999,10.46403,10.46133,10.46016,10.4607,10.463040000000001,10.46718,10.473210000000002,10.48113,10.49112,10.50318,10.51722,10.53333,10.55151,10.57176,10.59408,10.61829,10.64448,10.672649999999999,10.702530000000001,10.7343,10.76769,10.802610000000001,10.83915,10.87704,10.91628,10.95678,10.99836,11.04102,11.08458,11.129040000000002,11.174220000000002,11.22003,11.26638,11.313180000000001,11.360430000000001,11.40786,11.45565,11.503530000000001,11.551409999999999,11.59938,11.64726,11.69505,11.74266,11.79,11.83707,11.88387,11.93031,11.9763,12.02184,12.066840000000001,12.11139,12.1554,12.19887,12.241620000000001,12.28383,12.325410000000002,12.36627,12.406500000000001,12.446010000000001,12.48471,12.52278,12.56004,12.59658,12.63231,12.66723,12.70134,12.734729999999999,12.76722,12.7989,12.82968,12.85965,12.88881,12.91707,12.94443,12.97098,12.99663,13.02129,13.04514,13.06809,13.09005,13.11111,13.131269999999999,13.150530000000002,13.1688,13.18617,13.20255,13.21794,13.23243,13.245930000000001,13.25844,13.269960000000001,13.28049,13.29003,13.29858,13.30614,13.312710000000001,13.318200000000001,13.322700000000001,13.326120000000001,13.32855,13.32999,13.330350000000001,13.32972,13.328009999999999,13.32522,13.32144,13.31658,13.31073,13.3038,13.29588,13.28688,13.27689,13.265820000000001,13.25376,13.2408,13.22676,13.211820000000001,13.19589,13.17897,13.16124,13.1427,13.12317,13.10292,13.08195,13.060170000000001,13.03776,13.01472,12.99105,12.96693,12.94236,12.91752,12.89232,12.86694,12.841380000000001,12.81591,12.79053,12.76533,12.740490000000001,12.71601,12.69225,12.669120000000001,12.6468,12.62556,12.605400000000001,12.58659,12.56913,12.55338,12.53925,12.5271,12.51702,12.5091,12.50352,12.50037,12.499830000000001,12.50199,12.50694,12.51477,12.52566,12.539520000000001,12.55653,12.576600000000001,12.599910000000001,12.62637,12.65589,12.688649999999999,12.72447,12.76326,12.80511,12.84984,12.897450000000001,12.94776,13.000680000000001,13.05603,13.1139,13.17393,13.23621,13.30047,13.366710000000001,13.434660000000001,13.50432,13.57551,13.648050000000001,13.721940000000002,13.797,13.873140000000001,13.95018,14.02821,14.10687,14.186340000000001,14.26635,14.346900000000002,14.42781,14.509080000000003,14.59071,14.67261,14.754599999999998,14.83668,14.91894,15.00111,15.08328,15.16545,15.247440000000001,15.329339999999998,15.411150000000001
16.66404,16.5807,16.49673,16.41213,16.32681,16.24086,16.154100000000003,16.06653,15.97833,15.88923,15.799230000000001,15.708420000000002,15.616710000000001,15.524099999999999,15.4305,15.33582,15.24015,15.143400000000002,15.045570000000001,14.94648,14.846219999999999,14.7447,14.641829999999999,14.537609999999999,14.43186,14.32476,14.216040000000001,14.1057,13.99374,13.87998,13.76442,13.64697,13.52745,13.40595,13.2822,13.1562,13.02795,12.89718,12.7638,12.62781,12.48903,12.347280000000001,12.20256,12.05469,11.903490000000001,11.74887,11.59074,11.42892,11.26332,11.09367,10.92006,10.74231,10.56024,10.373850000000001,10.18314,9.98802,9.788580000000001,9.58491,9.37719,9.16587,8.951175000000001,8.733825,8.514603000000001,8.294580000000002,8.075097,7.857891,7.645086000000001,7.439256000000001,7.2434520000000004,7.061184000000001,6.89634,6.753024,6.635313,6.546933,6.490899,6.46911,6.48216,6.5291760000000005,6.607989,6.7153410000000004,6.84729,6.99957,7.167924,7.348356,7.5372840000000005,7.731585,7.928658,8.126352,8.322966000000001,8.517141,8.707842000000001,8.894304,9.07596,9.252360000000001,9.42336,9.58878,9.74844,9.90243,10.05084,10.193670000000001,10.3311,10.46322,10.59012,10.71207,10.82925,10.94166,11.049570000000001,11.15316,11.25261,11.34801,11.43945,11.52729,11.61144,11.69217,11.769660000000002,11.843910000000001,11.915009999999999,11.98332,12.04866,12.111300000000002,12.17133,12.22884,12.28383,12.33648,12.38688,12.435120000000001,12.481200000000001,12.52521,12.56733,12.607470000000001,12.64572,12.682260000000001,12.717,12.75012,12.78162,12.8115,12.83985,12.866670000000001,12.892140000000001,12.916170000000001,12.93885,12.96018,12.98025,12.99906,13.01661,13.03299,13.048290000000001,13.06242,13.075380000000001,13.087349999999999,13.09824,13.10805,13.11696,13.12479,13.13172,13.13775,13.14279,13.14702,13.15035,13.15278,13.1544,13.15512,13.15512,13.15431,13.152690000000002,13.15035,13.147200000000002,13.14333,13.13874,13.13352,13.12749,13.12083,13.11345,13.10544,13.09671,13.08744,13.07745,13.066830000000001,13.05558,13.04379,13.03137,13.018320000000001,13.00473,12.99051,12.975750000000001,12.96036,12.94443,12.92805,12.91095,12.893400000000002,12.875309999999999,12.85668,12.83751,12.817800000000002,12.79764,12.776850000000001,12.75561,12.73383,12.7116,12.68874,12.66552,12.641670000000001,12.61746,12.59262,12.56733,12.541590000000001,12.515310000000001,12.48858,12.461400000000001,12.43368,12.40551,12.376800000000001,12.34764,12.31803,12.28788,12.257370000000002,12.22632,12.19482,12.162780000000001,12.130379999999999,12.097439999999999,12.06414,12.0303,11.9961,11.96145,11.926350000000001,11.8908,11.854890000000001,11.81853,11.78172,11.74464,11.70711,11.66922,11.631060000000002,11.59254,11.55375,11.514600000000002,11.47527,11.43567,11.395800000000001,11.35584,11.315700000000001,11.27547,11.235149999999999,11.194830000000001,11.1546,11.11428,11.07423,11.034270000000001,10.994580000000001,10.95516,10.9161,10.8774,10.83924,10.80171,10.76472,10.72854,10.69317,10.658610000000001,10.62504,10.592550000000001,10.56123,10.531080000000001,10.50219,10.47474,10.448640000000001,10.42416,10.40121,10.37997,10.36035,10.34253,10.32651,10.31229,10.29996,10.289430000000001,10.28079,10.27395,10.269,10.26585,10.2645,10.26486,10.26684,10.27053,10.27575,10.282409999999999,10.29051,10.29987,10.31049,10.322280000000001,10.33506,10.34874,10.36332,10.378620000000002,10.39464,10.41111,10.42812,10.44549,10.46322,10.48104,10.499039999999999,10.517130000000002,10.53513,10.553040000000001,10.570770000000001,10.58832,10.605509999999999,10.62234,10.63881,10.65483,10.6704,10.68534,10.69983,10.7136,10.72674,10.73925,10.751040000000001,10.76211,10.77246,10.782,10.79082,10.79874,10.805940000000001,10.812240000000001,10.817730000000001,10.822410000000001,10.82619,10.829160000000002,10.831320000000002,10.83258,10.83303,10.83258,10.83141,10.82934,10.82646,10.82277,10.81827,10.81305,10.80711,10.800450000000001,10.79307,10.78497,10.77633,10.76706,10.75725,10.7469,10.7361,10.72494,10.713420000000001,10.70154,10.68948,10.67724,10.66491,10.65249,10.64025,10.6281,10.61622,10.60461,10.59345,10.58274,10.572750000000001,10.56339,10.55493,10.54737,10.5408,10.53531,10.531080000000001,10.5282,10.526670000000001,10.526670000000001,10.5282,10.53144,10.53639,10.54305,10.5516,10.56195,10.57419,10.588410000000001,10.60452,10.62261,10.6425,10.66437,10.688130000000001,10.71369,10.740960000000001,10.77003,10.80072,10.83303,10.866869999999999,10.90206,10.93869,10.97658,11.01555,11.05569,11.096820000000001,11.13885,11.18169,11.22525,11.26944,11.31426,11.359440000000001,11.40507,11.45106,11.49723,11.54358,11.59002,11.63646,11.6829,11.72925,11.77551,11.8215,11.86731,11.91285,11.95794,12.00276,12.047130000000001,12.09114,12.13461,12.17754,12.21993,12.26187,12.30309,12.34377,12.38382,12.42324,12.46194,12.50001,12.537360000000001,12.57399,12.60981,12.645000000000001,12.67938,12.712950000000001,12.745800000000001,12.77784,12.80907,12.83958,12.86919,12.89799,12.92589,12.95307,12.97935,13.00473,13.029300000000001,13.05297,13.075740000000001,13.097700000000001,13.11867,13.138829999999999,13.158,13.17636,13.19373,13.2102,13.22577,13.24035,13.25403,13.266720000000001,13.27851,13.28931,13.29912,13.30803,13.31595,13.322880000000001,13.32882,13.333770000000001,13.33782,13.34079,13.34277,13.34376,13.34376,13.34277,13.3407,13.337729999999999,13.333680000000001,13.32873,13.322700000000001,13.31568,13.30776,13.298760000000001,13.28886,13.27806,13.26618,13.253490000000001,13.23981,13.225320000000002,13.20993,13.19364,13.176630000000001,13.15881,13.140179999999999,13.12092,13.10094,13.08033,13.059270000000001,13.03758,13.01553,12.993030000000001,12.970260000000001,12.94722,12.92409,12.900870000000001,12.877650000000001,12.85461,12.83184,12.80934,12.78729,12.76596,12.745170000000002,12.72537,12.70647,12.68874,12.672179999999999,12.65706,12.643469999999999,12.6315,12.62142,12.61323,12.607199999999999,12.60333,12.6018,12.6027,12.60612,12.61224,12.62106,12.632670000000001,12.647160000000001,12.664530000000001,12.68487,12.70818,12.73446,12.763710000000001,12.79593,12.83103,12.8691,12.909870000000002,12.953429999999999,12.999690000000001,13.04847,13.099860000000001,13.15359,13.209570000000001,13.267800000000001,13.3281,13.39038,13.454460000000001,13.52025,13.58775,13.65669,13.72707,13.79862,13.87152,13.945409999999999,14.020199999999999,14.09598,14.17248,14.24979,14.32764,14.40603,14.48487,14.564160000000001,14.643720000000002,14.723550000000001,14.80365,14.883930000000001,14.9643,15.04467,15.125130000000002,15.2055,15.285870000000001,15.36615,15.446340000000001
16.63083,16.54731,16.463160000000002,16.37829,16.29279,16.206570000000003,16.11963,16.031879999999997,15.94332,15.853950000000001,15.763770000000001,15.672690000000001,15.580710000000002,15.48774,15.39387,15.298919999999999,15.20289,15.10578,15.0075,14.90805,14.80734,14.705370000000002,14.60196,14.497200000000001,14.391,14.28336,14.17401,14.06304,13.950360000000002,13.835880000000001,13.71951,13.60116,13.480830000000001,13.35825,13.23351,13.10643,12.97692,12.844800000000001,12.70998,12.572460000000001,12.43197,12.28842,12.141720000000001,11.9916,11.83806,11.68083,11.51991,11.354940000000001,11.18583,11.012490000000001,10.83474,10.6524,10.46529,10.27332,10.0764,9.87444,9.667440000000001,9.45531,9.23832,9.01656,8.790453000000001,8.560422,8.327205,8.091801,7.8555150000000005,7.620075,7.387713,7.161201,6.94395,6.740019,6.55407,6.391179,6.256575,6.155172,6.091029,6.066801000000001,6.083316,6.139431,6.232203,6.357312,6.509619000000001,6.683697,6.874308,7.076691,7.286706,7.500897,7.716456000000001,7.931151000000001,8.143281,8.351541,8.554986,8.752932,8.944929,9.130680000000002,9.31005,9.482940000000001,9.64935,9.80955,9.96336,10.11114,10.253070000000001,10.38924,10.51983,10.64511,10.76526,10.88046,10.99089,11.09673,11.198250000000002,11.295539999999999,11.38878,11.478150000000001,11.56383,11.64591,11.72457,11.799990000000001,11.87226,11.94147,12.007710000000001,12.07125,12.132000000000001,12.190230000000001,12.245940000000001,12.29931,12.35025,12.39903,12.44565,12.490110000000001,12.532680000000001,12.57327,12.61197,12.64887,12.68397,12.71745,12.749220000000001,12.77946,12.80808,12.83526,12.86091,12.88521,12.90816,12.929670000000002,12.95001,12.969000000000001,12.98682,13.00338,13.01886,13.03317,13.04631,13.05846,13.06953,13.07952,13.08861,13.09662,13.10373,13.10985,13.115070000000001,13.11939,13.1229,13.12551,13.127220000000001,13.128210000000001,13.1283,13.12758,13.12614,13.123980000000001,13.121010000000002,13.11732,13.112910000000001,13.10769,13.101930000000001,13.09536,13.08816,13.08033,13.07178,13.06269,13.05288,13.042440000000001,13.03137,13.01976,13.00752,12.99474,12.981240000000001,12.96729,12.95271,12.93759,12.92193,12.90573,12.88899,12.87162,12.8538,12.83544,12.816540000000002,12.7971,12.77721,12.756780000000001,12.7359,12.71448,12.69252,12.67011,12.647160000000001,12.62376,12.599910000000001,12.57552,12.55068,12.52539,12.49956,12.47337,12.44664,12.41937,12.39174,12.36366,12.335040000000001,12.30597,12.276539999999999,12.24657,12.21624,12.18537,12.15414,12.12237,12.09024,12.05766,12.02472,11.991330000000001,11.95749,11.923290000000001,11.88864,11.85363,11.81826,11.78253,11.746440000000002,11.710080000000001,11.67327,11.636190000000001,11.598840000000001,11.56122,11.523420000000002,11.48526,11.44701,11.40849,11.36988,11.33118,11.292390000000001,11.2536,11.214720000000002,11.175930000000001,11.13723,11.098709999999999,11.06037,11.022210000000001,10.98441,10.94697,10.90998,10.87344,10.837530000000001,10.80216,10.7676,10.73376,10.70082,10.66878,10.63773,10.60776,10.57905,10.55151,10.525229999999999,10.50039,10.4769,10.45503,10.4346,10.415790000000001,10.39869,10.38321,10.369439999999999,10.357380000000001,10.34712,10.338569999999999,10.33173,10.326600000000001,10.32309,10.32138,10.321200000000001,10.32264,10.32552,10.329930000000001,10.33578,10.3428,10.351170000000002,10.360710000000001,10.37124,10.382850000000001,10.39527,10.40859,10.422540000000001,10.43721,10.45242,10.46808,10.4841,10.50048,10.517040000000001,10.53369,10.55052,10.567260000000001,10.584,10.60056,10.61694,10.633140000000001,10.64898,10.66446,10.67949,10.69416,10.70829,10.72197,10.73502,10.747530000000001,10.75941,10.77066,10.78128,10.79118,10.800360000000001,10.80882,10.81647,10.82349,10.829699999999999,10.8351,10.839780000000001,10.84365,10.84671,10.84896,10.85049,10.85121,10.851120000000002,10.85031,10.84878,10.846350000000001,10.84329,10.83951,10.83501,10.82979,10.82394,10.817459999999999,10.81035,10.8027,10.79451,10.785779999999999,10.7766,10.76706,10.75716,10.7469,10.73646,10.725750000000001,10.71495,10.70406,10.69326,10.68246,10.67184,10.66149,10.6515,10.641869999999999,10.63278,10.62432,10.616489999999999,10.60947,10.603349999999999,10.598220000000001,10.59408,10.591109999999999,10.58949,10.589039999999999,10.59012,10.592640000000001,10.59669,10.602360000000001,10.60965,10.61865,10.62945,10.641960000000001,10.65627,10.67238,10.690290000000001,10.71,10.73151,10.75473,10.77966,10.8063,10.83456,10.86435,10.895669999999999,10.92834,10.96245,10.997819999999999,11.034450000000001,11.07216,11.11086,11.15055,11.19114,11.23254,11.27466,11.31732,11.36061,11.40435,11.44854,11.493,11.53764,11.582550000000001,11.627640000000001,11.67264,11.717730000000001,11.76273,11.807640000000001,11.85237,11.89692,11.9412,11.98521,12.02886,12.07215,12.11508,12.15747,12.19941,12.240900000000002,12.28185,12.32226,12.36204,12.40128,12.43989,12.477870000000001,12.51522,12.55185,12.58785,12.623130000000002,12.65769,12.69153,12.72465,12.75705,12.788640000000001,12.819510000000001,12.84957,12.87882,12.90726,12.93498,12.9618,12.98781,13.01301,13.037400000000002,13.06098,13.08366,13.10544,13.12641,13.14648,13.165740000000001,13.184009999999999,13.20147,13.21803,13.233690000000001,13.24845,13.262310000000001,13.27518,13.28724,13.29831,13.308480000000001,13.31766,13.32594,13.33323,13.33962,13.34511,13.34961,13.35312,13.355640000000001,13.35726,13.357890000000001,13.357619999999999,13.35627,13.35411,13.35087,13.34673,13.3416,13.33557,13.32864,13.320720000000001,13.311900000000001,13.302180000000002,13.29156,13.28004,13.26771,13.254480000000001,13.240530000000001,13.22577,13.2102,13.19391,13.17699,13.15935,13.14108,13.122359999999999,13.10301,13.083300000000001,13.06314,13.04262,13.02192,13.00095,12.979980000000001,12.958919999999999,12.93795,12.91707,12.89655,12.8763,12.85659,12.83751,12.81906,12.80151,12.78486,12.76929,12.75498,12.74202,12.7305,12.720600000000001,12.71241,12.70602,12.7017,12.69945,12.69936,12.70161,12.706290000000001,12.7134,12.72312,12.73545,12.75057,12.7683,12.78891,12.812310000000002,12.838410000000001,12.86739,12.89916,12.933629999999999,12.9708,13.010670000000001,13.05324,13.09824,13.145669999999999,13.19562,13.24773,13.30209,13.35852,13.41702,13.47741,13.539510000000002,13.60332,13.668750000000001,13.735619999999999,13.80393,13.87341,13.944149999999999,14.015880000000001,14.0886,14.16222,14.236740000000001,14.311890000000002,14.38767,14.464080000000001,14.54094,14.61816,14.69583,14.773860000000003,14.852070000000001,14.930460000000002,15.009030000000001,15.08769,15.166440000000001,15.245190000000001,15.323939999999999,15.402600000000001,15.48126
16.59825,16.51455,16.430220000000002,16.34526,16.25949,16.17309,16.08588,15.997950000000001,15.90921,15.81966,15.72921,15.63786,15.54561,15.45246,15.358229999999999,15.26301,15.166620000000002,15.06924,14.970600000000001,14.87079,14.76972,14.667300000000001,14.56353,14.458320000000002,14.35167,14.243490000000001,14.133600000000001,14.02209,13.90878,13.79358,13.67658,13.55742,13.43628,13.31289,13.18716,13.059,12.928410000000001,12.795119999999999,12.659040000000001,12.51999,12.37797,12.232800000000001,12.08421,11.93211,11.77641,11.616750000000001,11.45313,11.28528,11.11302,10.93617,10.754460000000002,10.56771,10.37583,10.17855,9.97569,9.76707,9.55269,9.332370000000001,9.106110000000001,8.874063000000001,8.6364,8.39349,8.145900000000001,7.894494000000001,7.6404689999999995,7.385508000000001,7.131825,6.882345,6.640812,6.411825,6.200919000000001,6.014394,5.858973,5.741217,5.666724,5.639247,5.660019,5.727474,5.8375259999999995,5.984307,6.160995000000001,6.360678,6.576894,6.8040270000000005,7.03737,7.27317,7.508475000000001,7.741071000000001,7.969302,8.192007,8.408358,8.617833,8.820108,9.015030000000001,9.202589999999999,9.38277,9.55575,9.72171,9.88092,10.03338,10.179540000000001,10.319490000000002,10.4535,10.58193,10.70487,10.82259,10.93536,11.04336,11.146770000000002,11.24577,11.34063,11.43144,11.518469999999999,11.60181,11.68164,11.75805,11.83131,11.901420000000002,11.96847,12.03273,12.09429,12.15315,12.20949,12.26331,12.31488,12.36411,12.41118,12.45618,12.49911,12.54006,12.579120000000001,12.616380000000001,12.651840000000002,12.685590000000001,12.71763,12.748140000000001,12.77703,12.80448,12.830400000000001,12.854880000000001,12.87801,12.89979,12.92031,12.93957,12.95748,12.974310000000001,12.98988,13.00437,13.01778,13.03002,13.041269999999999,13.05144,13.06062,13.06881,13.07601,13.08231,13.08771,13.092210000000001,13.09581,13.098510000000001,13.100399999999999,13.10148,13.10175,13.10121,13.09995,13.09788,13.095,13.09149,13.08717,13.08222,13.076550000000001,13.07016,13.06314,13.0554,13.047030000000001,13.038030000000001,13.028400000000001,13.01823,13.007340000000001,12.99591,12.98385,12.97116,12.957930000000001,12.94416,12.92985,12.91491,12.89952,12.8835,12.86694,12.84993,12.83229,12.8142,12.79566,12.776489999999999,12.756870000000001,12.736799999999999,12.71619,12.69504,12.67344,12.651390000000001,12.62889,12.60585,12.58236,12.55842,12.533940000000001,12.5091,12.48381,12.457980000000001,12.431700000000001,12.40506,12.37788,12.350340000000001,12.32235,12.29391,12.265020000000002,12.23568,12.20598,12.175740000000001,12.14523,12.114180000000001,12.08277,12.051,12.018780000000001,11.9862,11.95326,11.919870000000001,11.88621,11.8521,11.817720000000001,11.78298,11.74788,11.71251,11.67678,11.640870000000001,11.60469,11.568240000000001,11.53152,11.494620000000001,11.45763,11.42046,11.38311,11.34576,11.30832,11.27097,11.23353,11.196180000000002,11.15892,11.121929999999999,11.085030000000001,11.04849,11.01222,10.97631,10.94085,10.90584,10.87146,10.837620000000001,10.8045,10.77219,10.74069,10.710090000000001,10.680480000000001,10.651860000000001,10.624410000000001,10.598040000000001,10.57293,10.54917,10.526760000000001,10.50579,10.486170000000001,10.46817,10.45161,10.43667,10.423350000000001,10.41165,10.40148,10.39302,10.386180000000001,10.38087,10.377180000000001,10.375110000000001,10.37448,10.37538,10.37763,10.38132,10.38627,10.39248,10.39986,10.40832,10.417860000000001,10.4283,10.43955,10.4517,10.46448,10.47789,10.49184,10.50624,10.52109,10.536209999999999,10.55151,10.56699,10.58265,10.598220000000001,10.613790000000002,10.62927,10.644660000000002,10.659780000000001,10.67463,10.68921,10.703429999999999,10.7172,10.73061,10.743480000000002,10.7559,10.76778,10.77912,10.78983,10.79991,10.80945,10.81827,10.826369999999999,10.833929999999999,10.840679999999999,10.84671,10.85211,10.85679,10.86066,10.8639,10.866330000000001,10.86804,10.86903,10.8693,10.86894,10.86777,10.86597,10.86345,10.86021,10.85643,10.851930000000001,10.84689,10.84131,10.8351,10.82835,10.82124,10.813590000000001,10.80549,10.797120000000001,10.78839,10.779390000000001,10.77021,10.76085,10.7514,10.74195,10.732500000000002,10.72314,10.71405,10.70514,10.69659,10.6884,10.68084,10.67373,10.667340000000001,10.66176,10.65699,10.653120000000001,10.65024,10.64853,10.64799,10.64862,10.650689999999999,10.65402,10.65888,10.665270000000001,10.6731,10.682640000000001,10.69371,10.70649,10.72098,10.73709,10.75491,10.77444,10.79559,10.81836,10.842839999999999,10.86876,10.8963,10.925189999999999,10.95561,10.98738,11.02041,11.05461,11.09007,11.126520000000001,11.163960000000001,11.202390000000001,11.24163,11.28168,11.32236,11.36367,11.405520000000001,11.44791,11.49066,11.53368,11.577060000000001,11.62053,11.66427,11.708010000000002,11.75175,11.79549,11.83914,11.8827,11.925989999999999,11.9691,12.012030000000001,12.0546,12.09681,12.13866,12.180060000000001,12.221100000000002,12.261600000000001,12.30165,12.34125,12.380220000000001,12.418650000000001,12.45654,12.4938,12.53043,12.56643,12.6018,12.63645,12.67047,12.703859999999999,12.73644,12.7683,12.79953,12.82995,12.85965,12.88854,12.91671,12.944070000000002,12.97071,12.99654,13.021469999999999,13.04568,13.069080000000001,13.09167,13.11336,13.13433,13.1544,13.17357,13.191930000000001,13.20948,13.226130000000001,13.24188,13.25673,13.27077,13.28391,13.29615,13.30749,13.31793,13.32747,13.33611,13.34385,13.3506,13.35654,13.36149,13.365540000000001,13.36869,13.37085,13.372200000000001,13.37256,13.371929999999999,13.37049,13.368060000000002,13.36473,13.36059,13.355459999999999,13.349430000000002,13.342590000000001,13.33476,13.326210000000001,13.31676,13.306410000000001,13.295340000000001,13.28346,13.27086,13.25745,13.24341,13.22865,13.21326,13.19724,13.18068,13.163580000000001,13.14603,13.128120000000001,13.10985,13.09131,13.0725,13.0536,13.03461,13.01562,12.99672,12.978,12.95955,12.941550000000001,12.924,12.90699,12.89079,12.875309999999999,12.86082,12.847320000000002,12.835080000000001,12.824100000000001,12.81447,12.80646,12.800070000000002,12.79548,12.79269,12.791970000000001,12.793230000000001,12.79674,12.80259,12.81069,12.82131,12.83436,12.84993,12.86811,12.8889,12.9123,12.9384,12.96702,12.99834,13.03227,13.06881,13.10778,13.14936,13.193190000000001,13.23945,13.28796,13.33872,13.39155,13.44636,13.503150000000002,13.56174,13.62204,13.68396,13.7475,13.812389999999999,13.87872,13.94622,14.014890000000001,14.08464,14.15538,14.227020000000001,14.29947,14.37264,14.446530000000001,14.52096,14.595930000000001,14.671260000000002,14.74713,14.823270000000003,14.89968,14.97636,15.05322,15.13017,15.20721,15.284430000000002,15.36156,15.43869,15.51582
16.566390000000002,16.48251,16.398,16.31286,16.227,16.140420000000002,16.05303,15.964920000000001,15.876000000000001,15.78618,15.695549999999999,15.604020000000002,15.51159,15.41808,15.32367,15.228180000000002,15.13152,15.03387,14.93496,14.83479,14.733360000000001,14.63067,14.526539999999999,14.420969999999999,14.31387,14.20515,14.09481,13.98276,13.869,13.75326,13.63554,13.51575,13.393889999999999,13.26969,13.14315,13.014090000000001,12.88251,12.748140000000001,12.610890000000001,12.47067,12.32721,12.18051,12.0303,11.8764,11.71863,11.55681,11.39076,11.2203,11.045069999999999,10.86489,10.67958,10.48887,10.2924,10.09008,9.881639999999999,9.66672,9.44523,9.21699,8.981847,8.739711,8.490654000000001,8.234883,7.972776,7.70499,7.432551,7.156953,6.880338,6.6056490000000005,6.33681,6.078969,5.838579,5.623371000000001,5.442039,5.3034479999999995,5.2155000000000005,5.183667,5.209803,5.291685,5.423481,5.596992,5.8030740000000005,6.032844,6.278418,6.533253,6.7921380000000005,7.051104,7.3072170000000005,7.558353,7.8030360000000005,8.040294,8.269515,8.490357000000001,8.702676,8.906490000000002,9.101880000000001,9.28908,9.46827,9.63981,9.803880000000001,9.96075,10.11078,10.254330000000001,10.391580000000001,10.5228,10.64835,10.768410000000001,10.88325,10.99314,11.09826,11.198879999999999,11.29518,11.38734,11.47554,11.55996,11.640870000000001,11.71818,11.79225,11.86317,11.930940000000001,11.99592,12.05802,12.117510000000001,12.17439,12.22875,12.28077,12.33045,12.37788,12.42324,12.466529999999999,12.507840000000002,12.54726,12.58479,12.62052,12.65454,12.686850000000002,12.71763,12.7467,12.77433,12.80052,12.82527,12.84858,12.87054,12.891240000000002,12.910590000000001,12.92877,12.94569,12.96144,12.97611,12.98961,13.00203,13.01337,13.02372,13.03299,13.04136,13.04874,13.05513,13.06071,13.0653,13.068990000000001,13.07187,13.07385,13.07511,13.07547,13.07511,13.07385,13.07196,13.06926,13.06584,13.0617,13.056840000000001,13.051350000000001,13.04505,13.038210000000001,13.030650000000001,13.02246,13.01364,13.0041,12.994019999999999,12.9834,12.972059999999999,12.96018,12.94776,12.93471,12.92121,12.90699,12.89232,12.87711,12.86136,12.84507,12.828240000000001,12.81087,12.79305,12.774690000000001,12.75588,12.73653,12.71673,12.696480000000001,12.67569,12.654449999999999,12.632670000000001,12.610529999999999,12.58785,12.564720000000001,12.54123,12.517199999999999,12.49272,12.46788,12.442590000000001,12.41676,12.39057,12.36402,12.33693,12.309479999999999,12.28158,12.25332,12.22461,12.19545,12.16602,12.136050000000001,12.105810000000002,12.07512,12.044070000000001,12.01266,11.9808,11.948670000000002,11.91618,11.883329999999999,11.85021,11.81673,11.78289,11.74887,11.71449,11.67984,11.64492,11.609820000000001,11.57454,11.53899,11.50335,11.46753,11.43153,11.39553,11.359440000000001,11.32335,11.28726,11.25126,11.215259999999999,11.17944,11.1438,11.10843,11.07324,11.03841,11.00403,10.97001,10.93653,10.903500000000001,10.87119,10.83951,10.80855,10.778400000000001,10.74915,10.7208,10.69353,10.66725,10.642050000000001,10.618020000000001,10.595250000000002,10.57383,10.55367,10.53486,10.51749,10.50156,10.487160000000001,10.4742,10.462769999999999,10.45278,10.444410000000001,10.437570000000001,10.432170000000001,10.42821,10.42578,10.42479,10.42515,10.42686,10.429829999999999,10.43406,10.43946,10.44594,10.4535,10.46205,10.47141,10.481670000000001,10.492650000000001,10.50435,10.516680000000001,10.52946,10.54269,10.556370000000001,10.57032,10.58454,10.59894,10.613430000000001,10.62792,10.6425,10.6569,10.6713,10.68543,10.69938,10.71306,10.72647,10.73952,10.75212,10.76436,10.77615,10.787400000000002,10.7982,10.80846,10.81809,10.82718,10.83573,10.843560000000002,10.85085,10.857510000000001,10.86345,10.86876,10.87335,10.877310000000001,10.880640000000001,10.88325,10.88523,10.88649,10.88712,10.887030000000001,10.88631,10.88505,10.88307,10.88046,10.877310000000001,10.87353,10.8693,10.86444,10.85913,10.85337,10.84716,10.8405,10.83357,10.82628,10.81863,10.81089,10.80288,10.79478,10.78659,10.778490000000001,10.77039,10.76238,10.75464,10.74708,10.73988,10.733130000000001,10.72692,10.72116,10.71612,10.7118,10.70829,10.705680000000001,10.70397,10.70334,10.70388,10.7055,10.70847,10.712610000000002,10.71819,10.72521,10.73367,10.74357,10.755090000000001,10.76814,10.782720000000001,10.79883,10.81656,10.83591,10.85679,10.879199999999999,10.90305,10.92843,10.95525,10.98351,11.01303,11.0439,11.07594,11.109150000000001,11.14344,11.17881,11.21508,11.25225,11.290230000000001,11.32902,11.368440000000001,11.40849,11.44899,11.49003,11.53143,11.57319,11.615219999999999,11.65752,11.699910000000001,11.74239,11.78496,11.827440000000001,11.86992,11.912310000000002,11.95452,11.99646,12.03831,12.0798,12.121020000000001,12.16188,12.20238,12.24243,12.28212,12.32127,12.35997,12.39822,12.43593,12.47301,12.50955,12.54555,12.58092,12.61566,12.64986,12.68325,12.716099999999999,12.74823,12.77973,12.81042,12.840480000000001,12.869819999999999,12.89835,12.926250000000001,12.95334,12.97971,13.005270000000001,13.03011,13.05414,13.07736,13.099860000000001,13.12146,13.14234,13.162410000000001,13.18158,13.20003,13.21758,13.23432,13.250160000000001,13.26519,13.27941,13.29273,13.305150000000001,13.31676,13.32756,13.33737,13.34637,13.354470000000001,13.36167,13.368060000000002,13.373550000000002,13.37805,13.38174,13.384530000000002,13.386510000000001,13.387500000000001,13.38768,13.38687,13.385250000000001,13.38282,13.37949,13.37526,13.37022,13.36428,13.357619999999999,13.35006,13.34169,13.332600000000001,13.322700000000001,13.31217,13.300830000000001,13.28877,13.27617,13.26285,13.248990000000001,13.2345,13.21956,13.204170000000001,13.18833,13.172130000000001,13.155660000000001,13.13892,13.122,13.10499,13.08789,13.070879999999999,13.05396,13.037310000000002,13.020930000000002,13.00491,12.98934,12.974490000000001,12.96027,12.946860000000001,12.93435,12.922830000000001,12.91248,12.90339,12.89565,12.88935,12.88467,12.88161,12.88035,12.880980000000001,12.883680000000002,12.88836,12.895199999999999,12.904290000000001,12.91563,12.929310000000001,12.94542,12.96396,12.98493,13.00842,13.03443,13.06287,13.09383,13.127310000000001,13.16313,13.20138,13.24197,13.28481,13.3299,13.37715,13.42656,13.47795,13.53123,13.586400000000001,13.64337,13.70196,13.76217,13.82391,13.887,13.95135,14.017050000000001,14.08383,14.15169,14.22054,14.29029,14.360850000000001,14.432129999999999,14.50413,14.576670000000002,14.649750000000001,14.723370000000001,14.797440000000002,14.871780000000001,14.94648,15.02145,15.09669,15.172020000000002,15.247530000000001,15.32313,15.39873,15.47442,15.55011
16.53516,16.45119,16.36659,16.28127,16.195230000000002,16.10847,16.02099,15.9327,15.8436,15.753600000000002,15.66279,15.571080000000002,15.47847,15.384780000000001,15.2901,15.19443,15.097589999999999,14.99958,14.900490000000001,14.800050000000002,14.69835,14.5953,14.4909,14.384970000000001,14.27751,14.168520000000001,14.05773,13.94532,13.83102,13.71474,13.59657,13.476239999999999,13.353660000000001,13.22883,13.10157,12.9717,12.839220000000001,12.70395,12.565710000000001,12.42432,12.27978,12.131639999999999,11.97999,11.82447,11.66499,11.50128,11.33307,11.16018,10.98225,10.799190000000001,10.61055,10.41615,10.21563,10.00872,9.79506,9.57429,9.34623,9.110430000000001,8.866809,8.615016,8.354961,8.086617,7.810154999999999,7.525962000000001,7.234775999999999,6.937830000000001,6.636987,6.335028,6.035922,5.74515,5.470047,5.219946,5.0060340000000005,4.840470000000001,4.734648,4.69683,4.729941,4.830642,4.990284,5.197131,5.438772,5.703813,5.982768,6.2682210000000005,6.5546370000000005,6.838029,7.115634,7.385598,7.646733000000001,7.8983550000000005,8.140122,8.371934999999999,8.593857000000002,8.806104000000001,9.00891,9.202679999999999,9.38763,9.56421,9.73278,9.8937,10.04733,10.194030000000001,10.33416,10.46799,10.59579,10.71801,10.83474,10.94625,11.052990000000001,11.154959999999999,11.25252,11.34585,11.435130000000001,11.52054,11.60217,11.68038,11.75517,11.82672,11.89521,11.96073,12.02337,12.08331,12.14064,12.19545,12.24792,12.297960000000002,12.345749999999999,12.39147,12.435030000000001,12.47661,12.516300000000001,12.5541,12.590100000000001,12.6243,12.656880000000001,12.68784,12.71718,12.74499,12.771360000000001,12.7962,12.81969,12.841830000000002,12.86271,12.88224,12.90051,12.91761,12.93354,12.948300000000001,12.96189,12.974490000000001,12.98592,12.996360000000001,13.00581,13.01427,13.021740000000001,13.02831,13.033980000000001,13.03866,13.04253,13.045499999999999,13.04766,13.048919999999999,13.04946,13.049190000000001,13.04811,13.04631,13.043700000000001,13.04046,13.03641,13.03173,13.02633,13.02021,13.01346,13.00608,12.99798,12.98934,12.979980000000001,12.97008,12.95955,12.94839,12.93669,12.92445,12.91158,12.89826,12.88431,12.869819999999999,12.85479,12.839220000000001,12.8232,12.80655,12.78954,12.7719,12.75381,12.73527,12.71619,12.69675,12.676680000000001,12.65625,12.63528,12.613949999999999,12.59208,12.56985,12.547080000000001,12.52395,12.50037,12.47634,12.45186,12.42702,12.40173,12.37599,12.34989,12.32334,12.296429999999999,12.269160000000001,12.241439999999999,12.21336,12.18483,12.155940000000001,12.12669,12.09708,12.06711,12.03687,12.00618,11.97513,11.94381,11.91213,11.880180000000001,11.84787,11.815290000000001,11.78244,11.74932,11.71593,11.68227,11.648430000000001,11.61441,11.580119999999999,11.54574,11.51127,11.47662,11.441880000000001,11.40705,11.37222,11.33739,11.302560000000001,11.26782,11.233260000000001,11.198789999999999,11.1645,11.13039,11.096639999999999,11.06325,11.030220000000002,10.99755,10.96542,10.93383,10.90287,10.87254,10.84293,10.81404,10.786050000000001,10.75896,10.73277,10.70757,10.68354,10.6605,10.638720000000001,10.61811,10.59876,10.58067,10.563930000000001,10.548630000000001,10.53459,10.52208,10.51092,10.501199999999999,10.49283,10.48599,10.4805,10.47636,10.47366,10.47231,10.47222,10.47339,10.47573,10.479239999999999,10.48392,10.48959,10.49634,10.5039,10.512360000000001,10.52163,10.53162,10.54233,10.55349,10.565280000000001,10.577430000000001,10.59003,10.6029,10.61604,10.62945,10.64286,10.656450000000001,10.66995,10.68345,10.696860000000001,10.71018,10.723230000000001,10.7361,10.7487,10.76103,10.773000000000001,10.784519999999999,10.79568,10.806479999999999,10.81674,10.82646,10.83573,10.84446,10.85265,10.8603,10.86732,10.873800000000001,10.87965,10.884960000000001,10.889550000000002,10.8936,10.89702,10.89981,10.90197,10.903500000000001,10.9044,10.904760000000001,10.90449,10.90359,10.90215,10.900170000000001,10.89765,10.89459,10.89099,10.887030000000001,10.88253,10.87758,10.87227,10.8666,10.86066,10.85445,10.84797,10.84122,10.83447,10.82754,10.82061,10.81368,10.806840000000001,10.80009,10.793610000000001,10.787400000000002,10.78155,10.77606,10.77111,10.76661,10.762830000000001,10.75977,10.757430000000001,10.7559,10.75536,10.75572,10.75725,10.75977,10.76355,10.76859,10.774799999999999,10.782449999999999,10.79136,10.8018,10.813590000000001,10.82682,10.84149,10.85769,10.87542,10.8945,10.91511,10.93716,10.96065,10.98549,11.01177,11.03922,11.06802,11.09799,11.12922,11.16144,11.19474,11.22903,11.26422,11.30031,11.33712,11.37465,11.412899999999999,11.451690000000001,11.491019999999999,11.5308,11.57103,11.61153,11.65239,11.69343,11.73456,11.775870000000001,11.81727,11.85867,11.899980000000001,11.9412,11.982330000000001,12.02328,12.06405,12.104550000000001,12.144779999999999,12.184740000000001,12.22425,12.26349,12.30228,12.340620000000001,12.3786,12.41604,12.452940000000002,12.48939,12.5253,12.560580000000002,12.59541,12.62952,12.66309,12.69603,12.72843,12.760019999999999,12.791070000000001,12.8214,12.8511,12.88008,12.908339999999999,12.935880000000001,12.9627,12.988800000000001,13.014180000000001,13.03884,13.06269,13.08582,13.10814,13.12974,13.150530000000002,13.17051,13.189770000000001,13.20822,13.22577,13.242600000000001,13.25862,13.27383,13.28814,13.30164,13.31442,13.326210000000001,13.33728,13.34745,13.35681,13.36527,13.37292,13.37967,13.38561,13.390740000000001,13.39497,13.3983,13.40082,13.40253,13.40334,13.40334,13.40253,13.40082,13.3983,13.39497,13.390830000000001,13.38597,13.38021,13.37373,13.36653,13.35852,13.34988,13.34043,13.330440000000001,13.31973,13.308390000000001,13.29651,13.284089999999999,13.27122,13.257810000000001,13.24395,13.22973,13.21524,13.200479999999999,13.18545,13.17033,13.15512,13.13991,13.12479,13.10976,13.095,13.08051,13.06647,13.05288,13.03992,13.02759,13.016070000000001,13.00545,12.99582,12.98736,12.979980000000001,12.97395,12.96927,12.96621,12.964680000000001,12.96486,12.966840000000001,12.97062,12.97647,12.9843,12.994290000000001,13.00635,13.02066,13.037310000000002,13.05612,13.07736,13.10094,13.12686,13.15512,13.18572,13.21866,13.25394,13.29147,13.33116,13.3731,13.4172,13.46328,13.51143,13.561470000000002,13.6134,13.667040000000002,13.72248,13.779449999999999,13.838040000000001,13.89798,13.95936,14.02209,14.08599,14.150970000000001,14.21703,14.28408,14.35194,14.4207,14.49027,14.56038,14.631210000000001,14.702580000000001,14.77449,14.846760000000002,14.919480000000002,14.992560000000001,15.065909999999999,15.13944,15.21324,15.287220000000001,15.361290000000002,15.435450000000001,15.50961,15.583860000000001
16.50465,16.42059,16.335810000000002,16.250400000000003,16.16418,16.077330000000003,15.989670000000002,15.90129,15.812009999999999,15.721920000000003,15.63102,15.53913,15.446250000000001,15.35247,15.25761,15.16176,15.064740000000002,14.96655,14.867190000000003,14.76657,14.66469,14.561370000000002,14.4567,14.3505,14.24277,14.13342,14.022359999999999,13.90959,13.79484,13.6782,13.55958,13.4388,13.31568,13.19031,13.06242,12.93201,12.798810000000001,12.66273,12.52359,12.3813,12.23568,12.086459999999999,11.93355,11.77668,11.61567,11.45025,11.28015,11.10519,10.92501,10.73925,10.54782,10.35009,10.14597,9.93492,9.71658,9.4905,9.25641,9.01386,8.762319000000002,8.501526,8.231121,7.950843,7.660575,7.3603890000000005,7.050645,6.732153,6.406353,6.0756120000000005,5.74362,5.415858,5.1002730000000005,4.807809000000001,4.552641,4.351482,4.221261,4.1749920000000005,4.217508,4.343517,4.539564,4.788396,5.073003,5.379003000000001,5.6953260000000006,6.013962,6.329367,6.637868999999999,6.9371100000000006,7.225686,7.502841,7.76826,8.021934,8.264043000000001,8.494911,8.714925,8.924535,9.1242,9.31437,9.49554,9.66816,9.83268,9.989550000000001,10.13904,10.28169,10.41768,10.547550000000001,10.67148,10.78983,10.90287,11.010869999999999,11.1141,11.21274,11.30706,11.39724,11.48337,11.565809999999999,11.644739999999999,11.72016,11.79225,11.86128,11.927249999999999,11.99034,12.05073,12.108419999999999,12.163590000000001,12.216330000000001,12.26673,12.31488,12.36078,12.40461,12.44646,12.48633,12.5244,12.560580000000002,12.59496,12.62772,12.65886,12.68838,12.716370000000001,12.74283,12.767850000000001,12.79152,12.81375,12.83472,12.85443,12.87279,12.89007,12.90609,12.92094,12.93471,12.94731,12.958919999999999,12.96945,12.979080000000002,12.98763,12.995190000000001,13.001850000000001,13.00761,13.01238,13.01634,13.0194,13.021650000000001,13.02309,13.02372,13.023539999999999,13.02255,13.02084,13.018410000000001,13.01526,13.0113,13.00671,13.00149,12.99546,12.98889,12.9816,12.97368,12.96513,12.95595,12.94623,12.93579,12.924900000000001,12.91338,12.90123,12.88854,12.875399999999999,12.86163,12.847320000000002,12.83247,12.81717,12.80133,12.78495,12.76812,12.75084,12.732930000000001,12.71466,12.69594,12.676680000000001,12.65697,12.63681,12.616200000000001,12.59514,12.573630000000001,12.551760000000002,12.52935,12.506580000000001,12.48345,12.45978,12.43575,12.41136,12.38652,12.361320000000001,12.33567,12.309660000000001,12.28329,12.25647,12.22938,12.20184,12.17394,12.14568,12.11715,12.08817,12.05892,12.02931,11.99934,11.9691,11.938500000000001,11.907720000000001,11.87649,11.84508,11.8134,11.781450000000001,11.74923,11.716830000000002,11.68416,11.65131,11.61828,11.58516,11.55186,11.51838,11.4849,11.451329999999999,11.41767,11.38401,11.350439999999999,11.31687,11.28339,11.25,11.216880000000002,11.183850000000001,11.15109,11.11869,11.08656,11.054789999999999,11.023470000000001,10.99269,10.96236,10.93266,10.90359,10.875240000000002,10.84761,10.82079,10.79478,10.76976,10.74564,10.7226,10.70055,10.67958,10.659780000000001,10.641240000000002,10.62387,10.60776,10.59291,10.57932,10.567079999999999,10.55619,10.546650000000001,10.53846,10.53162,10.52604,10.52172,10.51875,10.517040000000001,10.51659,10.51722,10.519110000000001,10.52199,10.52595,10.5309,10.53684,10.54359,10.55124,10.559610000000001,10.568610000000001,10.578330000000001,10.58859,10.5993,10.61055,10.622160000000001,10.63404,10.64619,10.658520000000001,10.67103,10.683629999999999,10.69632,10.708919999999999,10.72143,10.73385,10.74618,10.758329999999999,10.77012,10.78173,10.79307,10.80405,10.81458,10.82484,10.83456,10.84392,10.85283,10.8612,10.86912,10.876500000000002,10.883339999999999,10.88973,10.89549,10.90071,10.9053,10.909440000000002,10.91295,10.91583,10.91826,10.92006,10.921230000000001,10.92195,10.92204,10.92168,10.92078,10.91934,10.91736,10.91502,10.912139999999999,10.90881,10.90512,10.901069999999999,10.89666,10.89189,10.886940000000001,10.88163,10.87623,10.870560000000001,10.86489,10.85913,10.853280000000002,10.84752,10.84194,10.83636,10.83114,10.8261,10.82142,10.81719,10.813410000000001,10.810170000000001,10.80756,10.80558,10.80432,10.80396,10.804409999999999,10.80576,10.80819,10.81161,10.8162,10.82187,10.828800000000001,10.83699,10.846440000000001,10.857149999999999,10.8693,10.882800000000001,10.89765,10.91385,10.93149,10.950479999999999,10.97091,10.992600000000001,11.01564,11.04003,11.06568,11.092590000000001,11.120669999999999,11.14992,11.18025,11.21157,11.24397,11.277270000000001,11.311470000000002,11.346480000000001,11.3823,11.418750000000001,11.45583,11.493450000000001,11.5317,11.570310000000001,11.60937,11.6487,11.68839,11.72826,11.768310000000001,11.80854,11.84877,11.889000000000001,11.92932,11.96946,12.009599999999999,12.049560000000001,12.089340000000002,12.12885,12.168180000000001,12.20715,12.24585,12.28419,12.32217,12.35979,12.39687,12.433589999999999,12.46986,12.50559,12.54087,12.57561,12.60972,12.64338,12.676409999999999,12.708810000000001,12.74067,12.7719,12.8025,12.83238,12.861720000000002,12.89034,12.918330000000001,12.9456,12.972150000000001,12.99798,13.02318,13.04766,13.07133,13.094370000000001,13.1166,13.13811,13.15881,13.178790000000001,13.19805,13.2165,13.23414,13.25106,13.26717,13.28247,13.29705,13.31073,13.323690000000001,13.335840000000001,13.34709,13.357619999999999,13.36725,13.376159999999999,13.38417,13.39137,13.39785,13.40343,13.4082,13.41207,13.41522,13.41756,13.41909,13.41972,13.41963,13.418730000000002,13.41711,13.414589999999999,13.41135,13.40739,13.40271,13.39722,13.39101,13.38417,13.37661,13.36851,13.359689999999999,13.350240000000001,13.34025,13.32972,13.31874,13.307220000000001,13.295340000000001,13.28301,13.27041,13.25754,13.244399999999999,13.23108,13.21758,13.204170000000001,13.19067,13.17735,13.16412,13.151159999999999,13.13856,13.12632,13.11453,13.10337,13.09293,13.08321,13.074390000000001,13.06647,13.05963,13.05396,13.04955,13.04649,13.044870000000001,13.04478,13.04622,13.04946,13.054409999999999,13.06125,13.07007,13.08087,13.09365,13.10859,13.1256,13.14486,13.16628,13.189860000000001,13.21578,13.243860000000002,13.2741,13.30668,13.341330000000001,13.37823,13.4172,13.45824,13.50135,13.54635,13.59333,13.642199999999999,13.69278,13.74507,13.79898,13.854510000000001,13.911570000000001,13.96998,14.02974,14.09076,14.15295,14.21631,14.280660000000001,14.34591,14.41215,14.4792,14.54697,14.61546,14.684579999999999,14.75433,14.82453,14.89518,14.966280000000001,15.037740000000001,15.10947,15.181470000000001,15.253739999999999,15.32628,15.39882,15.471540000000001,15.54444,15.61725
16.47477,16.390620000000002,16.30575,16.22025,16.133940000000003,16.047,15.959250000000003,15.87069,15.781410000000001,15.69114,15.600060000000001,15.508080000000001,15.41511,15.32115,15.2262,15.13017,15.033059999999999,14.934690000000002,14.835239999999999,14.734440000000001,14.63229,14.528880000000001,14.423939999999998,14.31756,14.20956,14.10003,13.9887,13.87557,13.76064,13.64364,13.52466,13.40352,13.28004,13.15422,13.02588,12.89484,12.7611,12.624390000000002,12.484620000000001,12.34152,12.19509,12.044970000000001,11.891070000000001,11.73303,11.570760000000002,11.4039,11.23227,11.0556,10.87344,10.68561,10.49157,10.29114,10.083870000000001,9.86922,9.64683,9.416160000000001,9.17685,8.928135,8.669637,8.400762,8.120970000000002,7.829757000000001,7.5266910000000005,7.211466000000001,6.884001,6.544557,6.193944,5.833827,5.467194,5.099013,4.737186,4.393773,4.086144,3.837141,3.672486,3.6138060000000003,3.669633,3.830931,4.075578,4.377501,4.713570000000001,5.066235,5.423301,5.776803,6.121746,6.45516,6.775416000000001,7.08174,7.373925000000001,7.652115,7.916688,8.168139000000002,8.407026,8.63397,8.849574,9.05445,9.24921,9.43434,9.610470000000001,9.77805,9.93753,10.08945,10.234259999999999,10.37214,10.50372,10.62918,10.74888,10.86309,10.97217,11.07639,11.175930000000001,11.27097,11.36187,11.448720000000002,11.53179,11.611170000000001,11.68713,11.75967,11.82915,11.895480000000001,11.95902,12.019680000000001,12.07764,12.13317,12.18609,12.23676,12.28509,12.33126,12.37527,12.417300000000001,12.45735,12.495600000000001,12.53196,12.56652,12.59937,12.630600000000001,12.660300000000001,12.68838,12.71502,12.74013,12.76389,12.7863,12.80736,12.82716,12.84561,12.86298,12.87909,12.89403,12.90789,12.92067,12.93237,12.94299,12.95262,12.961260000000001,12.968910000000001,12.975660000000001,12.98151,12.98646,12.99051,12.99366,12.996,12.997530000000001,12.99825,12.99816,12.99726,12.99564,12.9933,12.99024,12.98646,12.98196,12.97683,12.97098,12.964409999999999,12.9573,12.94947,12.9411,12.9321,12.92247,12.91221,12.90141,12.89007,12.8781,12.86559,12.85254,12.839039999999999,12.824910000000001,12.81033,12.795119999999999,12.77955,12.76335,12.74679,12.72969,12.71214,12.69405,12.675510000000001,12.65661,12.63717,12.61728,12.59703,12.576329999999999,12.55518,12.53358,12.51162,12.48921,12.46635,12.44313,12.419550000000001,12.395520000000001,12.37122,12.34638,12.32127,12.295800000000002,12.26988,12.24369,12.21705,12.190140000000001,12.162780000000001,12.13524,12.10725,12.07899,12.050370000000001,12.02148,11.992230000000001,11.96271,11.932920000000001,11.90286,11.87244,11.841840000000001,11.811060000000001,11.77992,11.74869,11.71719,11.68551,11.653649999999999,11.62161,11.58948,11.557170000000001,11.52477,11.49237,11.45988,11.42739,11.3949,11.3625,11.3301,11.29779,11.26566,11.23371,11.20194,11.170440000000001,11.1393,11.10843,11.07792,11.04786,11.01825,10.989180000000001,10.96074,10.93284,10.905660000000001,10.879199999999999,10.85346,10.82853,10.8045,10.781460000000001,10.75932,10.73817,10.71801,10.69902,10.68111,10.66446,10.648890000000002,10.634490000000001,10.621350000000001,10.60947,10.59885,10.58949,10.581389999999999,10.57446,10.56888,10.56447,10.56123,10.55925,10.55835,10.55862,10.55997,10.562310000000002,10.56564,10.56996,10.57518,10.58112,10.58796,10.59552,10.603710000000001,10.612530000000001,10.62189,10.6317,10.641960000000001,10.65267,10.66365,10.674900000000001,10.68633,10.69794,10.70964,10.72143,10.733220000000001,10.74492,10.75662,10.76814,10.77957,10.79073,10.80171,10.812330000000001,10.82277,10.83285,10.84248,10.851840000000001,10.860840000000001,10.8693,10.8774,10.88505,10.89216,10.89891,10.90503,10.9107,10.91592,10.9206,10.92474,10.92834,10.931400000000002,10.934009999999999,10.93608,10.937610000000001,10.938600000000001,10.93914,10.93923,10.93878,10.93788,10.93653,10.93473,10.93257,10.92996,10.92708,10.92375,10.92015,10.91637,10.912230000000001,10.90791,10.903500000000001,10.89882,10.89423,10.88946,10.884780000000001,10.8801,10.8756,10.87119,10.86705,10.86327,10.85976,10.856610000000002,10.854000000000001,10.851840000000001,10.85031,10.84941,10.84923,10.849770000000001,10.85121,10.85355,10.85679,10.86102,10.866330000000001,10.872720000000001,10.88028,10.88892,10.89891,10.91007,10.9224,10.93617,10.95111,10.9674,10.984950000000001,11.00385,11.0241,11.04552,11.068200000000001,11.09214,11.11734,11.14362,11.17107,11.1996,11.22921,11.25972,11.291220000000001,11.32362,11.35692,11.390939999999999,11.42568,11.46114,11.49723,11.53377,11.57094,11.60847,11.64645,11.684700000000001,11.72331,11.7621,11.80107,11.84022,11.87937,11.918610000000001,11.95785,11.99709,12.036150000000001,12.07521,12.114,12.152610000000001,12.191040000000001,12.229199999999999,12.267090000000001,12.30462,12.341790000000001,12.3786,12.41496,12.45096,12.486600000000001,12.521700000000001,12.55626,12.59037,12.62403,12.65706,12.68955,12.7215,12.75291,12.78369,12.81384,12.84345,12.87234,12.900689999999999,12.928320000000001,12.95532,12.9816,13.00725,13.03227,13.056479999999999,13.080060000000001,13.10292,13.12506,13.14657,13.16727,13.18716,13.20642,13.22496,13.24269,13.25961,13.2759,13.29129,13.306049999999999,13.31991,13.33305,13.34547,13.356990000000001,13.36788,13.37787,13.38705,13.395510000000002,13.40316,13.41,13.416120000000001,13.421429999999999,13.425930000000001,13.42962,13.432590000000001,13.434750000000001,13.4361,13.43673,13.43664,13.43574,13.43412,13.431780000000002,13.42872,13.424940000000001,13.420440000000001,13.415310000000002,13.40955,13.40316,13.39614,13.38849,13.380300000000002,13.37157,13.36239,13.35276,13.342680000000001,13.33215,13.32135,13.31019,13.29885,13.28724,13.275540000000001,13.263750000000002,13.25196,13.240169999999999,13.22856,13.21704,13.20579,13.1949,13.184370000000001,13.17438,13.16502,13.1562,13.14819,13.14108,13.134780000000001,13.12965,13.12551,13.122630000000001,13.121010000000002,13.12074,13.12191,13.1247,13.12902,13.13514,13.142970000000002,13.152600000000001,13.16412,13.177620000000001,13.193100000000001,13.210560000000001,13.23009,13.25169,13.275450000000001,13.30128,13.329180000000001,13.35924,13.39137,13.425569999999999,13.46184,13.50009,13.540320000000001,13.58253,13.62654,13.67244,13.72014,13.76955,13.82049,13.873140000000001,13.92723,13.98276,14.03973,14.09796,14.157449999999999,14.218110000000001,14.279760000000001,14.34249,14.406210000000002,14.470830000000001,14.536259999999999,14.602410000000003,14.669279999999999,14.73678,14.80482,14.87349,14.942610000000002,15.01209,15.08202,15.15231,15.22287,15.29361,15.36462,15.4359,15.50718,15.57864,15.65019
16.445610000000002,16.36137,16.276410000000002,16.19082,16.104509999999998,16.017390000000002,15.92955,15.84099,15.75153,15.661259999999999,15.57009,15.47802,15.384960000000001,15.290909999999998,15.19587,15.09975,15.00246,14.904,14.80437,14.703479999999999,14.60133,14.49765,14.392619999999999,14.28606,14.17797,14.06826,13.956750000000001,13.843440000000001,13.728240000000001,13.61106,13.491810000000001,13.3704,13.24665,13.120470000000001,12.99177,12.860460000000002,12.72627,12.58911,12.4488,12.30516,12.15801,12.00726,11.852549999999999,11.6937,11.53044,11.3625,11.18961,11.01159,10.827900000000001,10.63827,10.44225,10.23957,10.02969,9.81216,9.58644,9.35199,9.10818,8.854398,8.58996,8.314164,8.026263,7.725501,7.4111400000000005,7.08246,6.738903,6.380073,6.006006,5.617368000000001,5.215968,4.805505,4.392792,3.989691,3.6158940000000004,3.301488,3.086109,3.008133,3.0840929999999998,3.2968710000000003,3.6075960000000005,3.9762360000000005,4.372425,4.776300000000001,5.1758820000000005,5.564313,5.937903,6.294843,6.634512,6.956937000000001,7.2625589999999995,7.552017,7.826094,8.085591,8.331354,8.564166,8.784828000000001,8.99406,9.1926,9.38097,9.55998,9.73008,9.89181,10.04562,10.19205,10.33155,10.46439,10.59102,10.7118,10.827,10.936890000000002,11.041830000000001,11.142090000000001,11.23776,11.3292,11.416590000000001,11.50002,11.57985,11.65617,11.72907,11.798820000000001,11.86551,11.92923,11.99016,12.048390000000001,12.10401,12.1572,12.20805,12.25656,12.30282,12.34701,12.38922,12.429359999999999,12.4677,12.50415,12.53889,12.57183,12.603240000000001,12.63294,12.66111,12.68784,12.713040000000001,12.73689,12.75939,12.78054,12.80043,12.81897,12.836340000000002,12.85254,12.86766,12.88152,12.89439,12.906179999999999,12.91689,12.92661,12.93534,12.94308,12.94983,12.955770000000001,12.96081,12.96486,12.96819,12.97053,12.972150000000001,12.97296,12.97296,12.972240000000001,12.97071,12.96846,12.96549,12.9618,12.95739,12.952350000000001,12.94659,12.9402,12.93318,12.92544,12.917159999999999,12.908249999999999,12.898800000000001,12.888720000000001,12.87801,12.86685,12.85506,12.842730000000001,12.82986,12.816450000000001,12.8025,12.7881,12.773159999999999,12.75777,12.74184,12.72546,12.70854,12.69117,12.67344,12.65517,12.63645,12.61737,12.597750000000001,12.577770000000001,12.55734,12.536550000000002,12.515310000000001,12.49371,12.47166,12.449160000000001,12.42639,12.40317,12.37959,12.35565,12.33135,12.30669,12.28167,12.25629,12.23055,12.204540000000001,12.17817,12.151440000000001,12.12444,12.09708,12.069450000000002,12.04146,12.013200000000001,11.98467,11.95596,11.92689,11.89755,11.868030000000001,11.838149999999999,11.80818,11.777940000000001,11.74752,11.71692,11.68614,11.65527,11.624220000000001,11.59299,11.56176,11.53044,11.49903,11.46762,11.436209999999999,11.40489,11.37357,11.34225,11.3112,11.28015,11.24937,11.218860000000001,11.18853,11.158470000000001,11.12886,11.09952,11.070630000000001,11.04219,11.014289999999999,10.987020000000001,10.9602,10.934190000000001,10.908719999999999,10.884060000000002,10.86021,10.83717,10.81503,10.79379,10.77345,10.7541,10.73583,10.718639999999999,10.702530000000001,10.6875,10.67364,10.66086,10.64934,10.6389,10.62972,10.62171,10.61487,10.609200000000001,10.60461,10.60128,10.59894,10.59777,10.59759,10.59849,10.600290000000001,10.60308,10.60677,10.611270000000001,10.61658,10.622700000000002,10.62945,10.63683,10.64484,10.65339,10.66239,10.67184,10.68165,10.69173,10.702169999999999,10.71279,10.7235,10.73448,10.74537,10.75644,10.767420000000001,10.77831,10.7892,10.79991,10.81044,10.82079,10.83087,10.840679999999999,10.85031,10.859490000000001,10.868400000000001,10.87704,10.88523,10.892970000000002,10.90035,10.90728,10.91385,10.919880000000001,10.925460000000001,10.93068,10.93527,10.939499999999999,10.94328,10.946520000000001,10.94922,10.95156,10.953360000000002,10.95471,10.9557,10.956150000000001,10.956150000000001,10.95579,10.95498,10.95381,10.95228,10.95039,10.94814,10.94562,10.942919999999999,10.939860000000001,10.93662,10.9332,10.92969,10.92609,10.9224,10.91871,10.91502,10.91142,10.90791,10.904670000000001,10.90161,10.89882,10.89639,10.894319999999999,10.89279,10.891710000000002,10.89117,10.89126,10.89207,10.8936,10.895940000000001,10.89909,10.90314,10.908180000000002,10.914209999999999,10.921230000000001,10.92933,10.93851,10.94886,10.96038,10.97307,10.987020000000001,11.00214,11.01843,11.03607,11.054789999999999,11.074860000000001,11.096010000000001,11.11842,11.142000000000001,11.16666,11.192400000000001,11.21931,11.24721,11.276010000000001,11.30589,11.33658,11.36817,11.40057,11.43369,11.46753,11.501999999999999,11.5371,11.57274,11.60883,11.64537,11.68227,11.719529999999999,11.75715,11.79486,11.832840000000001,11.871,11.90916,11.947410000000001,11.985750000000001,12.024,12.06216,12.10023,12.13821,12.175920000000001,12.21345,12.2508,12.28788,12.3246,12.36105,12.39714,12.43287,12.468150000000001,12.503070000000001,12.53754,12.571560000000002,12.605039999999999,12.638160000000001,12.67065,12.70269,12.734190000000002,12.76506,12.79548,12.82518,12.85443,12.88305,12.91095,12.93831,12.96504,12.99114,13.01661,13.04136,13.06548,13.088880000000001,13.111650000000001,13.133700000000001,13.15503,13.17573,13.19562,13.214879999999999,13.233419999999999,13.25124,13.26825,13.28463,13.3002,13.31505,13.329180000000001,13.342590000000001,13.35519,13.36707,13.37814,13.38849,13.398119999999999,13.40694,13.414950000000001,13.42233,13.42881,13.434660000000001,13.4397,13.44402,13.44753,13.450320000000001,13.452390000000001,13.453740000000002,13.454369999999999,13.454279999999999,13.45347,13.45194,13.44978,13.446990000000001,13.443480000000001,13.439340000000001,13.43457,13.429260000000001,13.42332,13.41684,13.40991,13.40244,13.39452,13.38615,13.377419999999999,13.36824,13.35888,13.34916,13.339260000000001,13.32927,13.3191,13.30884,13.29858,13.28841,13.27833,13.26852,13.258890000000001,13.24971,13.2408,13.232520000000001,13.22469,13.21758,13.21119,13.20561,13.20093,13.19724,13.19454,13.193100000000001,13.19283,13.19391,13.19634,13.2003,13.20579,13.21281,13.221540000000001,13.23207,13.24431,13.25844,13.27446,13.29228,13.31217,13.33395,13.357800000000001,13.38363,13.41135,13.44123,13.473,13.50675,13.542390000000001,13.580010000000001,13.61952,13.660829999999999,13.70403,13.748850000000001,13.79547,13.84371,13.89348,13.944870000000002,13.997700000000002,14.05188,14.10741,14.1642,14.22216,14.28138,14.34159,14.40279,14.464889999999999,14.52798,14.591790000000001,14.656410000000001,14.721750000000002,14.787720000000002,14.85432,14.92137,14.988959999999999,15.057,15.125490000000001,15.19425,15.26337,15.33276,15.402420000000001,15.472260000000002,15.542280000000002,15.612390000000001,15.682680000000001
16.41708,16.33275,16.247790000000002,16.16211,16.07571,15.98859,15.90075,15.8121,15.72255,15.63219,15.541020000000001,15.448860000000002,15.355800000000002,15.261660000000001,15.166530000000002,15.070320000000002,14.973030000000001,14.87457,14.774849999999999,14.67387,14.57154,14.467859999999998,14.36274,14.25618,14.147910000000001,14.03811,13.92651,13.81311,13.69782,13.58046,13.46112,13.33944,13.2156,13.08924,12.96027,12.82869,12.69423,12.5568,12.41613,12.27213,12.12462,11.973329999999999,11.81808,11.65869,11.494710000000001,11.32605,11.15235,10.97325,10.78839,10.5975,10.40013,10.19574,9.98397,9.764190000000001,9.53595,9.29853,9.051210000000001,8.793467999999999,8.524341,8.243028,7.948602,7.640082,7.3164240000000005,6.976548,6.6193740000000005,6.243885,5.8491990000000005,5.434839,5.001057,4.549473,4.084407000000001,3.6151919999999995,3.160683,2.756565,2.462607,2.351907,2.461311,2.753343,3.15432,3.6041130000000003,4.06674,4.523211,4.964085,5.3850240000000005,5.784399,6.161994,6.51834,6.854364,7.171164,7.469883,7.751682000000001,8.017659,8.268885,8.506341,8.730954,8.943570000000001,9.14499,9.335970000000001,9.517050000000001,9.68904,9.852390000000002,10.00773,10.15542,10.29591,10.42974,10.55727,10.67877,10.7946,10.90512,11.0106,11.111220000000001,11.20734,11.299140000000001,11.386890000000001,11.470680000000002,11.55078,11.62728,11.70045,11.770380000000001,11.83716,11.90106,11.96217,12.020579999999999,12.07629,12.12966,12.18051,12.22911,12.27555,12.319830000000001,12.36213,12.40236,12.440700000000001,12.47733,12.512070000000001,12.5451,12.57651,12.6063,12.63456,12.66138,12.68667,12.71052,12.73311,12.75426,12.77424,12.79287,12.81033,12.82653,12.84165,12.8556,12.86856,12.88035,12.89115,12.900870000000001,12.90969,12.91752,12.92436,12.930390000000001,12.93543,12.93957,12.9429,12.94542,12.94713,12.94794,12.94803,12.9474,12.94596,12.94371,12.94083,12.937230000000001,12.933,12.92796,12.92238,12.916080000000001,12.90915,12.90159,12.893400000000002,12.88458,12.87522,12.86532,12.85479,12.84372,12.83202,12.819870000000002,12.80718,12.79395,12.780180000000001,12.76596,12.751199999999999,12.73599,12.72024,12.70404,12.687389999999999,12.67029,12.65274,12.63474,12.616290000000001,12.59748,12.57813,12.55842,12.53835,12.51783,12.49695,12.475620000000001,12.45393,12.43188,12.40947,12.3867,12.36348,12.33999,12.31614,12.29193,12.26736,12.24252,12.21732,12.19176,12.16593,12.13974,12.11328,12.08655,12.05955,12.03228,12.00465,11.976840000000001,11.94876,11.92041,11.89179,11.862990000000002,11.83401,11.80485,11.77542,11.74581,11.716109999999999,11.68623,11.65626,11.62611,11.59587,11.56563,11.535300000000001,11.504880000000002,11.474549999999999,11.44413,11.4138,11.383560000000001,11.35341,11.32344,11.293560000000001,11.26386,11.23443,11.20527,11.17638,11.14785,11.11968,11.09187,11.0646,11.037780000000001,11.0115,10.985850000000001,10.96083,10.936440000000001,10.91277,10.88991,10.86777,10.846440000000001,10.82601,10.80657,10.787939999999999,10.77039,10.75374,10.73817,10.72368,10.71027,10.69794,10.68669,10.67652,10.667430000000001,10.65951,10.652759999999999,10.647,10.64241,10.63881,10.636289999999999,10.63476,10.63431,10.63476,10.63611,10.63836,10.64151,10.645380000000001,10.65006,10.65546,10.66149,10.66824,10.67544,10.68318,10.691460000000001,10.700099999999999,10.7091,10.71846,10.728,10.7379,10.74789,10.75797,10.76823,10.778490000000001,10.78875,10.79901,10.80918,10.81926,10.82925,10.83897,10.848600000000001,10.85787,10.86696,10.875779999999999,10.88433,10.892520000000001,10.90044,10.90791,10.91502,10.92186,10.92816,10.934099999999999,10.939680000000001,10.94481,10.94949,10.95381,10.957590000000001,10.96101,10.96398,10.9665,10.968570000000001,10.97028,10.971540000000001,10.972439999999999,10.97298,10.97307,10.972800000000001,10.97217,10.97127,10.97001,10.968480000000001,10.96677,10.9647,10.96245,10.96011,10.957590000000001,10.95489,10.95219,10.9494,10.9467,10.944,10.94139,10.938960000000002,10.93662,10.93464,10.93284,10.93149,10.93041,10.92987,10.92978,10.93023,10.93131,10.93302,10.93536,10.938600000000001,10.94256,10.947420000000001,10.95309,10.95975,10.9674,10.976040000000001,10.98576,10.99647,11.00835,11.021310000000001,11.03544,11.050740000000001,11.06712,11.084670000000001,11.10339,11.12328,11.144250000000001,11.1663,11.18952,11.21382,11.23911,11.26539,11.29275,11.32092,11.35008,11.38005,11.41092,11.44251,11.474730000000001,11.507760000000001,11.54133,11.57553,11.61018,11.64537,11.68101,11.71692,11.75328,11.78982,11.826630000000002,11.863710000000001,11.90088,11.93814,11.97549,12.01284,12.050189999999999,12.08745,12.12471,12.16179,12.198690000000001,12.235410000000002,12.27195,12.30822,12.34422,12.37995,12.415320000000001,12.450330000000001,12.48507,12.51927,12.5532,12.58659,12.619620000000001,12.65211,12.68415,12.71565,12.7467,12.77721,12.80718,12.83652,12.86541,12.89367,12.9213,12.94839,12.97485,13.000680000000001,13.02588,13.050450000000001,13.074390000000001,13.097700000000001,13.12038,13.14234,13.163670000000002,13.184280000000001,13.204170000000001,13.22343,13.24197,13.25988,13.27698,13.29345,13.3092,13.32423,13.33854,13.352129999999999,13.36491,13.37706,13.38849,13.3992,13.409099999999999,13.418280000000001,13.426829999999999,13.43457,13.44159,13.447890000000001,13.45347,13.45833,13.46247,13.46589,13.468679999999999,13.47066,13.47201,13.47273,13.47264,13.47201,13.47066,13.46877,13.46616,13.46301,13.45932,13.455,13.45014,13.444830000000001,13.43898,13.43277,13.42602,13.41891,13.41144,13.4037,13.3956,13.38732,13.37886,13.37022,13.36149,13.35276,13.34403,13.33539,13.32693,13.318560000000002,13.310550000000001,13.302900000000001,13.29561,13.28877,13.28256,13.27698,13.272120000000001,13.267980000000001,13.26483,13.262490000000001,13.26132,13.261140000000001,13.26222,13.264470000000001,13.26816,13.2732,13.27968,13.28769,13.297320000000001,13.30857,13.321530000000001,13.3362,13.35267,13.371030000000001,13.3911,13.41315,13.437,13.46283,13.49046,13.52007,13.55157,13.58487,13.62006,13.65705,13.695839999999999,13.73643,13.77873,13.82265,13.86828,13.91544,13.96413,14.01426,14.06583,14.11875,14.17302,14.22846,14.28507,14.34276,14.40153,14.461380000000002,14.52204,14.5836,14.64597,14.70915,14.772960000000001,14.83749,14.90256,14.968259999999999,15.03441,15.10101,15.16806,15.235470000000001,15.303149999999999,15.37119,15.4395,15.507990000000001,15.57675,15.6456,15.71454
16.38927,16.30494,16.21989,16.13421,16.04772,15.960600000000001,15.87267,15.784020000000002,15.694470000000003,15.604110000000002,15.51285,15.42069,15.32754,15.2334,15.13827,15.042060000000001,14.94468,14.846219999999999,14.746500000000001,14.645520000000001,14.54319,14.43951,14.334389999999999,14.22774,14.11947,14.00958,13.89798,13.78458,13.6692,13.55184,13.432409999999999,13.31073,13.1868,13.06035,12.93138,12.79971,12.66507,12.52755,12.3867,12.24261,12.094830000000002,11.94336,11.787840000000001,11.628,11.463750000000001,11.29464,11.1204,10.94076,10.755270000000001,10.56357,10.36521,10.159830000000001,9.9468,9.72558,9.49563,9.25614,9.006570000000002,8.746038,8.473644,8.188425,7.889328,7.575183,7.244712000000001,6.89652,6.529095,6.140817,5.730021000000001,5.295069,4.834512,4.3475399999999995,3.834792,3.3003,2.756142,2.234115,1.812321,1.637901,1.8116190000000003,2.231991,2.751291,3.29103,3.819177,4.323483,4.799853,5.24763,5.667642000000001,6.061365,6.430491,6.776766,7.1018550000000005,7.40736,7.694748000000001,7.96536,8.220456,8.461152,8.688501,8.90343,9.10683,9.299430000000001,9.482040000000001,9.6552,9.81963,9.97578,10.12428,10.26549,10.39986,10.52784,10.64979,10.766070000000001,10.87686,10.98261,11.083499999999999,11.17989,11.27187,11.35971,11.44359,11.52387,11.60046,11.673720000000001,11.74374,11.81061,11.874600000000001,11.93571,11.99421,12.05001,12.10338,12.15432,12.20292,12.24945,12.293730000000002,12.33603,12.37635,12.41469,12.451319999999999,12.48606,12.51918,12.55059,12.580470000000002,12.608730000000001,12.63555,12.66084,12.684780000000002,12.707370000000001,12.72861,12.74859,12.76722,12.78477,12.80106,12.81618,12.83022,12.84309,12.854970000000002,12.86577,12.875580000000001,12.884400000000001,12.89232,12.89925,12.90528,12.91032,12.91464,12.91797,12.92049,12.92229,12.92319,12.92337,12.92274,12.92139,12.919229999999999,12.91644,12.91293,12.9087,12.90384,12.89826,12.892050000000001,12.88521,12.87783,12.86973,12.86109,12.85182,12.84201,12.831570000000001,12.820590000000001,12.80916,12.7971,12.7845,12.77145,12.75786,12.743820000000001,12.729239999999999,12.71421,12.698640000000001,12.68271,12.66624,12.649320000000001,12.63204,12.61431,12.59613,12.5775,12.558510000000002,12.53907,12.51927,12.49902,12.47841,12.45753,12.43611,12.41442,12.39237,12.36996,12.34719,12.324150000000001,12.30066,12.2769,12.25287,12.22839,12.20373,12.17871,12.15342,12.127770000000002,12.10194,12.075750000000001,12.04938,12.02265,11.99574,11.968560000000002,11.94111,11.91348,11.885670000000001,11.85759,11.82933,11.80089,11.772359999999999,11.74356,11.71467,11.68569,11.65653,11.62737,11.59803,11.56869,11.53935,11.509920000000001,11.48049,11.45115,11.4219,11.39265,11.363489999999999,11.3346,11.3058,11.277180000000001,11.24883,11.22066,11.19285,11.1654,11.13831,11.11167,11.08539,11.059650000000001,11.034450000000001,11.00979,10.98567,10.96227,10.939589999999999,10.917539999999999,10.8963,10.87587,10.856250000000001,10.83744,10.81962,10.802610000000001,10.78668,10.771650000000001,10.75761,10.74456,10.73259,10.72161,10.71171,10.7028,10.69497,10.68822,10.68246,10.67778,10.674,10.6713,10.669500000000001,10.668690000000002,10.66878,10.66977,10.671570000000001,10.67409,10.67751,10.68156,10.68633,10.69173,10.69776,10.70433,10.711350000000001,10.718910000000001,10.72683,10.735109999999999,10.74366,10.75257,10.761660000000001,10.770930000000002,10.78038,10.78992,10.79946,10.80909,10.818719999999999,10.82826,10.83771,10.84716,10.85634,10.86543,10.87434,10.88298,10.89135,10.89954,10.90737,10.914930000000002,10.92222,10.92915,10.93572,10.941930000000001,10.94778,10.95327,10.958400000000001,10.963080000000001,10.9674,10.97136,10.97496,10.978110000000001,10.980810000000002,10.98324,10.98522,10.986839999999999,10.98819,10.989090000000001,10.98963,10.9899,10.9899,10.98954,10.988909999999999,10.9881,10.986930000000001,10.98567,10.98423,10.98261,10.9809,10.9791,10.97721,10.97541,10.97352,10.97181,10.9701,10.968570000000001,10.967310000000001,10.96623,10.96542,10.96497,10.964879999999999,10.96524,10.96614,10.96749,10.96947,10.97199,10.97523,10.97928,10.98396,10.98954,10.995930000000001,11.00322,11.01141,11.02059,11.030759999999999,11.041920000000001,11.05407,11.067300000000001,11.081610000000001,11.097,11.11356,11.131110000000001,11.149740000000001,11.169450000000001,11.190240000000001,11.212110000000001,11.23497,11.25882,11.28375,11.30958,11.336310000000001,11.36394,11.392470000000001,11.421809999999999,11.45187,11.48274,11.51424,11.54637,11.579220000000001,11.61252,11.646360000000001,11.68065,11.7153,11.750399999999999,11.78586,11.8215,11.85741,11.89359,11.92986,11.96622,12.00267,12.039209999999999,12.075660000000001,12.112110000000001,12.148470000000001,12.18483,12.22092,12.256920000000001,12.29265,12.3282,12.36348,12.39849,12.43323,12.46761,12.50163,12.535290000000002,12.56859,12.60153,12.63393,12.66597,12.697470000000001,12.72852,12.759120000000001,12.78918,12.81879,12.84777,12.8763,12.9042,12.93156,12.95838,12.984570000000001,13.01022,13.03524,13.05963,13.08348,13.106610000000002,13.129109999999999,13.15098,13.17222,13.19283,13.21272,13.23207,13.25061,13.26852,13.2858,13.30236,13.318200000000001,13.33341,13.3479,13.36167,13.374810000000002,13.387139999999999,13.398840000000002,13.409820000000002,13.42017,13.429710000000002,13.43862,13.44681,13.454279999999999,13.46112,13.46724,13.47264,13.47732,13.48137,13.48479,13.487490000000001,13.48956,13.490910000000001,13.49172,13.491810000000001,13.49136,13.49028,13.48866,13.48641,13.48371,13.48038,13.476600000000001,13.472370000000002,13.467600000000001,13.46247,13.45698,13.45104,13.444830000000001,13.43835,13.4316,13.42458,13.417470000000002,13.41027,13.402980000000001,13.3956,13.38831,13.381110000000001,13.374089999999999,13.36725,13.36077,13.354560000000001,13.348709999999999,13.3434,13.33872,13.33458,13.33107,13.32846,13.32657,13.32567,13.32576,13.32684,13.32909,13.332600000000001,13.33737,13.3434,13.35087,13.35978,13.37022,13.38219,13.39578,13.41108,13.428,13.44672,13.46715,13.48929,13.51332,13.539060000000001,13.56669,13.59603,13.627260000000001,13.660200000000001,13.69485,13.7313,13.76946,13.809330000000001,13.850819999999999,13.89393,13.93857,13.98474,14.032350000000001,14.0814,14.1318,14.18355,14.23656,14.290740000000001,14.346,14.40243,14.459850000000001,14.51826,14.57757,14.63778,14.6988,14.76054,14.82291,14.886,14.949720000000001,15.013980000000002,15.078780000000002,15.144029999999999,15.20973,15.275699999999999,15.342120000000001,15.4089,15.475859999999999,15.54309,15.610589999999998,15.678180000000001,15.74595
16.36209,16.27767,16.19271,16.10694,16.02054,15.933330000000002,15.845400000000001,15.75675,15.667200000000001,15.57684,15.485579999999999,15.39342,15.30027,15.206130000000002,15.110999999999999,15.01488,14.9175,14.81904,14.719320000000002,14.61843,14.516100000000002,14.412420000000001,14.30739,14.200740000000001,14.09256,13.98276,13.87116,13.757760000000001,13.642470000000001,13.5252,13.40586,13.284270000000001,13.16034,13.033980000000001,12.90501,12.773430000000001,12.63888,12.50136,12.3606,12.216420000000001,12.06873,11.91717,11.761650000000001,11.6019,11.43747,11.268270000000001,11.09394,10.91412,10.72845,10.536480000000001,10.33776,10.13193,9.91836,9.69651,9.46575,9.22536,8.974593,8.712612,8.438472,8.151129000000001,7.84944,7.5321,7.197687,6.844572,6.470973,6.074865000000001,5.653989,5.205834,4.727655,4.216527,3.669552,3.084525,2.4619139999999997,1.812132,1.189467,0.8574425999999999,1.1891610000000001,1.810728,2.458026,3.0763979999999997,3.655197,4.19382,4.694409,5.159844,5.593068000000001,5.99688,6.373836,6.726267,7.056261,7.365690000000001,7.656246,7.929449999999999,8.186643,8.429067,8.657829,8.873928000000001,9.0783,9.27171,9.45486,9.62865,9.79344,9.949950000000001,10.09872,10.2402,10.37475,10.50291,10.62495,10.74123,10.8522,10.95795,11.05884,11.155230000000001,11.24721,11.33505,11.41893,11.49912,11.57571,11.64897,11.718990000000002,11.78586,11.84976,11.91087,11.969280000000001,12.02508,12.078360000000002,12.1293,12.177990000000001,12.22434,12.26871,12.310920000000001,12.351239999999999,12.38958,12.426210000000001,12.46095,12.49407,12.52548,12.55536,12.58362,12.61044,12.63573,12.65967,12.682260000000001,12.7035,12.72348,12.74211,12.75966,12.77595,12.791070000000001,12.80511,12.81807,12.82995,12.84084,12.85065,12.85956,12.86748,12.874410000000001,12.88044,12.88557,12.889890000000001,12.893310000000001,12.89592,12.89772,12.89871,12.898890000000002,12.89835,12.897,12.89493,12.89223,12.88881,12.88467,12.87981,12.87432,12.8682,12.86145,12.85416,12.84615,12.8376,12.82842,12.8187,12.808440000000001,12.79764,12.786209999999999,12.77433,12.76191,12.749039999999999,12.73554,12.72168,12.707279999999999,12.69243,12.67704,12.66129,12.645000000000001,12.62835,12.61125,12.5937,12.575790000000001,12.55743,12.53871,12.519540000000001,12.50001,12.48012,12.45987,12.43917,12.4182,12.39687,12.37518,12.35313,12.33072,12.30804,12.285,12.26169,12.23802,12.214170000000001,12.18987,12.16539,12.14055,12.115530000000001,12.09024,12.064589999999999,12.03876,12.01266,11.986379999999999,11.95983,11.933100000000001,11.90619,11.879010000000001,11.85165,11.8242,11.79648,11.76867,11.74068,11.71269,11.684429999999999,11.65617,11.62782,11.59947,11.57103,11.5425,11.51406,11.485619999999999,11.45727,11.42892,11.40066,11.372580000000001,11.34459,11.31687,11.28924,11.26197,11.23488,11.20806,11.1816,11.15559,11.12994,11.10465,11.0799,11.05569,11.031930000000001,11.008890000000001,10.98639,10.96452,10.94337,10.92294,10.903229999999999,10.88442,10.866330000000001,10.84914,10.83276,10.81737,10.80288,10.78929,10.7766,10.764990000000001,10.75428,10.74465,10.73592,10.72818,10.72143,10.71567,10.7109,10.70703,10.70415,10.70208,10.701,10.70073,10.701270000000001,10.70262,10.70478,10.707659999999999,10.711170000000001,10.7154,10.720260000000001,10.72557,10.73151,10.7379,10.74474,10.75203,10.75959,10.767510000000001,10.7757,10.78407,10.79271,10.80153,10.81035,10.81935,10.82835,10.837349999999999,10.846350000000001,10.855260000000001,10.86408,10.87281,10.881450000000001,10.88991,10.8981,10.9062,10.91394,10.9215,10.928790000000001,10.93581,10.94256,10.94895,10.955070000000001,10.96083,10.96632,10.97136,10.976130000000001,10.98054,10.98459,10.98828,10.99161,10.994580000000001,10.997280000000002,10.99953,11.001510000000001,11.00322,11.004480000000001,11.005560000000001,11.00628,11.00682,11.007000000000001,11.007000000000001,11.00682,11.00637,11.005740000000001,11.00502,11.00421,11.00322,11.00223,11.00124,11.000160000000001,10.99926,10.99836,10.99755,10.99692,10.99656,10.99638,10.99647,10.99701,10.997819999999999,10.99908,11.00079,11.00304,11.00583,11.00925,11.01321,11.017980000000001,11.023470000000001,11.02968,11.0367,11.04453,11.05335,11.06298,11.0736,11.085120000000002,11.09763,11.111130000000001,11.125620000000001,11.14119,11.157750000000002,11.1753,11.19393,11.21355,11.234160000000001,11.25576,11.27835,11.30184,11.326319999999999,11.35179,11.37798,11.40516,11.433060000000001,11.461770000000001,11.491200000000001,11.521350000000002,11.55213,11.58354,11.61558,11.64807,11.681099999999999,11.71458,11.748510000000001,11.782710000000002,11.81727,11.85219,11.8872,11.92248,11.95794,11.993490000000001,12.02913,12.064770000000001,12.1005,12.136140000000001,12.171690000000002,12.207239999999999,12.24261,12.27789,12.312899999999999,12.34773,12.382380000000001,12.41667,12.45078,12.484530000000001,12.51801,12.55104,12.5838,12.616109999999999,12.648060000000001,12.67956,12.7107,12.7413,12.77145,12.80115,12.83031,12.859020000000001,12.88719,12.91482,12.94182,12.96837,12.99438,13.01976,13.0446,13.06881,13.09248,13.115520000000002,13.13793,13.15971,13.180860000000001,13.20147,13.22136,13.24062,13.25925,13.27725,13.29462,13.31127,13.32729,13.342590000000001,13.35726,13.3713,13.38462,13.39731,13.40928,13.42053,13.43124,13.44114,13.450410000000002,13.45905,13.46697,13.47426,13.480830000000001,13.48686,13.49208,13.49676,13.50072,13.50414,13.50684,13.509,13.51053,13.51143,13.51179,13.51152,13.510800000000001,13.509450000000001,13.50765,13.5054,13.50261,13.49937,13.49577,13.49172,13.48731,13.48254,13.4775,13.472280000000001,13.4667,13.46103,13.45527,13.44933,13.443299999999999,13.43736,13.431420000000001,13.42566,13.41999,13.414589999999999,13.409460000000001,13.40469,13.40028,13.39641,13.392990000000001,13.39029,13.38822,13.38687,13.38633,13.38669,13.38795,13.39029,13.39371,13.3983,13.40406,13.41108,13.419450000000001,13.429260000000001,13.44042,13.45311,13.46733,13.48317,13.50054,13.519620000000002,13.540320000000001,13.56264,13.58676,13.6125,13.64004,13.6692,13.70016,13.73274,13.76703,13.802940000000001,13.84047,13.879710000000001,13.920390000000001,13.96269,14.00652,14.0517,14.09841,14.14638,14.1957,14.24628,14.298119999999999,14.351130000000001,14.405220000000002,14.4603,14.51646,14.573610000000002,14.631570000000002,14.690430000000001,14.7501,14.81049,14.8716,14.933430000000001,14.9958,15.05871,15.12216,15.186060000000001,15.25041,15.31521,15.380280000000003,15.4458,15.5115,15.57756,15.643800000000002,15.71022,15.776820000000003
16.33554,16.25121,16.166159999999998,16.08039,15.99399,15.90687,15.81894,15.730290000000002,15.64074,15.550379999999999,15.45921,15.36705,15.27399,15.179939999999998,15.08481,14.98869,14.891399999999999,14.793029999999998,14.6934,14.592509999999999,14.49036,14.38677,14.281830000000001,14.17527,14.06727,13.95747,13.84605,13.73283,13.61772,13.50054,13.38129,13.25988,13.136130000000001,13.009950000000002,12.88125,12.74976,12.615480000000002,12.47814,12.337650000000002,12.19374,12.046230000000001,11.89494,11.739690000000001,11.580119999999999,11.41596,11.24703,11.07297,10.89342,10.707930000000001,10.51623,10.31778,10.11213,9.89874,9.67707,9.44649,9.206190000000001,8.95545,8.693432999999999,8.419167,8.131581,7.829496,7.511571,7.176321000000001,6.822054,6.446861999999999,6.048585,5.624748,5.172516,4.688622,4.169313000000001,3.6101700000000005,3.006072,2.3509439999999997,1.637586,0.8573985,0.0,0.8572409999999999,1.636434,2.347389,2.998341,3.5962470000000004,4.147047,4.655835,5.126976000000001,5.564277,5.97105,6.350166000000001,6.704181,7.035327,7.345593000000001,7.636734000000001,7.910324999999999,8.16777,8.410329,8.639136,8.855199,9.05949,9.25272,9.43578,9.60939,9.774,9.93033,10.07883,10.220130000000001,10.354500000000002,10.48239,10.60425,10.720260000000001,10.83096,10.93653,11.03724,11.13345,11.22525,11.31291,11.39661,11.47662,11.55312,11.626199999999999,11.69604,11.76273,11.82654,11.887559999999999,11.94579,12.001500000000002,12.05478,12.10554,12.15414,12.20049,12.24468,12.286890000000001,12.32712,12.36546,12.401909999999999,12.43665,12.46968,12.501090000000001,12.53088,12.55914,12.58587,12.61125,12.6351,12.65769,12.67893,12.69882,12.71754,12.735000000000001,12.751380000000001,12.7665,12.78054,12.7935,12.80538,12.81627,12.826080000000001,12.834990000000001,12.84291,12.84993,12.85596,12.861180000000001,12.86541,12.868920000000001,12.87153,12.87333,12.874410000000001,12.87459,12.87414,12.87288,12.8709,12.8682,12.86478,12.86073,12.85596,12.85056,12.844529999999999,12.83787,12.83058,12.82266,12.8142,12.8052,12.79557,12.7854,12.774690000000001,12.76344,12.75165,12.73932,12.72654,12.71331,12.69954,12.685319999999999,12.67056,12.65544,12.63987,12.62376,12.60729,12.59046,12.57309,12.55545,12.537270000000001,12.518820000000002,12.49992,12.48066,12.461039999999999,12.44106,12.420720000000001,12.400110000000002,12.379050000000001,12.35772,12.33603,12.31407,12.29175,12.269160000000001,12.24621,12.22299,12.19959,12.175830000000001,12.151800000000001,12.1275,12.102929999999999,12.07809,12.05307,12.02787,12.002310000000001,11.976659999999999,11.950740000000001,11.92464,11.89836,11.8719,11.845260000000001,11.81844,11.79153,11.76444,11.73726,11.709990000000001,11.682630000000001,11.655180000000001,11.627640000000001,11.6001,11.57256,11.54493,11.51739,11.48985,11.4624,11.43504,11.407770000000001,11.38059,11.35359,11.32677,11.30022,11.273850000000001,11.24775,11.22192,11.19654,11.171429999999999,11.14668,11.12247,11.09862,11.07531,11.05254,11.03031,11.00862,10.98765,10.967310000000001,10.94769,10.928790000000001,10.91061,10.89324,10.87659,10.860840000000001,10.84599,10.83195,10.81881,10.80657,10.79523,10.784790000000001,10.77534,10.76679,10.75914,10.75248,10.74672,10.741859999999999,10.7379,10.73484,10.73259,10.731240000000001,10.73061,10.730879999999999,10.73187,10.73358,10.73592,10.73898,10.74267,10.7469,10.75176,10.757069999999999,10.762830000000001,10.76913,10.7757,10.782630000000001,10.78992,10.79748,10.80531,10.81332,10.82142,10.829699999999999,10.83807,10.846530000000001,10.85499,10.86336,10.871820000000001,10.88019,10.88847,10.89657,10.90458,10.9125,10.92015,10.927620000000001,10.93491,10.941930000000001,10.94877,10.95534,10.96155,10.96758,10.97325,10.97865,10.983690000000001,10.98846,10.99296,10.9971,11.00097,11.004480000000001,11.00772,11.0106,11.01321,11.015460000000001,11.01753,11.019240000000002,11.02077,11.02194,11.02293,11.02374,11.024280000000001,11.02464,11.02491,11.025,11.02491,11.02482,11.02455,11.02437,11.0241,11.02392,11.02374,11.02365,11.02374,11.02401,11.02446,11.02518,11.02617,11.02752,11.02914,11.0313,11.03382,11.03688,11.04048,11.04462,11.04939,11.05488,11.061,11.06784,11.07549,11.08395,11.093219999999999,11.1033,11.11428,11.12625,11.13903,11.1528,11.16756,11.18322,11.19987,11.21742,11.23596,11.25549,11.276010000000001,11.29743,11.31975,11.342970000000001,11.367090000000001,11.39211,11.417850000000001,11.444490000000002,11.471940000000002,11.50002,11.528910000000002,11.558430000000001,11.58849,11.61927,11.650590000000001,11.68236,11.71467,11.74734,11.78046,11.81394,11.84769,11.88171,11.916,11.95047,11.98512,12.01986,12.05478,12.08961,12.12453,12.159450000000001,12.194370000000001,12.22911,12.263760000000001,12.29832,12.332699999999999,12.366810000000001,12.400830000000001,12.43449,12.467970000000001,12.50118,12.534030000000001,12.566609999999999,12.59874,12.630600000000001,12.66201,12.693060000000001,12.72366,12.7539,12.78369,12.81294,12.84174,12.870090000000001,12.8979,12.92526,12.95208,12.97836,13.0041,13.029300000000001,13.053870000000002,13.07799,13.10148,13.12434,13.14675,13.16844,13.189589999999999,13.21011,13.23,13.24926,13.267980000000001,13.28598,13.30344,13.32018,13.33638,13.35186,13.366710000000001,13.38093,13.39443,13.40739,13.41963,13.43124,13.44222,13.45257,13.462200000000001,13.4712,13.479659999999999,13.487400000000001,13.49442,13.5009,13.50675,13.51197,13.51665,13.52061,13.52403,13.526909999999999,13.529069999999999,13.53078,13.53195,13.53258,13.53258,13.53222,13.531320000000001,13.52997,13.52817,13.525920000000001,13.52331,13.520340000000001,13.51701,13.51341,13.509540000000001,13.5054,13.501080000000002,13.49667,13.49208,13.487400000000001,13.48272,13.47804,13.47345,13.468950000000001,13.46463,13.46058,13.4568,13.453380000000001,13.450320000000001,13.44771,13.445730000000001,13.4442,13.443480000000001,13.443389999999999,13.44411,13.445640000000001,13.44816,13.45158,13.45608,13.46166,13.46841,13.476420000000001,13.4856,13.49622,13.5081,13.52151,13.53627,13.552560000000001,13.57038,13.589730000000001,13.6107,13.63329,13.657409999999999,13.68324,13.7106,13.73967,13.77036,13.80258,13.83651,13.87197,13.90896,13.947569999999999,13.98762,14.02911,14.07213,14.11641,14.16222,14.209200000000001,14.25753,14.30703,14.35779,14.40963,14.462550000000002,14.51655,14.57145,14.627340000000002,14.68413,14.74173,14.800050000000002,14.859180000000002,14.91903,14.97951,15.04062,15.10227,15.16446,15.2271,15.29019,15.35373,15.41763,15.481890000000002,15.546420000000001,15.611220000000001,15.67629,15.74163,15.807060000000002
16.30971,16.225379999999998,16.140330000000002,16.05465,15.96825,15.881130000000002,15.793199999999999,15.704640000000001,15.61518,15.52482,15.433739999999998,15.341669999999999,15.248610000000001,15.15465,15.059700000000001,14.96358,14.86647,14.768189999999999,14.668650000000001,14.567939999999998,14.46588,14.36247,14.25762,14.15133,14.04342,13.933890000000002,13.82265,13.709610000000001,13.59468,13.477860000000002,13.35888,13.23774,13.114260000000002,12.98844,12.86001,12.72888,12.59496,12.457980000000001,12.31785,12.17439,12.02733,11.876579999999999,11.72178,11.562750000000001,11.399220000000001,11.23092,11.0574,10.87848,10.6938,10.50282,10.30518,10.10043,9.88803,9.66735,9.43776,9.198630000000001,8.949168,8.688519,8.415756,8.129835,7.829595,7.513749000000001,7.180848,6.82929,6.457257,6.062724,5.643432,5.196852,4.7202210000000004,4.210596000000001,3.665043,3.0813300000000003,2.459871,1.8110249999999999,1.18899,0.8571942,1.188684,1.8096119999999998,2.4559740000000003,3.073176,3.650652,4.187825999999999,4.686894,5.150763,5.582394,5.984604,6.359967,6.710832,7.039278,7.347195000000001,7.636284,7.908048000000001,8.163855,8.404938,8.632404,8.847243,9.0504,9.242640000000002,9.42471,9.59742,9.761220000000002,9.916830000000001,10.06461,10.20519,10.338930000000001,10.466280000000001,10.58751,10.70307,10.81332,10.91844,11.0187,11.11446,11.205900000000002,11.2932,11.37663,11.45637,11.53251,11.60532,11.67489,11.7414,11.80494,11.86578,11.92383,11.97936,12.03237,12.08304,12.13146,12.17763,12.22173,12.263760000000001,12.3039,12.34215,12.37851,12.413160000000001,12.446100000000001,12.47742,12.50721,12.53538,12.56202,12.58731,12.61116,12.63366,12.6549,12.67479,12.69342,12.710880000000001,12.72717,12.742289999999999,12.75633,12.76929,12.78117,12.792060000000001,12.80187,12.81078,12.8187,12.82572,12.831750000000001,12.836969999999999,12.84129,12.844800000000001,12.84741,12.8493,12.850290000000001,12.85056,12.85011,12.84885,12.846960000000001,12.84426,12.84093,12.836969999999999,12.8322,12.82689,12.82095,12.814380000000002,12.80709,12.79935,12.79098,12.781979999999999,12.77244,12.762360000000001,12.75174,12.74067,12.72897,12.71682,12.704130000000001,12.690990000000001,12.6774,12.66327,12.64878,12.63375,12.618360000000001,12.60252,12.58623,12.569490000000002,12.552480000000001,12.53493,12.51711,12.498840000000001,12.48021,12.46122,12.44187,12.42216,12.402180000000001,12.38175,12.36105,12.34008,12.31875,12.29715,12.27519,12.25296,12.230459999999999,12.20769,12.184650000000001,12.161340000000001,12.13785,12.114,12.08997,12.06567,12.04119,12.01653,11.9916,11.96649,11.9412,11.91573,11.89008,11.86425,11.83824,11.81214,11.78595,11.75958,11.73321,11.706660000000001,11.68002,11.65338,11.62674,11.60001,11.57328,11.54655,11.51982,11.49318,11.46663,11.44017,11.4138,11.38761,11.36151,11.33568,11.30994,11.284559999999999,11.259450000000001,11.23452,11.210040000000001,11.18583,11.16207,11.138760000000001,11.11581,11.0934,11.07144,11.05011,11.02923,11.009070000000001,10.98945,10.970550000000001,10.95237,10.93491,10.91808,10.90215,10.886940000000001,10.87254,10.85895,10.84626,10.83438,10.823310000000001,10.813229999999999,10.80396,10.79559,10.788030000000001,10.781460000000001,10.77561,10.77075,10.7667,10.76346,10.76103,10.75941,10.758600000000001,10.758510000000001,10.75914,10.7604,10.76238,10.764990000000001,10.76823,10.77192,10.77624,10.78101,10.78623,10.7919,10.797930000000001,10.80432,10.81098,10.818,10.8252,10.83258,10.840140000000002,10.84788,10.85571,10.86363,10.87155,10.879470000000001,10.88739,10.89531,10.90314,10.91088,10.91853,10.926,10.93338,10.94058,10.9476,10.95435,10.96101,10.967310000000001,10.97343,10.97937,10.984950000000001,10.99035,10.99539,11.000250000000001,11.00475,11.008980000000001,11.01303,11.016720000000001,11.02014,11.023290000000001,11.02617,11.028780000000001,11.03121,11.03328,11.03517,11.03688,11.03841,11.03967,11.040750000000001,11.041739999999999,11.04255,11.043270000000001,11.0439,11.04444,11.04489,11.045430000000001,11.04597,11.04651,11.04714,11.04786,11.048760000000001,11.04975,11.0511,11.05254,11.05443,11.0565,11.05902,11.061900000000001,11.065230000000001,11.0691,11.07342,11.078370000000001,11.083860000000001,11.08998,11.09673,11.104199999999999,11.11239,11.121390000000002,11.131110000000001,11.14173,11.153070000000001,11.165310000000002,11.178450000000002,11.19249,11.20743,11.223180000000001,11.23992,11.25756,11.2761,11.295539999999999,11.31588,11.33712,11.359259999999999,11.38221,11.40597,11.430629999999999,11.45601,11.482199999999999,11.509110000000002,11.53674,11.565,11.59389,11.62341,11.65356,11.68416,11.7153,11.74689,11.77884,11.81124,11.844000000000001,11.87703,11.91033,11.94381,11.97756,12.01149,12.04551,12.07962,12.11373,12.14793,12.18213,12.216330000000001,12.25035,12.284370000000001,12.31821,12.35196,12.38553,12.41883,12.45195,12.4848,12.517470000000001,12.54978,12.58173,12.613410000000002,12.64482,12.67578,12.70638,12.73653,12.76632,12.79566,12.824639999999999,12.85308,12.881070000000001,12.908610000000001,12.93561,12.96216,12.98826,13.01373,13.03875,13.063229999999999,13.08708,13.11048,13.13325,13.15548,13.17717,13.19823,13.21875,13.23864,13.2579,13.27662,13.2948,13.31226,13.329180000000001,13.34538,13.36104,13.37607,13.39047,13.404330000000002,13.417470000000002,13.42998,13.44195,13.4532,13.46391,13.4739,13.483350000000002,13.492170000000002,13.50036,13.50792,13.514940000000001,13.52133,13.52709,13.53231,13.536990000000001,13.54104,13.544550000000001,13.54752,13.54995,13.55184,13.55319,13.55409,13.554540000000001,13.554540000000001,13.55409,13.55319,13.55193,13.5504,13.54842,13.54617,13.543650000000001,13.54086,13.537889999999999,13.534650000000001,13.531410000000001,13.52799,13.52457,13.52106,13.51764,13.51431,13.51107,13.50801,13.505220000000001,13.5027,13.50054,13.49883,13.49748,13.49667,13.49649,13.49694,13.49802,13.49991,13.50261,13.50621,13.510710000000001,13.516200000000001,13.52277,13.53051,13.53933,13.54941,13.56066,13.57335,13.587299999999999,13.6026,13.61943,13.63761,13.65732,13.67856,13.70124,13.72554,13.75128,13.77864,13.80753,13.838040000000001,13.86999,13.90347,13.93848,13.975019999999999,14.013,14.05242,14.09319,14.1354,14.17896,14.22387,14.26995,14.317380000000002,14.36589,14.415569999999999,14.46633,14.51817,14.571000000000002,14.624820000000001,14.679540000000001,14.73507,14.7915,14.848650000000001,14.906609999999999,14.965200000000001,15.02451,15.08436,15.14475,15.20577,15.26724,15.32916,15.391440000000001,15.45417,15.517259999999998,15.580620000000001,15.644250000000001,15.708240000000002,15.772409999999999,15.83676
16.28451,16.20018,16.11522,16.02954,15.943140000000001,15.85611,15.76827,15.679710000000002,15.590340000000001,15.500160000000001,15.409080000000001,15.317099999999998,15.22422,15.13035,15.03549,14.939549999999999,14.842620000000002,14.74443,14.645070000000002,14.54454,14.44266,14.33943,14.23485,14.12874,14.0211,13.91184,13.800870000000002,13.68819,13.57353,13.45698,13.33845,13.21767,13.09464,12.96918,12.8412,12.710609999999999,12.57714,12.44079,12.3012,12.15837,12.012030000000001,11.862,11.707920000000001,11.5497,11.387070000000001,11.21967,11.047229999999999,10.86939,10.685880000000001,10.49616,10.29996,10.09665,9.885869999999999,9.66699,9.43947,9.2025,8.955522,8.697618,8.427951,8.145549,7.8493319999999995,7.538139,7.210683,6.8655420000000005,6.501213,6.116058000000001,5.708376,5.2765200000000005,4.818996,4.334949,3.824964,3.293001,2.751039,2.230758,1.810107,1.6360919999999999,1.809396,2.2286070000000002,2.7461520000000004,3.283668,3.80925,4.310757,4.784166,5.228873999999999,5.645763,6.036336,6.40233,6.7455,7.067538000000001,7.370046,7.654509000000001,7.922286000000001,8.174628,8.41266,8.637426,8.849871,9.05085,9.241200000000001,9.421560000000001,9.59265,9.75501,9.909270000000001,10.05588,10.19538,10.32804,10.4544,10.57482,10.68966,10.799100000000001,10.903500000000001,11.00313,11.09835,11.18916,11.276010000000001,11.3589,11.43819,11.51388,11.58633,11.65554,11.72169,11.78496,11.84544,11.90322,11.95848,12.01131,12.06171,12.10986,12.155850000000001,12.199770000000001,12.241710000000001,12.28167,12.31974,12.35601,12.39048,12.42333,12.45456,12.48417,12.51225,12.53889,12.564000000000002,12.58785,12.61026,12.63141,12.65121,12.66984,12.6873,12.7035,12.71862,12.732569999999999,12.74553,12.75741,12.76821,12.778020000000001,12.786930000000002,12.79485,12.80178,12.8079,12.813030000000001,12.81744,12.82086,12.82356,12.825360000000002,12.82644,12.8268,12.82635,12.82509,12.8232,12.820590000000001,12.817260000000001,12.8133,12.80862,12.803400000000002,12.797460000000001,12.79089,12.78378,12.77604,12.76776,12.75885,12.749400000000001,12.73941,12.72888,12.7179,12.706290000000001,12.69432,12.68172,12.66876,12.65526,12.64131,12.62691,12.612060000000001,12.59685,12.5811,12.56508,12.54852,12.53169,12.51441,12.496770000000001,12.47868,12.46032,12.4416,12.42252,12.403080000000001,12.38337,12.3633,12.34296,12.32226,12.301290000000002,12.279959999999999,12.25845,12.23658,12.21453,12.19212,12.16953,12.14667,12.12354,12.10023,12.07665,12.05289,12.028950000000002,12.00474,11.98044,11.95587,11.93112,11.90628,11.88126,11.856060000000001,11.830770000000001,11.8053,11.77983,11.75418,11.728439999999999,11.7027,11.67687,11.65095,11.62503,11.59911,11.57319,11.54727,11.52144,11.4957,11.46996,11.44431,11.41884,11.39355,11.368350000000001,11.34333,11.31858,11.2941,11.2698,11.24586,11.222280000000001,11.198970000000001,11.17602,11.15352,11.13147,11.10987,11.08881,11.068200000000001,11.04822,11.028780000000001,11.009970000000001,10.9917,10.97415,10.95732,10.94121,10.92573,10.91106,10.897200000000002,10.884060000000002,10.871730000000001,10.86012,10.84941,10.8396,10.83051,10.822320000000001,10.814850000000002,10.80828,10.802610000000001,10.79766,10.793520000000001,10.7901,10.78758,10.78569,10.78461,10.78425,10.784519999999999,10.78551,10.78704,10.78929,10.79199,10.79532,10.799100000000001,10.803420000000001,10.808100000000001,10.813229999999999,10.818719999999999,10.824570000000001,10.83078,10.83717,10.84383,10.850670000000001,10.85769,10.86489,10.87218,10.87965,10.887030000000001,10.8945,10.90206,10.90953,10.91691,10.92429,10.93158,10.93878,10.9458,10.95273,10.95948,10.966050000000001,10.972439999999999,10.97865,10.984679999999999,10.990440000000001,10.996020000000001,11.00133,11.00637,11.011230000000001,11.01591,11.02023,11.02437,11.02824,11.03184,11.035260000000001,11.03841,11.04138,11.044080000000001,11.0466,11.04894,11.05101,11.052990000000001,11.054789999999999,11.056410000000001,11.05794,11.05929,11.060640000000001,11.061900000000001,11.06307,11.06424,11.0655,11.06667,11.06793,11.069370000000001,11.07081,11.07243,11.07432,11.07639,11.07864,11.08125,11.08413,11.08737,11.09106,11.0952,11.0997,11.10474,11.11032,11.11653,11.12328,11.13066,11.138760000000001,11.147490000000001,11.15694,11.1672,11.17818,11.189969999999999,11.20257,11.21598,11.2302,11.24532,11.26125,11.278080000000001,11.295720000000001,11.31426,11.3337,11.353950000000001,11.37501,11.39688,11.419649999999999,11.443140000000001,11.46744,11.49246,11.5182,11.54466,11.57175,11.59956,11.62791,11.65689,11.68641,11.716380000000001,11.74689,11.777849999999999,11.80917,11.84085,11.87289,11.905289999999999,11.93787,11.97072,12.00375,12.03696,12.070260000000001,12.10365,12.137129999999999,12.17061,12.204180000000001,12.23766,12.271049999999999,12.30444,12.337650000000002,12.37077,12.40371,12.436470000000002,12.468960000000001,12.50127,12.5334,12.56517,12.59667,12.6279,12.65868,12.68928,12.719430000000001,12.749220000000001,12.77856,12.807540000000001,12.83616,12.86424,12.891960000000001,12.91914,12.94596,12.972240000000001,12.99807,13.02336,13.04811,13.072410000000001,13.096169999999999,13.11939,13.14207,13.164209999999999,13.18581,13.20687,13.2273,13.247280000000002,13.26654,13.28535,13.30353,13.32108,13.338090000000001,13.354470000000001,13.37031,13.38552,13.4001,13.41414,13.42755,13.44033,13.45257,13.46418,13.47516,13.4856,13.49541,13.50468,13.51332,13.52133,13.5288,13.535730000000001,13.542119999999999,13.547880000000001,13.553099999999999,13.55778,13.56192,13.565610000000001,13.56876,13.57137,13.57353,13.57524,13.576500000000001,13.5774,13.57776,13.57785,13.577490000000001,13.57686,13.57587,13.5747,13.573170000000001,13.57146,13.569569999999999,13.567499999999999,13.565339999999999,13.563,13.56075,13.55841,13.55616,13.554,13.55202,13.55022,13.5486,13.54734,13.54635,13.545810000000001,13.545720000000001,13.54608,13.547070000000001,13.5486,13.55085,13.55382,13.5576,13.562280000000001,13.567770000000001,13.57425,13.581809999999999,13.59036,13.59999,13.610790000000001,13.62285,13.63608,13.65066,13.666500000000001,13.68378,13.70241,13.72239,13.74381,13.766670000000001,13.79106,13.81689,13.84416,13.87296,13.9032,13.93488,13.96809,14.002650000000001,14.038739999999999,14.07609,14.11497,14.15511,14.1966,14.23944,14.28345,14.32872,14.375160000000001,14.422770000000002,14.47146,14.52123,14.57208,14.62383,14.676570000000002,14.730120000000001,14.784659999999999,14.839920000000001,14.8959,14.95269,15.010110000000001,15.06825,15.126930000000002,15.18624,15.246000000000002,15.306300000000002,15.36705,15.428249999999998,15.489809999999999,15.55173,15.61401,15.676650000000002,15.739469999999999,15.80256,15.86592
16.25994,16.17561,16.09074,16.00515,15.91884,15.831900000000001,15.744150000000001,15.65568,15.5664,15.476310000000002,15.38532,15.29352,15.200730000000002,15.10704,15.01236,14.916600000000003,14.81976,14.721840000000002,14.62266,14.52231,14.4207,14.31774,14.21343,14.10759,14.000309999999999,13.89132,13.7808,13.668389999999999,13.55418,13.438080000000001,13.31991,13.19967,13.07718,12.95226,12.824910000000001,12.69486,12.56211,12.42648,12.287700000000001,12.14568,12.000240000000002,11.85111,11.69802,11.54097,11.379420000000001,11.213370000000001,11.04228,10.86597,10.68399,10.49607,10.301760000000002,10.100700000000002,9.89217,9.6759,9.451260000000001,9.21753,8.97408,8.720235,8.455167,8.178011999999999,7.887843,7.583679000000001,7.264457999999999,6.9290910000000006,6.576471000000001,6.205545000000001,5.815431,5.40558,4.976181,4.528818,4.067703,3.60207,3.150621,2.7488970000000004,2.4564600000000003,2.3462910000000003,2.455155,2.7456300000000002,3.144186,3.5908740000000003,4.049874,4.50234,4.938939,5.355441000000001,5.750262,6.123267,6.475023,6.806484,7.118784000000001,7.413093,7.690581,7.952364,8.199504,8.433018,8.653806,8.862741000000002,9.06057,9.248130000000002,9.42597,9.59481,9.75519,9.90756,10.05255,10.19043,10.32174,10.44684,10.56609,10.67976,10.788210000000001,10.891710000000002,10.990530000000001,11.08494,11.175030000000001,11.26116,11.34342,11.422080000000001,11.49732,11.569139999999999,11.6379,11.7036,11.76651,11.82654,11.88405,11.93895,11.99142,12.04155,12.08943,12.13524,12.17889,12.22056,12.260250000000001,12.29814,12.334230000000002,12.36861,12.40128,12.43233,12.46185,12.489749999999999,12.516300000000001,12.541319999999999,12.56499,12.5874,12.60837,12.62817,12.64671,12.66408,12.68028,12.695310000000001,12.70926,12.72213,12.73392,12.744720000000001,12.754529999999999,12.76335,12.771270000000001,12.7782,12.78423,12.78945,12.79377,12.79728,12.79989,12.80178,12.80286,12.80313,12.802679999999999,12.80151,12.79962,12.79701,12.79377,12.789810000000001,12.78522,12.78,12.77406,12.76758,12.76056,12.75282,12.74463,12.73581,12.72645,12.71655,12.70611,12.69513,12.6837,12.67173,12.65931,12.64644,12.63303,12.61926,12.605039999999999,12.59028,12.57525,12.55968,12.543750000000001,12.52746,12.510810000000001,12.49371,12.47625,12.458430000000002,12.440339999999999,12.4218,12.40299,12.38382,12.36438,12.34458,12.32451,12.304170000000001,12.283560000000001,12.26259,12.24135,12.21993,12.19824,12.17628,12.15405,12.131639999999999,12.10896,12.0861,12.06297,12.03975,12.01626,11.992590000000002,11.96874,11.9448,11.92068,11.89638,11.8719,11.84742,11.82267,11.797920000000001,11.77308,11.74815,11.723130000000001,11.69802,11.672910000000002,11.6478,11.6226,11.59749,11.57238,11.54727,11.522160000000001,11.49723,11.4723,11.44755,11.42289,11.39841,11.37411,11.34999,11.32605,11.30238,11.279069999999999,11.25594,11.23317,11.21067,11.18862,11.16702,11.14578,11.12499,11.10465,11.08485,11.06559,11.04678,11.02869,11.011140000000001,10.99422,10.97802,10.96245,10.94751,10.93338,10.919880000000001,10.90719,10.89522,10.884060000000002,10.873619999999999,10.86399,10.85508,10.84707,10.839780000000001,10.833300000000001,10.82754,10.82259,10.81836,10.81494,10.81215,10.810170000000001,10.80882,10.80819,10.80819,10.80882,10.810080000000001,10.81188,10.81422,10.8171,10.82043,10.824209999999999,10.82853,10.83312,10.83816,10.84347,10.84914,10.85508,10.8612,10.867590000000002,10.87407,10.88082,10.88766,10.89459,10.90152,10.90863,10.915650000000001,10.92276,10.92978,10.9368,10.94373,10.950569999999999,10.95741,10.96398,10.970550000000001,10.97694,10.98315,10.989180000000001,10.99512,11.00079,11.00628,11.01159,11.016720000000001,11.02158,11.02626,11.030759999999999,11.03499,11.03904,11.042910000000001,11.04651,11.04993,11.05317,11.056230000000001,11.05911,11.061810000000001,11.06433,11.06676,11.06901,11.07117,11.07324,11.07522,11.077110000000001,11.07891,11.0808,11.082600000000001,11.08449,11.08638,11.08836,11.09043,11.092590000000001,11.09502,11.09754,11.100330000000001,11.10339,11.10672,11.11032,11.11437,11.118780000000001,11.123550000000002,11.12877,11.134530000000002,11.140740000000001,11.147580000000001,11.154959999999999,11.16288,11.171520000000001,11.18079,11.19078,11.2014,11.21283,11.22498,11.23785,11.25153,11.26602,11.281320000000001,11.29743,11.314350000000001,11.332080000000001,11.350620000000001,11.36997,11.39013,11.411100000000001,11.432789999999999,11.45529,11.4786,11.50254,11.5272,11.55258,11.57868,11.60532,11.63268,11.66049,11.688930000000001,11.71791,11.74734,11.77731,11.807640000000001,11.838330000000001,11.86938,11.90079,11.93247,11.964419999999999,11.99664,12.02904,12.06153,12.0942,12.12696,12.15981,12.19266,12.22551,12.25836,12.291210000000001,12.323879999999999,12.35655,12.38904,12.42144,12.453660000000001,12.48561,12.517380000000001,12.54897,12.5802,12.61125,12.64194,12.67236,12.70251,12.73221,12.761640000000002,12.79062,12.81924,12.8475,12.875309999999999,12.90267,12.929670000000002,12.95613,12.98223,13.00779,13.0329,13.05747,13.08159,13.10517,13.1283,13.15089,13.17294,13.194450000000002,13.21551,13.23594,13.25583,13.27518,13.29399,13.31226,13.3299,13.347,13.36356,13.37949,13.39488,13.40964,13.42386,13.43754,13.45059,13.4631,13.47507,13.48641,13.49721,13.507380000000001,13.51701,13.5261,13.534650000000001,13.54257,13.550040000000001,13.55688,13.56327,13.569030000000001,13.57434,13.5792,13.583430000000002,13.587299999999999,13.59063,13.5936,13.59603,13.5981,13.599810000000002,13.60107,13.601970000000001,13.6026,13.602870000000001,13.602780000000001,13.602509999999999,13.60206,13.60134,13.600439999999999,13.599450000000001,13.59837,13.5972,13.59603,13.59486,13.59369,13.5927,13.591800000000001,13.59117,13.59072,13.59054,13.59072,13.59135,13.59234,13.59387,13.59594,13.598640000000001,13.601970000000001,13.606020000000001,13.610790000000001,13.61646,13.62294,13.630320000000001,13.63869,13.648050000000001,13.65849,13.670010000000001,13.6827,13.69665,13.711680000000001,13.72806,13.74579,13.76469,13.78503,13.80672,13.82976,13.85415,13.88007,13.907250000000001,13.935960000000001,13.96602,13.99743,14.03028,14.06448,14.10012,14.137020000000001,14.17527,14.21487,14.255730000000002,14.29776,14.341050000000001,14.38551,14.431140000000001,14.477850000000002,14.525640000000001,14.57442,14.624279999999999,14.67504,14.7267,14.779259999999999,14.832719999999998,14.8869,14.9418,14.997510000000002,15.053850000000002,15.11082,15.16842,15.22656,15.28524,15.34446,15.40413,15.464160000000001,15.524640000000002,15.58548,15.646680000000002,15.708240000000002,15.769980000000002,15.832080000000001,15.894359999999999
16.236,16.15176,16.06689,15.981390000000001,15.89526,15.808320000000002,15.72075,15.63237,15.54318,15.453270000000002,15.362460000000002,15.270750000000001,15.178139999999999,15.08463,14.99013,14.894549999999999,14.79798,14.70024,14.601420000000001,14.50134,14.4,14.2974,14.19336,14.08788,13.98096,13.87242,13.76226,13.6503,13.536629999999999,13.42098,13.30344,13.18374,13.06179,12.93759,12.810960000000001,12.68172,12.54978,12.41496,12.27717,12.136140000000001,11.99178,11.843820000000001,11.692079999999999,11.53629,11.37627,11.21175,11.04237,10.86795,10.68804,10.50237,10.31049,10.11213,9.90666,9.69363,9.47259,9.243,9.00423,8.755641,8.496522,8.226171,7.943849999999999,7.648776,7.340193,7.017381,6.6797189999999995,6.326811,5.958603,5.575743,5.17995,4.774824000000001,4.3670610000000005,3.9684060000000003,3.598353,3.286827,3.0732660000000003,2.995902,3.071223,3.282147,3.589947,3.95478,4.346469,4.745313,5.139495,5.522265,5.890022999999999,6.24105,6.574788,6.891309,7.1910810000000005,7.474797,7.743249,7.997256,8.237673000000001,8.465319000000001,8.680959,8.885358,9.0792,9.263160000000001,9.43785,9.603720000000001,9.76149,9.911520000000001,10.05435,10.190339999999999,10.31994,10.44342,10.56114,10.67346,10.780650000000001,10.88298,10.98072,11.074140000000002,11.16333,11.24865,11.3301,11.40804,11.48256,11.553840000000001,11.62197,11.68722,11.7495,11.80917,11.86614,11.92068,11.972790000000002,12.02256,12.070079999999999,12.115530000000001,12.15891,12.20031,12.23982,12.27744,12.31335,12.34746,12.37995,12.41082,12.44016,12.467970000000001,12.494340000000001,12.51927,12.542850000000001,12.56499,12.585960000000002,12.60567,12.62403,12.64131,12.65742,12.67236,12.68631,12.69909,12.710790000000001,12.721589999999999,12.731309999999999,12.74013,12.74796,12.754890000000001,12.76092,12.76605,12.77037,12.77388,12.776489999999999,12.77838,12.77937,12.77973,12.77928,12.778110000000002,12.77622,12.77361,12.77037,12.7665,12.76191,12.756689999999999,12.75084,12.74436,12.73734,12.72969,12.7215,12.712769999999999,12.7035,12.6936,12.68325,12.672450000000001,12.66102,12.649230000000001,12.6369,12.62412,12.610890000000001,12.59721,12.583079999999999,12.5685,12.55356,12.538170000000001,12.52242,12.50631,12.489749999999999,12.47292,12.45564,12.43809,12.42018,12.401909999999999,12.383280000000001,12.36438,12.345210000000002,12.32568,12.30597,12.2859,12.265559999999999,12.24495,12.224070000000001,12.203009999999999,12.18159,12.16008,12.13821,12.11625,12.09402,12.071520000000001,12.04893,12.026159999999999,12.003120000000001,11.97999,11.95668,11.93328,11.9097,11.88594,11.86209,11.838149999999999,11.814119999999999,11.78991,11.7657,11.7414,11.7171,11.69271,11.668320000000001,11.64393,11.61945,11.59506,11.57067,11.54637,11.522070000000001,11.49786,11.47383,11.4498,11.42604,11.402280000000001,11.37879,11.35548,11.33244,11.30958,11.286990000000001,11.26476,11.2428,11.2212,11.19987,11.178989999999999,11.158560000000001,11.13849,11.11896,11.09988,11.08134,11.06325,11.04579,11.028870000000001,11.01258,10.99692,10.98189,10.96749,10.95381,10.94076,10.928519999999999,10.91691,10.906020000000002,10.895850000000001,10.88649,10.877849999999999,10.86993,10.862729999999999,10.85634,10.85058,10.845630000000002,10.8414,10.8378,10.83492,10.83276,10.831230000000001,10.83033,10.83015,10.83042,10.831320000000002,10.83285,10.83483,10.83726,10.84023,10.84365,10.84743,10.85157,10.856160000000001,10.86102,10.866240000000001,10.87164,10.877310000000001,10.88325,10.88928,10.895579999999999,10.90197,10.90845,10.91502,10.92168,10.92834,10.935,10.94175,10.948409999999999,10.955070000000001,10.961640000000001,10.96812,10.97451,10.980810000000002,10.987020000000001,10.99305,10.998990000000001,11.00475,11.01042,11.01591,11.02113,11.02626,11.03121,11.03598,11.04057,11.04498,11.04921,11.05326,11.05704,11.06073,11.06433,11.06766,11.0709,11.07396,11.07693,11.07972,11.082510000000001,11.085120000000002,11.08764,11.090160000000001,11.092590000000001,11.09502,11.09745,11.09988,11.102400000000001,11.104920000000002,11.107619999999999,11.11032,11.113290000000001,11.11635,11.11959,11.1231,11.12679,11.13084,11.13516,11.139930000000001,11.14497,11.15046,11.15631,11.162700000000001,11.16963,11.177010000000001,11.18493,11.193480000000001,11.20257,11.21238,11.22282,11.23389,11.24568,11.25819,11.271419999999999,11.28537,11.30013,11.315610000000001,11.331809999999999,11.34882,11.36664,11.38518,11.40453,11.424600000000002,11.44548,11.46699,11.48931,11.51235,11.53602,11.560410000000001,11.58552,11.611170000000001,11.637450000000001,11.66427,11.69172,11.719710000000001,11.74815,11.77704,11.80638,11.836170000000001,11.86632,11.89683,11.927610000000001,11.95875,11.990070000000001,12.02166,12.05334,12.08529,12.117329999999999,12.14946,12.18168,12.213989999999999,12.24621,12.27852,12.31074,12.34287,12.37491,12.40686,12.43872,12.47031,12.50181,12.533130000000002,12.56418,12.59496,12.62556,12.6558,12.68577,12.71547,12.74481,12.77388,12.8025,12.83076,12.85866,12.8862,12.91329,12.93993,12.96621,12.992040000000001,13.017420000000001,13.04226,13.06674,13.090679999999999,13.114170000000001,13.13712,13.15962,13.18167,13.20309,13.224060000000001,13.24449,13.264380000000001,13.28373,13.30263,13.3209,13.33863,13.355820000000001,13.37256,13.388670000000001,13.40415,13.41918,13.43367,13.44753,13.46085,13.473630000000002,13.48587,13.49757,13.508640000000002,13.519260000000001,13.529250000000001,13.53879,13.54779,13.55616,13.564079999999999,13.57146,13.57839,13.58478,13.59072,13.59612,13.60107,13.60557,13.609620000000001,13.61331,13.61646,13.619340000000001,13.621770000000001,13.623840000000001,13.62564,13.62708,13.62825,13.62915,13.62978,13.630230000000001,13.6305,13.630680000000002,13.630680000000002,13.63059,13.63041,13.630320000000001,13.630230000000001,13.63014,13.630230000000001,13.6305,13.63086,13.631580000000001,13.63248,13.63383,13.635449999999999,13.63761,13.64022,13.64328,13.64706,13.651380000000001,13.65642,13.66218,13.668660000000001,13.67604,13.684320000000001,13.6935,13.70367,13.71492,13.72707,13.740480000000002,13.754880000000002,13.77054,13.787370000000001,13.80546,13.82472,13.845329999999999,13.867289999999999,13.89042,13.91499,13.94082,13.96809,13.99662,14.0265,14.05773,14.09031,14.12415,14.15934,14.19579,14.2335,14.27256,14.312700000000001,14.3541,14.39667,14.440409999999998,14.48523,14.531130000000001,14.57802,14.625900000000001,14.674859999999999,14.724630000000001,14.775390000000002,14.82696,14.87934,14.93253,14.986439999999998,15.04098,15.096330000000002,15.15222,15.208739999999999,15.26589,15.32349,15.38163,15.44022,15.49926,15.558660000000001,15.61842,15.67863,15.73911,15.799859999999999,15.86097,15.922260000000001
16.21269,16.12854,16.04376,15.958350000000001,15.87231,15.78555,15.69807,15.60978,15.52077,15.431040000000001,15.340319999999998,15.248880000000002,15.15645,15.06312,14.968890000000002,14.87358,14.777280000000001,14.67981,14.58126,14.481449999999999,14.38047,14.278229999999999,14.17455,14.06952,13.96296,13.85496,13.74525,13.63392,13.5207,13.40577,13.28877,13.16979,13.04856,12.92517,12.79935,12.67101,12.54006,12.40623,12.26952,12.12966,11.98656,11.83995,11.68974,11.53557,11.377260000000001,11.21463,11.047320000000001,10.875150000000001,10.69767,10.5147,10.325790000000001,10.13058,9.92871,9.71973,9.5031,9.27846,9.04527,8.802918,8.550927,8.288721,8.015733,7.731450000000001,7.4354130000000005,7.127289,6.806952,6.474618,6.131043,5.777811,5.417811,5.055894,4.699836,4.361544,4.058190000000001,3.8124270000000005,3.649788,3.5917830000000004,3.6468900000000004,3.8061089999999997,4.047462,4.345047,4.675923,5.022729,5.373441,5.720238,6.058242,6.384582,6.697710000000001,6.996897,7.282017,7.553232000000001,7.810955999999999,8.055711,8.288082000000001,8.508690000000001,8.718165,8.917101,9.106110000000001,9.28575,9.456570000000001,9.619019999999999,9.77373,9.92097,10.06119,10.194840000000001,10.322280000000001,10.44387,10.55988,10.67058,10.77624,10.877220000000001,10.9737,11.06595,11.15406,11.23839,11.31894,11.39607,11.46978,11.54034,11.607750000000001,11.67228,11.734020000000001,11.79315,11.84958,11.90367,11.95533,12.00465,12.05181,12.096900000000002,12.13992,12.181049999999999,12.2202,12.25764,12.293190000000001,12.32712,12.35934,12.390030000000001,12.41919,12.44682,12.47292,12.49776,12.52116,12.54321,12.564000000000002,12.58353,12.601890000000001,12.61908,12.63501,12.64995,12.66372,12.676409999999999,12.68811,12.69882,12.708450000000001,12.71718,12.72501,12.73185,12.73788,12.74301,12.747240000000001,12.750660000000002,12.75336,12.75516,12.75624,12.75651,12.756060000000002,12.754890000000001,12.753,12.75039,12.747150000000001,12.74328,12.73869,12.73347,12.72771,12.72123,12.714300000000001,12.70665,12.698550000000001,12.689820000000001,12.68055,12.67083,12.66048,12.64968,12.63843,12.62664,12.6144,12.601709999999999,12.588569999999999,12.57507,12.56103,12.54663,12.531780000000001,12.51657,12.501000000000001,12.48498,12.46869,12.45195,12.43494,12.417480000000001,12.39984,12.38175,12.36339,12.34476,12.32586,12.3066,12.28707,12.26727,12.247290000000001,12.22704,12.20643,12.18573,12.164760000000001,12.14352,12.1221,12.1005,12.07863,12.05667,12.034440000000002,12.01212,11.98962,11.96694,11.94417,11.92122,11.89818,11.87505,11.85174,11.82834,11.80494,11.781360000000001,11.75778,11.734110000000001,11.71044,11.68668,11.66301,11.639249999999999,11.61558,11.59182,11.568240000000001,11.54457,11.52108,11.49768,11.47437,11.45115,11.42811,11.40516,11.38248,11.35998,11.337660000000001,11.315610000000001,11.29383,11.27232,11.25117,11.23029,11.209769999999999,11.1897,11.16999,11.15064,11.13183,11.11347,11.09556,11.078190000000001,11.06127,11.04498,11.02932,11.0142,10.99962,10.98576,10.97253,10.95993,10.94805,10.9368,10.92618,10.91637,10.90719,10.89873,10.89099,10.88388,10.87749,10.871820000000001,10.866869999999999,10.86255,10.85895,10.85598,10.85364,10.851930000000001,10.85085,10.85031,10.850399999999999,10.85103,10.8522,10.853819999999999,10.855889999999999,10.8585,10.86147,10.86489,10.86867,10.87281,10.877220000000001,10.881990000000002,10.887030000000001,10.892249999999999,10.897739999999999,10.90332,10.90917,10.9152,10.921230000000001,10.92744,10.93374,10.94004,10.94634,10.95273,10.95912,10.96542,10.97172,10.97802,10.98414,10.99026,10.99629,11.00223,11.00799,11.013750000000002,11.019240000000002,11.024730000000002,11.02995,11.03508,11.04012,11.04498,11.049660000000001,11.054160000000001,11.05857,11.0628,11.06685,11.07081,11.07459,11.078280000000001,11.08188,11.0853,11.08863,11.09187,11.09502,11.098170000000001,11.10123,11.104199999999999,11.10717,11.11023,11.1132,11.11626,11.11932,11.12247,11.1258,11.12922,11.13273,11.136510000000001,11.14038,11.14452,11.14902,11.1537,11.15865,11.164050000000001,11.16972,11.17584,11.182409999999999,11.189430000000002,11.196900000000001,11.20482,11.213370000000001,11.22246,11.232090000000001,11.24235,11.253150000000002,11.264669999999999,11.27682,11.28969,11.30319,11.317499999999999,11.33244,11.3481,11.36448,11.381580000000001,11.39949,11.41803,11.43738,11.45736,11.478150000000001,11.49957,11.52171,11.54448,11.56797,11.59209,11.61684,11.64222,11.668140000000001,11.6946,11.721599999999999,11.74905,11.77704,11.805480000000001,11.83437,11.863620000000001,11.89323,11.9232,11.953439999999999,11.98395,12.01473,12.04569,12.07692,12.10824,12.13965,12.171240000000001,12.20292,12.2346,12.266280000000002,12.297960000000002,12.329640000000001,12.36123,12.39273,12.424230000000001,12.45546,12.486600000000001,12.51765,12.54843,12.57903,12.60936,12.639510000000001,12.66939,12.69891,12.728250000000001,12.75714,12.78585,12.81411,12.8421,12.86973,12.89691,12.92373,12.95019,12.9762,13.00176,13.02687,13.05162,13.07592,13.09968,13.123080000000002,13.145940000000001,13.16835,13.19022,13.211640000000001,13.23261,13.25295,13.27293,13.29228,13.31118,13.329540000000001,13.34736,13.364640000000001,13.38147,13.39776,13.41342,13.42863,13.443299999999999,13.45743,13.471020000000001,13.484070000000001,13.49658,13.50855,13.52007,13.53096,13.5414,13.551300000000001,13.56075,13.56966,13.57803,13.58595,13.59333,13.60026,13.60674,13.61277,13.618350000000001,13.62357,13.62825,13.63257,13.63653,13.64013,13.64337,13.64625,13.64877,13.65111,13.65309,13.65489,13.65642,13.657770000000001,13.659030000000001,13.66011,13.661100000000001,13.662,13.66281,13.66371,13.66461,13.6656,13.66677,13.66803,13.66947,13.671180000000001,13.67316,13.675500000000001,13.6782,13.68135,13.68495,13.68909,13.693769999999999,13.69908,13.70511,13.711770000000001,13.719149999999999,13.727430000000002,13.73652,13.746509999999999,13.7574,13.76928,13.78215,13.796100000000001,13.81104,13.82724,13.84452,13.86297,13.88259,13.90347,13.92552,13.94892,13.97349,13.999410000000001,14.02659,14.05503,14.08482,14.11578,14.14809,14.18166,14.2164,14.25249,14.28975,14.32818,14.36778,14.40855,14.450400000000002,14.49342,14.537519999999999,14.58261,14.62869,14.67576,14.72382,14.77269,14.822460000000001,14.873130000000002,14.92452,14.976719999999998,15.02964,15.08328,15.137550000000001,15.192450000000001,15.24798,15.30405,15.36066,15.417810000000001,15.475320000000002,15.53337,15.591780000000002,15.650550000000003,15.70977,15.769260000000001,15.829020000000002,15.88914,15.94944
16.18992,16.10586,16.02126,15.935940000000002,15.84999,15.76341,15.67602,15.588000000000001,15.49917,15.40953,15.319080000000001,15.22782,15.13566,15.042599999999998,14.948550000000001,14.853510000000002,14.757480000000001,14.66037,14.56218,14.46273,14.362110000000001,14.26023,14.15709,14.05242,13.9464,13.838940000000001,13.72977,13.618979999999999,13.50648,13.39218,13.2759,13.15773,13.037400000000002,12.91482,12.78999,12.66264,12.532770000000001,12.400110000000002,12.26466,12.12624,11.984580000000001,11.83959,11.691,11.538630000000001,11.382390000000001,11.22192,11.05695,10.8873,10.7127,10.53279,10.34721,10.15578,9.95796,9.753570000000002,9.54198,9.32301,9.09621,8.861022,8.617140000000001,8.364132000000001,8.101664999999999,7.829451,7.547337000000001,7.255359,6.953841000000001,6.643512,6.32574,6.002820000000001,5.678307,5.357583,5.048415,4.761576,4.511061000000001,4.313394,4.185333,4.139784,4.181517,4.305294,4.497777,4.741866,5.020758,5.320251,5.629464,5.940531000000001,6.248061,6.54849,6.83955,7.119918,7.388901,7.646238,7.891956000000001,8.126271000000001,8.349525,8.562140999999999,8.764560000000001,8.957268000000001,9.14076,9.31545,9.48177,9.64035,9.79137,9.93537,10.07271,10.203660000000001,10.32876,10.4481,10.56204,10.670850000000002,10.77489,10.87434,10.969380000000001,11.06019,11.14713,11.23029,11.309849999999999,11.3859,11.45871,11.52846,11.59515,11.65896,11.71998,11.77848,11.83437,11.887830000000001,11.93895,11.987910000000001,12.03462,12.07926,12.12192,12.1626,12.20148,12.23856,12.273840000000002,12.307500000000001,12.33945,12.36987,12.398760000000001,12.426210000000001,12.45222,12.47679,12.50001,12.52188,12.54258,12.56193,12.58011,12.59721,12.61305,12.62781,12.64149,12.65418,12.665700000000001,12.67632,12.68595,12.69459,12.70233,12.70917,12.715110000000001,12.72015,12.72438,12.7278,12.73032,12.73212,12.7332,12.73347,12.73302,12.73176,12.72987,12.727350000000001,12.724020000000001,12.72015,12.71556,12.71043,12.70458,12.69819,12.69126,12.6837,12.6756,12.66687,12.65769,12.64797,12.63771,12.626999999999999,12.61584,12.604140000000001,12.59199,12.57939,12.56634,12.55284,12.53898,12.52467,12.509910000000001,12.49488,12.4794,12.46356,12.44736,12.43089,12.41397,12.396780000000001,12.37932,12.36141,12.34332,12.32487,12.30624,12.28725,12.267990000000001,12.248460000000001,12.22875,12.208770000000001,12.18861,12.168180000000001,12.14748,12.1266,12.10563,12.084389999999999,12.06297,12.04137,12.01959,11.997720000000001,11.975670000000001,11.953439999999999,11.93112,11.90871,11.88621,11.863529999999999,11.84085,11.81799,11.79513,11.77218,11.74914,11.72619,11.703059999999999,11.68002,11.656979999999999,11.63385,11.6109,11.587860000000001,11.56491,11.542050000000001,11.51919,11.496509999999999,11.47392,11.45151,11.42919,11.40705,11.38509,11.36331,11.341800000000001,11.32047,11.2995,11.27871,11.258280000000001,11.23821,11.21841,11.199060000000001,11.17998,11.16144,11.14326,11.125530000000001,11.10825,11.09151,11.07531,11.05956,11.04444,11.029770000000001,11.015820000000001,11.002320000000001,10.98954,10.977390000000002,10.96578,10.95489,10.94463,10.935,10.92609,10.917810000000001,10.910250000000001,10.903229999999999,10.89702,10.89135,10.8864,10.88208,10.87839,10.87533,10.87281,10.871010000000002,10.869660000000001,10.86894,10.86876,10.86912,10.87002,10.87128,10.873080000000002,10.87533,10.87794,10.881,10.88433,10.88811,10.89216,10.89648,10.901069999999999,10.90593,10.91097,10.91628,10.92168,10.92726,10.93302,10.93878,10.94472,10.950660000000001,10.95669,10.96281,10.96884,10.97496,10.98099,10.987020000000001,10.99296,10.9989,11.00475,11.0106,11.01627,11.021849999999999,11.027339999999999,11.03274,11.03805,11.043180000000001,11.04822,11.05317,11.05794,11.06262,11.06712,11.071620000000001,11.07585,11.08008,11.08413,11.088090000000001,11.09205,11.09583,11.09952,11.10321,11.10681,11.11032,11.11383,11.11734,11.12085,11.124360000000001,11.12796,11.13156,11.135250000000001,11.13894,11.142900000000001,11.14686,11.15109,11.15541,11.16,11.16477,11.1699,11.17521,11.18088,11.18682,11.19321,11.19987,11.20707,11.21463,11.22264,11.231190000000002,11.24019,11.249820000000001,11.2599,11.27061,11.28195,11.29383,11.30634,11.319569999999999,11.33334,11.34792,11.36304,11.37888,11.39544,11.41272,11.430629999999999,11.449259999999999,11.46861,11.48859,11.5092,11.53053,11.55258,11.57517,11.59839,11.62233,11.64672,11.67183,11.69739,11.72349,11.75013,11.777220000000002,11.80476,11.83275,11.8611,11.8899,11.91906,11.94849,11.978190000000001,12.00816,12.0384,12.06891,12.09951,12.13029,12.161249999999999,12.192210000000001,12.22335,12.25449,12.285630000000001,12.31686,12.348,12.379050000000001,12.4101,12.44097,12.47184,12.50244,12.53304,12.56337,12.593520000000002,12.6234,12.6531,12.68253,12.711780000000001,12.74067,12.76929,12.797550000000001,12.82554,12.85317,12.88053,12.90744,12.93399,12.96018,12.98592,13.0113,13.03632,13.0608,13.08492,13.10859,13.13181,13.15458,13.1769,13.19877,13.2201,13.24098,13.26141,13.2813,13.300740000000001,13.31964,13.338090000000001,13.356,13.373460000000001,13.39038,13.40676,13.4226,13.437990000000001,13.45284,13.46724,13.4811,13.49442,13.5072,13.51953,13.531320000000001,13.54257,13.553460000000001,13.56372,13.57353,13.58289,13.59171,13.60017,13.60809,13.61556,13.622580000000001,13.62924,13.63536,13.641210000000001,13.64652,13.65156,13.65624,13.66047,13.664430000000001,13.66812,13.67145,13.674600000000002,13.67739,13.68,13.68243,13.68468,13.68684,13.68882,13.690710000000001,13.69251,13.6944,13.696200000000001,13.69809,13.70007,13.70214,13.70448,13.70691,13.709610000000001,13.71258,13.715910000000001,13.7196,13.72374,13.72833,13.73337,13.73904,13.74525,13.752089999999999,13.75965,13.767930000000002,13.77693,13.78683,13.797540000000001,13.80915,13.82166,13.83516,13.84965,13.865219999999999,13.881780000000001,13.89951,13.918320000000001,13.9383,13.95936,13.98168,14.00517,14.02992,14.05584,14.083020000000001,14.111369999999999,14.140979999999999,14.171759999999999,14.203800000000001,14.23701,14.27148,14.307120000000001,14.34393,14.38182,14.42088,14.461110000000001,14.502330000000002,14.54463,14.58801,14.63238,14.677739999999998,14.724,14.771160000000002,14.819220000000001,14.868179999999999,14.91786,14.96844,15.019650000000002,15.071670000000001,15.12432,15.17769,15.2316,15.286140000000001,15.34122,15.396840000000001,15.453000000000001,15.50961,15.56658,15.624089999999999,15.681959999999998,15.740100000000002,15.798689999999999,15.85755,15.91668,15.976080000000001
16.16778,16.0839,15.999390000000002,15.914250000000001,15.828479999999999,15.74199,15.654780000000002,15.566940000000002,15.478290000000001,15.38883,15.29865,15.207570000000002,15.115680000000001,15.02289,14.929200000000002,14.834430000000001,14.738760000000001,14.641919999999999,14.54409,14.44509,14.34492,14.243490000000001,14.1408,14.036669999999999,13.93119,13.82427,13.715729999999999,13.60566,13.49388,13.380300000000002,13.26492,13.14747,13.02813,12.90654,12.7827,12.65652,12.52791,12.3966,12.262500000000001,12.12561,11.98557,11.84229,11.695590000000001,11.545380000000002,11.391300000000001,11.233260000000001,11.0709,10.90413,10.73268,10.55619,10.374390000000002,10.187100000000001,9.993870000000001,9.79452,9.5886,9.37593,9.156060000000002,8.928773999999999,8.693757,8.450775,8.199675,7.940421,7.673112,7.398108,7.116084000000001,6.828192,6.536232,6.242859,5.951925,5.668776,5.400567000000001,5.156478,4.947489,4.785588,4.6820070000000005,4.644927,4.677219,4.77558,4.931469,5.133303,5.368833,5.626881,5.898123,6.175332,6.453099,6.727572,6.996114,7.256934,7.508943,7.751511000000001,7.984332,8.207352,8.420688,8.624547,8.819217,9.00504,9.18234,9.35154,9.513,9.66708,9.81414,9.954540000000001,10.08864,10.21662,10.338930000000001,10.45584,10.56753,10.67427,10.776420000000002,10.87407,10.96749,11.05686,11.14236,11.22426,11.30265,11.37762,11.449440000000001,11.5182,11.58399,11.64708,11.70738,11.76507,11.82033,11.87316,11.92374,11.97216,12.01842,12.062610000000001,12.10482,12.14514,12.18357,12.22029,12.25521,12.2886,12.32028,12.35043,12.379050000000001,12.40623,12.43197,12.45636,12.4794,12.501090000000001,12.52161,12.540780000000002,12.55887,12.575700000000001,12.591450000000002,12.60612,12.619710000000001,12.63222,12.643740000000001,12.65418,12.66372,12.67227,12.679920000000001,12.68667,12.69261,12.69756,12.7017,12.705119999999999,12.70764,12.709349999999999,12.71034,12.710609999999999,12.71007,12.7089,12.70692,12.7044,12.70107,12.6972,12.69261,12.687389999999999,12.68163,12.67524,12.668310000000002,12.66075,12.652650000000001,12.64401,12.634830000000001,12.625200000000001,12.61503,12.60432,12.593160000000001,12.58155,12.569490000000002,12.55689,12.54393,12.530610000000001,12.51675,12.50262,12.48804,12.47301,12.45771,12.44205,12.426029999999999,12.409650000000001,12.39291,12.3759,12.35853,12.34098,12.32298,12.3048,12.28635,12.267629999999999,12.24864,12.22938,12.20994,12.190230000000001,12.170340000000001,12.150269999999999,12.12993,12.10941,12.08871,12.06783,12.04686,12.02562,12.004290000000001,11.98287,11.96127,11.93949,11.91762,11.89575,11.8737,11.851560000000001,11.82933,11.8071,11.784780000000001,11.76237,11.73996,11.717550000000001,11.69505,11.67264,11.650229999999999,11.62782,11.605410000000001,11.58309,11.56077,11.538630000000001,11.51649,11.49453,11.472660000000001,11.45088,11.42928,11.40786,11.38662,11.36565,11.34486,11.32425,11.304,11.28393,11.26422,11.24487,11.22579,11.20707,11.18871,11.170800000000002,11.15325,11.13615,11.11959,11.10339,11.087729999999999,11.07261,11.05794,11.043809999999999,11.03031,11.01735,11.00493,10.99314,10.98198,10.97136,10.96137,10.952010000000001,10.94328,10.93527,10.9278,10.92096,10.91475,10.90917,10.90422,10.8999,10.89612,10.892970000000002,10.890360000000001,10.88838,10.886940000000001,10.88604,10.88559,10.88568,10.88631,10.8873,10.888829999999999,10.89072,10.892970000000002,10.895669999999999,10.89873,10.90206,10.90575,10.90971,10.91394,10.91844,10.923119999999999,10.927980000000002,10.933110000000001,10.93833,10.94364,10.94913,10.95471,10.96038,10.96614,10.971900000000002,10.97766,10.98351,10.98936,10.99512,11.00097,11.00673,11.012400000000001,11.01807,11.02365,11.02923,11.03463,11.04003,11.045340000000001,11.05047,11.0556,11.060550000000001,11.0655,11.07027,11.074950000000001,11.079630000000002,11.08413,11.08854,11.09286,11.09718,11.10132,11.105459999999999,11.1096,11.11365,11.11761,11.12157,11.125530000000001,11.129579999999999,11.13354,11.13759,11.14164,11.14578,11.15001,11.15442,11.15883,11.16351,11.168280000000001,11.17323,11.178360000000001,11.183850000000001,11.18952,11.195459999999999,11.201670000000002,11.20833,11.215259999999999,11.22255,11.23029,11.23839,11.24703,11.25603,11.26557,11.275649999999999,11.28627,11.29743,11.30913,11.32137,11.334240000000001,11.34774,11.36187,11.37663,11.39211,11.408130000000002,11.42478,11.44215,11.46015,11.47887,11.49822,11.5182,11.53881,11.56005,11.58183,11.604330000000001,11.62737,11.65104,11.67525,11.700000000000001,11.725290000000001,11.75112,11.77731,11.80404,11.83122,11.85885,11.88675,11.9151,11.943719999999999,11.972700000000001,12.00195,12.03147,12.06126,12.09123,12.12129,12.15162,12.18204,12.21255,12.243060000000002,12.27375,12.30444,12.335040000000001,12.36573,12.39633,12.42684,12.45735,12.48768,12.51792,12.54798,12.577860000000001,12.60756,12.637080000000001,12.66642,12.69549,12.72429,12.75282,12.781080000000001,12.80907,12.83679,12.86415,12.89115,12.91779,12.944070000000002,12.96999,12.99564,13.02075,13.04559,13.069890000000001,13.09392,13.11741,13.14054,13.16322,13.18545,13.20723,13.22856,13.249350000000002,13.269779999999999,13.28967,13.30911,13.3281,13.346639999999999,13.364640000000001,13.3821,13.3992,13.41567,13.431780000000002,13.44735,13.46238,13.47696,13.491,13.50459,13.51773,13.53033,13.542480000000001,13.55409,13.56525,13.57596,13.58622,13.59594,13.605300000000002,13.61412,13.622580000000001,13.63059,13.63815,13.64535,13.6521,13.65849,13.664520000000001,13.67019,13.675500000000001,13.68045,13.685130000000001,13.68954,13.69368,13.69755,13.70115,13.70457,13.70781,13.71087,13.713840000000001,13.71672,13.71951,13.7223,13.725,13.72779,13.73058,13.73355,13.73661,13.73976,13.74318,13.746870000000001,13.75083,13.75506,13.75974,13.76478,13.77027,13.77621,13.78269,13.7898,13.797540000000001,13.80591,13.81491,13.82472,13.83534,13.846770000000001,13.85901,13.872150000000001,13.88628,13.90131,13.91733,13.93434,13.952520000000002,13.97169,13.99194,14.01327,14.03577,14.05944,14.084190000000001,14.1102,14.13729,14.16555,14.19507,14.225670000000001,14.25753,14.29047,14.324580000000001,14.35977,14.39613,14.433660000000001,14.472180000000002,14.511779999999998,14.55246,14.594129999999998,14.636880000000001,14.68053,14.72508,14.77062,14.81706,14.86431,14.91237,14.96124,15.010919999999999,15.06132,15.11235,15.164100000000001,15.216569999999999,15.269580000000001,15.323220000000001,15.37731,15.43203,15.4872,15.542910000000001,15.598980000000001,15.6555,15.712380000000001,15.76971,15.827309999999999,15.885270000000002,15.9435,16.002000000000002
16.14627,16.06248,15.97815,15.893099999999999,15.80751,15.7212,15.634260000000001,15.546510000000001,15.458129999999999,15.36894,15.278940000000002,15.188220000000001,15.0966,15.00408,14.91066,14.816249999999998,14.72094,14.624550000000001,14.527080000000002,14.42853,14.32881,14.22783,14.125680000000001,14.02218,13.91733,13.81095,13.70322,13.59378,13.48281,13.370040000000001,13.25547,13.139100000000001,13.02066,12.90024,12.77757,12.652650000000001,12.5253,12.395430000000001,12.26295,12.12759,11.98935,11.84805,11.70342,11.55546,11.40381,11.248380000000001,11.088989999999999,10.925370000000001,10.75725,10.58454,10.406880000000001,10.224,10.03581,9.841949999999999,9.64215,9.43614,9.22383,9.00495,8.779347,8.546940000000001,8.307765,8.061966,7.809885,7.552134000000001,7.289649000000001,7.02387,6.756822,6.491331,6.231195,5.981418000000001,5.748282000000001,5.539346999999999,5.363109000000001,5.228289,5.142645000000001,5.111559,5.136849,5.216319,5.344236,5.512536000000001,5.712246,5.9346630000000005,6.172092,6.418143,6.667776,6.917148,7.16346,7.404669000000001,7.639407,7.8667560000000005,8.086167,8.297352,8.500194,8.694747000000001,8.881136999999999,9.05958,9.230310000000001,9.39357,9.549719999999999,9.69894,9.84168,9.97812,10.10862,10.233360000000001,10.3527,10.46682,10.576080000000001,10.680570000000001,10.780560000000001,10.87632,10.96794,11.05569,11.13975,11.220210000000002,11.29725,11.37114,11.441790000000001,11.50956,11.57436,11.636550000000002,11.69604,11.75301,11.80746,11.85966,11.90961,11.9574,12.003120000000001,12.04677,12.08853,12.128400000000001,12.16647,12.20274,12.23739,12.27033,12.30174,12.33153,12.35988,12.38679,12.41235,12.436470000000002,12.459240000000001,12.48084,12.501090000000001,12.52017,12.53799,12.554730000000001,12.570300000000001,12.58479,12.5982,12.610619999999999,12.62205,12.6324,12.64185,12.65031,12.657869999999999,12.664530000000001,12.67029,12.67524,12.679290000000002,12.68262,12.68505,12.68676,12.687750000000001,12.68793,12.687389999999999,12.68613,12.68415,12.68154,12.67821,12.674339999999999,12.66975,12.664530000000001,12.65877,12.652379999999999,12.64536,12.63789,12.62979,12.62115,12.612060000000001,12.60234,12.592260000000001,12.58155,12.57048,12.55887,12.5469,12.53439,12.52152,12.50829,12.49452,12.48048,12.465990000000001,12.45114,12.43593,12.42036,12.40443,12.38823,12.37167,12.354840000000001,12.337650000000002,12.32019,12.30246,12.28455,12.266280000000002,12.24774,12.22902,12.210030000000001,12.19086,12.17142,12.151800000000001,12.132000000000001,12.112020000000001,12.09186,12.071520000000001,12.051,12.0303,12.00951,11.98854,11.96748,11.94633,11.925,11.90367,11.88216,11.86065,11.83896,11.81727,11.79558,11.77371,11.751930000000002,11.73006,11.70819,11.68641,11.66454,11.642669999999999,11.620890000000001,11.5992,11.57751,11.55591,11.53431,11.51289,11.49156,11.47041,11.44935,11.42847,11.407770000000001,11.38716,11.366909999999999,11.34675,11.32695,11.30733,11.28798,11.26899,11.25027,11.231819999999999,11.21382,11.19609,11.17881,11.161890000000001,11.145420000000001,11.1294,11.11383,11.098709999999999,11.08413,11.07,11.056320000000001,11.043270000000001,11.030759999999999,11.0187,11.00727,10.99647,10.98621,10.97649,10.9674,10.958850000000002,10.95093,10.94364,10.93698,10.930860000000001,10.92528,10.92033,10.91601,10.912230000000001,10.908990000000001,10.90629,10.90422,10.902600000000001,10.90152,10.90089,10.90071,10.901069999999999,10.90188,10.90305,10.904670000000001,10.906649999999999,10.90908,10.91178,10.91475,10.91808,10.92177,10.92564,10.92978,10.934099999999999,10.938600000000001,10.94337,10.94823,10.95327,10.95849,10.96371,10.96911,10.97451,10.98009,10.98558,10.99116,10.996830000000001,11.00241,11.00808,11.01366,11.019240000000002,11.024730000000002,11.03031,11.035710000000002,11.04111,11.04651,11.051730000000001,11.05695,11.06217,11.067210000000001,11.07225,11.077110000000001,11.08197,11.08683,11.09151,11.09619,11.10078,11.10537,11.10987,11.11428,11.118780000000001,11.12319,11.127600000000001,11.132010000000001,11.13642,11.140830000000001,11.14533,11.14983,11.15442,11.159099999999999,11.16387,11.168730000000002,11.173770000000001,11.178989999999999,11.1843,11.18988,11.195640000000001,11.201670000000002,11.207880000000001,11.21445,11.22129,11.2284,11.23596,11.24379,11.25207,11.260800000000001,11.26989,11.27943,11.289510000000002,11.300040000000001,11.31111,11.32263,11.33478,11.347380000000001,11.36061,11.374469999999999,11.388869999999999,11.4039,11.41956,11.43576,11.452589999999999,11.47014,11.48823,11.506950000000002,11.5263,11.546280000000001,11.5668,11.587950000000001,11.609729999999999,11.63205,11.655,11.678400000000002,11.702430000000001,11.72691,11.751930000000002,11.7774,11.803320000000001,11.82969,11.85651,11.883690000000001,11.91132,11.93922,11.96748,11.996010000000002,12.02481,12.053880000000001,12.08313,12.11265,12.14226,12.17205,12.202020000000001,12.232080000000002,12.262139999999999,12.29229,12.32253,12.35268,12.38292,12.41298,12.44313,12.4731,12.503070000000001,12.53286,12.56247,12.59199,12.62133,12.6504,12.67938,12.70809,12.73653,12.7647,12.79269,12.82032,12.84768,12.874770000000002,12.9015,12.92796,12.95397,12.97971,13.005090000000001,13.03002,13.054680000000001,13.07889,13.10265,13.12614,13.14909,13.17168,13.19382,13.21551,13.236839999999999,13.25763,13.27806,13.29795,13.31748,13.33647,13.35501,13.3731,13.390740000000001,13.40784,13.42458,13.44078,13.45653,13.47174,13.48659,13.5009,13.514669999999999,13.528080000000001,13.54095,13.553460000000001,13.56543,13.57695,13.58802,13.598640000000001,13.60881,13.61862,13.627889999999999,13.636890000000001,13.64535,13.653450000000001,13.66119,13.66848,13.675500000000001,13.68207,13.68837,13.69431,13.699980000000002,13.70538,13.710510000000001,13.71528,13.71987,13.72428,13.72851,13.73256,13.73643,13.7403,13.74399,13.74759,13.75119,13.754880000000002,13.75848,13.76217,13.76604,13.770000000000001,13.77405,13.77837,13.78296,13.787820000000002,13.79295,13.79853,13.80438,13.81077,13.81761,13.824990000000001,13.83282,13.841370000000001,13.85055,13.86036,13.870890000000001,13.88214,13.894200000000001,13.90707,13.92084,13.93551,13.951080000000001,13.967550000000001,13.98501,14.00346,14.02299,14.04351,14.0652,14.08788,14.111640000000001,14.13648,14.16249,14.18958,14.217839999999999,14.24718,14.277600000000001,14.309190000000001,14.341949999999999,14.3757,14.410620000000002,14.446530000000001,14.48361,14.521680000000002,14.56074,14.600879999999998,14.641919999999999,14.68404,14.72697,14.77089,14.815710000000001,14.86134,14.907869999999999,14.95512,15.00327,15.05205,15.10164,15.151860000000001,15.20271,15.254280000000001,15.306390000000002,15.35913,15.412410000000001,15.46623,15.520500000000002,15.575310000000002,15.63048,15.6861,15.74208,15.798509999999998,15.855210000000001,15.91236,15.96969,16.02738
16.125300000000003,16.041690000000003,15.95745,15.87267,15.78717,15.70113,15.61437,15.52689,15.43869,15.34977,15.26004,15.169590000000001,15.07824,14.98608,14.89302,14.79897,14.704020000000002,14.608080000000001,14.51106,14.412959999999998,14.31378,14.21334,14.111730000000001,14.00886,13.90464,13.79898,13.691970000000001,13.58334,13.473180000000001,13.361310000000001,13.24773,13.13235,13.01508,12.89574,12.77433,12.65076,12.524849999999999,12.3966,12.265740000000001,12.13218,11.99592,11.8566,11.714310000000001,11.56869,11.41974,11.267100000000001,11.11077,10.950479999999999,10.786140000000001,10.61739,10.44405,10.26603,10.08315,9.895050000000001,9.70173,9.50283,9.29844,9.08829,8.872461000000001,8.650962,8.423964,8.1918,7.954992,7.714323,7.4709270000000005,7.2263790000000006,6.9828030000000005,6.743007,6.510573,6.2899650000000005,6.086556,5.906466,5.756256,5.6423250000000005,5.570163,5.543442,5.563341,5.628348000000001,5.734458,5.875911,6.046056,6.2381340000000005,6.4458899999999995,6.663852,6.887475,7.11315,7.33806,7.560099,7.777701,7.989786,8.195589000000002,8.394642,8.586675,8.771562000000001,8.949302999999999,9.11997,9.28377,9.44073,9.59121,9.73539,9.87345,10.00566,10.132290000000001,10.25361,10.369710000000001,10.48095,10.58751,10.68957,10.787310000000002,10.881,10.97073,11.05668,11.13912,11.21805,11.293740000000001,11.366280000000001,11.43576,11.502360000000001,11.56617,11.62737,11.685960000000001,11.74203,11.795760000000001,11.847240000000001,11.896560000000001,11.94363,11.98881,12.031920000000001,12.07314,12.11247,12.15009,12.186,12.2202,12.252780000000001,12.28383,12.31335,12.34134,12.367980000000001,12.393180000000001,12.417119999999999,12.43971,12.46095,12.481020000000001,12.49992,12.517560000000001,12.53412,12.54951,12.56382,12.57714,12.58938,12.60063,12.610890000000001,12.62016,12.628530000000001,12.636,12.642570000000001,12.64824,12.6531,12.65715,12.660300000000001,12.66273,12.66435,12.66525,12.66534,12.6648,12.66345,12.661470000000001,12.65886,12.65553,12.65157,12.64698,12.64176,12.635909999999999,12.62952,12.62259,12.61503,12.60693,12.59838,12.5892,12.57957,12.569490000000002,12.55887,12.5478,12.53628,12.524310000000002,12.511890000000001,12.49902,12.485790000000001,12.4722,12.45816,12.44376,12.42909,12.41397,12.39849,12.38274,12.36663,12.35025,12.33351,12.31659,12.29931,12.28176,12.26394,12.245940000000001,12.22758,12.20913,12.19041,12.17142,12.15225,12.1329,12.11346,12.09375,12.07386,12.053880000000001,12.033719999999999,12.01338,11.99295,11.97243,11.95173,11.930940000000001,11.91006,11.889090000000001,11.86812,11.84697,11.82582,11.804670000000002,11.783430000000001,11.76219,11.740860000000001,11.719529999999999,11.698290000000002,11.67696,11.655719999999999,11.63448,11.613330000000001,11.59218,11.57112,11.55015,11.52918,11.50839,11.48778,11.467260000000001,11.44683,11.426670000000001,11.4066,11.386709999999999,11.367090000000001,11.34765,11.328479999999999,11.30949,11.29086,11.2725,11.25441,11.236680000000002,11.21931,11.20221,11.18556,11.16927,11.15334,11.137860000000002,11.12283,11.10825,11.09412,11.08053,11.067390000000001,11.0547,11.04255,11.030940000000001,11.019870000000001,11.00934,10.99944,10.98999,10.98117,10.972800000000001,10.965150000000001,10.95795,10.95138,10.945350000000001,10.939860000000001,10.93491,10.93059,10.92681,10.92348,10.92069,10.91844,10.91673,10.91547,10.91466,10.914390000000001,10.914480000000001,10.91502,10.91592,10.91727,10.91898,10.92105,10.92348,10.92618,10.92924,10.93248,10.93608,10.939860000000001,10.94391,10.94814,10.95255,10.95714,10.961820000000001,10.96668,10.97172,10.97676,10.98198,10.98729,10.992600000000001,10.997910000000001,11.003309999999999,11.008799999999999,11.0142,11.01969,11.02518,11.03058,11.03598,11.04138,11.04678,11.05209,11.0574,11.06262,11.06784,11.07306,11.0781,11.08323,11.08818,11.093219999999999,11.098170000000001,11.10303,11.107890000000001,11.11266,11.11752,11.122290000000001,11.12706,11.13183,11.136600000000001,11.14146,11.146230000000001,11.15118,11.15604,11.16108,11.166120000000001,11.171339999999999,11.17665,11.18205,11.18763,11.193299999999999,11.19924,11.20536,11.21166,11.21823,11.22507,11.23218,11.23956,11.247300000000001,11.2554,11.263770000000001,11.272590000000001,11.28177,11.2914,11.30148,11.312009999999999,11.322989999999999,11.33442,11.346390000000001,11.3589,11.37195,11.38554,11.39967,11.414340000000001,11.429640000000001,11.44548,11.46186,11.47887,11.496509999999999,11.51469,11.5335,11.55285,11.572830000000002,11.593440000000001,11.6145,11.636190000000001,11.65842,11.68119,11.70441,11.72826,11.752469999999999,11.77731,11.80251,11.82816,11.85426,11.88072,11.907540000000001,11.93472,11.96226,11.99016,12.01824,12.04668,12.0753,12.10419,12.13317,12.162420000000001,12.19176,12.22128,12.25089,12.2805,12.310200000000002,12.33999,12.36969,12.39948,12.42918,12.45888,12.4884,12.51792,12.54726,12.576600000000001,12.60567,12.63465,12.663359999999999,12.691980000000001,12.720329999999999,12.74841,12.77631,12.803939999999999,12.8313,12.85839,12.88521,12.911669999999999,12.93786,12.96369,12.98925,13.01436,13.0392,13.063590000000001,13.08771,13.111379999999999,13.134599999999999,13.15755,13.180050000000001,13.202100000000002,13.22379,13.24503,13.265820000000001,13.28616,13.30614,13.32567,13.344750000000001,13.363380000000001,13.38147,13.3992,13.41648,13.43331,13.44969,13.465620000000001,13.48101,13.49604,13.51062,13.52466,13.53834,13.55148,13.56426,13.576590000000001,13.588470000000001,13.599900000000002,13.610880000000002,13.6215,13.63167,13.64148,13.65084,13.65984,13.66848,13.676670000000001,13.68459,13.69215,13.69935,13.706280000000001,13.71285,13.719149999999999,13.72518,13.73094,13.73643,13.74174,13.746870000000001,13.75191,13.75668,13.76136,13.76595,13.77045,13.77495,13.77936,13.78377,13.78827,13.792860000000001,13.797540000000001,13.80231,13.80735,13.81248,13.81797,13.823640000000001,13.82967,13.83606,13.84281,13.849920000000001,13.857569999999999,13.86576,13.87449,13.88367,13.89357,13.9041,13.91535,13.92732,13.94001,13.95351,13.96782,13.982940000000001,13.99896,14.01597,14.03379,14.05269,14.07249,14.09328,14.11515,14.13801,14.16186,14.18688,14.21289,14.239980000000001,14.26815,14.2974,14.32764,14.35905,14.39154,14.42502,14.459579999999999,14.49513,14.53176,14.569379999999999,14.607990000000001,14.64759,14.68809,14.72958,14.77188,14.815170000000002,14.85927,14.904270000000002,14.949990000000001,14.99661,15.043859999999999,15.09192,15.1407,15.19011,15.24015,15.290909999999998,15.342210000000001,15.394050000000002,15.446430000000001,15.49944,15.55281,15.606720000000001,15.66108,15.71589,15.77097,15.826500000000001,15.88239,15.93864,15.995160000000002,16.05204
16.104960000000002,16.021440000000002,15.937380000000001,15.852780000000001,15.767550000000002,15.6816,15.59511,15.50781,15.41997,15.331230000000001,15.24186,15.15168,15.060690000000001,14.968890000000002,14.87619,14.78259,14.688,14.592509999999999,14.495940000000001,14.398380000000001,14.29974,14.19993,14.09886,13.99671,13.89312,13.78827,13.68198,13.57425,13.46499,13.35411,13.24152,13.127220000000001,13.01112,12.89304,12.77298,12.65085,12.52647,12.39984,12.27078,12.13911,12.00492,11.86785,11.7279,11.58489,11.43864,11.28915,11.13606,10.97937,10.81881,10.654290000000001,10.48563,10.312650000000001,10.13526,9.953190000000001,9.76653,9.57501,9.37872,9.177570000000001,8.971695,8.761203,8.546427,8.327799,8.105985,7.881894,7.656768,7.432227,7.210386000000001,6.9939,6.786036,6.590709,6.4123920000000005,6.256035000000001,6.126696,6.029145,5.967333,5.943843,5.959485,6.0131429999999995,6.101937,6.221673,6.367329000000001,6.5336669999999994,6.7156020000000005,6.908544,7.108506,7.312176,7.51689,7.720524,7.921476000000001,8.118522,8.310798,8.497691999999999,8.678781,8.853822000000001,9.02268,9.1854,9.34191,9.49239,9.637020000000001,9.7758,9.909,10.0368,10.15938,10.27701,10.38978,10.49787,10.601550000000001,10.701,10.7964,10.88784,10.9755,11.059650000000001,11.14029,11.217600000000001,11.29176,11.362950000000001,11.43117,11.496599999999999,11.55924,11.61936,11.677050000000001,11.73222,11.78514,11.83581,11.88441,11.930850000000001,11.97531,12.01788,12.058470000000002,12.09735,12.13452,12.16989,12.20364,12.23586,12.26655,12.29571,12.32343,12.34971,12.37464,12.39822,12.420539999999999,12.4416,12.461400000000001,12.48003,12.49749,12.513869999999999,12.52908,12.5433,12.55635,12.5685,12.57957,12.58974,12.59892,12.60711,12.61449,12.62088,12.626460000000002,12.63123,12.63519,12.638250000000001,12.64059,12.64212,12.642930000000002,12.64302,12.64239,12.64104,12.63897,12.63627,12.632850000000001,12.62889,12.62421,12.61899,12.61314,12.60675,12.599730000000001,12.592260000000001,12.58416,12.57552,12.56643,12.5568,12.54672,12.536100000000001,12.525030000000001,12.51351,12.50163,12.4893,12.47652,12.46329,12.44979,12.43584,12.42153,12.40686,12.39183,12.37653,12.36087,12.344850000000001,12.32865,12.31209,12.29517,12.278070000000001,12.2607,12.24315,12.225240000000001,12.20715,12.188880000000001,12.170430000000001,12.15171,12.132810000000001,12.11373,12.09447,12.07503,12.0555,12.03579,12.01599,11.996010000000002,11.97594,11.95569,11.93544,11.9151,11.894580000000001,11.87406,11.85354,11.832840000000001,11.81214,11.79144,11.77065,11.74995,11.72916,11.70837,11.68758,11.66688,11.646180000000001,11.62548,11.60487,11.584349999999999,11.563920000000001,11.54349,11.52324,11.50308,11.4831,11.46312,11.44341,11.423879999999999,11.40444,11.38527,11.36619,11.34747,11.32893,11.31066,11.29257,11.27484,11.25747,11.24028,11.22354,11.20707,11.19096,11.17521,11.15991,11.14497,11.13048,11.116439999999999,11.10276,11.08962,11.07693,11.06469,11.052990000000001,11.041739999999999,11.031030000000001,11.02077,11.011140000000001,11.00196,10.99332,10.98522,10.97766,10.970640000000001,10.96425,10.95831,10.952910000000001,10.94796,10.94364,10.939770000000001,10.936440000000001,10.93365,10.93131,10.92942,10.927980000000002,10.92708,10.92654,10.926449999999999,10.926720000000001,10.92744,10.928609999999999,10.930050000000001,10.93185,10.93392,10.936350000000001,10.93905,10.94211,10.945350000000001,10.94886,10.95255,10.95651,10.96065,10.964879999999999,10.969380000000001,10.973970000000001,10.97865,10.98351,10.98846,10.993500000000001,10.99854,11.00376,11.008980000000001,11.0142,11.01951,11.02491,11.030220000000002,11.03553,11.04093,11.046240000000001,11.05155,11.05695,11.06226,11.06748,11.072790000000001,11.078009999999999,11.08323,11.08845,11.093580000000001,11.0988,11.10393,11.10897,11.1141,11.11923,11.124270000000001,11.1294,11.134530000000002,11.13966,11.14479,11.15001,11.155230000000001,11.160540000000001,11.165849999999999,11.171339999999999,11.176919999999999,11.182590000000001,11.18835,11.19429,11.200320000000001,11.206620000000001,11.2131,11.21967,11.226600000000001,11.23371,11.24109,11.24874,11.25666,11.264940000000001,11.27349,11.28249,11.29176,11.30148,11.31156,11.32209,11.33307,11.3445,11.35638,11.3688,11.38167,11.39499,11.408940000000001,11.423340000000001,11.438279999999999,11.45385,11.46987,11.48652,11.50371,11.52144,11.5398,11.55861,11.57805,11.59803,11.618549999999999,11.6397,11.6613,11.68335,11.70603,11.72916,11.752740000000001,11.776860000000001,11.80143,11.82636,11.85174,11.87757,11.90376,11.93022,11.957130000000001,11.984309999999999,12.01185,12.03957,12.06756,12.09582,12.12426,12.15297,12.18177,12.210659999999999,12.23973,12.268889999999999,12.29814,12.327480000000001,12.356819999999999,12.38616,12.4155,12.44475,12.474,12.50325,12.53232,12.561300000000001,12.590190000000002,12.61899,12.64752,12.67596,12.704220000000001,12.73221,12.760019999999999,12.787650000000001,12.81501,12.8421,12.868920000000001,12.895380000000001,12.921660000000001,12.94758,12.973230000000001,12.998520000000001,13.023539999999999,13.04811,13.072410000000001,13.096350000000001,13.11984,13.14306,13.16583,13.18824,13.21029,13.23189,13.25304,13.27383,13.29426,13.31424,13.333770000000001,13.35285,13.37157,13.38984,13.40766,13.425030000000001,13.44195,13.45851,13.47453,13.49019,13.5054,13.520159999999999,13.53447,13.54842,13.56192,13.57497,13.587570000000001,13.599810000000002,13.611600000000001,13.62294,13.63401,13.644540000000001,13.654800000000002,13.66461,13.67406,13.68315,13.691970000000001,13.70034,13.708440000000001,13.71618,13.723650000000001,13.73085,13.73778,13.744439999999999,13.75092,13.75713,13.763160000000001,13.76892,13.77459,13.78017,13.78557,13.79097,13.796190000000001,13.8015,13.80672,13.81194,13.81725,13.82265,13.82814,13.83372,13.83957,13.84551,13.85181,13.85829,13.86513,13.87233,13.879890000000001,13.88781,13.896270000000001,13.905180000000001,13.914629999999999,13.92462,13.93515,13.9464,13.95828,13.97079,13.984110000000001,13.99815,14.013,14.02866,14.04513,14.0625,14.080770000000001,14.09994,14.1201,14.141160000000001,14.163210000000001,14.18625,14.21028,14.2353,14.2614,14.28849,14.31657,14.34573,14.37588,14.40711,14.439330000000002,14.47254,14.50674,14.542020000000003,14.5782,14.61537,14.653530000000002,14.69259,14.732639999999998,14.7735,14.815260000000002,14.857920000000002,14.90139,14.945670000000002,14.990760000000002,15.03666,15.08319,15.130529999999998,15.1785,15.2271,15.276420000000002,15.326369999999999,15.37686,15.42789,15.479460000000001,15.53166,15.58422,15.63732,15.69078,15.74478,15.799050000000001,15.85377,15.908850000000001,15.96429,16.02,16.07598
16.085069999999998,16.001820000000002,15.91794,15.83352,15.748470000000001,15.66279,15.576480000000002,15.48954,15.40188,15.313500000000001,15.224400000000001,15.13449,15.043859999999999,14.952420000000002,14.86008,14.766929999999999,14.672880000000001,14.577840000000002,14.481810000000001,14.38479,14.28669,14.18751,14.08716,13.98555,13.88277,13.77873,13.673250000000001,13.56642,13.45806,13.34826,13.23675,13.123619999999999,13.008690000000001,12.892050000000001,12.773340000000001,12.65274,12.52998,12.40506,12.27789,12.148290000000001,12.01617,11.88144,11.74401,11.603700000000002,11.460420000000001,11.314079999999999,11.16441,11.01141,10.8549,10.694790000000001,10.5309,10.36314,10.19142,10.01565,9.83583,9.65178,9.46377,9.27162,9.07569,8.876151,8.673417,8.468019,8.260703999999999,8.052453,7.844553,7.638597,7.436619,7.241049,7.054821,6.881274,6.724152,6.587397,6.47496,6.390423,6.336711,6.31566,6.327837,6.372396,6.44724,6.549201,6.674481,6.818949,6.978519,7.149339,7.3279890000000005,7.511499,7.697385,7.883630999999999,8.068635,8.251137,8.430174000000001,8.605044,8.775243000000001,8.94042,9.10035,9.25497,9.4041,9.547920000000001,9.686430000000001,9.81972,9.947880000000001,10.07109,10.189440000000001,10.3032,10.41246,10.51731,10.618020000000001,10.714770000000001,10.80756,10.89666,10.98225,11.06433,11.14317,11.218860000000001,11.2914,11.36106,11.42793,11.4921,11.55366,11.61261,11.66922,11.72349,11.7756,11.825370000000001,11.87316,11.91888,11.96271,12.00456,12.044699999999999,12.08295,12.119580000000001,12.1545,12.1878,12.21957,12.249810000000002,12.278609999999999,12.30597,12.33189,12.35655,12.37986,12.40182,12.422609999999999,12.44223,12.46059,12.477870000000001,12.493979999999999,12.50901,12.523050000000001,12.53592,12.54789,12.55887,12.568769999999999,12.577860000000001,12.585960000000002,12.593160000000001,12.59946,12.60495,12.60954,12.613410000000002,12.616380000000001,12.61863,12.62007,12.62079,12.62079,12.62007,12.61863,12.61656,12.61377,12.61035,12.6063,12.60162,12.59631,12.59046,12.58398,12.577050000000002,12.5694,12.561390000000001,12.55275,12.54357,12.533940000000001,12.52386,12.513330000000002,12.502260000000001,12.49083,12.47886,12.466529999999999,12.45384,12.440700000000001,12.427200000000001,12.41334,12.39912,12.384540000000001,12.3696,12.3543,12.33882,12.322890000000001,12.306780000000002,12.290310000000002,12.27366,12.256649999999999,12.23946,12.222,12.20436,12.18645,12.16836,12.15009,12.131639999999999,12.11292,12.09411,12.07512,12.05604,12.03678,12.01734,11.99781,11.978190000000001,11.95848,11.938590000000001,11.918700000000001,11.89872,11.87865,11.85849,11.838330000000001,11.81808,11.797920000000001,11.77758,11.757330000000001,11.73708,11.71674,11.69649,11.67624,11.656080000000001,11.63592,11.61576,11.59578,11.575800000000001,11.55591,11.53611,11.516399999999999,11.496870000000001,11.477430000000002,11.458169999999999,11.43909,11.4201,11.401290000000001,11.382750000000001,11.36439,11.34621,11.3283,11.31066,11.2932,11.2761,11.25927,11.242709999999999,11.226510000000001,11.21067,11.1951,11.17998,11.16513,11.15073,11.13678,11.12319,11.110050000000001,11.09727,11.085030000000001,11.07324,11.061900000000001,11.05101,11.04057,11.030759999999999,11.021310000000001,11.012400000000001,11.00403,10.99611,10.98873,10.98189,10.97559,10.96974,10.964340000000002,10.95948,10.95516,10.95129,10.94796,10.945079999999999,10.94265,10.94067,10.93914,10.93797,10.93734,10.93707,10.93716,10.937700000000001,10.93851,10.939770000000001,10.9413,10.943100000000001,10.945260000000001,10.94778,10.950479999999999,10.95345,10.95669,10.96011,10.96371,10.96758,10.97163,10.97577,10.98018,10.98459,10.989180000000001,10.99395,10.99872,11.00367,11.00862,11.01366,11.018790000000001,11.02392,11.02914,11.034360000000001,11.03967,11.04489,11.0502,11.05551,11.06091,11.06622,11.071530000000001,11.07684,11.08215,11.08755,11.09286,11.098170000000001,11.10348,11.10879,11.1141,11.1195,11.124810000000002,11.13021,11.13561,11.14101,11.1465,11.15199,11.15757,11.163240000000002,11.16891,11.17476,11.18061,11.18664,11.192760000000002,11.199060000000001,11.20545,11.21202,11.21877,11.22579,11.2329,11.24037,11.24793,11.25585,11.26404,11.2725,11.281320000000001,11.29041,11.29986,11.30967,11.319840000000001,11.33037,11.34135,11.352780000000001,11.36466,11.376900000000001,11.38968,11.40291,11.41668,11.430900000000001,11.44566,11.46087,11.47662,11.49291,11.50974,11.52711,11.545020000000001,11.56347,11.582370000000001,11.6019,11.62188,11.6424,11.66346,11.68506,11.70711,11.72961,11.752650000000001,11.77605,11.799990000000001,11.82429,11.849129999999999,11.87424,11.899799999999999,11.92572,11.95191,11.97846,12.00537,12.03255,12.05991,12.08763,12.115530000000001,12.14361,12.17187,12.20031,12.22884,12.25755,12.28635,12.315150000000001,12.34404,12.37302,12.402,12.43089,12.45987,12.48867,12.517560000000001,12.546270000000002,12.57489,12.60342,12.63186,12.660120000000001,12.6882,12.716099999999999,12.743820000000001,12.771360000000001,12.798630000000001,12.82572,12.85254,12.87909,12.90537,12.93138,12.957120000000002,12.982500000000002,13.00761,13.032449999999999,13.05693,13.08105,13.10481,13.128210000000001,13.151340000000001,13.17402,13.19634,13.2183,13.23981,13.261050000000001,13.28184,13.302180000000002,13.32216,13.34178,13.36086,13.37967,13.39794,13.415939999999999,13.4334,13.4505,13.46715,13.48344,13.49919,13.514669999999999,13.52961,13.54419,13.55832,13.57209,13.585410000000001,13.59837,13.610880000000002,13.62303,13.634820000000001,13.64616,13.65723,13.667850000000001,13.67811,13.68801,13.69764,13.706819999999999,13.715729999999999,13.72437,13.73274,13.74075,13.74849,13.75605,13.763340000000001,13.77036,13.7772,13.78395,13.790429999999999,13.79682,13.803030000000001,13.80915,13.815270000000002,13.821299999999999,13.82724,13.83327,13.839300000000001,13.845329999999999,13.85145,13.857750000000001,13.86414,13.870709999999999,13.87755,13.88457,13.89186,13.89951,13.90743,13.91571,13.92444,13.93362,13.94325,13.953330000000001,13.964039999999999,13.975290000000001,13.98717,13.99959,14.01273,14.02659,14.04126,14.05656,14.07267,14.08959,14.10741,14.126040000000001,14.14557,14.16591,14.187240000000001,14.20947,14.23269,14.2569,14.28201,14.308110000000001,14.33511,14.36319,14.39226,14.42232,14.453280000000001,14.48532,14.51826,14.55228,14.58711,14.623020000000002,14.65974,14.697450000000002,14.73606,14.775570000000002,14.81598,14.857199999999999,14.899230000000001,14.94207,14.98572,15.03018,15.07536,15.121260000000001,15.167790000000002,15.21504,15.26301,15.31152,15.36066,15.410429999999998,15.46074,15.5115,15.562890000000001,15.61464,15.666929999999999,15.71967,15.772770000000001,15.82632,15.880320000000001,15.934590000000002,15.98922,16.04412,16.09938
16.06581,15.982650000000001,15.899040000000001,15.8148,15.72993,15.64452,15.55848,15.47181,15.384420000000002,15.29631,15.207570000000002,15.11811,15.027840000000001,14.93676,14.84487,14.752080000000001,14.658479999999999,14.563980000000003,14.468490000000001,14.37201,14.27454,14.175989999999999,14.07636,13.97556,13.8735,13.77027,13.665690000000001,13.55976,13.452480000000001,13.34367,13.23333,13.12146,13.00788,12.8925,12.77532,12.65634,12.535290000000002,12.41217,12.286980000000002,12.159450000000001,12.02958,11.89728,11.76246,11.62503,11.48472,11.34162,11.19555,11.04633,10.89405,10.73844,10.57941,10.417050000000001,10.251090000000001,10.081710000000001,9.90873,9.73224,9.55242,9.36936,9.18324,8.994411000000001,8.803386,8.610740999999999,8.417268,8.223975000000001,8.032112999999999,7.843248,7.659252,7.4823390000000005,7.315056000000001,7.160265,7.021053,6.900588,6.801948,6.727896,6.680592,6.661395000000001,6.670701,6.7078619999999995,6.771285,6.858567000000001,6.966756,7.092621,7.232823,7.384185000000001,7.543755,7.708941,7.8774750000000004,8.047476,8.217396,8.385966000000002,8.552223000000001,8.715384,8.874882,9.03033,9.18135,9.32778,9.46962,9.6066,9.7389,9.86661,9.989550000000001,10.10808,10.22211,10.33191,10.43748,10.539000000000001,10.636650000000001,10.73052,10.8207,10.90737,10.99071,11.070720000000001,11.14767,11.22147,11.292480000000001,11.36061,11.42604,11.48886,11.54916,11.60703,11.66256,11.71584,11.766869999999999,11.81592,11.86281,11.90781,11.95092,11.992140000000001,12.031559999999999,12.06927,12.10527,12.13974,12.17259,12.20391,12.2337,12.26205,12.289050000000001,12.31461,12.33891,12.36186,12.383640000000002,12.404160000000001,12.42342,12.4416,12.45861,12.47454,12.4893,12.503070000000001,12.51585,12.527640000000002,12.53835,12.54816,12.55707,12.56499,12.572099999999999,12.57831,12.58362,12.58812,12.59181,12.59478,12.59685,12.5982,12.59883,12.59874,12.59793,12.596490000000001,12.594240000000001,12.591450000000002,12.58794,12.5838,12.579120000000001,12.573720000000002,12.56787,12.561300000000001,12.55428,12.54672,12.53853,12.52989,12.520800000000001,12.511170000000002,12.501000000000001,12.49047,12.4794,12.467970000000001,12.45609,12.44376,12.43107,12.41802,12.40452,12.39066,12.37653,12.36195,12.34719,12.33198,12.316500000000001,12.30075,12.28473,12.26844,12.25179,12.235050000000001,12.21795,12.20067,12.18312,12.16548,12.14757,12.129480000000001,12.11121,12.09276,12.07413,12.05541,12.0366,12.017520000000001,11.99844,11.97918,11.95992,11.94048,11.92095,11.901420000000002,11.8818,11.86209,11.84238,11.82258,11.80278,11.78298,11.76318,11.74338,11.72349,11.70369,11.68398,11.66427,11.64456,11.62494,11.60532,11.585790000000001,11.56644,11.54709,11.52783,11.50875,11.48976,11.47095,11.45223,11.43378,11.41542,11.39724,11.37924,11.36151,11.343960000000001,11.326590000000001,11.30958,11.29275,11.27619,11.25999,11.24397,11.2284,11.21301,11.19807,11.1834,11.16918,11.155230000000001,11.14173,11.12868,11.115900000000002,11.103660000000001,11.09178,11.080350000000001,11.069370000000001,11.05884,11.048760000000001,11.03922,11.03004,11.0214,11.013300000000001,11.005560000000001,10.99836,10.9917,10.9854,10.97964,10.97442,10.96956,10.96524,10.96137,10.95804,10.955070000000001,10.95255,10.950479999999999,10.94886,10.9476,10.94679,10.94634,10.94625,10.946520000000001,10.94715,10.94814,10.94949,10.95111,10.953,10.95516,10.95768,10.96038,10.96335,10.9665,10.96992,10.97352,10.9773,10.98117,10.98531,10.98954,10.99395,10.99845,11.00304,11.00772,11.01258,11.01744,11.02239,11.02743,11.03256,11.03769,11.04282,11.04804,11.05335,11.05866,11.063970000000001,11.069280000000001,11.074679999999999,11.08008,11.08548,11.09088,11.09637,11.10186,11.10735,11.11284,11.11842,11.124,11.129579999999999,11.135250000000001,11.14092,11.14668,11.15244,11.15829,11.16423,11.17026,11.17638,11.182590000000001,11.18898,11.19537,11.20194,11.20869,11.215620000000001,11.22264,11.229930000000001,11.237400000000001,11.24505,11.25297,11.26107,11.26953,11.27817,11.28717,11.29644,11.305980000000002,11.31597,11.32623,11.33685,11.34792,11.35935,11.37123,11.38347,11.39616,11.4093,11.42289,11.43693,11.45151,11.46654,11.48202,11.498040000000001,11.514600000000002,11.53161,11.54916,11.56716,11.5857,11.60478,11.624310000000001,11.64438,11.664900000000001,11.685960000000001,11.70747,11.72952,11.751930000000002,11.77479,11.79819,11.821950000000001,11.846070000000001,11.87064,11.89557,11.92095,11.9466,11.97252,11.998890000000001,12.02544,12.05226,12.07944,12.10671,12.13434,12.16206,12.18996,12.21804,12.2463,12.274560000000001,12.303,12.331439999999999,12.36006,12.38859,12.41721,12.44574,12.47436,12.502889999999999,12.53133,12.55977,12.588030000000002,12.616200000000001,12.64428,12.67227,12.699990000000001,12.72762,12.75507,12.782250000000001,12.80934,12.83616,12.86271,12.88899,12.91509,12.94083,12.96639,12.99159,13.01652,13.04118,13.06548,13.08951,13.11309,13.1364,13.159440000000002,13.18203,13.20426,13.226130000000001,13.24773,13.26888,13.289579999999999,13.31001,13.32999,13.34961,13.368780000000001,13.38759,13.40604,13.42404,13.44168,13.458870000000001,13.475700000000002,13.49208,13.5081,13.523670000000001,13.53888,13.55373,13.56813,13.582170000000001,13.59576,13.60899,13.621860000000002,13.63437,13.646429999999999,13.65822,13.66956,13.680629999999999,13.69134,13.701690000000001,13.711680000000001,13.721400000000001,13.73085,13.73994,13.748850000000001,13.7574,13.76577,13.77387,13.7817,13.78935,13.79682,13.8042,13.81131,13.81833,13.82526,13.8321,13.83885,13.845600000000001,13.852260000000001,13.85901,13.86576,13.8726,13.87944,13.88646,13.89366,13.90095,13.908510000000001,13.91625,13.92435,13.932630000000001,13.94136,13.950360000000002,13.95981,13.96962,13.979970000000002,13.99077,14.00211,14.01399,14.02641,14.03946,14.05323,14.06763,14.082659999999999,14.0985,14.115060000000001,14.132430000000001,14.15061,14.1696,14.189400000000001,14.2101,14.231610000000002,14.254109999999999,14.27742,14.301720000000001,14.32692,14.35302,14.38011,14.408100000000001,14.43708,14.46696,14.497829999999999,14.529690000000002,14.56236,14.596020000000001,14.63067,14.66613,14.702580000000001,14.739840000000001,14.778000000000002,14.81706,14.85693,14.897610000000002,14.9391,14.9814,15.02442,15.06825,15.112709999999998,15.157979999999998,15.20388,15.2505,15.297659999999999,15.34554,15.393959999999998,15.442919999999999,15.49251,15.54255,15.593130000000002,15.644160000000001,15.69573,15.74766,15.80004,15.852780000000001,15.905970000000002,15.959520000000001,16.01334,16.06752,16.12206
16.047,15.96411,15.88059,15.79662,15.712019999999999,15.62688,15.541110000000002,15.454620000000002,15.36759,15.27984,15.191460000000001,15.10227,15.01245,14.921819999999999,14.830290000000002,14.73804,14.644980000000002,14.550930000000001,14.45607,14.36013,14.263290000000001,14.16546,14.066460000000001,13.966470000000001,13.865219999999999,13.76289,13.65921,13.55427,13.44807,13.34034,13.23126,13.120560000000001,13.008329999999999,12.89448,12.778830000000001,12.661470000000001,12.54222,12.42099,12.29778,12.172410000000001,12.044970000000001,11.91519,11.78298,11.648430000000001,11.51127,11.37159,11.229120000000002,11.083860000000001,10.93572,10.7847,10.63071,10.47366,10.31364,10.15056,9.98451,9.81558,9.64386,9.46962,9.29313,9.114749999999999,8.934975,8.754498000000002,8.574093000000001,8.394768000000001,8.217738,8.044461,7.876647,7.716276,7.5655529999999995,7.426908,7.302879,7.196013,7.108758,7.043229,7.001073,6.9832980000000004,6.990183,7.021215000000001,7.075178999999999,7.150203,7.243992,7.353954000000001,7.4773890000000005,7.611642000000001,7.75422,7.902837,8.055495,8.210439,8.36622,8.521623,8.675649,8.827524,8.976627,9.12249,9.26478,9.4032,9.53757,9.667890000000002,9.79398,9.91593,10.03374,10.14741,10.25703,10.36278,10.46457,10.56267,10.65717,10.74807,10.835550000000001,10.91979,11.00079,11.07864,11.15352,11.22561,11.29482,11.36133,11.425320000000001,11.4867,11.54574,11.602440000000001,11.6568,11.70909,11.75913,11.80719,11.85336,11.89746,11.939850000000002,11.980350000000001,12.01914,12.05622,12.09168,12.12561,12.15792,12.188699999999999,12.21813,12.246030000000001,12.272580000000001,12.297870000000001,12.32181,12.3444,12.365820000000001,12.38607,12.40506,12.422970000000001,12.43971,12.45537,12.469949999999999,12.48354,12.49605,12.50766,12.51819,12.52782,12.536550000000002,12.54429,12.55122,12.55734,12.56247,12.566880000000001,12.57048,12.57327,12.57525,12.57651,12.577050000000002,12.57687,12.57597,12.57435,12.572099999999999,12.56913,12.565620000000001,12.561390000000001,12.55662,12.55122,12.54528,12.53871,12.5316,12.52395,12.51576,12.50712,12.49794,12.48831,12.47814,12.46761,12.45654,12.44511,12.43323,12.4209,12.40821,12.395159999999999,12.38175,12.367890000000001,12.35376,12.339360000000001,12.32451,12.309479999999999,12.29409,12.27834,12.262410000000001,12.24621,12.22974,12.213090000000001,12.19617,12.17898,12.16161,12.14415,12.126420000000001,12.10851,12.09042,12.07215,12.053790000000001,12.03534,12.016710000000002,11.99799,11.979090000000001,11.960189999999999,11.94111,11.922030000000001,11.90286,11.883600000000001,11.86434,11.84499,11.82564,11.80629,11.786940000000001,11.7675,11.74815,11.728710000000001,11.70936,11.69001,11.67075,11.651489999999999,11.63232,11.61315,11.59407,11.57508,11.55627,11.53746,11.518830000000001,11.50029,11.48184,11.463569999999999,11.44548,11.427480000000001,11.40975,11.39211,11.374740000000001,11.35755,11.34063,11.32389,11.30742,11.29113,11.2752,11.259540000000001,11.24406,11.22903,11.21427,11.19978,11.18565,11.17188,11.158470000000001,11.145420000000001,11.13282,11.12049,11.10861,11.09718,11.08611,11.07549,11.06532,11.0556,11.04633,11.037420000000001,11.02905,11.02104,11.01357,11.00655,10.99998,10.993860000000002,10.98819,10.98297,10.978290000000001,10.973970000000001,10.9701,10.96668,10.96371,10.9611,10.95894,10.95714,10.95579,10.9548,10.95426,10.95399,10.954080000000001,10.95453,10.95534,10.95642,10.95786,10.95948,10.961459999999999,10.96371,10.96614,10.96884,10.97181,10.97496,10.978290000000001,10.9818,10.98558,10.98945,10.99341,10.99764,11.00196,11.00637,11.010869999999999,11.01555,11.02023,11.02509,11.03004,11.03499,11.04003,11.04516,11.05029,11.0556,11.06082,11.066130000000001,11.071530000000001,11.07693,11.08242,11.08791,11.093490000000001,11.099070000000001,11.10465,11.11032,11.11599,11.12175,11.127600000000001,11.13345,11.1393,11.14533,11.15136,11.15748,11.16369,11.16999,11.17638,11.18286,11.18952,11.19627,11.20311,11.210130000000001,11.21733,11.22471,11.23227,11.24001,11.24793,11.25603,11.2644,11.273040000000002,11.28195,11.29113,11.30058,11.31039,11.32047,11.330820000000001,11.34162,11.35269,11.36421,11.376090000000001,11.388330000000002,11.40102,11.41407,11.427570000000001,11.44152,11.45592,11.47077,11.48607,11.50191,11.5182,11.534939999999999,11.55213,11.56986,11.588040000000001,11.606670000000001,11.62584,11.64546,11.66562,11.68614,11.7072,11.728710000000001,11.750670000000001,11.77308,11.795850000000002,11.819070000000002,11.842740000000001,11.86677,11.891160000000001,11.91591,11.94102,11.9664,11.992230000000001,12.01824,12.04452,12.07116,12.09798,12.12498,12.15225,12.1797,12.20733,12.235050000000001,12.26295,12.290939999999999,12.31902,12.3471,12.37536,12.40362,12.431790000000001,12.46005,12.48831,12.51648,12.544649999999999,12.57273,12.60072,12.628620000000002,12.65634,12.68397,12.71151,12.73878,12.76596,12.792959999999999,12.81969,12.84624,12.87261,12.89871,12.92454,12.950099999999999,12.975389999999999,13.0005,13.02525,13.04973,13.07385,13.097700000000001,13.12128,13.1445,13.16736,13.189860000000001,13.21209,13.23387,13.255379999999999,13.27653,13.297229999999999,13.31766,13.33764,13.35735,13.37661,13.395420000000001,13.413960000000001,13.43205,13.44978,13.46715,13.484070000000001,13.500630000000001,13.51683,13.53258,13.54806,13.56309,13.57767,13.59198,13.60584,13.61943,13.63257,13.64535,13.65786,13.669920000000001,13.68171,13.693140000000001,13.704210000000002,13.71501,13.72554,13.735710000000001,13.745610000000001,13.75524,13.764600000000002,13.77369,13.78251,13.79115,13.799610000000001,13.80789,13.815990000000001,13.82391,13.83165,13.839300000000001,13.846860000000001,13.854330000000001,13.861799999999999,13.86918,13.87665,13.884030000000001,13.8915,13.89897,13.90662,13.91427,13.922189999999999,13.9302,13.93848,13.946940000000001,13.95576,13.964760000000002,13.97412,13.983839999999999,13.993920000000001,14.00445,14.01543,14.026860000000001,14.038829999999999,14.051250000000001,14.064300000000001,14.07798,14.0922,14.107050000000001,14.122710000000001,14.13891,14.15592,14.17365,14.19219,14.21154,14.231610000000002,14.25258,14.27436,14.29695,14.32044,14.344830000000002,14.37012,14.396310000000001,14.42331,14.4513,14.480189999999999,14.50998,14.540760000000002,14.572350000000002,14.60484,14.638230000000002,14.672520000000002,14.707709999999999,14.743800000000002,14.7807,14.81841,14.85702,14.896350000000002,14.93658,14.97753,15.01929,15.06177,15.104970000000002,15.148890000000002,15.193529999999999,15.2388,15.2847,15.331230000000001,15.37839,15.42609,15.47442,15.523200000000001,15.572610000000001,15.62247,15.672780000000001,15.723540000000002,15.77484,15.826410000000001,15.878520000000002,15.930900000000001,15.98373,16.036830000000002,16.09029,16.14402
16.02873,15.94602,15.86277,15.77898,15.694650000000001,15.60978,15.52428,15.438150000000002,15.351389999999999,15.264000000000001,15.175980000000001,15.087150000000001,14.997690000000002,14.90751,14.816520000000002,14.724720000000001,14.632109999999999,14.53869,14.44437,14.34915,14.25294,14.15574,14.05755,13.95828,13.857930000000001,13.7565,13.65381,13.54986,13.44474,13.33818,13.23027,13.12092,13.01013,12.89772,12.78369,12.66804,12.55059,12.43134,12.310200000000002,12.18708,12.06198,11.93481,11.805390000000001,11.673720000000001,11.5398,11.403540000000001,11.26476,11.123460000000001,10.97964,10.833300000000001,10.68426,10.53261,10.37844,10.22166,10.06245,9.9009,9.73719,9.5715,9.40437,9.23598,9.066960000000002,8.898003000000001,8.729847000000001,8.563482,8.400051,8.240913,8.087607,7.94187,7.805619,7.680879,7.569765,7.474347000000001,7.396533000000001,7.338006,7.3000169999999995,7.2833309999999996,7.288137,7.3140480000000005,7.360083,7.424793,7.5063509999999996,7.60266,7.711542,7.830774000000001,7.958232000000001,8.091954,8.23014,8.371233,8.513865,8.656884,8.799327,8.940411000000001,9.07947,9.21609,9.34983,9.48033,9.60741,9.73098,9.85095,9.96723,10.07982,10.18863,10.29384,10.39545,10.493549999999999,10.58814,10.679310000000001,10.76724,10.852020000000001,10.93365,11.01222,11.08791,11.16081,11.23092,11.29833,11.36322,11.42568,11.485619999999999,11.543310000000002,11.598749999999999,11.65203,11.70315,11.75229,11.79936,11.84454,11.887920000000001,11.9295,11.969280000000001,12.00735,12.0438,12.07872,12.112020000000001,12.143790000000001,12.17412,12.203009999999999,12.23055,12.256649999999999,12.281490000000002,12.30507,12.327390000000001,12.34845,12.36834,12.387060000000002,12.40461,12.42117,12.43656,12.45087,12.46428,12.47661,12.487950000000001,12.4983,12.507750000000001,12.516300000000001,12.52386,12.530610000000001,12.536550000000002,12.541590000000001,12.54582,12.54933,12.55194,12.553830000000001,12.555,12.55536,12.555090000000002,12.5541,12.55239,12.55005,12.546990000000001,12.543389999999999,12.53907,12.53421,12.52872,12.522689999999999,12.51612,12.50892,12.50127,12.49308,12.48435,12.47508,12.46545,12.45528,12.44466,12.433589999999999,12.422070000000001,12.41019,12.39795,12.38526,12.37221,12.3588,12.34503,12.330900000000002,12.316500000000001,12.30174,12.28671,12.27141,12.25575,12.23991,12.2238,12.20742,12.19086,12.17403,12.15702,12.13983,12.12246,12.10491,12.08718,12.06927,12.05127,12.033090000000001,12.01482,11.99637,11.97792,11.959290000000001,11.940660000000001,11.921940000000001,11.90313,11.88423,11.86533,11.84634,11.827440000000001,11.80845,11.78937,11.770380000000001,11.75139,11.7324,11.713410000000001,11.694510000000001,11.675609999999999,11.6568,11.63799,11.61927,11.60064,11.5821,11.563649999999999,11.54529,11.52702,11.50884,11.49084,11.47302,11.45529,11.437740000000002,11.42037,11.403179999999999,11.38608,11.369250000000001,11.35269,11.336310000000001,11.32011,11.30418,11.28852,11.273040000000002,11.25792,11.243070000000001,11.22849,11.21427,11.200320000000001,11.18664,11.17341,11.160449999999999,11.14785,11.1357,11.12382,11.11239,11.10132,11.090610000000002,11.080350000000001,11.07045,11.061,11.052,11.04345,11.035260000000001,11.02752,11.02023,11.01339,11.006910000000001,11.00088,10.99539,10.99026,10.98549,10.98126,10.977390000000002,10.973970000000001,10.97091,10.9683,10.966050000000001,10.96425,10.96272,10.961640000000001,10.960920000000002,10.96047,10.96047,10.96074,10.96128,10.96218,10.96335,10.964879999999999,10.96659,10.968570000000001,10.97082,10.97334,10.976040000000001,10.97892,10.98207,10.9854,10.98882,10.992510000000001,10.99629,11.00034,11.00439,11.00871,11.01303,11.01753,11.022120000000001,11.026800000000001,11.03166,11.036520000000001,11.04147,11.04651,11.05164,11.05686,11.06217,11.06748,11.072880000000001,11.078370000000001,11.083860000000001,11.08944,11.09511,11.10078,11.10654,11.11239,11.11833,11.124270000000001,11.130300000000002,11.13633,11.14254,11.148840000000002,11.155140000000001,11.16162,11.1681,11.17476,11.18151,11.18844,11.195459999999999,11.20257,11.209859999999999,11.21733,11.22498,11.23272,11.24073,11.24892,11.257290000000001,11.265929999999999,11.27484,11.28393,11.29329,11.30292,11.31291,11.323080000000001,11.3337,11.3445,11.35575,11.36727,11.37924,11.39148,11.40417,11.41722,11.430719999999999,11.44458,11.45889,11.47356,11.48877,11.504340000000001,11.52045,11.53692,11.55393,11.571390000000001,11.58921,11.607569999999999,11.626380000000001,11.64564,11.66535,11.6856,11.70621,11.72727,11.74869,11.77065,11.79297,11.81574,11.83887,11.86236,11.8863,11.91051,11.935170000000001,11.9601,11.9853,12.01086,12.03669,12.062700000000001,12.08907,12.11562,12.14244,12.16935,12.196530000000001,12.22389,12.25134,12.278880000000001,12.30651,12.33432,12.36213,12.390030000000001,12.41793,12.44592,12.47382,12.50172,12.52962,12.55743,12.585239999999999,12.612870000000001,12.6405,12.66795,12.695310000000001,12.72258,12.74958,12.776489999999999,12.80322,12.82977,12.85605,12.88215,12.90807,12.93372,12.9591,12.984210000000001,13.00914,13.03371,13.058010000000001,13.082040000000001,13.1058,13.129199999999999,13.15233,13.1751,13.19751,13.21965,13.24143,13.26294,13.284,13.304789999999999,13.32513,13.3452,13.36491,13.38417,13.40316,13.421700000000001,13.439969999999999,13.45779,13.47525,13.49235,13.509,13.52538,13.5414,13.55697,13.57227,13.58712,13.60161,13.61583,13.6296,13.6431,13.65624,13.66902,13.68144,13.69359,13.70538,13.7169,13.72806,13.738949999999999,13.74957,13.76001,13.770090000000001,13.7799,13.789530000000001,13.79889,13.80807,13.81707,13.82589,13.83453,13.84308,13.85145,13.859729999999999,13.86792,13.87602,13.884120000000001,13.892130000000002,13.90014,13.90824,13.91634,13.92453,13.93281,13.94127,13.94982,13.958549999999999,13.967459999999999,13.97664,13.98609,13.99572,14.005799999999999,14.01615,14.026860000000001,14.03802,14.04963,14.06169,14.0742,14.087250000000001,14.10084,14.11497,14.12973,14.14512,14.161140000000001,14.17788,14.195250000000001,14.21334,14.23224,14.25186,14.272200000000002,14.29344,14.3154,14.33826,14.361839999999999,14.38632,14.411700000000002,14.437890000000001,14.464979999999999,14.492880000000001,14.521770000000002,14.55138,14.581980000000001,14.613390000000003,14.6457,14.67891,14.71293,14.74776,14.783490000000002,14.82003,14.85738,14.89554,14.934420000000001,14.974200000000002,15.014610000000001,15.05583,15.097770000000002,15.140430000000002,15.18381,15.22782,15.27246,15.317730000000001,15.363629999999999,15.41016,15.457230000000001,15.50484,15.55299,15.60168,15.650820000000001,15.7005,15.750539999999999,15.80112,15.85206,15.903360000000001,15.955110000000001,16.00713,16.059600000000003,16.11234,16.16544
16.01091,15.92838,15.845400000000001,15.761880000000001,15.677819999999999,15.59322,15.507990000000001,15.42222,15.33573,15.248700000000001,15.161040000000002,15.072659999999999,14.983649999999999,14.893830000000001,14.80338,14.712120000000002,14.620049999999999,14.527170000000002,14.43339,14.3388,14.243310000000001,14.14692,14.04945,13.95099,13.85154,13.75101,13.649310000000002,13.54644,13.442400000000001,13.33701,13.23045,13.12245,13.01301,12.90213,12.789810000000001,12.675870000000002,12.56031,12.44304,12.324060000000001,12.203190000000001,12.08052,11.95596,11.82933,11.70072,11.57004,11.4372,11.30211,11.164860000000001,11.025360000000001,10.883610000000001,10.73961,10.59336,10.44486,10.29438,10.14183,9.987480000000001,9.8316,9.67428,9.51606,9.35721,9.19836,9.040230000000001,8.883441000000001,8.729028,8.578026000000001,8.431659000000002,8.291322000000001,8.158518,8.034894,7.922178,7.822089,7.736327999999999,7.666425,7.613685,7.579098,7.563249000000001,7.566264,7.587828000000001,7.627158,7.683111,7.754211000000001,7.838766000000001,7.934976,8.040996,8.155026,8.275365,8.400438,8.528823000000001,8.659287,8.790750000000001,8.922285,9.053099999999999,9.18261,9.310319999999999,9.43578,9.55854,9.6786,9.7956,9.909450000000001,10.02006,10.12734,10.23138,10.332180000000001,10.42965,10.52388,10.61496,10.70289,10.78785,10.869750000000002,10.94877,11.02491,11.09835,11.16909,11.23731,11.30292,11.3661,11.42694,11.485529999999999,11.54178,11.59596,11.64798,11.69802,11.74608,11.79225,11.83653,11.879010000000001,11.91978,11.95884,11.99619,12.03201,12.06621,12.098970000000001,12.1302,12.15999,12.18843,12.21543,12.24117,12.265559999999999,12.28878,12.31065,12.331439999999999,12.35097,12.36942,12.3867,12.4029,12.41811,12.43215,12.44529,12.45735,12.46851,12.47868,12.487860000000001,12.49623,12.5037,12.51027,12.51603,12.520890000000001,12.525030000000001,12.52827,12.53079,12.53259,12.53358,12.533850000000001,12.5334,12.53232,12.530520000000001,12.52809,12.52494,12.52116,12.51684,12.511890000000001,12.50631,12.50019,12.49353,12.48633,12.4785,12.470220000000001,12.46149,12.45222,12.442499999999999,12.43224,12.42162,12.41055,12.39903,12.38715,12.374820000000001,12.36213,12.34908,12.33567,12.321900000000001,12.30786,12.29346,12.27879,12.263760000000001,12.248460000000001,12.23298,12.21714,12.201120000000001,12.18483,12.16836,12.15162,12.13479,12.11769,12.10041,12.08304,12.0654,12.04776,12.02985,12.011940000000001,11.99385,11.975670000000001,11.9574,11.93904,11.92068,11.902140000000001,11.883690000000001,11.865060000000001,11.846520000000002,11.82789,11.80917,11.79054,11.77191,11.75328,11.73465,11.716109999999999,11.69748,11.67903,11.660580000000001,11.642130000000002,11.62386,11.60559,11.58741,11.56932,11.55132,11.5335,11.51577,11.498130000000002,11.48067,11.4633,11.446110000000001,11.4291,11.412270000000001,11.39562,11.37915,11.362860000000001,11.34675,11.330910000000001,11.31525,11.29986,11.284740000000001,11.26989,11.255220000000001,11.240910000000001,11.22687,11.2131,11.19969,11.18655,11.173680000000001,11.16126,11.14911,11.13732,11.12589,11.11482,11.10411,11.09376,11.083860000000001,11.07432,11.065140000000001,11.056410000000001,11.04804,11.04012,11.03256,11.025450000000001,11.018790000000001,11.012490000000001,11.006639999999999,11.001149999999999,10.99611,10.99143,10.9872,10.983419999999999,10.97991,10.97685,10.97415,10.971900000000002,10.96992,10.96839,10.967130000000001,10.96632,10.96578,10.96551,10.9656,10.966050000000001,10.96677,10.96776,10.96902,10.970550000000001,10.97235,10.97433,10.97667,10.9791,10.9818,10.984679999999999,10.98783,10.99107,10.994580000000001,10.99818,11.00196,11.00592,11.009970000000001,11.0142,11.01861,11.02302,11.027610000000001,11.032290000000001,11.03715,11.042010000000001,11.04705,11.05209,11.05731,11.06253,11.06793,11.07333,11.07882,11.0844,11.09007,11.09583,11.10168,11.107619999999999,11.11356,11.11968,11.1258,11.1321,11.138399999999999,11.14479,11.15136,11.15802,11.16477,11.171610000000001,11.17863,11.18574,11.19294,11.200320000000001,11.207880000000001,11.215620000000001,11.22345,11.23155,11.23974,11.248199999999999,11.25684,11.26566,11.274750000000001,11.28411,11.293650000000001,11.30355,11.31363,11.32398,11.33469,11.34567,11.35701,11.36871,11.380680000000002,11.39301,11.4057,11.418750000000001,11.432250000000002,11.44602,11.46033,11.474910000000001,11.49003,11.50551,11.521350000000002,11.53773,11.55447,11.57166,11.589300000000001,11.60739,11.62593,11.64483,11.66427,11.68407,11.70432,11.725019999999999,11.74608,11.76759,11.78946,11.81178,11.83446,11.85759,11.88099,11.90475,11.928870000000002,11.95335,11.9781,12.003210000000001,12.028500000000001,12.05415,12.07998,12.10617,12.13245,12.159,12.18573,12.21255,12.239640000000001,12.26682,12.29409,12.32145,12.34899,12.37653,12.404069999999999,12.431700000000001,12.45933,12.48705,12.51468,12.54222,12.56976,12.5973,12.62466,12.65202,12.6792,12.706290000000001,12.73329,12.760019999999999,12.78666,12.81321,12.83949,12.86559,12.89151,12.917159999999999,12.94263,12.96783,12.99276,13.017510000000001,13.04199,13.06611,13.09005,13.11363,13.136940000000001,13.15998,13.18266,13.205070000000001,13.22712,13.2489,13.27032,13.29138,13.31217,13.332510000000001,13.35258,13.372290000000001,13.39164,13.410720000000001,13.42935,13.44762,13.465620000000001,13.48317,13.50036,13.51728,13.53375,13.54995,13.56579,13.58118,13.5963,13.61106,13.62555,13.63959,13.653360000000001,13.66677,13.67991,13.69269,13.7052,13.71735,13.72923,13.74084,13.752180000000001,13.763160000000001,13.773959999999999,13.78458,13.79484,13.804920000000001,13.814820000000001,13.82454,13.83408,13.843440000000001,13.85262,13.86171,13.87062,13.879529999999999,13.88826,13.89699,13.905719999999999,13.91436,13.923,13.93173,13.94046,13.94937,13.95828,13.96728,13.976550000000001,13.98591,13.99545,14.005260000000002,14.01534,14.025689999999999,14.03631,14.04738,14.05872,14.07042,14.08257,14.095260000000001,14.108310000000001,14.1219,14.13603,14.1507,14.16591,14.181750000000001,14.198220000000001,14.21532,14.23314,14.25159,14.270760000000001,14.290650000000001,14.311350000000001,14.33277,14.35491,14.37795,14.40171,14.42628,14.451660000000002,14.47794,14.505030000000001,14.53293,14.56164,14.591249999999999,14.621670000000002,14.652989999999999,14.685030000000001,14.717970000000001,14.751719999999999,14.786370000000002,14.821739999999998,14.857920000000002,14.894910000000001,14.93262,14.97114,15.010380000000001,15.05043,15.09111,15.1326,15.17472,15.21747,15.260940000000002,15.304950000000002,15.34968,15.39495,15.440850000000001,15.487290000000002,15.534270000000001,15.58179,15.62976,15.678270000000001,15.727229999999999,15.776639999999999,15.826500000000001,15.876809999999999,15.92748,15.978510000000002,16.0299,16.08165,16.133760000000002,16.18614
15.993540000000001,15.911280000000001,15.82857,15.745320000000001,15.661439999999999,15.577110000000001,15.49224,15.406740000000001,15.3207,15.23403,15.14673,15.0588,14.970150000000002,14.880870000000002,14.79087,14.70006,14.60862,14.516280000000002,14.42322,14.32926,14.234490000000001,14.13873,14.042159999999999,13.944510000000001,13.84596,13.74633,13.64571,13.54392,13.44096,13.33683,13.231530000000001,13.12488,13.01697,12.907710000000002,12.79701,12.68487,12.571200000000001,12.455910000000001,12.33909,12.22056,12.10041,11.97846,11.85471,11.72907,11.60163,11.4723,11.340990000000001,11.207699999999999,11.07243,10.93527,10.79622,10.65528,10.51254,10.36809,10.22211,10.07478,9.92637,9.77706,9.6273,9.47754,9.328320000000001,9.18018,9.034020000000002,8.890578,8.750871,8.616024,8.487243000000001,8.365860000000001,8.253288000000001,8.150967,8.060337,7.982775,7.919523,7.871625,7.839836999999999,7.824618,7.826067,7.843914000000001,7.877529,7.925976,7.988076,8.062452,8.14761,8.242002000000001,8.344098,8.452431,8.565624,8.682417000000001,8.801667,8.922393,9.043740000000001,9.16488,9.285300000000001,9.40446,9.52191,9.63738,9.75042,9.86094,9.96885,10.073879999999999,10.176120000000001,10.27539,10.371690000000001,10.46502,10.555470000000001,10.64304,10.727640000000001,10.80954,10.88856,10.96497,11.038680000000001,11.10987,11.178450000000002,11.24469,11.3085,11.36997,11.42919,11.48625,11.54115,11.59398,11.64483,11.6937,11.74068,11.78577,11.82915,11.87073,11.91069,11.94894,11.98566,12.020760000000001,12.05433,12.086459999999999,12.11706,12.1464,12.174299999999999,12.20085,12.226140000000001,12.25008,12.27285,12.294450000000001,12.31479,12.33396,12.35214,12.36906,12.38499,12.39984,12.4137,12.42657,12.43845,12.44934,12.459240000000001,12.46833,12.47643,12.48372,12.490110000000001,12.49569,12.50037,12.504330000000001,12.50748,12.509820000000001,12.51144,12.51234,12.51243,12.511890000000001,12.51063,12.50874,12.50613,12.50298,12.49911,12.49461,12.48957,12.4839,12.47769,12.47094,12.46365,12.455820000000001,12.447450000000002,12.43863,12.42927,12.419550000000001,12.40929,12.398579999999999,12.38742,12.3759,12.36393,12.351600000000001,12.33891,12.32586,12.31245,12.298680000000001,12.28464,12.27024,12.25557,12.24063,12.225330000000001,12.20985,12.1941,12.17817,12.16197,12.14559,12.12894,12.112110000000001,12.09519,12.07809,12.06081,12.04335,12.0258,12.00807,11.99034,11.97243,11.95452,11.936430000000001,11.91834,11.900160000000001,11.88189,11.863710000000001,11.84535,11.82708,11.80872,11.79045,11.77209,11.75382,11.73555,11.71728,11.699100000000001,11.68092,11.662830000000001,11.644739999999999,11.62683,11.60892,11.591099999999999,11.573369999999999,11.55582,11.53827,11.520900000000001,11.503620000000002,11.48652,11.4696,11.452770000000001,11.43603,11.41956,11.40327,11.387070000000001,11.37114,11.355390000000002,11.33991,11.324520000000001,11.30949,11.294550000000001,11.27997,11.26557,11.25153,11.23767,11.22408,11.21085,11.197890000000001,11.185200000000002,11.172870000000001,11.16081,11.14911,11.13768,11.1267,11.11599,11.105640000000001,11.095650000000001,11.08611,11.07684,11.06802,11.05947,11.05137,11.04372,11.036430000000001,11.0295,11.02293,11.01681,11.011050000000001,11.005650000000001,11.0007,10.99611,10.99188,10.9881,10.98459,10.981530000000001,10.97883,10.9764,10.97442,10.972800000000001,10.97145,10.97046,10.96974,10.969380000000001,10.969380000000001,10.96965,10.9701,10.97091,10.97199,10.97334,10.97496,10.97676,10.97883,10.98117,10.983600000000001,10.986300000000002,10.989270000000001,10.992329999999999,10.99557,10.99908,11.00268,11.00646,11.010330000000002,11.014470000000001,11.01861,11.02302,11.02743,11.03211,11.03679,11.04165,11.0466,11.05164,11.05677,11.06208,11.067390000000001,11.072880000000001,11.07846,11.08413,11.08989,11.09574,11.10168,11.10771,11.11383,11.120130000000001,11.126430000000001,11.132909999999999,11.13948,11.14614,11.152980000000001,11.15991,11.16693,11.17413,11.181420000000001,11.18889,11.19654,11.204279999999999,11.212200000000001,11.2203,11.228580000000001,11.23704,11.24568,11.25459,11.26368,11.27295,11.28249,11.292300000000001,11.30229,11.31255,11.323170000000001,11.333969999999999,11.345130000000001,11.35656,11.368350000000001,11.38041,11.39283,11.405610000000001,11.418660000000001,11.432160000000001,11.44602,11.460239999999999,11.474820000000001,11.48976,11.50515,11.520900000000001,11.5371,11.55375,11.570760000000002,11.58822,11.60604,11.624310000000001,11.642940000000001,11.66211,11.68164,11.70153,11.721870000000001,11.74257,11.763720000000001,11.78532,11.80719,11.82951,11.8521,11.87514,11.898539999999999,11.92221,11.94624,11.97054,11.9952,12.02013,12.04533,12.07071,12.09645,12.122280000000002,12.148470000000001,12.17475,12.201210000000001,12.22785,12.25467,12.28158,12.30867,12.33576,12.36294,12.39021,12.41757,12.444930000000001,12.472290000000001,12.49965,12.52701,12.554369999999999,12.58164,12.60882,12.636,12.66309,12.69,12.71682,12.743549999999999,12.770100000000001,12.796560000000001,12.822840000000001,12.84885,12.874770000000002,12.90051,12.92598,12.951270000000001,12.97629,13.00113,13.0257,13.05,13.07403,13.097790000000002,13.12128,13.1445,13.16745,13.19004,13.21236,13.23441,13.2561,13.27752,13.29858,13.319280000000001,13.33971,13.35978,13.379579999999999,13.39902,13.4181,13.43682,13.45518,13.47327,13.490910000000001,13.508280000000001,13.52529,13.54203,13.55832,13.57434,13.59,13.605390000000002,13.62033,13.635,13.6494,13.66344,13.67712,13.69053,13.70367,13.716450000000002,13.72905,13.741290000000001,13.75326,13.76496,13.776390000000001,13.78764,13.79862,13.80942,13.81995,13.830390000000001,13.84056,13.85055,13.86045,13.870170000000002,13.879800000000001,13.889249999999999,13.8987,13.90806,13.91733,13.9266,13.93587,13.94514,13.954500000000001,13.96386,13.97331,13.982850000000001,13.99257,14.00238,14.01237,14.022540000000001,14.03298,14.043690000000002,14.05458,14.06583,14.077440000000001,14.08932,14.10165,14.11443,14.12757,14.141160000000001,14.155289999999999,14.169870000000001,14.18499,14.200740000000001,14.21703,14.23386,14.25141,14.2695,14.28831,14.30784,14.328,14.34888,14.37057,14.392980000000001,14.416110000000002,14.43996,14.46471,14.49018,14.51646,14.543550000000002,14.57136,14.60007,14.629589999999999,14.65992,14.69097,14.722919999999998,14.75568,14.78916,14.823450000000001,14.85855,14.894369999999999,14.931000000000001,14.96835,15.00651,15.0453,15.0849,15.125130000000002,15.16608,15.20766,15.249960000000002,15.292890000000002,15.336360000000003,15.380460000000001,15.425189999999999,15.47046,15.51636,15.56271,15.609600000000002,15.65694,15.70482,15.75315,15.80193,15.851160000000002,15.90075,15.95079,16.00119,16.05186,16.10298,16.15446,16.206210000000002
15.976709999999999,15.89472,15.81219,15.729120000000002,15.6456,15.561630000000001,15.477030000000001,15.39189,15.306119999999998,15.219810000000003,15.132959999999999,15.04539,14.957279999999999,14.86845,14.7789,14.688719999999998,14.59782,14.50611,14.413590000000001,14.320350000000001,14.2263,14.13135,14.0355,13.93884,13.84119,13.742550000000001,13.64283,13.54221,13.44042,13.33755,13.23351,13.1283,13.02192,12.91419,12.8052,12.69486,12.583079999999999,12.46986,12.35529,12.2391,12.12138,12.00213,11.881170000000001,11.75859,11.63439,11.50848,11.38086,11.251619999999999,11.120669999999999,10.988010000000001,10.853819999999999,10.71801,10.580850000000002,10.44243,10.30275,10.16217,10.02087,9.87921,9.73755,9.59634,9.45603,9.317340000000002,9.180900000000001,9.04743,8.918019000000001,8.793522000000001,8.675055,8.563761000000001,8.460863999999999,8.36757,8.285076,8.214525,8.156898,8.11305,8.083584,8.068851,8.068905,8.083539,8.112231000000001,8.154225,8.20854,8.27406,8.349534,8.433666,8.525160000000001,8.622729,8.725194,8.831412,8.940366000000001,9.051120000000001,9.16299,9.27504,9.38691,9.49797,9.60777,9.716040000000001,9.822420000000001,9.926730000000001,10.02879,10.12842,10.225620000000001,10.32012,10.4121,10.501380000000001,10.58796,10.67202,10.75338,10.832130000000001,10.90836,10.98216,11.05335,11.122200000000001,11.18871,11.25288,11.3148,11.37456,11.432160000000001,11.487689999999999,11.54115,11.592720000000002,11.64222,11.69001,11.73591,11.78001,11.8224,11.86308,11.902140000000001,11.93967,11.97558,12.009960000000001,12.042900000000001,12.0744,12.104460000000001,12.13317,12.16053,12.18663,12.21147,12.234960000000001,12.257370000000002,12.27852,12.298499999999999,12.317400000000001,12.335130000000001,12.35178,12.36744,12.38202,12.395520000000001,12.40812,12.41973,12.43044,12.44016,12.44898,12.4569,12.463920000000002,12.470130000000001,12.475530000000001,12.48003,12.48381,12.48678,12.48903,12.49047,12.49119,12.49119,12.49047,12.48912,12.48705,12.48435,12.481020000000001,12.47706,12.47247,12.46734,12.46158,12.45528,12.44844,12.44106,12.43314,12.42468,12.41577,12.406320000000001,12.39651,12.38616,12.37545,12.36429,12.35268,12.34071,12.32829,12.3156,12.30246,12.289050000000001,12.27528,12.26124,12.24684,12.23217,12.21723,12.202020000000001,12.186539999999999,12.17088,12.15495,12.138750000000002,12.12246,12.1059,12.08925,12.072330000000001,12.05532,12.03813,12.020850000000001,12.00348,11.98593,11.96829,11.95065,11.93283,11.915009999999999,11.8971,11.8791,11.86119,11.84319,11.825099999999999,11.8071,11.789100000000001,11.77101,11.75301,11.7351,11.7171,11.69928,11.681370000000001,11.663640000000001,11.64591,11.628269999999999,11.61072,11.593259999999999,11.57589,11.55861,11.54142,11.52441,11.507489999999999,11.49075,11.4741,11.45763,11.44125,11.425139999999999,11.40912,11.39328,11.37771,11.36223,11.347019999999999,11.331990000000001,11.31723,11.30265,11.288250000000001,11.27412,11.26026,11.24667,11.233350000000002,11.220210000000002,11.20743,11.194920000000002,11.182680000000001,11.170800000000002,11.15919,11.14785,11.13687,11.12625,11.11599,11.106,11.09637,11.087100000000001,11.0781,11.06955,11.06136,11.05353,11.04597,11.03886,11.03211,11.02581,11.019779999999999,11.01411,11.008890000000001,11.00394,10.99944,10.9953,10.99143,10.988010000000001,10.984950000000001,10.98216,10.97973,10.97766,10.97595,10.97451,10.97343,10.972620000000001,10.97208,10.971900000000002,10.97199,10.97235,10.97298,10.97388,10.97505,10.97649,10.978110000000001,10.98,10.98207,10.98441,10.986930000000001,10.98963,10.992510000000001,10.99557,10.9989,11.002320000000001,11.00592,11.0097,11.01366,11.01771,11.02194,11.02635,11.030850000000001,11.03553,11.0403,11.04516,11.0502,11.05533,11.060640000000001,11.06595,11.07144,11.077110000000001,11.08278,11.08863,11.094660000000001,11.10069,11.1069,11.1132,11.11959,11.126159999999999,11.13282,11.13966,11.14659,11.153609999999999,11.1609,11.168190000000001,11.17566,11.18331,11.19114,11.199060000000001,11.20725,11.215530000000001,11.22399,11.23272,11.24154,11.250630000000001,11.2599,11.26944,11.279160000000001,11.28915,11.29932,11.309849999999999,11.32056,11.33154,11.34288,11.3544,11.366280000000001,11.37852,11.39103,11.40381,11.417040000000002,11.43054,11.4444,11.45853,11.47311,11.48805,11.50344,11.5191,11.535210000000001,11.551680000000001,11.5686,11.585790000000001,11.60352,11.62152,11.64006,11.65887,11.67813,11.697840000000001,11.71782,11.73825,11.75913,11.78028,11.80188,11.82384,11.846070000000001,11.86875,11.8917,11.915009999999999,11.93868,11.962620000000001,11.98683,12.01131,12.036150000000001,12.06117,12.086459999999999,12.111930000000001,12.13767,12.163590000000001,12.18969,12.21597,12.24243,12.268979999999999,12.29571,12.32244,12.349350000000001,12.37635,12.40335,12.43044,12.45753,12.484620000000001,12.5118,12.53889,12.56598,12.59298,12.61998,12.646889999999999,12.67371,12.70035,12.72699,12.75345,12.77982,12.80601,12.83211,12.857940000000001,12.883680000000002,12.90915,12.93453,12.95964,12.98448,13.00914,13.03353,13.057739999999999,13.08168,13.105350000000001,13.12875,13.15188,13.174650000000002,13.19724,13.21956,13.24152,13.26312,13.28454,13.3056,13.3263,13.34673,13.36689,13.38669,13.40613,13.4253,13.44411,13.46256,13.48074,13.498560000000001,13.51602,13.53321,13.550040000000001,13.5666,13.58271,13.598640000000001,13.61412,13.629420000000001,13.64427,13.658940000000001,13.673250000000001,13.6872,13.70097,13.71438,13.72752,13.74039,13.75299,13.765320000000001,13.77747,13.78935,13.80096,13.812389999999999,13.823550000000001,13.834620000000001,13.84542,13.85613,13.86657,13.87692,13.887179999999999,13.89735,13.907340000000001,13.91733,13.92723,13.93713,13.946940000000001,13.956750000000001,13.96665,13.976550000000001,13.98645,13.99653,14.00661,14.016869999999999,14.02731,14.03793,14.04873,14.05971,14.07096,14.08248,14.09427,14.10642,14.11893,14.1318,14.14503,14.15871,14.17284,14.18742,14.20254,14.218110000000001,14.23422,14.25087,14.26815,14.28606,14.30451,14.323680000000001,14.343480000000001,14.363909999999999,14.38506,14.406930000000001,14.429520000000002,14.452739999999999,14.47686,14.50161,14.527170000000002,14.553450000000002,14.580540000000001,14.608350000000002,14.637060000000002,14.6664,14.69664,14.7276,14.75937,14.791860000000002,14.82516,14.859180000000002,14.89392,14.92947,14.965829999999999,15.00282,15.04053,15.07896,15.11811,15.157889999999998,15.19839,15.23952,15.281279999999999,15.32367,15.366600000000002,15.41025,15.454350000000002,15.49908,15.54435,15.59016,15.63642,15.683219999999999,15.73047,15.778170000000001,15.82632,15.87492,15.92388,15.97329,16.02306,16.07319,16.12359,16.17444,16.22556
15.960329999999999,15.878520000000002,15.796260000000002,15.71346,15.630300000000002,15.546510000000001,15.46227,15.377489999999998,15.29208,15.206220000000002,15.119730000000002,15.03261,14.94486,14.856570000000001,14.767560000000001,14.677920000000002,14.587560000000002,14.49648,14.404679999999999,14.31207,14.21874,14.124600000000001,14.02965,13.9338,13.83705,13.7394,13.64076,13.541220000000001,13.4406,13.338989999999999,13.23639,13.13253,13.02768,12.921570000000001,12.8142,12.70566,12.59586,12.4848,12.372300000000001,12.25854,12.14325,12.02661,11.90862,11.789010000000001,11.66805,11.54556,11.42163,11.29626,11.169540000000001,11.04138,10.91187,10.78119,10.64943,10.516680000000001,10.38312,10.24902,10.114650000000001,9.98028,9.84618,9.71298,9.58104,9.45099,9.32346,9.199259999999999,9.07911,8.963874,8.854596,8.75223,8.657811,8.572374,8.496909,8.432361,8.379531,8.339103,8.311563000000001,8.297181,8.296002,8.307837000000001,8.332263000000001,8.368659000000001,8.416215000000001,8.473995,8.540964,8.616024,8.698059,8.785989,8.878752,8.975349,9.07488,9.17649,9.279449999999999,9.383130000000001,9.4869,9.59022,9.692820000000001,9.79425,9.894240000000002,9.99252,10.08891,10.18323,10.27548,10.36539,10.45305,10.53828,10.62117,10.70172,10.77984,10.85553,10.92897,10.99998,11.06883,11.135340000000001,11.19969,11.26188,11.32191,11.37987,11.43585,11.48976,11.54187,11.592,11.64033,11.686860000000001,11.73168,11.774700000000001,11.8161,11.85597,11.89413,11.93076,11.965950000000001,11.99961,12.031920000000001,12.06279,12.092220000000001,12.12039,12.147210000000001,12.17277,12.19716,12.2202,12.24216,12.26295,12.28257,12.30102,12.318480000000001,12.334769999999999,12.35007,12.36438,12.3777,12.389940000000001,12.40128,12.41172,12.42126,12.42981,12.43755,12.44439,12.450330000000001,12.455549999999999,12.45987,12.463470000000001,12.46626,12.46833,12.46959,12.470220000000001,12.470040000000001,12.46923,12.4677,12.46554,12.462660000000001,12.459150000000001,12.4551,12.450420000000001,12.44511,12.43926,12.43287,12.42585,12.418379999999999,12.41037,12.40182,12.39282,12.38337,12.373380000000001,12.36303,12.35223,12.34098,12.329279999999999,12.31731,12.30489,12.29211,12.278970000000001,12.26547,12.2517,12.237570000000002,12.223170000000001,12.208499999999999,12.193560000000002,12.17835,12.16296,12.1473,12.13137,12.11526,12.098970000000001,12.082590000000001,12.06594,12.04911,12.03219,12.015179999999999,11.99799,11.98071,11.96334,11.945879999999999,11.92833,11.91069,11.893049999999999,11.87532,11.85759,11.83986,11.82213,11.804310000000001,11.78658,11.76876,11.75103,11.73339,11.71575,11.69811,11.680560000000002,11.6631,11.64564,11.628269999999999,11.61108,11.59389,11.576789999999999,11.55987,11.54304,11.5263,11.50974,11.49327,11.476980000000001,11.46078,11.44485,11.42901,11.413260000000001,11.39778,11.38248,11.36736,11.35242,11.337660000000001,11.323170000000001,11.308860000000001,11.29473,11.28087,11.26728,11.253870000000001,11.240820000000001,11.22795,11.215259999999999,11.20293,11.19087,11.17908,11.16765,11.156400000000001,11.145510000000002,11.13498,11.12472,11.11473,11.1051,11.09583,11.08683,11.078190000000001,11.06991,11.06199,11.05434,11.04705,11.04012,11.03355,11.027339999999999,11.02149,11.016,11.010869999999999,11.00601,11.001510000000001,10.99746,10.99368,10.990169999999999,10.987110000000001,10.98432,10.9818,10.97973,10.97784,10.9764,10.97514,10.97424,10.97361,10.97325,10.97325,10.97343,10.97388,10.97469,10.97559,10.97685,10.978290000000001,10.98,10.98189,10.98405,10.98639,10.988909999999999,10.9917,10.994580000000001,10.99773,11.00097,11.004480000000001,11.00808,11.01186,11.01591,11.019960000000001,11.024280000000001,11.02869,11.03328,11.03796,11.04282,11.04786,11.052990000000001,11.058209999999999,11.06361,11.069189999999999,11.074770000000001,11.08062,11.08656,11.092590000000001,11.0988,11.1051,11.11158,11.11824,11.12499,11.13183,11.13885,11.146049999999999,11.15334,11.16081,11.16846,11.176290000000002,11.18421,11.192400000000001,11.20068,11.20914,11.21787,11.22669,11.23578,11.24505,11.2545,11.26422,11.27412,11.28429,11.29473,11.30535,11.31624,11.327490000000001,11.338920000000002,11.350620000000001,11.36259,11.37492,11.38752,11.40048,11.41371,11.427299999999999,11.44116,11.45538,11.46996,11.4849,11.500200000000001,11.515860000000002,11.531880000000001,11.54826,11.56509,11.58219,11.59974,11.617650000000001,11.63592,11.65455,11.673630000000001,11.69307,11.71287,11.73303,11.75355,11.77452,11.795760000000001,11.81736,11.83932,11.861640000000001,11.88432,11.90727,11.93049,11.95407,11.97801,12.00213,12.02652,12.05118,12.07611,12.10131,12.1266,12.15216,12.177990000000001,12.20391,12.23001,12.2562,12.28257,12.30903,12.33567,12.36231,12.38904,12.41586,12.442680000000001,12.46959,12.4965,12.52332,12.550229999999999,12.577050000000002,12.60387,12.630600000000001,12.65724,12.68388,12.71034,12.736799999999999,12.76308,12.78918,12.815190000000001,12.84102,12.866760000000001,12.89223,12.91761,12.942720000000001,12.96765,12.9924,13.01697,13.04118,13.0653,13.08906,13.112639999999999,13.13595,13.158990000000001,13.18176,13.20426,13.22649,13.24836,13.270050000000001,13.29138,13.31244,13.33314,13.353660000000001,13.37373,13.39362,13.41306,13.432319999999999,13.451220000000001,13.46976,13.48803,13.50594,13.523579999999999,13.54086,13.55787,13.57461,13.590900000000001,13.60701,13.62276,13.638240000000001,13.653360000000001,13.66821,13.682789999999999,13.697099999999999,13.71105,13.724820000000001,13.73832,13.751460000000002,13.76442,13.77711,13.78962,13.80186,13.813920000000001,13.82571,13.83732,13.848749999999999,13.86009,13.87116,13.88214,13.89303,13.90374,13.91436,13.92489,13.93542,13.945770000000001,13.95621,13.96656,13.97691,13.98735,13.99779,14.00832,14.018939999999999,14.02965,14.04045,14.05143,14.06259,14.07393,14.08545,14.097330000000001,14.10939,14.12172,14.13441,14.14746,14.160779999999999,14.17455,14.18877,14.20335,14.21838,14.23386,14.24988,14.26644,14.28354,14.30118,14.31936,14.33826,14.35761,14.37768,14.398470000000001,14.419799999999999,14.441850000000002,14.46462,14.48802,14.51223,14.53707,14.562720000000002,14.589,14.616090000000002,14.6439,14.672520000000002,14.70186,14.73192,14.762789999999999,14.794289999999998,14.826690000000001,14.85972,14.89347,14.928030000000001,14.963310000000002,14.999220000000001,15.035940000000002,15.073290000000002,15.111360000000001,15.150060000000002,15.18948,15.229440000000002,15.27012,15.31143,15.353280000000002,15.395850000000001,15.43887,15.482520000000001,15.52671,15.57135,15.616620000000001,15.66234,15.70851,15.755220000000001,15.80229,15.849900000000002,15.897870000000001,15.94629,15.995070000000002,16.04421,16.09371,16.14357,16.19379,16.24428
15.944310000000002,15.86277,15.780779999999998,15.69825,15.61536,15.531930000000001,15.44796,15.363539999999999,15.27858,15.19299,15.10695,15.02028,14.933070000000003,14.845230000000003,14.75676,14.66766,14.577840000000002,14.487390000000001,14.396310000000001,14.30442,14.211810000000002,14.118480000000002,14.02434,13.929300000000001,13.83354,13.73688,13.63932,13.54095,13.441500000000001,13.341149999999999,13.2399,13.137480000000002,13.03407,12.92958,12.824010000000001,12.71736,12.60945,12.50037,12.39012,12.278609999999999,12.16593,12.0519,11.9367,11.82015,11.70234,11.58327,11.46294,11.34144,11.21877,11.09493,10.9701,10.844370000000001,10.71783,10.590570000000001,10.462950000000001,10.33497,10.207080000000001,10.079550000000001,9.95265,9.82692,9.702810000000001,9.580770000000001,9.46143,9.34551,9.233730000000001,9.126900000000001,9.025830000000001,8.931357,8.844399,8.765811,8.696448,8.637057,8.588331,8.550801,8.524872,8.510742,8.508456,8.517843000000001,8.538552000000001,8.570061,8.611704,8.662689,8.722161,8.789184,8.862804,8.942076,9.0261,9.11394,9.20484,9.29799,9.39276,9.48852,9.58473,9.680850000000001,9.77661,9.87147,9.96534,10.05777,10.148760000000001,10.237950000000001,10.32534,10.41084,10.49427,10.57554,10.65474,10.73187,10.806750000000001,10.879470000000001,10.95003,11.01852,11.08485,11.14902,11.21121,11.271419999999999,11.32956,11.385720000000001,11.44008,11.49246,11.54304,11.59191,11.63898,11.68425,11.7279,11.76993,11.81034,11.84922,11.88657,11.92239,11.95677,11.989799999999999,12.0213,12.05154,12.080430000000002,12.10797,12.13425,12.159360000000001,12.183209999999999,12.2058,12.227310000000001,12.24765,12.26691,12.285,12.302100000000001,12.31812,12.33306,12.34701,12.36006,12.37203,12.3831,12.393270000000001,12.40254,12.41091,12.418379999999999,12.425040000000001,12.4308,12.43575,12.43989,12.44331,12.44592,12.44781,12.44889,12.44934,12.44898,12.447989999999999,12.44637,12.444030000000001,12.44106,12.43746,12.43323,12.428370000000001,12.422970000000001,12.41694,12.41046,12.40335,12.3957,12.387599999999999,12.378960000000001,12.36987,12.360330000000001,12.35025,12.33981,12.32892,12.31758,12.30588,12.293730000000002,12.28122,12.26844,12.25521,12.241710000000001,12.22794,12.21381,12.19941,12.184650000000001,12.16971,12.1545,12.13911,12.12345,12.107520000000001,12.0915,12.0753,12.05883,12.04227,12.025530000000002,12.008700000000001,11.99178,11.97468,11.95749,11.94021,11.922930000000001,11.905560000000001,11.8881,11.87064,11.85309,11.835540000000002,11.81799,11.80044,11.78289,11.76543,11.74788,11.730509999999999,11.71305,11.695680000000001,11.678400000000002,11.661209999999999,11.64402,11.62692,11.610000000000001,11.59308,11.57634,11.55969,11.54313,11.52666,11.510370000000002,11.49426,11.478240000000001,11.4624,11.44665,11.43117,11.415780000000002,11.40057,11.38554,11.37069,11.356020000000001,11.34162,11.3274,11.31336,11.2995,11.28591,11.2725,11.259360000000001,11.24649,11.2338,11.22147,11.20932,11.19744,11.18574,11.1744,11.16333,11.15253,11.142090000000001,11.13183,11.121929999999999,11.11239,11.10312,11.09412,11.08539,11.077110000000001,11.0691,11.06136,11.05398,11.04696,11.04021,11.03382,11.02779,11.02203,11.016630000000001,11.01159,11.00682,11.00241,10.99836,10.994580000000001,10.99116,10.988010000000001,10.98522,10.9827,10.98054,10.97865,10.977030000000001,10.97577,10.97478,10.973970000000001,10.97352,10.97334,10.97343,10.9737,10.97433,10.97514,10.976130000000001,10.97748,10.97901,10.98072,10.9827,10.98486,10.9872,10.98981,10.992510000000001,10.99548,10.99863,11.00196,11.00547,11.00916,11.01303,11.01699,11.02122,11.025540000000001,11.03004,11.03472,11.03949,11.04444,11.049570000000001,11.05488,11.060279999999999,11.06586,11.071620000000001,11.07747,11.083499999999999,11.08962,11.09592,11.102400000000001,11.109060000000001,11.11581,11.12274,11.129850000000001,11.137139999999999,11.14452,11.15208,11.159820000000002,11.16774,11.17584,11.18412,11.19258,11.201220000000001,11.210130000000001,11.21913,11.2284,11.23785,11.24748,11.257380000000001,11.26746,11.27781,11.28843,11.299230000000001,11.3103,11.32164,11.33325,11.345130000000001,11.35728,11.3697,11.382390000000001,11.39544,11.40876,11.42244,11.436390000000001,11.450700000000001,11.46528,11.480220000000001,11.49552,11.511180000000001,11.5272,11.54349,11.56023,11.57733,11.5947,11.61252,11.63061,11.64915,11.66805,11.68722,11.70684,11.72682,11.747160000000001,11.76777,11.788829999999999,11.810160000000002,11.83185,11.8539,11.87622,11.898810000000001,11.92185,11.94507,11.96865,11.99241,12.01653,12.04083,12.0654,12.09024,12.11526,12.140460000000001,12.16593,12.19149,12.21732,12.24324,12.269250000000001,12.295440000000001,12.32172,12.348180000000001,12.37464,12.40119,12.42774,12.45438,12.481020000000001,12.507750000000001,12.53439,12.56103,12.587670000000001,12.614220000000001,12.64077,12.66723,12.6936,12.71997,12.74616,12.77226,12.79818,12.824010000000001,12.84966,12.87522,12.90051,12.92571,12.95073,12.97548,13.00005,13.02444,13.04865,13.07259,13.09626,13.119750000000002,13.142970000000002,13.16592,13.188600000000001,13.21101,13.23315,13.25511,13.27671,13.29804,13.3191,13.3398,13.36032,13.38048,13.40028,13.4199,13.43916,13.45815,13.47678,13.495140000000001,13.51323,13.53096,13.54842,13.565520000000001,13.58235,13.59891,13.6152,13.63113,13.646790000000001,13.66218,13.677299999999999,13.69206,13.70664,13.72095,13.734990000000002,13.74876,13.76226,13.775580000000001,13.788630000000001,13.801409999999999,13.814010000000001,13.82643,13.83867,13.85073,13.86261,13.874310000000001,13.88583,13.89726,13.908600000000002,13.91976,13.93083,13.9419,13.95288,13.96377,13.97466,13.98555,13.996440000000002,14.007420000000002,14.018400000000002,14.02947,14.04054,14.05179,14.063130000000001,14.07465,14.086350000000001,14.098230000000001,14.110380000000001,14.122710000000001,14.13531,14.14818,14.16132,14.17491,14.18877,14.20299,14.21757,14.23269,14.24817,14.264100000000001,14.28057,14.297490000000002,14.31495,14.33295,14.35149,14.37057,14.39028,14.410620000000002,14.43159,14.453190000000001,14.47542,14.498370000000001,14.52195,14.546160000000002,14.571180000000002,14.596829999999999,14.6232,14.650289999999998,14.6781,14.706629999999999,14.735880000000002,14.765850000000002,14.79654,14.827950000000001,14.86008,14.89293,14.9265,14.960790000000001,14.9958,15.03144,15.067800000000002,15.104790000000001,15.1425,15.18084,15.219810000000003,15.259409999999999,15.299640000000002,15.340500000000002,15.381900000000002,15.423929999999999,15.4665,15.50961,15.553260000000002,15.59745,15.64209,15.68727,15.732900000000003,15.779069999999999,15.8256,15.87258,15.920010000000001,15.9678,16.01604,16.06464,16.11351,16.16283,16.21242,16.26237
15.92865,15.847380000000001,15.765659999999999,15.683490000000003,15.600869999999999,15.517710000000001,15.4341,15.350039999999998,15.265440000000002,15.1803,15.094619999999999,15.008490000000002,14.92173,14.834340000000001,14.74641,14.65785,14.568660000000001,14.478839999999998,14.38839,14.29722,14.20542,14.11281,14.01957,13.92543,13.83066,13.734990000000002,13.63851,13.541220000000001,13.44303,13.34394,13.24395,13.14306,13.04118,12.93831,12.83445,12.729510000000001,12.62358,12.51657,12.408570000000001,12.2994,12.18915,12.07773,11.96523,11.85165,11.73699,11.62134,11.50452,11.3868,11.268089999999999,11.148480000000001,11.02815,10.90719,10.78569,10.663739999999999,10.541699999999999,10.41966,10.29789,10.17675,10.0566,9.9378,9.82089,9.706230000000001,9.59445,9.48609,9.381960000000001,9.2826,9.18882,9.10134,9.02097,8.948349,8.884278,8.82936,8.784153,8.749098,8.72451,8.710560000000001,8.707275,8.714502,8.731944,8.759169,8.795619,8.840628,8.893467,8.953344,9.01944,9.090900000000001,9.167040000000002,9.24696,9.32994,9.41535,9.50256,9.59094,9.68004,9.76941,9.858690000000001,9.94743,10.035359999999999,10.122300000000001,10.20807,10.29231,10.375110000000001,10.4562,10.53549,10.61298,10.688580000000002,10.76229,10.833929999999999,10.90377,10.971540000000001,11.03733,11.10123,11.163240000000002,11.22327,11.281410000000001,11.337660000000001,11.39211,11.44476,11.495610000000001,11.54475,11.592270000000001,11.63799,11.68209,11.72466,11.76561,11.80503,11.84301,11.879460000000002,11.914470000000001,11.94804,11.980260000000001,12.011130000000001,12.040740000000001,12.06891,12.09591,12.12165,12.14622,12.16953,12.19176,12.21282,12.23271,12.251520000000001,12.269250000000001,12.28599,12.30165,12.31632,12.32991,12.342600000000001,12.35439,12.36519,12.37509,12.38409,12.39219,12.39939,12.40578,12.41136,12.41613,12.42009,12.42333,12.42567,12.42738,12.428370000000001,12.42855,12.428099999999999,12.42693,12.425040000000001,12.422609999999999,12.41946,12.41568,12.41136,12.406410000000001,12.400830000000001,12.39471,12.38805,12.38085,12.37311,12.36483,12.3561,12.34692,12.337200000000001,12.32703,12.316500000000001,12.305520000000001,12.29409,12.282300000000001,12.27006,12.25755,12.24459,12.23136,12.21777,12.20391,12.18978,12.17529,12.16062,12.14559,12.130379999999999,12.1149,12.09924,12.083400000000001,12.067380000000002,12.05118,12.0348,12.01824,12.00159,11.98485,11.96793,11.95092,11.933910000000001,11.91672,11.89953,11.88225,11.86497,11.8476,11.83032,11.81295,11.79558,11.7783,11.76093,11.74365,11.726460000000001,11.709270000000002,11.692079999999999,11.675070000000002,11.65806,11.64114,11.624310000000001,11.607569999999999,11.59092,11.57445,11.55798,11.54169,11.525580000000001,11.50956,11.49372,11.47797,11.4624,11.44692,11.43171,11.416590000000001,11.40165,11.386980000000001,11.372399999999999,11.357999999999999,11.34387,11.329920000000001,11.31615,11.302560000000001,11.28924,11.2761,11.26314,11.25054,11.23803,11.22588,11.21391,11.20221,11.19078,11.17953,11.16864,11.15802,11.147580000000001,11.137500000000001,11.127690000000001,11.11815,11.10888,11.09988,11.09124,11.08287,11.074770000000001,11.067029999999999,11.05956,11.05245,11.04561,11.03904,11.032829999999999,11.02698,11.0214,11.01609,11.011140000000001,11.00646,11.00214,10.998090000000001,10.994399999999999,10.99098,10.98783,10.985040000000001,10.982520000000001,10.98027,10.978290000000001,10.97658,10.97523,10.974060000000001,10.97325,10.972620000000001,10.97235,10.97226,10.972439999999999,10.972800000000001,10.97352,10.97442,10.9755,10.97685,10.97847,10.98027,10.98225,10.98441,10.986839999999999,10.98945,10.99224,10.9953,10.99845,11.00187,11.005379999999999,11.00916,11.01303,11.01717,11.0214,11.02581,11.03049,11.035260000000001,11.04021,11.045250000000001,11.050559999999999,11.05596,11.06163,11.067390000000001,11.07333,11.07945,11.085659999999999,11.09214,11.098709999999999,11.10555,11.112480000000001,11.11959,11.126880000000002,11.13435,11.142000000000001,11.14983,11.15784,11.166120000000001,11.17449,11.18304,11.19186,11.20086,11.210040000000001,11.2194,11.22903,11.238840000000001,11.24892,11.259179999999999,11.26971,11.28042,11.2914,11.30265,11.31417,11.32596,11.33793,11.35026,11.36277,11.37564,11.38878,11.402280000000001,11.41596,11.43,11.4444,11.45907,11.4741,11.4894,11.50506,11.52108,11.537370000000001,11.55402,11.57103,11.5884,11.60613,11.62413,11.64249,11.6613,11.68038,11.69982,11.71962,11.739690000000001,11.76012,11.78091,11.80206,11.82348,11.845260000000001,11.8674,11.88972,11.912400000000002,11.93544,11.95866,11.982149999999999,12.006,12.03003,12.05424,12.07881,12.10347,12.128400000000001,12.15351,12.17889,12.20436,12.229920000000002,12.25575,12.28167,12.307680000000001,12.33378,12.35997,12.38625,12.41262,12.439079999999999,12.46545,12.492,12.51846,12.544920000000001,12.57138,12.59784,12.62421,12.650490000000001,12.676770000000001,12.702960000000001,12.72906,12.75507,12.780990000000001,12.80682,12.83247,12.857940000000001,12.88332,12.908520000000001,12.93354,12.95838,12.983039999999999,13.007430000000001,13.03173,13.05576,13.07961,13.103190000000001,13.12659,13.14972,13.17258,13.195260000000001,13.21758,13.23972,13.26159,13.283190000000001,13.30452,13.32549,13.34628,13.366800000000001,13.38696,13.40685,13.42647,13.44582,13.4649,13.48362,13.50207,13.52025,13.53807,13.55571,13.572989999999999,13.59,13.60665,13.62312,13.63932,13.65516,13.67073,13.686119999999999,13.70115,13.716000000000001,13.73049,13.7448,13.75893,13.7727,13.78629,13.7997,13.81293,13.82589,13.83867,13.85127,13.86369,13.87593,13.88808,13.90005,13.91184,13.923630000000001,13.93524,13.94685,13.95828,13.969800000000001,13.98114,13.99257,14.003910000000001,14.01534,14.02677,14.03829,14.04981,14.06142,14.073210000000001,14.085090000000001,14.097150000000001,14.1093,14.12172,14.13432,14.14719,14.16024,14.17365,14.187330000000001,14.20128,14.21559,14.230350000000001,14.24538,14.26086,14.27679,14.29317,14.31,14.32728,14.3451,14.363370000000002,14.38227,14.40171,14.421690000000002,14.442300000000001,14.46345,14.48523,14.507639999999999,14.530769999999999,14.554440000000001,14.57883,14.603940000000001,14.629589999999999,14.656050000000002,14.68314,14.710950000000002,14.739389999999998,14.768550000000001,14.79843,14.829030000000001,14.860259999999998,14.8923,14.924880000000002,14.95827,14.99229,15.02703,15.0624,15.0984,15.13512,15.17247,15.210360000000001,15.248970000000002,15.28821,15.32799,15.368400000000001,15.409440000000002,15.45093,15.493050000000002,15.535710000000002,15.57882,15.62247,15.66666,15.711300000000001,15.756480000000002,15.80202,15.848009999999999,15.894449999999999,15.941339999999999,15.98859,16.03629,16.08426,16.13268,16.181369999999998,16.23042,16.27974
15.91353,15.83244,15.750990000000002,15.66909,15.58674,15.503940000000002,15.42069,15.33699,15.252750000000002,15.16806,15.082830000000001,14.99706,14.91075,14.8239,14.736509999999999,14.648579999999999,14.560020000000002,14.470830000000001,14.38101,14.29056,14.199480000000001,14.10768,14.01525,13.9221,13.82823,13.73355,13.63815,13.54203,13.44501,13.34727,13.24863,13.14909,13.04874,12.94749,12.84534,12.742289999999999,12.638250000000001,12.53331,12.42738,12.32055,12.21264,12.10392,11.99412,11.883510000000001,11.77191,11.659410000000001,11.546100000000001,11.43207,11.31723,11.20176,11.08575,10.96929,10.85265,10.73574,10.61901,10.50255,10.38663,10.27152,10.157670000000001,10.045350000000001,9.93501,9.82719,9.72225,9.62082,9.52353,9.43092,9.34362,9.26235,9.187740000000002,9.120420000000001,9.061020000000001,9.00999,8.96778,8.934831,8.911377,8.897553,8.893350000000002,8.89866,8.913222,8.936676,8.968545,9.008280000000001,9.05526,9.10872,9.16812,9.23265,9.301590000000001,9.374220000000001,9.45009,9.5283,9.60858,9.69012,9.77265,9.85563,9.938790000000001,10.02168,10.104120000000002,10.18575,10.26648,10.34604,10.424339999999999,10.501199999999999,10.57653,10.65024,10.722330000000001,10.79271,10.86129,10.92816,10.99323,11.0565,11.117970000000001,11.17764,11.2356,11.29176,11.34612,11.39886,11.44989,11.49921,11.54691,11.59299,11.637450000000001,11.68038,11.72178,11.761650000000001,11.800080000000001,11.83707,11.872620000000001,11.90682,11.93967,11.97108,12.00132,12.03021,12.05784,12.08421,12.10941,12.13344,12.15621,12.177990000000001,12.19851,12.21804,12.2364,12.25377,12.27015,12.285449999999999,12.29976,12.313080000000001,12.3255,12.33693,12.34746,12.357000000000001,12.36573,12.37365,12.38067,12.38679,12.392100000000001,12.396690000000001,12.40047,12.40344,12.405600000000002,12.40713,12.40785,12.40794,12.40722,12.40587,12.40389,12.40128,12.39795,12.39408,12.38949,12.384360000000001,12.378689999999999,12.37248,12.365639999999999,12.358260000000001,12.35043,12.34206,12.33315,12.323789999999999,12.31407,12.30381,12.2931,12.28194,12.270420000000001,12.25854,12.2463,12.23361,12.220650000000001,12.20733,12.193650000000002,12.1797,12.16548,12.15099,12.136230000000001,12.1212,12.10599,12.09051,12.07485,12.05892,12.042900000000001,12.0267,12.01032,11.99385,11.9772,11.960550000000001,11.943719999999999,11.9268,11.909790000000001,11.89269,11.87559,11.85849,11.8413,11.824110000000001,11.80692,11.78982,11.772630000000001,11.75544,11.73834,11.72133,11.70432,11.6874,11.67048,11.653649999999999,11.637,11.62035,11.60388,11.58741,11.57112,11.555010000000001,11.5389,11.523060000000001,11.50722,11.49165,11.476170000000002,11.46078,11.44566,11.430629999999999,11.41587,11.4012,11.386709999999999,11.372399999999999,11.358360000000001,11.344410000000002,11.33073,11.31723,11.30391,11.29077,11.2779,11.2653,11.252790000000001,11.240639999999999,11.228670000000001,11.216880000000002,11.20536,11.19411,11.18313,11.17233,11.1618,11.151539999999999,11.14155,11.13183,11.12238,11.1132,11.104199999999999,11.09556,11.08728,11.079180000000001,11.07135,11.063880000000001,11.05668,11.04975,11.04309,11.03679,11.030759999999999,11.025,11.0196,11.014380000000001,11.00952,11.00502,11.0007,10.99674,10.99305,10.98963,10.98648,10.983600000000001,10.98108,10.97874,10.97676,10.97505,10.97352,10.97235,10.97136,10.970640000000001,10.97019,10.97001,10.97001,10.97028,10.97082,10.971540000000001,10.97253,10.9737,10.97514,10.97676,10.97856,10.98063,10.982880000000002,10.9854,10.988010000000001,10.99089,10.99395,10.99719,11.00061,11.0043,11.00808,11.012129999999999,11.01627,11.02068,11.02518,11.02995,11.0349,11.039940000000001,11.045250000000001,11.050740000000001,11.056410000000001,11.06217,11.068200000000001,11.07441,11.0808,11.08737,11.09412,11.10105,11.10816,11.115450000000001,11.12292,11.13066,11.138580000000001,11.14659,11.154869999999999,11.16342,11.17206,11.18097,11.19006,11.19942,11.20896,11.218679999999999,11.228670000000001,11.238840000000001,11.24928,11.25999,11.27088,11.28204,11.293379999999999,11.30508,11.316960000000002,11.32911,11.34162,11.35431,11.36727,11.38059,11.39409,11.40795,11.422080000000001,11.43657,11.451329999999999,11.46636,11.48175,11.49741,11.51343,11.529810000000001,11.54646,11.56347,11.58075,11.59839,11.61639,11.63466,11.65338,11.67228,11.69163,11.71125,11.731230000000002,11.75157,11.77218,11.79306,11.814300000000001,11.8359,11.85777,11.87991,11.90232,11.92509,11.94804,11.971350000000001,11.99484,12.0186,12.042629999999999,12.066840000000001,12.09132,12.11589,12.140820000000001,12.16584,12.191040000000001,12.216420000000001,12.24189,12.26754,12.293280000000001,12.3192,12.34512,12.37122,12.39732,12.42351,12.44979,12.47607,12.502350000000002,12.52863,12.55491,12.581190000000001,12.607470000000001,12.63366,12.65985,12.68586,12.71196,12.73788,12.763710000000001,12.78945,12.81501,12.840480000000001,12.865860000000001,12.89106,12.916080000000001,12.94101,12.96567,12.99024,13.01454,13.03875,13.06269,13.08636,13.10985,13.13316,13.1562,13.17906,13.20165,13.223970000000001,13.246020000000001,13.267890000000001,13.2894,13.31073,13.33179,13.35258,13.3731,13.39326,13.413240000000002,13.43286,13.4523,13.47138,13.49019,13.50882,13.52709,13.54509,13.56273,13.58019,13.597380000000001,13.61421,13.63086,13.647150000000002,13.663260000000001,13.6791,13.69467,13.70997,13.725,13.73985,13.754430000000001,13.768740000000001,13.782869999999999,13.79682,13.810500000000001,13.824,13.83732,13.85046,13.863420000000001,13.876199999999999,13.88889,13.9014,13.91373,13.92606,13.93821,13.95027,13.962240000000001,13.97421,13.98609,13.99797,14.00985,14.021730000000002,14.033520000000001,14.04549,14.05746,14.06952,14.08158,14.093820000000001,14.106240000000001,14.11875,14.13144,14.144309999999999,14.157449999999999,14.170770000000001,14.184270000000001,14.19813,14.21226,14.22675,14.24151,14.25663,14.272110000000001,14.28804,14.30433,14.32107,14.33826,14.3559,14.37408,14.39271,14.411880000000002,14.43159,14.45184,14.47263,14.494050000000001,14.516010000000001,14.5386,14.56182,14.585669999999999,14.610149999999999,14.635350000000003,14.66109,14.687550000000002,14.71464,14.742360000000001,14.7708,14.799960000000002,14.829749999999999,14.860169999999998,14.89131,14.923079999999999,14.95557,14.98869,15.022530000000001,15.057,15.092099999999999,15.127830000000001,15.16419,15.20118,15.2388,15.27705,15.315930000000002,15.35526,15.395309999999998,15.43581,15.47694,15.518609999999999,15.56073,15.60348,15.646680000000002,15.690330000000001,15.734430000000001,15.779069999999999,15.824160000000001,15.86961,15.915600000000001,15.96186,16.008660000000003,16.05573,16.10325,16.15104,16.199189999999998,16.247700000000002,16.29657
15.898679999999999,15.81786,15.73668,15.655050000000001,15.57306,15.490530000000001,15.407639999999999,15.324300000000001,15.240420000000002,15.156179999999999,15.071309999999999,14.98608,14.900220000000001,14.813910000000002,14.72706,14.63967,14.551740000000002,14.46318,14.37408,14.28435,14.193990000000001,14.103,14.011470000000001,13.919130000000001,13.826250000000002,13.73265,13.638240000000001,13.5432,13.44744,13.35096,13.25367,13.15557,13.056750000000001,12.957120000000002,12.85659,12.75534,12.65319,12.550320000000001,12.44655,12.341880000000002,12.23649,12.1302,12.02319,11.915370000000001,11.806740000000001,11.69748,11.58759,11.476980000000001,11.365920000000001,11.25441,11.14254,11.03049,10.91844,10.80639,10.694609999999999,10.58346,10.47294,10.36359,10.25559,10.14921,10.045079999999999,9.94338,9.84474,9.74961,9.65844,9.571950000000001,9.4905,9.41472,9.34524,9.2826,9.22716,9.17946,9.13995,9.10881,9.086310000000001,9.07254,9.067499999999999,9.071100000000001,9.08316,9.10323,9.13104,9.16605,9.20781,9.255600000000001,9.30897,9.3672,9.42966,9.49581,9.56502,9.63675,9.710550000000001,9.78579,9.8622,9.93924,10.01664,10.09404,10.17117,10.24785,10.32381,10.39878,10.47285,10.54557,10.61712,10.687230000000001,10.7559,10.82304,10.88865,10.95264,11.01501,11.07576,11.13489,11.19231,11.24811,11.30229,11.35485,11.40588,11.4552,11.50299,11.54925,11.59398,11.637179999999999,11.678939999999999,11.71917,11.75805,11.79549,11.83149,11.86623,11.89953,11.93157,11.96226,11.99178,12.01995,12.04695,12.07278,12.097439999999999,12.12084,12.14325,12.1644,12.18456,12.20364,12.221639999999999,12.23856,12.25449,12.26943,12.283470000000001,12.296429999999999,12.30849,12.31965,12.32991,12.33918,12.34764,12.35529,12.36204,12.367980000000001,12.37302,12.37734,12.38094,12.383640000000002,12.385710000000001,12.38697,12.38751,12.38733,12.38652,12.38499,12.38283,12.37995,12.37653,12.37239,12.367709999999999,12.362490000000001,12.35664,12.35016,12.34323,12.33576,12.32775,12.3192,12.310200000000002,12.30075,12.29076,12.28041,12.26961,12.25836,12.24675,12.234689999999999,12.22236,12.20958,12.196530000000001,12.18312,12.16935,12.15531,12.141,12.126420000000001,12.11166,12.096540000000001,12.081240000000001,12.06576,12.05001,12.03417,12.01815,12.00186,11.98557,11.9691,11.95245,11.9358,11.91897,11.902140000000001,11.88522,11.86821,11.8512,11.834190000000001,11.81718,11.800080000000001,11.78307,11.76606,11.74905,11.732040000000001,11.71521,11.698290000000002,11.68155,11.664810000000001,11.648159999999999,11.631689999999999,11.615219999999999,11.598930000000001,11.58264,11.56662,11.5506,11.53476,11.5191,11.503530000000001,11.48814,11.47284,11.45781,11.44287,11.42811,11.41353,11.39913,11.384910000000001,11.37087,11.35701,11.34333,11.329920000000001,11.31669,11.30364,11.29077,11.278080000000001,11.26566,11.25351,11.24154,11.22975,11.21823,11.20689,11.19582,11.18493,11.1744,11.164050000000001,11.153880000000001,11.144070000000001,11.134440000000001,11.12508,11.11599,11.107080000000002,11.09853,11.09025,11.08215,11.07441,11.06685,11.059650000000001,11.05263,11.04597,11.03949,11.03337,11.02752,11.02194,11.016630000000001,11.01159,11.00682,11.002320000000001,10.998090000000001,10.99422,10.990530000000001,10.987110000000001,10.98396,10.98117,10.97856,10.97622,10.97415,10.97235,10.97073,10.96947,10.96839,10.96758,10.96704,10.96668,10.96659,10.96668,10.96704,10.96767,10.968480000000001,10.96947,10.97073,10.97226,10.97388,10.975859999999999,10.977929999999999,10.98027,10.98279,10.98549,10.988370000000002,10.99152,10.99485,10.99836,11.00214,11.00601,11.01015,11.014470000000001,11.01897,11.02374,11.028599999999999,11.03373,11.03895,11.04444,11.0502,11.056049999999999,11.06217,11.06838,11.074860000000001,11.081610000000001,11.08845,11.09556,11.10285,11.11032,11.118060000000002,11.12589,11.13408,11.14236,11.150910000000001,11.15973,11.16864,11.17782,11.187270000000002,11.196900000000001,11.2068,11.216880000000002,11.22723,11.23785,11.24865,11.25972,11.27097,11.28249,11.29437,11.30643,11.31876,11.33127,11.34414,11.35728,11.37069,11.38437,11.39832,11.41263,11.42712,11.441970000000001,11.457180000000001,11.47257,11.48832,11.504430000000001,11.52072,11.53746,11.55447,11.57175,11.58939,11.6073,11.62557,11.644200000000001,11.6631,11.68236,11.70189,11.72169,11.74185,11.76237,11.78316,11.80422,11.82555,11.847240000000001,11.869200000000001,11.89143,11.91393,11.93679,11.95983,11.98305,12.00663,12.03039,12.05433,12.07854,12.102929999999999,12.12759,12.152339999999999,12.17727,12.20247,12.22767,12.25314,12.278609999999999,12.304260000000001,12.33,12.35592,12.38184,12.407760000000001,12.433860000000001,12.45987,12.48606,12.51216,12.538260000000001,12.56445,12.59055,12.61665,12.64266,12.66867,12.69459,12.72042,12.74625,12.7719,12.797460000000001,12.82293,12.848220000000001,12.873420000000001,12.89853,12.92346,12.948210000000001,12.97278,12.99717,13.02138,13.04541,13.06926,13.09293,13.116330000000001,13.139550000000002,13.1625,13.18527,13.20786,13.23009,13.25214,13.27392,13.29552,13.31676,13.33782,13.35861,13.37913,13.399379999999999,13.41936,13.43907,13.4586,13.477770000000001,13.49667,13.5153,13.53366,13.55175,13.56966,13.58721,13.60449,13.62159,13.638330000000002,13.65489,13.671180000000001,13.6872,13.702950000000001,13.718520000000002,13.73382,13.748850000000001,13.7637,13.77828,13.79277,13.80699,13.82094,13.8348,13.84839,13.86189,13.875210000000001,13.88835,13.9014,13.91427,13.927050000000001,13.93974,13.95225,13.964760000000002,13.97718,13.989600000000001,14.001930000000002,14.014170000000002,14.0265,14.038829999999999,14.05116,14.06349,14.07591,14.088420000000001,14.10102,14.113800000000001,14.126579999999999,14.13963,14.15277,14.16609,14.179680000000001,14.19345,14.2074,14.22171,14.23629,14.25114,14.26635,14.281920000000001,14.29785,14.31405,14.33079,14.34789,14.365440000000001,14.38344,14.40189,14.42079,14.44023,14.46021,14.480730000000001,14.50179,14.523390000000001,14.54562,14.5683,14.591700000000001,14.615639999999999,14.64021,14.66541,14.691239999999999,14.71779,14.744879999999998,14.772600000000002,14.801039999999999,14.83002,14.85972,14.89005,14.921100000000001,14.95278,14.985,15.01794,15.05151,15.0858,15.12063,15.15609,15.192179999999999,15.22881,15.26616,15.30405,15.34248,15.38154,15.42114,15.461280000000002,15.50196,15.54318,15.584850000000001,15.627149999999999,15.669810000000002,15.71301,15.75675,15.80085,15.845400000000001,15.8904,15.935849999999999,15.981660000000002,16.02783,16.07445,16.12143,16.16877,16.21638,16.26435,16.31268
15.88419,15.80364,15.72273,15.64146,15.55974,15.477569999999998,15.39495,15.31197,15.22854,15.144660000000002,15.06024,14.975459999999998,14.890139999999999,14.804280000000002,14.717970000000001,14.63112,14.54382,14.455890000000002,14.367420000000001,14.278500000000001,14.18886,14.09877,14.007959999999999,13.91661,13.824629999999999,13.73202,13.63878,13.54482,13.45023,13.35501,13.259070000000001,13.162410000000001,13.06503,12.96693,12.8682,12.76866,12.6684,12.56742,12.46581,12.36339,12.260340000000001,12.15657,12.05208,11.94705,11.84139,11.73519,11.628540000000001,11.52144,11.41398,11.30625,11.19843,11.090520000000001,10.98279,10.87533,10.768320000000001,10.66203,10.55673,10.4526,10.35,10.24929,10.15074,10.0548,9.96183,9.87237,9.78687,9.70578,9.62955,9.55872,9.49374,9.43515,9.38331,9.33858,9.30132,9.27171,9.25002,9.23625,9.23049,9.23256,9.24228,9.25947,9.28368,9.31446,9.35154,9.39429,9.442260000000001,9.49473,9.55143,9.611550000000001,9.67482,9.740520000000002,9.80838,9.877770000000002,9.94851,10.01997,10.09206,10.16424,10.236419999999999,10.30833,10.37979,10.45044,10.52037,10.589220000000001,10.65708,10.72368,10.78902,10.8531,10.915740000000001,10.97694,11.0367,11.09493,11.151720000000001,11.20707,11.260800000000001,11.313,11.363760000000001,11.41308,11.46078,11.50704,11.55186,11.59524,11.637179999999999,11.67777,11.71692,11.75472,11.791080000000001,11.82618,11.86002,11.892510000000001,11.92374,11.953710000000001,11.982510000000001,12.01005,12.03642,12.06162,12.08565,12.108600000000001,12.130379999999999,12.15117,12.17079,12.18942,12.20697,12.22353,12.2391,12.25377,12.26736,12.280050000000001,12.29175,12.30264,12.31254,12.32154,12.32973,12.337110000000001,12.34359,12.34926,12.354120000000002,12.35817,12.3615,12.36402,12.365820000000001,12.3669,12.36726,12.3669,12.365910000000001,12.3642,12.36177,12.3588,12.35511,12.35088,12.346020000000001,12.340530000000001,12.3345,12.32793,12.32082,12.313170000000001,12.30498,12.296339999999999,12.28716,12.27753,12.26745,12.256920000000001,12.246030000000001,12.2346,12.2229,12.21075,12.19824,12.18537,12.17214,12.15864,12.144870000000001,12.130740000000001,12.116340000000001,12.10167,12.086730000000001,12.071610000000002,12.05622,12.040740000000001,12.02499,12.009060000000002,11.99295,11.97675,11.960370000000001,11.943900000000001,11.927249999999999,11.9106,11.89386,11.87703,11.8602,11.84328,11.82636,11.80944,11.792430000000001,11.77551,11.75859,11.741670000000001,11.72484,11.7081,11.69136,11.67471,11.65806,11.64159,11.625210000000001,11.60892,11.592720000000002,11.5767,11.56077,11.54493,11.52927,11.51379,11.4984,11.48319,11.468160000000001,11.45331,11.43864,11.42406,11.40975,11.39553,11.381580000000001,11.36772,11.354130000000001,11.34072,11.327490000000001,11.314440000000001,11.30166,11.289060000000001,11.27664,11.26449,11.25252,11.24073,11.22921,11.21787,11.2068,11.19591,11.185200000000002,11.17485,11.16468,11.15469,11.14497,11.13552,11.12625,11.11725,11.10852,11.099969999999999,11.09178,11.083770000000001,11.07603,11.06847,11.06127,11.054250000000001,11.047500000000001,11.04102,11.03481,11.028870000000001,11.0232,11.01771,11.01258,11.00763,11.00295,10.99854,10.994399999999999,10.990530000000001,10.986930000000001,10.98351,10.98045,10.97757,10.97496,10.97253,10.97046,10.968570000000001,10.96686,10.96551,10.964340000000002,10.96344,10.96272,10.96227,10.962,10.962,10.96227,10.96272,10.96335,10.96425,10.96533,10.96668,10.96821,10.96992,10.971900000000002,10.974060000000001,10.97649,10.9791,10.98189,10.98486,10.9881,10.99152,10.99512,10.998990000000001,11.00304,11.00727,11.01177,11.01645,11.021310000000001,11.026440000000001,11.03175,11.03724,11.042910000000001,11.04885,11.055060000000001,11.06145,11.06802,11.074770000000001,11.08179,11.08908,11.09646,11.104199999999999,11.11212,11.12022,11.12859,11.137139999999999,11.14596,11.154959999999999,11.16423,11.173770000000001,11.18349,11.193480000000001,11.20365,11.21409,11.2248,11.23578,11.24694,11.25837,11.27007,11.28204,11.29419,11.306700000000001,11.31939,11.33244,11.34567,11.359259999999999,11.37303,11.38716,11.40147,11.41614,11.43117,11.44638,11.46186,11.4777,11.493900000000002,11.51028,11.52702,11.544030000000001,11.5614,11.57904,11.596950000000001,11.615219999999999,11.633759999999999,11.652660000000001,11.67183,11.69127,11.71107,11.73114,11.75148,11.77218,11.79315,11.814390000000001,11.8359,11.85768,11.87973,11.902140000000001,11.92473,11.9475,11.970630000000002,11.99394,12.017520000000001,12.04128,12.06531,12.08952,12.11382,12.13839,12.16314,12.18807,12.213090000000001,12.238290000000001,12.263670000000001,12.289050000000001,12.31461,12.340259999999999,12.366,12.39174,12.41766,12.44358,12.4695,12.495420000000001,12.521429999999999,12.54744,12.57345,12.59937,12.62529,12.65121,12.67704,12.70287,12.72852,12.75417,12.77973,12.80511,12.830490000000001,12.855690000000001,12.88071,12.905640000000002,12.930480000000001,12.955050000000002,12.97953,13.00383,13.02795,13.05189,13.07565,13.09923,13.12254,13.145669999999999,13.16862,13.1913,13.2138,13.23603,13.25808,13.27986,13.30137,13.32261,13.34367,13.36446,13.38498,13.40532,13.4253,13.4451,13.46463,13.48389,13.50288,13.5216,13.540140000000001,13.55832,13.576319999999999,13.593960000000001,13.611419999999999,13.62861,13.64562,13.662270000000001,13.678740000000001,13.69503,13.710960000000002,13.726709999999999,13.74228,13.757579999999999,13.7727,13.78755,13.80222,13.8168,13.83111,13.84524,13.859190000000002,13.87296,13.886640000000002,13.90014,13.91346,13.92669,13.93983,13.95288,13.96584,13.9788,13.99158,14.00436,14.017140000000001,14.02983,14.04261,14.0553,14.06808,14.080860000000001,14.09373,14.10669,14.11974,14.13288,14.1462,14.15961,14.1732,14.18706,14.20101,14.21523,14.22972,14.24439,14.25933,14.27463,14.29029,14.30622,14.32251,14.33916,14.35617,14.37363,14.39145,14.40981,14.42853,14.447790000000001,14.4675,14.48775,14.50845,14.529780000000002,14.551559999999998,14.57388,14.596829999999999,14.620320000000001,14.64444,14.6691,14.694390000000002,14.72022,14.746770000000001,14.773860000000003,14.801580000000001,14.82993,14.858909999999998,14.88852,14.91876,14.94963,14.981130000000002,15.01326,15.04602,15.07941,15.11334,15.14799,15.18318,15.219000000000001,15.25536,15.292349999999999,15.329880000000001,15.368040000000002,15.40665,15.445889999999999,15.485669999999999,15.525900000000002,15.566759999999999,15.608070000000001,15.64983,15.69213,15.73488,15.77808,15.821729999999999,15.865829999999999,15.91038,15.955290000000002,16.00065,16.04637,16.092450000000003,16.13889,16.18578,16.23285,16.28037,16.32816
15.870060000000002,15.78978,15.70914,15.62814,15.546690000000002,15.464879999999999,15.38271,15.3,15.21693,15.133500000000002,15.049529999999999,14.965200000000001,14.88033,14.795010000000001,14.70924,14.623020000000002,14.536259999999999,14.448960000000001,14.36121,14.272920000000001,14.18409,14.09472,14.00481,13.91436,13.823369999999999,13.73175,13.6395,13.546710000000001,13.45329,13.35924,13.26465,13.16943,13.07349,12.977010000000002,12.879900000000001,12.78207,12.6837,12.584700000000002,12.48507,12.38481,12.284099999999999,12.182670000000002,12.08079,11.97846,11.875680000000001,11.772450000000001,11.66886,11.56509,11.46114,11.35701,11.25297,11.14911,11.045430000000001,10.942380000000002,10.83987,10.73826,10.63773,10.53855,10.440990000000001,10.34532,10.25199,10.16127,10.07361,9.98928,9.90882,9.832590000000001,9.76104,9.69453,9.633600000000001,9.57861,9.52992,9.48771,9.452430000000001,9.42417,9.4032,9.38943,9.38295,9.38367,9.39132,9.4059,9.42687,9.45396,9.4869,9.52506,9.56808,9.61551,9.66681,9.72162,9.7794,9.83961,9.90198,9.96606,10.031400000000001,10.09773,10.16478,10.23219,10.29969,10.3671,10.43415,10.50075,10.56672,10.63188,10.696140000000002,10.75941,10.8216,10.88262,10.942380000000002,11.00097,11.05812,11.11401,11.16855,11.22165,11.2734,11.3238,11.37276,11.42028,11.466450000000002,11.51127,11.55465,11.59668,11.637450000000001,11.67678,11.714760000000002,11.75157,11.786940000000001,11.821140000000002,11.85399,11.885670000000001,11.91618,11.945340000000002,11.97342,12.00033,12.026069999999999,12.05064,12.07413,12.096540000000001,12.11787,12.13812,12.157290000000001,12.17547,12.19266,12.208770000000001,12.223980000000001,12.2382,12.251430000000001,12.263760000000001,12.27519,12.285720000000001,12.295350000000001,12.30408,12.312,12.31911,12.325320000000001,12.33072,12.33531,12.33918,12.34224,12.34458,12.346110000000001,12.34701,12.3471,12.34656,12.3453,12.34341,12.3408,12.337650000000002,12.33378,12.329369999999999,12.32424,12.318660000000001,12.31245,12.3057,12.29841,12.29058,12.282210000000001,12.273390000000001,12.26412,12.25431,12.24405,12.23343,12.22227,12.21075,12.19887,12.18663,12.17394,12.16098,12.14766,12.134070000000001,12.12012,12.1059,12.09132,12.07665,12.06162,12.04641,12.03093,12.015360000000001,11.99952,11.9835,11.96739,11.9511,11.93472,11.91825,11.90169,11.88504,11.8683,11.85147,11.83464,11.817810000000001,11.80089,11.78406,11.767140000000001,11.750309999999999,11.73357,11.71674,11.70009,11.683440000000001,11.66688,11.65041,11.634030000000001,11.61774,11.60154,11.58552,11.56959,11.55375,11.53809,11.52261,11.50722,11.49201,11.476980000000001,11.46213,11.447460000000001,11.43288,11.41857,11.40444,11.39049,11.37672,11.36313,11.34972,11.33649,11.32353,11.31075,11.29815,11.285730000000001,11.273579999999999,11.261610000000001,11.24991,11.2383,11.22705,11.21589,11.205,11.19438,11.183940000000002,11.173680000000001,11.16369,11.153880000000001,11.14434,11.13498,11.12589,11.11707,11.10843,11.10006,11.09187,11.08395,11.076210000000001,11.06874,11.061539999999999,11.05452,11.04786,11.04129,11.03508,11.02905,11.023290000000001,11.01771,11.012490000000001,11.00745,11.00259,10.998090000000001,10.99377,10.98963,10.985850000000001,10.98225,10.97883,10.97577,10.97289,10.97019,10.96785,10.9656,10.96371,10.962,10.96047,10.95921,10.95822,10.95741,10.95678,10.95642,10.956330000000001,10.95642,10.95669,10.95723,10.95795,10.95894,10.96011,10.961459999999999,10.963080000000001,10.964879999999999,10.966949999999999,10.96911,10.97163,10.97433,10.97721,10.98027,10.983600000000001,10.987110000000001,10.99089,10.99485,10.99908,11.003490000000001,11.00817,11.01303,11.01807,11.023380000000001,11.028960000000001,11.03472,11.040750000000001,11.04696,11.05335,11.0601,11.067029999999999,11.074140000000002,11.08152,11.089170000000001,11.097,11.1051,11.11347,11.12202,11.13084,11.139930000000001,11.1492,11.15874,11.16855,11.17863,11.18889,11.19951,11.21031,11.22129,11.23263,11.24415,11.25603,11.268089999999999,11.28042,11.29302,11.30589,11.319030000000001,11.33244,11.34612,11.36007,11.37429,11.388869999999999,11.40363,11.418660000000001,11.43405,11.44971,11.46564,11.48184,11.49831,11.51514,11.53224,11.549610000000001,11.56725,11.58525,11.60352,11.62206,11.64096,11.66004,11.67948,11.69928,11.71926,11.739600000000001,11.76012,11.781,11.802150000000001,11.82357,11.845260000000001,11.867220000000001,11.88936,11.91186,11.93454,11.95749,11.98062,12.00402,12.027600000000001,12.05136,12.07539,12.0996,12.123990000000001,12.14856,12.17322,12.19806,12.223080000000001,12.24819,12.273480000000001,12.29886,12.32424,12.3498,12.37545,12.40119,12.42693,12.45267,12.4785,12.504330000000001,12.53025,12.55608,12.58191,12.60774,12.63357,12.65931,12.68505,12.7107,12.736260000000001,12.76173,12.78711,12.8124,12.8376,12.86271,12.88764,12.91248,12.93714,12.96162,12.98601,13.01022,13.03425,13.058100000000001,13.08177,13.10517,13.12848,13.15152,13.17438,13.19706,13.21947,13.2417,13.26366,13.28544,13.30695,13.328280000000001,13.34934,13.370130000000001,13.390740000000001,13.41099,13.43106,13.450949999999999,13.47048,13.48983,13.50891,13.52772,13.54626,13.56462,13.58271,13.600530000000001,13.61817,13.63554,13.652640000000002,13.66947,13.686119999999999,13.702589999999999,13.71879,13.73472,13.75047,13.76604,13.78134,13.79655,13.811490000000001,13.826250000000002,13.84083,13.85523,13.86954,13.88367,13.897620000000002,13.911480000000001,13.92516,13.93875,13.95225,13.96566,13.97898,13.9923,14.00544,14.01867,14.03181,14.04495,14.058090000000002,14.07123,14.08437,14.0976,14.11092,14.12433,14.13774,14.15133,14.1651,14.17896,14.19291,14.207130000000001,14.221530000000001,14.2362,14.251050000000001,14.26617,14.281559999999999,14.29722,14.31315,14.32953,14.34618,14.36319,14.380560000000001,14.398290000000001,14.41647,14.435100000000002,14.45418,14.473620000000002,14.493599999999999,14.51412,14.535089999999999,14.55651,14.57856,14.601060000000002,14.624099999999999,14.647770000000001,14.67198,14.696729999999999,14.72202,14.747940000000002,14.77449,14.801580000000001,14.8293,14.857650000000001,14.886540000000002,14.91615,14.94621,14.976990000000002,15.008399999999998,15.040350000000002,15.07293,15.106050000000002,15.13989,15.17418,15.209190000000001,15.244650000000002,15.28083,15.31746,15.35472,15.39252,15.430769999999999,15.469650000000001,15.50907,15.548939999999998,15.589350000000001,15.630300000000002,15.671700000000001,15.71355,15.755849999999999,15.798599999999999,15.841800000000001,15.88545,15.92955,15.97401,16.01883,16.0641,16.10973,16.155720000000002,16.202070000000003,16.24869,16.29576,16.34301
15.8562,15.77628,15.695910000000001,15.61518,15.53409,15.45255,15.37065,15.288390000000001,15.20577,15.122610000000002,15.03918,14.955210000000001,14.87088,14.7861,14.70087,14.615100000000002,14.528970000000001,14.442390000000001,14.35527,14.2677,14.179590000000001,14.091030000000002,14.00202,13.91238,13.82229,13.731660000000002,13.64049,13.54878,13.45653,13.36374,13.27041,13.17654,13.082130000000001,12.98718,12.8916,12.79557,12.699,12.601890000000001,12.50424,12.406139999999999,12.307590000000001,12.20859,12.10914,12.00942,11.90934,11.80899,11.70846,11.607840000000001,11.50713,11.40651,11.30616,11.20599,11.10636,11.00727,10.908990000000001,10.8117,10.71567,10.62108,10.5282,10.4373,10.34874,10.26279,10.1799,10.10025,10.02429,9.95247,9.88515,9.8226,9.765270000000001,9.71343,9.667440000000001,9.62757,9.594000000000001,9.56691,9.54648,9.53262,9.52551,9.52497,9.53091,9.54297,9.56115,9.58491,9.61407,9.64818,9.68679,9.72963,9.776159999999999,9.82602,9.87867,9.93393,9.99126,10.0503,10.11078,10.17234,10.23471,10.297530000000002,10.360710000000001,10.423800000000002,10.48689,10.54962,10.61181,10.67346,10.7343,10.79433,10.85346,10.9116,10.968570000000001,11.02455,11.07927,11.13282,11.18511,11.23614,11.286,11.33442,11.38167,11.427570000000001,11.47221,11.5155,11.55753,11.5983,11.63772,11.675880000000001,11.71287,11.748510000000001,11.78298,11.816189999999999,11.848230000000001,11.8791,11.90871,11.937240000000001,11.9646,11.99079,12.0159,12.039930000000002,12.06279,12.084660000000001,12.10545,12.125250000000001,12.14397,12.1617,12.17844,12.194189999999999,12.20895,12.22281,12.23577,12.24774,12.25881,12.268979999999999,12.27834,12.2868,12.294450000000001,12.3012,12.30714,12.31236,12.31668,12.32028,12.32307,12.32523,12.32658,12.32712,12.32703,12.32631,12.32487,12.32271,12.319920000000002,12.316500000000001,12.31245,12.30786,12.30255,12.29679,12.2904,12.283470000000001,12.275910000000001,12.267990000000001,12.259440000000001,12.25044,12.240900000000002,12.231,12.22056,12.20976,12.19851,12.186810000000001,12.17475,12.16233,12.14955,12.13641,12.123000000000001,12.10923,12.0951,12.08079,12.066120000000002,12.05127,12.036150000000001,12.020850000000001,12.00537,11.98962,11.97369,11.95767,11.94147,11.92518,11.90871,11.89224,11.87559,11.85894,11.8422,11.825370000000001,11.808629999999999,11.7918,11.77497,11.758140000000001,11.74131,11.72457,11.70783,11.69118,11.67462,11.658150000000001,11.641680000000001,11.62539,11.609190000000002,11.59308,11.57715,11.56131,11.54565,11.53008,11.51469,11.49948,11.48436,11.46951,11.454749999999999,11.44026,11.42586,11.41173,11.397689999999999,11.38392,11.37033,11.35692,11.34378,11.33073,11.31795,11.30544,11.29302,11.28087,11.2689,11.2572,11.24568,11.23434,11.22327,11.21238,11.201670000000002,11.19123,11.18097,11.17098,11.16117,11.151539999999999,11.14218,11.133,11.124089999999999,11.11536,11.10681,11.09853,11.090520000000001,11.08269,11.07504,11.06766,11.06046,11.05353,11.04687,11.04039,11.034089999999999,11.02806,11.022210000000001,11.016630000000001,11.011230000000001,11.0061,11.00124,10.99656,10.99206,10.98783,10.983780000000001,10.98,10.97649,10.97316,10.97001,10.967130000000001,10.96443,10.962,10.95975,10.95777,10.955969999999999,10.95444,10.95309,10.95192,10.95102,10.9503,10.94985,10.949580000000001,10.94949,10.94967,10.95003,10.950660000000001,10.95147,10.95246,10.95372,10.95516,10.95678,10.95867,10.96083,10.96317,10.96569,10.968480000000001,10.97145,10.97469,10.978110000000001,10.9818,10.98576,10.9899,10.99422,10.99881,11.00367,11.008799999999999,11.01411,11.01969,11.025450000000001,11.03148,11.037780000000001,11.04435,11.0511,11.05812,11.06541,11.07297,11.0808,11.08881,11.09709,11.105640000000001,11.11446,11.123550000000002,11.13282,11.14245,11.152260000000002,11.16234,11.17278,11.1834,11.19429,11.20536,11.216790000000001,11.22849,11.24037,11.25261,11.26512,11.27781,11.29086,11.30409,11.317680000000001,11.33145,11.34558,11.35989,11.37456,11.3895,11.404710000000001,11.42019,11.43594,11.45196,11.46825,11.4849,11.50173,11.51892,11.53638,11.55411,11.57211,11.59047,11.60901,11.62791,11.64708,11.66652,11.68623,11.70621,11.726460000000001,11.74707,11.76786,11.788920000000001,11.81025,11.83185,11.853720000000001,11.87577,11.89809,11.92068,11.94345,11.96649,11.98971,12.013200000000001,12.03687,12.06072,12.08475,12.10896,12.13335,12.157829999999999,12.18258,12.20742,12.23235,12.25746,12.28266,12.30795,12.33333,12.3588,12.384360000000001,12.40992,12.43557,12.461310000000001,12.48696,12.5127,12.53844,12.56418,12.58992,12.61566,12.64131,12.666960000000001,12.69252,12.71808,12.743549999999999,12.76893,12.794130000000001,12.81933,12.84444,12.86937,12.894210000000001,12.91896,12.94344,12.96792,12.992130000000001,13.016250000000001,13.04019,13.06395,13.087530000000001,13.11093,13.13415,13.15719,13.17996,13.20264,13.22496,13.24719,13.26915,13.29084,13.31235,13.333680000000001,13.35474,13.375530000000001,13.39614,13.41648,13.43664,13.45653,13.47615,13.4955,13.514669999999999,13.533570000000001,13.55229,13.57074,13.588920000000002,13.60692,13.62465,13.64211,13.65939,13.6764,13.693230000000002,13.70988,13.72626,13.74246,13.75839,13.774140000000001,13.78971,13.805100000000001,13.820310000000001,13.83543,13.850280000000001,13.86495,13.879529999999999,13.89393,13.90824,13.92237,13.93641,13.950360000000002,13.964220000000001,13.9779,13.991670000000001,14.005260000000002,14.01885,14.032350000000001,14.04594,14.05944,14.07294,14.08653,14.10012,14.113710000000001,14.12739,14.141160000000001,14.15511,14.16906,14.18319,14.197410000000001,14.2119,14.22648,14.241240000000001,14.256269999999999,14.27157,14.287049999999999,14.3028,14.31882,14.3352,14.35185,14.368860000000002,14.386230000000001,14.403870000000001,14.42196,14.440500000000002,14.459399999999999,14.47866,14.498460000000001,14.518710000000002,14.539410000000002,14.56056,14.582160000000002,14.60439,14.627070000000002,14.650289999999998,14.674050000000001,14.69835,14.723190000000002,14.74857,14.77458,14.801039999999999,14.82822,14.855939999999999,14.8842,14.91309,14.942519999999998,14.972579999999999,15.003180000000002,15.03441,15.066270000000001,15.09867,15.13161,15.165180000000001,15.199380000000001,15.23403,15.26931,15.305130000000002,15.341579999999999,15.37848,15.415919999999998,15.453899999999999,15.49242,15.531480000000002,15.570990000000002,15.611040000000001,15.651539999999999,15.69258,15.733979999999999,15.775920000000001,15.81831,15.86106,15.904259999999999,15.94791,15.991919999999999,16.03629,16.08111,16.12629,16.17183,16.21764,16.263900000000003,16.31043,16.35723
15.842700000000002,15.763050000000002,15.68295,15.60249,15.521670000000002,15.440489999999999,15.35895,15.27705,15.19479,15.11208,15.02901,14.945580000000001,14.861700000000003,14.77737,14.69268,14.60754,14.52204,14.436,14.3496,14.26275,14.175360000000001,14.087610000000002,13.99932,13.910670000000001,13.821480000000001,13.73175,13.641660000000002,13.551029999999999,13.459950000000001,13.36833,13.27626,13.18374,13.09077,12.99726,12.9033,12.808890000000002,12.71412,12.61881,12.52314,12.42711,12.33072,12.23397,12.13695,12.03975,11.94228,11.84472,11.74707,11.64951,11.55195,11.45466,11.35764,11.26116,11.16513,11.06991,10.97559,10.88244,10.79055,10.70019,10.61163,10.52514,10.440900000000001,10.35936,10.28079,10.20537,10.133640000000002,10.06578,10.00215,9.94311,9.88893,9.839879999999999,9.79632,9.75843,9.72639,9.70029,9.68031,9.666540000000001,9.6588,9.65709,9.66141,9.6714,9.68688,9.70776,9.7335,9.76392,9.79857,9.83718,9.87939,9.92475,9.9729,10.023480000000001,10.076220000000001,10.13067,10.18665,10.24371,10.301670000000001,10.36035,10.4193,10.47852,10.537740000000001,10.59669,10.65537,10.7136,10.77129,10.82826,10.88442,10.939770000000001,10.99413,11.047500000000001,11.09988,11.15118,11.2014,11.25045,11.29824,11.344949999999999,11.39049,11.43477,11.47788,11.51973,11.560410000000001,11.59983,11.63808,11.675070000000002,11.710980000000001,11.74563,11.77911,11.81142,11.84256,11.872620000000001,11.90151,11.92923,11.95587,11.98143,12.00591,12.02931,12.051720000000001,12.07305,12.0933,12.11256,12.13083,12.148109999999999,12.1644,12.179789999999999,12.194189999999999,12.20769,12.2202,12.23181,12.24261,12.25251,12.261510000000001,12.2697,12.27699,12.283470000000001,12.28914,12.29409,12.29814,12.30147,12.30408,12.30597,12.30705,12.307409999999999,12.30714,12.30615,12.30444,12.302100000000001,12.29913,12.295440000000001,12.291210000000001,12.28635,12.28095,12.27492,12.268350000000002,12.26115,12.2535,12.24531,12.23658,12.227400000000001,12.217680000000001,12.207600000000001,12.19698,12.186,12.174570000000001,12.16269,12.150450000000001,12.13794,12.12498,12.11166,12.09807,12.08412,12.0699,12.05541,12.040650000000001,12.02571,12.0105,11.99502,11.97936,11.96361,11.94759,11.931479999999999,11.91519,11.898810000000001,11.882340000000001,11.86569,11.84904,11.83239,11.815650000000002,11.798820000000001,11.78199,11.76525,11.748420000000001,11.73168,11.71494,11.6982,11.68155,11.66499,11.64852,11.63214,11.61594,11.59974,11.58372,11.56779,11.55204,11.53638,11.520900000000001,11.505600000000001,11.490480000000002,11.47554,11.46069,11.446110000000001,11.43171,11.41749,11.403450000000001,11.38959,11.376000000000001,11.36259,11.34936,11.336310000000001,11.32353,11.31093,11.2986,11.28636,11.27448,11.26269,11.25117,11.23983,11.22876,11.21787,11.207160000000002,11.19672,11.18646,11.17647,11.16666,11.157029999999999,11.147580000000001,11.138399999999999,11.12949,11.120669999999999,11.11212,11.10375,11.095650000000001,11.087729999999999,11.07999,11.072519999999999,11.065230000000001,11.05812,11.05119,11.04453,11.03814,11.03184,11.02581,11.019960000000001,11.014380000000001,11.008980000000001,11.00376,10.99872,10.99395,10.98945,10.985040000000001,10.9809,10.97694,10.97325,10.96974,10.966410000000002,10.96326,10.96038,10.95768,10.95516,10.952910000000001,10.950840000000001,10.94895,10.947330000000001,10.94589,10.94463,10.94364,10.94283,10.9422,10.94175,10.94157,10.94157,10.941840000000001,10.94229,10.942919999999999,10.94382,10.9449,10.94616,10.94769,10.94949,10.95147,10.95363,10.95606,10.95876,10.961640000000001,10.9647,10.96812,10.97172,10.9755,10.97964,10.98396,10.98846,10.99332,10.99836,11.00376,11.00934,11.01519,11.02122,11.027610000000001,11.034270000000001,11.04111,11.04831,11.05569,11.06343,11.07135,11.079540000000001,11.088090000000001,11.096820000000001,11.10591,11.115179999999999,11.12472,11.13462,11.1447,11.155140000000001,11.165849999999999,11.17674,11.187990000000001,11.19951,11.21121,11.22327,11.2356,11.248199999999999,11.26107,11.27421,11.28753,11.301300000000001,11.31525,11.32947,11.343960000000001,11.35872,11.37375,11.389140000000001,11.404710000000001,11.42064,11.43675,11.45322,11.46996,11.48688,11.50416,11.52171,11.539530000000001,11.55762,11.57607,11.5947,11.6136,11.63277,11.65221,11.67201,11.69199,11.712240000000001,11.73276,11.75355,11.774610000000001,11.795850000000002,11.81745,11.83923,11.86119,11.883510000000001,11.90592,11.92869,11.951550000000001,11.97468,11.998080000000002,12.02157,12.04533,12.06918,12.0933,12.117510000000001,12.1419,12.16647,12.191130000000001,12.21597,12.240900000000002,12.26601,12.291120000000001,12.316410000000001,12.3417,12.367170000000002,12.39264,12.41811,12.443670000000001,12.46932,12.49497,12.52062,12.546270000000002,12.57183,12.59748,12.623130000000002,12.64869,12.67416,12.699629999999999,12.7251,12.75039,12.77568,12.800790000000001,12.825899999999999,12.85083,12.87576,12.90042,12.925080000000001,12.949560000000002,12.97386,12.99807,13.02201,13.04595,13.06962,13.093110000000001,13.11642,13.13964,13.16259,13.18536,13.20786,13.23027,13.25241,13.27437,13.29606,13.31757,13.3389,13.359960000000001,13.38075,13.40136,13.42179,13.44195,13.46184,13.48155,13.50099,13.52025,13.53924,13.558050000000001,13.576590000000001,13.59486,13.612950000000001,13.63086,13.6485,13.66587,13.68315,13.70007,13.7169,13.73346,13.74984,13.76604,13.78206,13.79781,13.81347,13.82895,13.84416,13.85937,13.874310000000001,13.88916,13.903830000000001,13.91841,13.9329,13.94721,13.96152,13.97565,13.98978,14.00382,14.01777,14.03172,14.04558,14.05953,14.07339,14.087250000000001,14.1012,14.11515,14.12919,14.14323,14.157449999999999,14.17167,14.18607,14.20056,14.21523,14.22999,14.24502,14.26023,14.27562,14.29119,14.307120000000001,14.32323,14.33961,14.35626,14.37327,14.39064,14.40828,14.42628,14.444640000000001,14.46345,14.482619999999999,14.502149999999999,14.52222,14.54265,14.56353,14.584950000000001,14.60682,14.62914,14.65191,14.675310000000001,14.699160000000001,14.723550000000001,14.74848,14.773950000000001,14.799960000000002,14.82651,14.853690000000002,14.88132,14.909579999999998,14.938379999999999,14.96781,14.99778,15.02829,15.05943,15.09111,15.12333,15.15609,15.18948,15.22341,15.25788,15.292890000000002,15.32853,15.36462,15.401250000000001,15.43842,15.47613,15.514289999999999,15.55299,15.59214,15.63183,15.67197,15.712560000000002,15.753600000000002,15.79518,15.837120000000002,15.87951,15.922260000000001,15.96546,16.00902,16.05303,16.0974,16.14213,16.18722,16.232580000000002,16.27839,16.32447,16.370820000000002
15.82956,15.75009,15.67026,15.590069999999999,15.50961,15.428790000000001,15.347610000000001,15.26607,15.184080000000002,15.101820000000002,15.0192,14.93613,14.85279,14.769,14.684760000000002,14.60025,14.51529,14.42988,14.34411,14.25789,14.17131,14.084280000000001,13.99689,13.90905,13.820760000000002,13.73202,13.64292,13.553370000000001,13.463370000000001,13.37301,13.2822,13.19094,13.09932,13.007340000000001,12.91491,12.82212,12.72897,12.63555,12.54177,12.44772,12.3534,12.25881,12.16413,12.06927,11.97441,11.879460000000002,11.7846,11.68983,11.595329999999999,11.50119,11.4075,11.31426,11.22183,11.13021,11.039579999999999,10.95021,10.86219,10.77579,10.691189999999999,10.60875,10.52856,10.45098,10.37628,10.30482,10.23678,10.17243,10.112219999999999,10.05624,10.00494,9.958499999999999,9.917010000000001,9.88092,9.85014,9.824940000000002,9.80541,9.79146,9.78327,9.78057,9.78336,9.79137,9.8046,9.82269,9.84546,9.87255,9.90369,9.93852,9.97668,10.017990000000001,10.062,10.108350000000002,10.15686,10.207080000000001,10.25883,10.31175,10.36575,10.420380000000002,10.47555,10.530990000000001,10.58652,10.642050000000001,10.6974,10.75248,10.80702,10.86102,10.914390000000001,10.96704,11.01888,11.06991,11.11995,11.16909,11.21724,11.26431,11.3103,11.35521,11.39904,11.441790000000001,11.48337,11.52387,11.5632,11.60136,11.63844,11.67435,11.70909,11.74275,11.77533,11.806740000000001,11.83707,11.86623,11.894309999999999,11.9214,11.947320000000001,11.97225,11.9961,12.01896,12.040740000000001,12.06153,12.081240000000001,12.10005,12.11787,12.1347,12.150540000000001,12.16548,12.17952,12.19266,12.20481,12.216149999999999,12.226500000000001,12.236130000000001,12.24477,12.252690000000001,12.25971,12.26592,12.271320000000001,12.275910000000001,12.27978,12.28284,12.28518,12.2868,12.28761,12.287790000000001,12.28725,12.28599,12.284099999999999,12.281490000000002,12.27834,12.274469999999999,12.26997,12.264930000000001,12.25926,12.25305,12.24621,12.23892,12.231,12.22263,12.21372,12.20427,12.194460000000001,12.18411,12.17331,12.16215,12.150540000000001,12.13848,12.12606,12.11328,12.10014,12.086730000000001,12.07296,12.05883,12.04452,12.02985,12.01491,11.99979,11.9844,11.96883,11.95308,11.93715,11.92104,11.90484,11.88846,11.87199,11.85543,11.83878,11.822040000000001,11.8053,11.78856,11.771730000000002,11.754900000000001,11.738069999999999,11.72133,11.704590000000001,11.68785,11.6712,11.65464,11.63817,11.62179,11.60559,11.58939,11.573369999999999,11.55744,11.54178,11.52612,11.51073,11.49543,11.480400000000001,11.46546,11.450790000000001,11.436209999999999,11.4219,11.407770000000001,11.39391,11.38014,11.36664,11.35341,11.34036,11.327490000000001,11.3148,11.30238,11.290230000000001,11.27826,11.26647,11.25495,11.24361,11.23245,11.22156,11.21094,11.200410000000002,11.190240000000001,11.18016,11.170350000000001,11.160720000000001,11.15136,11.142090000000001,11.133090000000001,11.124360000000001,11.11572,11.10735,11.09916,11.09124,11.08341,11.07585,11.06847,11.06127,11.05434,11.047500000000001,11.04093,11.03454,11.02833,11.02239,11.01654,11.01096,11.00547,11.000250000000001,10.99521,10.99035,10.98576,10.98126,10.977030000000001,10.97298,10.96911,10.96542,10.96191,10.95858,10.95552,10.95255,10.94985,10.947330000000001,10.944989999999999,10.942919999999999,10.94094,10.93923,10.937700000000001,10.936350000000001,10.93518,10.934280000000001,10.933470000000002,10.93293,10.93266,10.93248,10.93257,10.93293,10.93338,10.934099999999999,10.93509,10.93626,10.937610000000001,10.93923,10.941030000000001,10.943100000000001,10.94544,10.94796,10.950750000000001,10.95372,10.95696,10.96047,10.96425,10.9683,10.97253,10.97712,10.98189,10.986930000000001,10.992329999999999,10.997910000000001,11.00376,11.009970000000001,11.016359999999999,11.023109999999999,11.03004,11.03733,11.04489,11.052719999999999,11.06082,11.069280000000001,11.07792,11.08692,11.09619,11.105730000000001,11.11563,11.12571,11.13615,11.14686,11.15784,11.16909,11.18061,11.19249,11.204640000000001,11.21706,11.22975,11.242709999999999,11.25594,11.26944,11.2833,11.29734,11.31174,11.32641,11.34126,11.35647,11.37195,11.3877,11.40372,11.420010000000001,11.43657,11.45349,11.470590000000001,11.487960000000001,11.505600000000001,11.52351,11.54169,11.56023,11.57895,11.59794,11.6172,11.63673,11.65644,11.67651,11.69676,11.717369999999999,11.73816,11.75913,11.78046,11.80197,11.82366,11.84571,11.86785,11.89035,11.912939999999999,11.9358,11.95884,11.982149999999999,12.00555,12.02922,12.052980000000002,12.07692,12.101130000000001,12.12534,12.14982,12.17439,12.199050000000002,12.22389,12.24882,12.27393,12.29904,12.32424,12.34953,12.37491,12.40029,12.42576,12.451319999999999,12.47679,12.502350000000002,12.52791,12.55347,12.57903,12.60459,12.63006,12.65553,12.681000000000001,12.70638,12.731670000000001,12.756870000000001,12.78207,12.80709,12.83211,12.856950000000001,12.8817,12.906360000000001,12.93084,12.95523,12.97953,13.00356,13.0275,13.051350000000001,13.07493,13.09842,13.12164,13.14477,13.167720000000001,13.1904,13.2129,13.23522,13.25736,13.27932,13.30101,13.322519999999999,13.34385,13.36491,13.385790000000002,13.406400000000001,13.426829999999999,13.44708,13.46706,13.48677,13.5063,13.525649999999999,13.54473,13.563540000000001,13.582170000000001,13.600620000000001,13.61889,13.6368,13.65462,13.67217,13.68954,13.70673,13.723650000000001,13.74039,13.756950000000002,13.77333,13.789530000000001,13.80564,13.821480000000001,13.83714,13.85271,13.8681,13.88331,13.898430000000001,13.91337,13.92822,13.94298,13.95765,13.97223,13.986720000000002,14.00112,14.01543,14.02974,14.04405,14.05827,14.07258,14.0868,14.10102,14.11533,14.12964,14.14404,14.15844,14.17302,14.1876,14.20236,14.217210000000001,14.23224,14.24745,14.26284,14.27832,14.294070000000001,14.31009,14.32629,14.34276,14.3595,14.376510000000001,14.393790000000001,14.41143,14.429429999999998,14.447700000000001,14.46633,14.48541,14.50485,14.524650000000001,14.544900000000002,14.565600000000002,14.58666,14.608260000000001,14.630310000000001,14.652809999999999,14.67576,14.69925,14.723190000000002,14.74767,14.77269,14.79825,14.824259999999999,14.850810000000001,14.877989999999999,14.905620000000003,14.93388,14.96268,14.991929999999998,15.02181,15.05223,15.08328,15.11478,15.146909999999998,15.17949,15.2127,15.246450000000001,15.280650000000001,15.315479999999999,15.350760000000001,15.38667,15.42303,15.459840000000002,15.497280000000002,15.535169999999999,15.573509999999999,15.612390000000001,15.65172,15.6915,15.73173,15.772409999999999,15.81354,15.855120000000001,15.89706,15.93945,15.982289999999999,16.02549,16.06905,16.11297,16.15725,16.20189,16.24689,16.29216,16.33788,16.38378
15.816600000000001,15.737400000000001,15.65784,15.57801,15.497819999999999,15.417269999999998,15.336450000000001,15.25527,15.17373,15.09183,15.00957,14.92704,14.84406,14.760810000000001,14.67711,14.593050000000002,14.50872,14.423939999999998,14.3388,14.2533,14.167440000000001,14.08113,13.99455,13.90752,13.82013,13.73229,13.64418,13.55571,13.466790000000001,13.37751,13.28796,13.19805,13.10778,13.01715,12.926250000000001,12.834990000000001,12.743549999999999,12.651840000000002,12.559859999999999,12.4677,12.37545,12.28302,12.1905,12.09798,12.00546,11.913120000000001,11.82087,11.72889,11.637270000000001,11.54601,11.45538,11.36538,11.27619,11.187899999999999,11.10078,11.01492,10.9305,10.847790000000002,10.76688,10.68804,10.61163,10.537650000000001,10.46664,10.3986,10.33389,10.272870000000001,10.21563,10.16244,10.11366,10.06938,10.029869999999999,9.99531,9.9657,9.94131,9.92205,9.908100000000001,9.899280000000001,9.89568,9.897120000000001,9.90351,9.91467,9.93033,9.95031,9.974430000000002,10.00233,10.03365,10.068299999999999,10.105830000000001,10.14606,10.188540000000001,10.23318,10.27953,10.32732,10.376460000000002,10.426680000000001,10.47762,10.5291,10.58112,10.63332,10.68552,10.73772,10.78974,10.8414,10.89261,10.94328,10.99341,11.04282,11.09151,11.13939,11.18637,11.23254,11.27772,11.32191,11.365110000000001,11.407409999999999,11.44854,11.48868,11.52783,11.565809999999999,11.6028,11.638710000000001,11.67354,11.70729,11.73996,11.77155,11.80206,11.83149,11.85993,11.88729,11.91366,11.93895,11.96316,11.986379999999999,12.008610000000001,12.02985,12.0501,12.06936,12.08772,12.105,12.12138,12.13686,12.151440000000001,12.16503,12.177719999999999,12.1896,12.20058,12.210659999999999,12.219840000000001,12.22821,12.23577,12.24252,12.248460000000001,12.25359,12.257909999999999,12.261510000000001,12.2643,12.26637,12.26772,12.268350000000002,12.26826,12.26745,12.26592,12.26385,12.26097,12.25755,12.2535,12.24882,12.24351,12.23766,12.23118,12.22416,12.2166,12.208499999999999,12.199860000000001,12.190769999999999,12.18114,12.17106,12.16053,12.14955,12.13812,12.12633,12.114090000000001,12.10149,12.08853,12.07521,12.06153,12.04758,12.03336,12.018780000000001,12.00402,11.9889,11.973600000000001,11.95812,11.94237,11.92644,11.91042,11.89422,11.877839999999999,11.861369999999999,11.84481,11.82816,11.81142,11.794590000000001,11.777759999999999,11.76093,11.7441,11.72727,11.71044,11.693610000000001,11.67687,11.66022,11.64366,11.6271,11.61072,11.594430000000001,11.57823,11.56221,11.546280000000001,11.53053,11.51496,11.49948,11.48427,11.469240000000001,11.45439,11.439720000000001,11.425229999999999,11.41092,11.39688,11.38302,11.36943,11.356020000000001,11.34288,11.329920000000001,11.31723,11.304720000000001,11.292390000000001,11.28042,11.26854,11.25702,11.245590000000002,11.23452,11.22354,11.21283,11.202390000000001,11.19213,11.18214,11.17224,11.16261,11.15325,11.144070000000001,11.135069999999999,11.12625,11.1177,11.10933,11.101140000000001,11.09313,11.0853,11.07774,11.07027,11.06307,11.056049999999999,11.04921,11.04246,11.03598,11.02968,11.02356,11.017619999999999,11.01186,11.00628,11.00088,10.995659999999999,10.99062,10.98576,10.98108,10.97649,10.97217,10.96803,10.96398,10.9602,10.9566,10.95309,10.94985,10.9467,10.94382,10.941120000000002,10.93851,10.93617,10.93392,10.931939999999999,10.930140000000002,10.92843,10.92699,10.92573,10.92474,10.92384,10.923119999999999,10.92267,10.9224,10.92231,10.922490000000002,10.92285,10.923390000000001,10.9242,10.925189999999999,10.926449999999999,10.92789,10.9296,10.93149,10.93374,10.93608,10.93878,10.94166,10.9449,10.94832,10.952010000000001,10.955969999999999,10.96011,10.96461,10.96947,10.97451,10.97982,10.9854,10.991340000000001,10.99755,11.00403,11.010869999999999,11.017890000000001,11.025360000000001,11.03301,11.04102,11.049299999999999,11.05785,11.06676,11.07594,11.08548,11.09529,11.10537,11.11572,11.126430000000001,11.137500000000001,11.14875,11.160359999999999,11.17224,11.184479999999999,11.196900000000001,11.20968,11.22282,11.23614,11.249820000000001,11.26368,11.2779,11.292390000000001,11.30724,11.32227,11.337570000000001,11.35323,11.36916,11.38527,11.40174,11.41848,11.4354,11.452679999999999,11.47023,11.487960000000001,11.50605,11.524320000000001,11.54295,11.56176,11.58084,11.60019,11.61981,11.639610000000001,11.65977,11.68011,11.70063,11.72151,11.74257,11.76381,11.78541,11.8071,11.82906,11.85129,11.8737,11.89629,11.91915,11.9421,11.96532,11.98872,12.0123,12.03597,12.05991,12.08394,12.10815,12.13254,12.15702,12.18159,12.20634,12.23118,12.256110000000001,12.28113,12.30624,12.331439999999999,12.356729999999999,12.382109999999999,12.40749,12.43287,12.45834,12.48381,12.50928,12.53475,12.560220000000001,12.58578,12.61116,12.63663,12.66201,12.6873,12.71259,12.73788,12.76299,12.7881,12.813030000000001,12.83796,12.86271,12.88737,12.911940000000001,12.93642,12.96072,12.98484,13.00887,13.032720000000001,13.056479999999999,13.080060000000001,13.10337,13.12668,13.14972,13.17258,13.195260000000001,13.21776,13.24008,13.262129999999999,13.284089999999999,13.30578,13.32729,13.34862,13.36968,13.390559999999999,13.41126,13.43169,13.45194,13.47192,13.49172,13.51134,13.53078,13.54995,13.56885,13.587570000000001,13.606110000000001,13.624469999999999,13.642560000000001,13.66047,13.6782,13.69575,13.713030000000002,13.730129999999999,13.74705,13.76388,13.78044,13.79682,13.81302,13.829130000000001,13.84506,13.86081,13.876470000000001,13.89195,13.907250000000001,13.922550000000001,13.93767,13.9527,13.967640000000001,13.98249,13.997250000000001,14.01201,14.02668,14.04126,14.05593,14.07051,14.085090000000001,14.09958,14.11425,14.12883,14.1435,14.15826,14.17302,14.18796,14.202900000000001,14.218020000000001,14.23323,14.248619999999999,14.264100000000001,14.27985,14.29569,14.3118,14.32809,14.34465,14.36139,14.378490000000001,14.39577,14.41341,14.431320000000001,14.44959,14.46822,14.487120000000003,14.506380000000002,14.52609,14.546160000000002,14.56659,14.587470000000001,14.6088,14.63058,14.65272,14.675400000000002,14.698530000000002,14.72211,14.746139999999999,14.77071,14.795820000000003,14.82138,14.84748,14.874120000000001,14.901209999999999,14.928930000000001,14.9571,14.98581,15.01506,15.04485,15.07518,15.106050000000002,15.137460000000003,15.169410000000001,15.201899999999998,15.234840000000002,15.268410000000001,15.302430000000001,15.33699,15.372090000000002,15.407730000000003,15.44382,15.48036,15.517530000000002,15.555060000000001,15.593130000000002,15.63165,15.67062,15.710130000000001,15.75,15.79032,15.83109,15.87231,15.913889999999999,15.95592,15.99831,16.04106,16.08426,16.12782,16.17165,16.21593,16.26048,16.305390000000003,16.35066,16.3962
15.80391,15.72498,15.64569,15.566130000000001,15.486210000000002,15.40602,15.325470000000001,15.244650000000002,15.163469999999998,15.08202,15.00021,14.918040000000001,14.835600000000001,14.7528,14.669640000000001,14.586120000000001,14.502330000000002,14.41809,14.33367,14.248800000000001,14.16357,14.07807,13.992210000000002,13.905990000000001,13.819500000000001,13.73265,13.64544,13.55796,13.47012,13.382010000000001,13.29363,13.20489,13.11597,13.02669,12.937230000000001,12.84759,12.75768,12.66768,12.57741,12.48714,12.396780000000001,12.30633,12.21597,12.1257,12.03552,11.94552,11.85579,11.76642,11.67741,11.58903,11.50128,11.41425,11.32812,11.243070000000001,11.159099999999999,11.07657,10.99548,10.9161,10.83861,10.76319,10.69011,10.61955,10.55169,10.48689,10.42524,10.3671,10.31256,10.261890000000001,10.21536,10.17315,10.13526,10.10205,10.07352,10.04976,10.03077,10.01673,10.00746,10.00305,10.00323,10.008090000000001,10.01727,10.03077,10.04832,10.06974,10.09467,10.12293,10.154250000000001,10.18845,10.22517,10.264140000000001,10.30518,10.34793,10.39221,10.437750000000001,10.48446,10.531979999999999,10.580129999999999,10.62882,10.67787,10.727010000000002,10.77624,10.825380000000001,10.87425,10.92285,10.971,11.0187,11.065769999999999,11.11221,11.15802,11.20302,11.24721,11.29059,11.33307,11.37465,11.41533,11.455020000000001,11.49381,11.53161,11.56833,11.60415,11.63889,11.67264,11.70531,11.73708,11.76777,11.79738,11.82609,11.853720000000001,11.880270000000001,11.90592,11.93049,11.954160000000002,11.97675,11.99844,12.01914,12.03885,12.05757,12.07539,12.092310000000001,12.10824,12.12327,12.137400000000001,12.15063,12.16305,12.17448,12.1851,12.19482,12.20373,12.21183,12.21903,12.22542,12.23109,12.235949999999999,12.24,12.24333,12.24585,12.24765,12.24873,12.249089999999999,12.24873,12.24774,12.245940000000001,12.243599999999999,12.240540000000001,12.23685,12.23253,12.22767,12.22209,12.21597,12.20931,12.202020000000001,12.194280000000001,12.18591,12.17709,12.16773,12.15792,12.14766,12.13686,12.1257,12.114,12.102030000000001,12.08961,12.07674,12.063600000000001,12.0501,12.03624,12.02202,12.00762,11.99286,11.97783,11.962620000000001,11.94714,11.931479999999999,11.91555,11.89953,11.88324,11.866859999999999,11.850389999999999,11.83383,11.81709,11.80035,11.783520000000001,11.7666,11.749770000000002,11.732850000000001,11.71593,11.699010000000001,11.68218,11.66535,11.64861,11.631960000000001,11.615310000000001,11.598840000000001,11.582460000000001,11.56626,11.55015,11.53422,11.518469999999999,11.50281,11.48733,11.47212,11.457,11.44215,11.427480000000001,11.41308,11.39877,11.384820000000001,11.37105,11.357460000000001,11.34414,11.331,11.31822,11.305530000000001,11.2932,11.28105,11.26917,11.25747,11.24604,11.23479,11.22381,11.2131,11.20257,11.19231,11.18223,11.17242,11.162790000000001,11.15343,11.144160000000001,11.135250000000001,11.126430000000001,11.11788,11.10951,11.10132,11.09331,11.08548,11.07792,11.07045,11.06325,11.05614,11.049299999999999,11.04264,11.03607,11.02968,11.02356,11.01753,11.01168,11.00592,11.00043,10.99512,10.9899,10.98486,10.98,10.97523,10.97073,10.96632,10.96209,10.95804,10.954080000000001,10.95039,10.94679,10.94337,10.94013,10.93698,10.934099999999999,10.93131,10.928700000000001,10.92627,10.92402,10.92195,10.919970000000001,10.91826,10.91673,10.91538,10.91412,10.91313,10.912320000000001,10.91169,10.91133,10.91106,10.91106,10.91133,10.91169,10.912320000000001,10.91322,10.9143,10.91556,10.91709,10.91889,10.92096,10.923210000000001,10.92582,10.928609999999999,10.93167,10.935,10.938600000000001,10.94247,10.9467,10.95111,10.95588,10.960920000000002,10.96623,10.971900000000002,10.97784,10.98405,10.99062,10.99755,11.00475,11.01222,11.020050000000001,11.02815,11.03661,11.045430000000001,11.05452,11.063880000000001,11.0736,11.083680000000001,11.09403,11.10474,11.11572,11.12697,11.138670000000001,11.15055,11.162790000000001,11.17539,11.188170000000001,11.20131,11.21481,11.228580000000001,11.24262,11.25693,11.27151,11.28645,11.30166,11.31714,11.33289,11.34891,11.36529,11.38185,11.39868,11.41587,11.43324,11.45088,11.46888,11.487060000000001,11.50551,11.524230000000001,11.54313,11.562389999999999,11.58183,11.60154,11.62143,11.641680000000001,11.66211,11.68272,11.7036,11.72475,11.74608,11.76768,11.78946,11.81142,11.83365,11.856060000000001,11.87865,11.90151,11.92446,11.94768,11.97099,11.99457,12.01824,12.04209,12.066120000000002,12.09024,12.11454,12.13893,12.1635,12.188160000000002,12.21291,12.23775,12.26277,12.287790000000001,12.312899999999999,12.3381,12.36339,12.38868,12.414060000000001,12.439440000000001,12.46482,12.49029,12.51567,12.54114,12.56652,12.59199,12.61737,12.64275,12.66804,12.69333,12.718530000000001,12.74364,12.76875,12.79368,12.818610000000001,12.84345,12.86811,12.89268,12.917159999999999,12.941550000000001,12.96576,12.98988,13.013819999999999,13.03767,13.061340000000001,13.08483,13.10814,13.13136,13.15431,13.17717,13.19985,13.22226,13.244580000000001,13.266630000000001,13.288590000000001,13.310279999999999,13.33179,13.35312,13.37418,13.39506,13.41576,13.43628,13.45653,13.476600000000001,13.49649,13.516200000000001,13.53564,13.5549,13.57389,13.592789999999999,13.611419999999999,13.62987,13.648050000000001,13.66614,13.68396,13.701600000000001,13.719059999999999,13.73634,13.75344,13.77036,13.78719,13.80375,13.82022,13.83651,13.85262,13.86864,13.88448,13.900229999999999,13.9158,13.931280000000001,13.94667,13.961969999999999,13.97718,13.99239,14.007420000000002,14.022450000000001,14.03739,14.05233,14.06727,14.082120000000002,14.097059999999999,14.11191,14.126850000000001,14.14179,14.15682,14.17185,14.186969999999999,14.20218,14.21757,14.23296,14.24853,14.264190000000001,14.28012,14.296140000000001,14.31234,14.32872,14.345369999999999,14.3622,14.3793,14.39667,14.414309999999999,14.43222,14.450400000000002,14.46894,14.48775,14.506920000000001,14.526539999999999,14.54643,14.566679999999998,14.587380000000001,14.60844,14.629950000000001,14.651820000000003,14.674140000000001,14.697,14.72022,14.743890000000002,14.768099999999999,14.79276,14.817870000000001,14.84352,14.86962,14.896260000000002,14.923440000000001,14.951070000000001,14.979239999999999,15.00786,15.037109999999998,15.06681,15.09705,15.127830000000001,15.15906,15.190829999999998,15.223230000000001,15.25599,15.28938,15.323220000000001,15.3576,15.39243,15.4278,15.463619999999999,15.49998,15.536790000000002,15.574050000000002,15.611849999999999,15.6501,15.688709999999999,15.727860000000002,15.767460000000002,15.80742,15.84783,15.88869,15.92991,15.971580000000001,16.01361,16.056,16.09875,16.14195,16.18542,16.22925,16.27344,16.3179,16.362720000000003,16.4079
15.79149,15.71283,15.633809999999999,15.554520000000002,15.47487,15.39504,15.314850000000002,15.2343,15.15348,15.07239,14.99103,14.90931,14.827229999999998,14.744879999999998,14.66226,14.57928,14.496030000000001,14.412420000000001,14.32854,14.24439,14.159880000000001,14.075099999999999,13.98996,13.90455,13.81887,13.732920000000002,13.64661,13.560120000000001,13.47336,13.38633,13.29903,13.21155,13.123800000000001,13.035960000000001,12.94785,12.85965,12.771270000000001,12.68289,12.594330000000001,12.50586,12.417300000000001,12.32883,12.240450000000001,12.15225,12.06423,11.97657,11.889180000000001,11.80233,11.71593,11.63016,11.54511,11.46087,11.37762,11.29545,11.21454,11.13498,11.05704,10.98072,10.90638,10.83411,10.764090000000001,10.69659,10.6317,10.56978,10.51092,10.455300000000001,10.40328,10.35486,10.3104,10.2699,10.23354,10.201500000000001,10.173869999999999,10.150649999999999,10.13193,10.1178,10.10808,10.102860000000002,10.10205,10.10538,10.11294,10.12446,10.13976,10.15866,10.180980000000002,10.20645,10.2348,10.265939999999999,10.29942,10.33515,10.37286,10.412370000000001,10.453320000000001,10.495709999999999,10.539090000000002,10.58337,10.62846,10.67409,10.720170000000001,10.76643,10.81287,10.85922,10.90557,10.95165,10.99737,11.04273,11.08764,11.132010000000001,11.17575,11.218860000000001,11.26125,11.30283,11.34369,11.38374,11.42289,11.46114,11.49858,11.53503,11.57058,11.60523,11.63889,11.671560000000001,11.703330000000001,11.734110000000001,11.7639,11.7927,11.82051,11.84742,11.87334,11.89827,11.92221,11.94516,11.967210000000001,11.98836,12.00843,12.027690000000002,12.04596,12.06324,12.07971,12.09519,12.10986,12.12354,12.13641,12.148380000000001,12.15954,12.16971,12.179160000000001,12.187710000000001,12.19545,12.20238,12.208499999999999,12.2139,12.2184,12.22218,12.225240000000001,12.22749,12.22902,12.22983,12.229920000000002,12.22929,12.22803,12.22605,12.22344,12.22011,12.21624,12.21165,12.20652,12.20076,12.194370000000001,12.18744,12.17997,12.17196,12.163319999999999,12.15432,12.14469,12.13461,12.12408,12.1131,12.10167,12.08979,12.07755,12.064860000000001,12.0519,12.03849,12.02472,12.01068,11.99628,11.981610000000002,11.96667,11.95146,11.93598,11.92032,11.90448,11.88837,11.87217,11.85579,11.83923,11.82258,11.80584,11.789010000000001,11.77209,11.75517,11.73816,11.72115,11.70414,11.68713,11.67021,11.65329,11.63646,11.61963,11.60298,11.58642,11.56995,11.55357,11.53746,11.521350000000002,11.50551,11.48985,11.47428,11.45898,11.44386,11.42901,11.41425,11.399849999999999,11.38554,11.37159,11.35782,11.34423,11.331,11.31795,11.30517,11.29257,11.28033,11.268270000000001,11.25648,11.24487,11.23362,11.22255,11.21175,11.201130000000001,11.19078,11.1807,11.170800000000002,11.16117,11.151810000000001,11.14254,11.13354,11.124810000000002,11.11626,11.107890000000001,11.0997,11.09178,11.08395,11.07639,11.06901,11.061720000000001,11.0547,11.04786,11.04111,11.03463,11.02824,11.02203,11.016,11.01006,11.00439,10.99881,10.99332,10.9881,10.982880000000002,10.977929999999999,10.97307,10.96839,10.963890000000001,10.95948,10.95516,10.95111,10.94706,10.94328,10.939589999999999,10.93608,10.93266,10.92942,10.92627,10.923390000000001,10.9206,10.917900000000001,10.91547,10.91313,10.91097,10.908900000000001,10.9071,10.90548,10.903950000000002,10.902600000000001,10.90152,10.900530000000002,10.89981,10.899180000000001,10.89882,10.89864,10.89873,10.899,10.89945,10.900170000000001,10.901069999999999,10.90224,10.90359,10.9053,10.90719,10.90935,10.91178,10.914390000000001,10.91736,10.9206,10.92411,10.927980000000002,10.932120000000001,10.93653,10.94121,10.94625,10.95156,10.95723,10.96317,10.96947,10.976130000000001,10.98306,10.99035,10.998000000000001,11.00592,11.0142,11.02284,11.03184,11.04111,11.050740000000001,11.060640000000001,11.07099,11.081610000000001,11.092590000000001,11.10384,11.115450000000001,11.127419999999999,11.13966,11.152260000000002,11.16513,11.178360000000001,11.19195,11.20572,11.219850000000001,11.23434,11.2491,11.264130000000002,11.27943,11.29509,11.311020000000001,11.32713,11.3436,11.360430000000001,11.37744,11.39472,11.412270000000001,11.430090000000002,11.44818,11.46654,11.48508,11.50398,11.523060000000001,11.54241,11.56203,11.58183,11.6019,11.622240000000001,11.64276,11.66355,11.68452,11.70567,11.72718,11.74878,11.77065,11.7927,11.81493,11.83734,11.86002,11.88288,11.90583,11.92905,11.95236,11.97594,11.99961,12.023460000000002,12.0474,12.071520000000001,12.09582,12.12021,12.14469,12.16926,12.19401,12.21885,12.243780000000001,12.2688,12.29382,12.31893,12.34413,12.36942,12.39471,12.42009,12.44538,12.47085,12.49623,12.52161,12.546990000000001,12.572370000000001,12.597750000000001,12.623040000000001,12.64833,12.67362,12.69882,12.723930000000001,12.749039999999999,12.77406,12.79899,12.82383,12.84849,12.87315,12.89772,12.922110000000002,12.94641,12.97062,12.99465,13.0185,13.04226,13.06584,13.08933,13.112639999999999,13.13577,13.158719999999999,13.18149,13.204170000000001,13.22658,13.24881,13.270950000000001,13.29282,13.31451,13.33602,13.35735,13.3785,13.399379999999999,13.42017,13.440690000000002,13.46094,13.4811,13.501080000000002,13.52079,13.540320000000001,13.55958,13.578750000000001,13.59765,13.616370000000002,13.635,13.65327,13.67145,13.68945,13.70727,13.724820000000001,13.74228,13.75956,13.77666,13.79358,13.810410000000001,13.827060000000001,13.843530000000001,13.859820000000001,13.87602,13.892130000000002,13.90806,13.92399,13.93965,13.95531,13.97088,13.98636,14.00175,14.017140000000001,14.03244,14.047649999999999,14.06286,14.07807,14.09328,14.10849,14.1237,14.13891,14.15421,14.16951,14.184899999999999,14.20029,14.215860000000001,14.23152,14.24727,14.26311,14.27913,14.29533,14.31171,14.32818,14.34492,14.361839999999999,14.37903,14.3964,14.41404,14.431949999999999,14.450130000000001,14.468580000000001,14.487390000000001,14.506470000000002,14.525910000000001,14.54562,14.56578,14.586300000000001,14.60718,14.628419999999998,14.65011,14.67216,14.69466,14.717519999999999,14.74092,14.76477,14.788980000000002,14.813730000000001,14.838930000000001,14.864580000000002,14.890770000000002,14.91741,14.94459,14.97222,15.000300000000001,15.02892,15.058080000000002,15.08769,15.11784,15.148530000000001,15.17967,15.21135,15.243480000000002,15.276150000000001,15.309360000000002,15.34302,15.37713,15.411779999999998,15.44697,15.482520000000001,15.518609999999999,15.555150000000001,15.59223,15.629669999999999,15.66765,15.70599,15.74478,15.784020000000002,15.823710000000002,15.863760000000001,15.904259999999999,15.94521,15.986429999999999,16.028100000000002,16.07013,16.11261,16.155359999999998,16.19847,16.241940000000003,16.28568,16.329870000000003,16.37424,16.41906
15.77934,15.70086,15.622110000000001,15.54309,15.463799999999999,15.38415,15.30432,15.22413,15.14367,15.06294,14.98194,14.90067,14.81904,14.737140000000002,14.65506,14.57253,14.489819999999998,14.40684,14.3235,14.239980000000001,14.1561,14.072040000000001,13.98771,13.903020000000001,13.818150000000001,13.7331,13.647689999999999,13.562100000000001,13.476329999999999,13.39038,13.304160000000001,13.21785,13.13136,13.04478,12.958020000000001,12.87117,12.784320000000001,12.697470000000001,12.610529999999999,12.52368,12.43692,12.350340000000001,12.26385,12.17763,12.09177,12.00618,11.92104,11.83644,11.752469999999999,11.66922,11.58669,11.50506,11.42451,11.345130000000001,11.26701,11.190240000000001,11.11509,11.041739999999999,10.97019,10.9008,10.83357,10.76886,10.70667,10.647359999999999,10.59102,10.537830000000001,10.48797,10.44153,10.39887,10.3599,10.324980000000002,10.29393,10.26711,10.24443,10.22589,10.21167,10.201590000000001,10.19565,10.19376,10.19592,10.20186,10.21158,10.224900000000002,10.24155,10.26144,10.28439,10.31004,10.3383,10.368900000000002,10.40175,10.4364,10.47285,10.51083,10.55016,10.590570000000001,10.63188,10.67409,10.716840000000001,10.76013,10.80369,10.84752,10.89135,10.93518,10.97892,11.02239,11.06559,11.10843,11.15073,11.19258,11.2338,11.27448,11.314440000000001,11.35368,11.392199999999999,11.42991,11.46681,11.5029,11.53818,11.57256,11.60604,11.638710000000001,11.670390000000001,11.701170000000001,11.73105,11.75994,11.78793,11.81502,11.84112,11.86632,11.89053,11.91384,11.93625,11.95776,11.978280000000002,11.9979,12.01653,12.03435,12.05118,12.0672,12.08232,12.09645,12.10986,12.122280000000002,12.133890000000001,12.1446,12.1545,12.163590000000001,12.17187,12.179250000000001,12.18591,12.19167,12.19671,12.20103,12.20445,12.207239999999999,12.20922,12.21048,12.21102,12.210840000000001,12.210030000000001,12.20841,12.20625,12.203280000000001,12.199770000000001,12.195630000000001,12.190769999999999,12.18537,12.17934,12.17277,12.16557,12.157829999999999,12.14955,12.14073,12.13137,12.12156,12.111300000000002,12.1005,12.08925,12.07755,12.06549,12.052980000000002,12.04002,12.02679,12.01311,11.99916,11.98485,11.970270000000001,11.95533,11.94021,11.92473,11.90907,11.89323,11.87712,11.86083,11.84445,11.8278,11.81115,11.794319999999999,11.7774,11.760390000000001,11.74338,11.72628,11.70909,11.69199,11.67489,11.65779,11.640780000000001,11.62377,11.60685,11.590110000000001,11.573369999999999,11.55681,11.54034,11.523959999999999,11.507850000000001,11.49183,11.476080000000001,11.460420000000001,11.44503,11.42982,11.41488,11.400120000000001,11.38554,11.37123,11.35719,11.34342,11.329920000000001,11.3166,11.30355,11.29086,11.27835,11.26611,11.25414,11.24244,11.23092,11.21976,11.20878,11.19816,11.18772,11.17755,11.16756,11.15784,11.148390000000001,11.13921,11.13021,11.121390000000002,11.11284,11.104470000000001,11.09637,11.08836,11.08062,11.07306,11.06568,11.058480000000001,11.05155,11.04471,11.03805,11.03148,11.02518,11.01897,11.01294,11.00709,11.00133,10.99575,10.99026,10.984950000000001,10.97982,10.97478,10.969830000000002,10.965060000000001,10.96038,10.95588,10.95156,10.94724,10.943100000000001,10.93914,10.93527,10.93149,10.92789,10.92438,10.92096,10.917810000000001,10.91466,10.91169,10.908900000000001,10.9062,10.90368,10.901250000000001,10.899,10.89693,10.89495,10.89315,10.89153,10.890089999999999,10.888829999999999,10.88775,10.88685,10.886130000000001,10.88559,10.88523,10.88514,10.88523,10.8855,10.88604,10.88685,10.88784,10.889100000000001,10.89054,10.89234,10.894319999999999,10.89666,10.899180000000001,10.90206,10.90521,10.90863,10.912320000000001,10.91637,10.92078,10.925460000000001,10.9305,10.93581,10.94148,10.94751,10.95381,10.96047,10.96749,10.974870000000001,10.98261,10.99071,10.99917,11.00799,11.01708,11.02662,11.036430000000001,11.0466,11.05713,11.06811,11.07927,11.09088,11.10285,11.11509,11.127690000000001,11.14065,11.153880000000001,11.167470000000002,11.181420000000001,11.195640000000001,11.210130000000001,11.22498,11.24019,11.25567,11.271419999999999,11.28744,11.30382,11.32038,11.337299999999999,11.35449,11.37195,11.38968,11.407680000000001,11.42595,11.444490000000002,11.46321,11.482199999999999,11.50155,11.52099,11.540790000000001,11.56077,11.58093,11.60136,11.62206,11.642940000000001,11.664090000000002,11.68542,11.70693,11.728620000000001,11.750580000000001,11.77272,11.79504,11.81754,11.84031,11.86317,11.88621,11.90943,11.93283,11.95641,11.98008,12.00393,12.02796,12.05208,12.07629,12.10068,12.125160000000001,12.149730000000002,12.17448,12.19923,12.22416,12.249089999999999,12.2742,12.29931,12.32442,12.34962,12.37491,12.4002,12.42558,12.45096,12.47625,12.50163,12.52701,12.55239,12.577770000000001,12.60306,12.62835,12.653550000000001,12.67875,12.70395,12.72906,12.75408,12.77901,12.80385,12.8286,12.853349999999999,12.87792,12.9024,12.9267,12.95091,12.97503,12.99906,13.022910000000001,13.04658,13.07016,13.093560000000002,13.116869999999999,13.13991,13.16286,13.185630000000002,13.20822,13.23063,13.25286,13.275,13.29687,13.318560000000002,13.34007,13.3614,13.38255,13.40352,13.424220000000002,13.444830000000001,13.46517,13.485330000000001,13.505310000000001,13.525110000000002,13.54473,13.564079999999999,13.58334,13.60233,13.62114,13.63986,13.65831,13.67658,13.69467,13.71258,13.730400000000001,13.74795,13.765410000000001,13.7826,13.79979,13.81671,13.83354,13.85019,13.866750000000001,13.883130000000001,13.89942,13.91562,13.93173,13.94766,13.96359,13.97943,13.995090000000001,14.010750000000002,14.02641,14.04198,14.05746,14.07294,14.088420000000001,14.1039,14.11938,14.134950000000002,14.15043,14.166,14.18166,14.197320000000001,14.21307,14.22891,14.24484,14.26086,14.27706,14.29344,14.30991,14.32647,14.3433,14.36031,14.37759,14.394960000000001,14.41269,14.4306,14.448780000000001,14.46714,14.485860000000002,14.50494,14.524290000000002,14.54391,14.563889999999999,14.58423,14.60493,14.625990000000002,14.647409999999999,14.669279999999999,14.69151,14.7141,14.737140000000002,14.76063,14.784569999999999,14.80896,14.83371,14.859000000000002,14.884739999999999,14.910929999999999,14.937570000000001,14.964750000000002,14.99229,15.02046,15.04899,15.078059999999999,15.10767,15.137730000000001,15.16824,15.199290000000001,15.23088,15.262830000000001,15.295410000000002,15.328350000000002,15.36183,15.395850000000001,15.43023,15.46515,15.50052,15.53643,15.572700000000001,15.609420000000002,15.646680000000002,15.6843,15.722370000000002,15.76089,15.799859999999999,15.83919,15.87897,15.91911,15.959700000000002,16.00056,16.04196,16.08363,16.12566,16.16805,16.210800000000003,16.25391,16.29738,16.34112,16.38513,16.4295
15.767370000000001,15.689070000000001,15.610589999999998,15.53184,15.45282,15.373530000000002,15.293970000000002,15.214139999999999,15.13404,15.053669999999999,14.973030000000001,14.892120000000002,14.811030000000002,14.72958,14.647860000000001,14.56596,14.4837,14.40126,14.31855,14.23557,14.15241,14.06898,13.98528,13.9014,13.817340000000002,13.7331,13.64859,13.5639,13.479120000000002,13.394160000000001,13.30902,13.22379,13.13847,13.05306,12.96765,12.88215,12.79674,12.71124,12.62592,12.540690000000001,12.455549999999999,12.37068,12.28608,12.201749999999999,12.11778,12.03426,11.95128,11.86884,11.78712,11.70612,11.62602,11.54691,11.46879,11.39193,11.31633,11.24226,11.16972,11.098980000000001,11.03013,10.96326,10.89873,10.83645,10.77678,10.71981,10.66572,10.614600000000001,10.56672,10.522170000000001,10.48113,10.4436,10.40976,10.37979,10.3536,10.33137,10.31301,10.29861,10.288170000000001,10.2816,10.27881,10.279800000000002,10.28439,10.29249,10.30392,10.31859,10.33632,10.35693,10.38015,10.4058,10.43379,10.46385,10.495800000000001,10.52946,10.56465,10.60119,10.63881,10.67742,10.71693,10.757069999999999,10.79775,10.838790000000001,10.8801,10.92159,10.96317,11.00466,11.04597,11.087100000000001,11.12796,11.16837,11.20842,11.24793,11.286900000000001,11.32524,11.36304,11.400030000000001,11.436390000000001,11.47203,11.50686,11.54097,11.57418,11.606580000000001,11.63817,11.66895,11.69874,11.72772,11.755889999999999,11.78307,11.80935,11.83473,11.8593,11.88288,11.905560000000001,11.92734,11.948220000000001,11.9682,11.98728,12.00546,12.02283,12.039209999999999,12.05478,12.069450000000002,12.08322,12.09618,12.10824,12.11949,12.129840000000002,12.139380000000001,12.148109999999999,12.156030000000001,12.16314,12.16944,12.17493,12.1797,12.18366,12.186900000000001,12.18933,12.191040000000001,12.192029999999999,12.192300000000001,12.19185,12.19068,12.188880000000001,12.18645,12.183209999999999,12.17943,12.17502,12.16989,12.16422,12.15801,12.15108,12.1437,12.13569,12.12714,12.11805,12.10851,12.09843,12.08781,12.07674,12.06531,12.05334,12.04101,12.028229999999999,12.015089999999999,12.001500000000002,11.987639999999999,11.97342,11.95884,11.943990000000001,11.928870000000002,11.91348,11.89782,11.88189,11.86578,11.849490000000001,11.832930000000001,11.81628,11.79954,11.78262,11.76561,11.748510000000001,11.73132,11.71413,11.69685,11.67957,11.66229,11.645100000000001,11.62791,11.61072,11.59371,11.5767,11.559780000000002,11.54304,11.52648,11.51001,11.49363,11.47752,11.46159,11.445839999999999,11.43027,11.41497,11.399849999999999,11.385,11.37033,11.356020000000001,11.341890000000001,11.32803,11.314440000000001,11.301120000000001,11.28807,11.27529,11.262780000000001,11.250630000000001,11.23866,11.22696,11.215620000000001,11.204550000000001,11.193660000000001,11.18313,11.17278,11.162700000000001,11.152980000000001,11.14344,11.13408,11.12508,11.11626,11.107619999999999,11.09925,11.091149999999999,11.08323,11.07549,11.06793,11.060640000000001,11.05344,11.04651,11.039760000000001,11.033100000000001,11.02671,11.02041,11.014289999999999,11.008260000000002,11.00241,10.99674,10.99116,10.98576,10.98045,10.975320000000002,10.97028,10.96533,10.960560000000001,10.95588,10.95129,10.94688,10.94247,10.93824,10.934190000000001,10.930140000000002,10.92627,10.922490000000002,10.9188,10.9152,10.91178,10.90845,10.90521,10.90215,10.89909,10.8963,10.89351,10.8909,10.88847,10.886130000000001,10.88397,10.8819,10.88001,10.878210000000001,10.87668,10.875240000000002,10.873980000000001,10.8729,10.872,10.87137,10.87083,10.870560000000001,10.870470000000001,10.870560000000001,10.87092,10.87155,10.872359999999999,10.87344,10.87479,10.87641,10.8783,10.88046,10.88289,10.88559,10.88865,10.89198,10.895669999999999,10.89963,10.903950000000002,10.90854,10.913580000000001,10.91889,10.924560000000001,10.93059,10.93698,10.94373,10.950840000000001,10.95831,10.96614,10.97433,10.98297,10.99188,11.00124,11.01096,11.020950000000001,11.03139,11.04219,11.05344,11.06496,11.07684,11.08908,11.10168,11.114640000000001,11.12787,11.14155,11.1555,11.16981,11.18439,11.19942,11.21463,11.2302,11.246129999999999,11.26233,11.2788,11.295539999999999,11.31264,11.330010000000001,11.34765,11.36556,11.38374,11.4021,11.42082,11.439810000000001,11.45898,11.47842,11.498130000000002,11.51802,11.53818,11.558520000000001,11.579130000000001,11.60001,11.62107,11.64231,11.66373,11.68542,11.70729,11.72934,11.75157,11.77407,11.796660000000001,11.81943,11.84238,11.86551,11.888819999999999,11.912310000000002,11.93589,11.959650000000002,11.9835,12.00753,12.031649999999999,12.055950000000001,12.08034,12.10491,12.129480000000001,12.15414,12.17898,12.20391,12.22884,12.25386,12.278970000000001,12.304170000000001,12.329369999999999,12.35457,12.37986,12.405240000000001,12.430530000000001,12.455910000000001,12.48129,12.506580000000001,12.53196,12.55734,12.58263,12.607920000000002,12.63321,12.65841,12.683520000000001,12.70863,12.733740000000001,12.75867,12.783600000000002,12.80835,12.8331,12.85776,12.88224,12.90672,12.93102,12.95514,12.97926,13.003200000000001,13.026959999999999,13.05063,13.07412,13.09752,13.12074,13.143780000000001,13.16673,13.189499999999999,13.21209,13.23441,13.25673,13.278780000000001,13.30065,13.32234,13.34385,13.365179999999999,13.38633,13.407300000000001,13.42809,13.4487,13.46913,13.48938,13.509360000000001,13.529250000000001,13.548869999999999,13.5684,13.587660000000001,13.60674,13.625729999999999,13.64445,13.66299,13.68144,13.69962,13.71771,13.735619999999999,13.75335,13.770900000000001,13.788359999999999,13.80555,13.82274,13.83975,13.856580000000001,13.87332,13.88997,13.90644,13.92282,13.93911,13.95531,13.97142,13.987440000000001,14.00346,14.01939,14.03523,14.05107,14.06682,14.08257,14.09832,14.11407,14.12982,14.14566,14.16141,14.177249999999999,14.193180000000002,14.20911,14.22522,14.241330000000001,14.25753,14.27391,14.29038,14.306939999999999,14.323680000000001,14.3406,14.3577,14.375070000000001,14.39253,14.41026,14.428170000000001,14.44635,14.46471,14.48343,14.50242,14.521680000000002,14.541210000000001,14.5611,14.58126,14.60178,14.62266,14.6439,14.665500000000002,14.687550000000002,14.70987,14.732639999999998,14.755859999999998,14.779440000000001,14.80347,14.827860000000001,14.85279,14.878079999999999,14.90382,14.93001,14.956740000000002,14.983830000000001,15.011460000000001,15.03954,15.06807,15.09714,15.126570000000001,15.156629999999998,15.187050000000001,15.21801,15.24942,15.281279999999999,15.313590000000001,15.346440000000001,15.37974,15.413580000000001,15.447780000000002,15.482520000000001,15.51762,15.553260000000002,15.589350000000001,15.625799999999998,15.66279,15.700140000000001,15.73794,15.77619,15.8148,15.853860000000001,15.893279999999999,15.93315,15.97338,16.01397,16.05501,16.09632,16.138080000000002,16.180110000000003,16.2225,16.26525,16.30836,16.351740000000003,16.39548,16.439490000000003
15.75558,15.67755,15.59934,15.52086,15.442110000000001,15.36309,15.2838,15.204329999999999,15.12459,15.044580000000002,14.9643,14.883750000000001,14.803020000000002,14.72202,14.640749999999999,14.5593,14.477580000000001,14.39568,14.31351,14.231160000000001,14.14863,14.06583,13.982850000000001,13.899690000000001,13.81635,13.732920000000002,13.649220000000001,13.56543,13.48155,13.397580000000001,13.31343,13.22928,13.14513,13.06089,12.97665,12.89241,12.80835,12.72429,12.640410000000001,12.55671,12.47319,12.389940000000001,12.30705,12.22452,12.14244,12.06081,11.97981,11.89944,11.819790000000001,11.740950000000002,11.6631,11.58615,11.51046,11.43585,11.36268,11.29104,11.220930000000001,11.15262,11.08611,11.02167,10.95948,10.89954,10.84203,10.78722,10.7352,10.685970000000001,10.639890000000001,10.596960000000001,10.55736,10.52109,10.488330000000001,10.45917,10.43361,10.41174,10.39356,10.37907,10.36818,10.36107,10.357470000000001,10.357380000000001,10.360710000000001,10.36737,10.377180000000001,10.39005,10.40571,10.42416,10.44513,10.468530000000001,10.49409,10.52172,10.55115,10.58229,10.61487,10.648800000000001,10.683900000000001,10.71999,10.75698,10.79469,10.83294,10.87164,10.9107,10.949940000000002,10.98936,11.028780000000001,11.06811,11.10726,11.146230000000001,11.18493,11.223180000000001,11.26107,11.29842,11.33532,11.37159,11.40732,11.44233,11.476709999999999,11.510370000000002,11.543310000000002,11.57544,11.60685,11.637450000000001,11.66724,11.69622,11.7243,11.75157,11.778030000000001,11.80359,11.82834,11.8521,11.87514,11.89719,11.918429999999999,11.93868,11.95821,11.97675,11.99448,12.01131,12.02724,12.04236,12.05658,12.069989999999999,12.082590000000001,12.09429,12.10509,12.115169999999999,12.124350000000002,12.13272,12.14037,12.147120000000001,12.15315,12.15837,12.162780000000001,12.16647,12.16935,12.17151,12.17295,12.173670000000001,12.173670000000001,12.17295,12.17151,12.16944,12.16665,12.16323,12.15918,12.15441,12.1491,12.14316,12.13659,12.129480000000001,12.12174,12.11346,12.10473,12.095369999999999,12.08547,12.07512,12.06432,12.052980000000002,12.04119,12.02904,12.01635,12.0033,11.98989,11.976120000000002,11.96199,11.9475,11.93265,11.91753,11.902140000000001,11.88648,11.870550000000001,11.85435,11.83797,11.82141,11.804670000000002,11.787840000000001,11.77083,11.75364,11.73645,11.71917,11.7018,11.68434,11.66688,11.64951,11.63205,11.614680000000002,11.59731,11.580119999999999,11.56293,11.54583,11.528910000000002,11.512080000000001,11.49534,11.47887,11.46258,11.44638,11.43045,11.41479,11.399220000000001,11.38401,11.368979999999999,11.35422,11.339730000000001,11.32551,11.31156,11.297880000000001,11.28447,11.271419999999999,11.258640000000002,11.24604,11.23389,11.22192,11.21031,11.198970000000001,11.187899999999999,11.177100000000001,11.16666,11.156400000000001,11.1465,11.13678,11.127419999999999,11.11824,11.10942,11.10078,11.09232,11.08413,11.076210000000001,11.068560000000002,11.061,11.05371,11.0466,11.03967,11.03292,11.026440000000001,11.020050000000001,11.01384,11.00772,11.00187,10.99611,10.990440000000001,10.985040000000001,10.97964,10.97442,10.96929,10.964340000000002,10.95948,10.95471,10.95003,10.94544,10.941030000000001,10.93662,10.93239,10.92825,10.9242,10.92015,10.91628,10.9125,10.90881,10.90521,10.9017,10.89828,10.89495,10.8918,10.88865,10.88568,10.882800000000001,10.88001,10.877310000000001,10.87479,10.872359999999999,10.87002,10.86786,10.86588,10.86399,10.86219,10.86066,10.85922,10.85805,10.85697,10.85607,10.85544,10.8549,10.85463,10.85463,10.85481,10.855260000000001,10.855889999999999,10.85679,10.85796,10.8594,10.86111,10.86318,10.86543,10.86804,10.871010000000002,10.87425,10.87776,10.88172,10.88595,10.89054,10.89549,10.9008,10.90647,10.91259,10.91898,10.92582,10.93293,10.94049,10.9485,10.95687,10.9656,10.97469,10.98423,10.99413,11.00439,11.0151,11.02617,11.0376,11.04939,11.06163,11.074140000000002,11.087100000000001,11.10042,11.11401,11.12805,11.14245,11.15712,11.17215,11.18754,11.2032,11.21922,11.23551,11.25216,11.26908,11.28636,11.30382,11.32164,11.339730000000001,11.35809,11.37672,11.39562,11.41479,11.43414,11.45376,11.473650000000001,11.49381,11.51415,11.53467,11.55546,11.57652,11.59767,11.61909,11.640780000000001,11.66256,11.684610000000001,11.70684,11.72916,11.75175,11.77452,11.79738,11.82051,11.84373,11.867130000000001,11.89071,11.914380000000001,11.93814,11.96217,11.9862,12.01041,12.0348,12.059190000000001,12.08376,12.108419999999999,12.13317,12.15801,12.18285,12.20787,12.232890000000001,12.258,12.2832,12.3084,12.33369,12.35898,12.38427,12.409650000000001,12.435030000000001,12.460410000000001,12.485790000000001,12.51108,12.53646,12.56184,12.58713,12.61242,12.63762,12.662820000000002,12.68793,12.713040000000001,12.73797,12.7629,12.787830000000001,12.81258,12.837240000000001,12.86181,12.886289999999999,12.910680000000001,12.93498,12.9591,12.983130000000001,13.00698,13.03074,13.054409999999999,13.077900000000001,13.10121,13.12443,13.14747,13.17033,13.193100000000001,13.2156,13.238010000000001,13.26024,13.282290000000001,13.304160000000001,13.32585,13.34745,13.368780000000001,13.389930000000001,13.4109,13.431780000000002,13.452390000000001,13.47282,13.493070000000001,13.51323,13.53312,13.55283,13.57236,13.59171,13.61097,13.629959999999999,13.64877,13.66749,13.68603,13.7043,13.72248,13.74057,13.75839,13.77612,13.79367,13.81113,13.82841,13.845600000000001,13.86261,13.879529999999999,13.896360000000001,13.91301,13.92966,13.94613,13.9626,13.97889,13.995180000000001,14.011379999999999,14.02749,14.0436,14.05971,14.07573,14.091750000000001,14.10777,14.1237,14.13972,14.15583,14.17185,14.18796,14.204160000000002,14.22036,14.236740000000001,14.253120000000001,14.26959,14.28624,14.302980000000002,14.3199,14.33691,14.3541,14.37147,14.38902,14.40675,14.42475,14.442929999999999,14.461290000000002,14.48001,14.49891,14.51808,14.537609999999999,14.55732,14.57739,14.59782,14.61852,14.639580000000002,14.661,14.68278,14.70492,14.727420000000002,14.75028,14.773589999999999,14.797260000000001,14.82138,14.84586,14.87079,14.896170000000001,14.921999999999999,14.948190000000002,14.974920000000001,15.0021,15.02964,15.05772,15.08616,15.11514,15.144570000000002,15.174540000000002,15.204870000000001,15.23565,15.26697,15.29874,15.330960000000001,15.363629999999999,15.396750000000003,15.43041,15.46443,15.4989,15.533909999999999,15.56928,15.605099999999998,15.64137,15.678090000000001,15.715170000000002,15.7527,15.790680000000002,15.829020000000002,15.86781,15.90696,15.94647,15.986429999999999,16.026660000000003,16.067339999999998,16.10838,16.14978,16.19154,16.23357,16.275959999999998,16.318710000000003,16.36173,16.40511,16.44876
15.743970000000001,15.666210000000001,15.58818,15.509970000000001,15.43149,15.352739999999999,15.273810000000001,15.194609999999999,15.11514,15.03549,14.95557,14.875470000000002,14.7951,14.71455,14.63373,14.552729999999999,14.47155,14.3901,14.308470000000002,14.226659999999999,14.14476,14.06259,13.98024,13.8978,13.81518,13.732470000000001,13.64958,13.56669,13.48362,13.40055,13.31748,13.23432,13.151159999999999,13.068,12.98502,12.90204,12.819149999999999,12.73644,12.653910000000002,12.57165,12.48966,12.40794,12.326670000000002,12.24585,12.16548,12.08565,12.006450000000001,11.92806,11.850389999999999,11.77353,11.697750000000001,11.62296,11.549339999999999,11.476980000000001,11.40597,11.33649,11.26863,11.202480000000001,11.13822,11.07603,11.01591,10.95804,10.902600000000001,10.849770000000001,10.79955,10.75212,10.70757,10.666080000000001,10.627740000000001,10.592640000000001,10.56078,10.532340000000001,10.50732,10.48581,10.467720000000002,10.45314,10.441980000000001,10.434330000000001,10.430010000000001,10.42893,10.43109,10.4364,10.44477,10.45593,10.46988,10.48635,10.50534,10.52658,10.549980000000001,10.57527,10.602450000000001,10.63125,10.66149,10.69308,10.72584,10.75959,10.79424,10.829699999999999,10.8657,10.90224,10.93914,10.97631,11.013750000000002,11.05119,11.08863,11.12598,11.163240000000002,11.20014,11.23686,11.27313,11.30904,11.3445,11.379420000000001,11.4138,11.44755,11.48076,11.513250000000001,11.54511,11.576250000000002,11.606670000000001,11.63628,11.66517,11.69334,11.72061,11.747160000000001,11.77281,11.79774,11.82177,11.844899999999999,11.867220000000001,11.88873,11.90943,11.92923,11.94813,11.96622,11.98341,11.99979,12.015360000000001,12.03003,12.04389,12.05685,12.069,12.08034,12.09087,12.1005,12.10941,12.117510000000001,12.12471,12.13119,12.13686,12.14181,12.145950000000001,12.149280000000001,12.15189,12.153780000000001,12.15495,12.15531,12.15504,12.15405,12.152339999999999,12.15,12.14694,12.14325,12.13893,12.133890000000001,12.128309999999999,12.1221,12.11526,12.10779,12.099870000000001,12.09132,12.08223,12.0726,12.062429999999999,12.05181,12.040650000000001,12.02913,12.01707,12.00456,11.9916,11.978280000000002,11.9646,11.95047,11.93607,11.92131,11.90619,11.8908,11.87505,11.85912,11.84292,11.82654,11.80989,11.79306,11.77605,11.75895,11.741670000000001,11.7243,11.70684,11.68929,11.671650000000001,11.6541,11.63646,11.618820000000001,11.601180000000001,11.58363,11.56617,11.548800000000002,11.53143,11.51424,11.49723,11.480310000000001,11.463569999999999,11.44701,11.430629999999999,11.414520000000001,11.39859,11.382840000000002,11.36745,11.35224,11.337299999999999,11.32263,11.30823,11.2941,11.28033,11.26683,11.253689999999999,11.24073,11.22822,11.21589,11.20392,11.19231,11.18097,11.1699,11.15919,11.14875,11.138580000000001,11.12877,11.11923,11.109960000000001,11.10087,11.09214,11.083680000000001,11.07549,11.06748,11.059740000000001,11.05227,11.04498,11.03787,11.031030000000001,11.024280000000001,11.017800000000001,11.0115,11.005379999999999,10.99944,10.99359,10.98792,10.98243,10.977030000000001,10.97181,10.96668,10.961640000000001,10.95678,10.952010000000001,10.947330000000001,10.94274,10.93824,10.93383,10.92951,10.92528,10.921140000000001,10.91709,10.91313,10.90917,10.90539,10.90161,10.897920000000001,10.894319999999999,10.89081,10.8873,10.88397,10.880640000000001,10.87749,10.87434,10.87128,10.868400000000001,10.865520000000002,10.862820000000001,10.86012,10.8576,10.85517,10.85292,10.850760000000001,10.84878,10.84689,10.84509,10.843560000000002,10.84212,10.840950000000001,10.83987,10.83897,10.83834,10.83789,10.837620000000001,10.837620000000001,10.83789,10.83834,10.83906,10.84005,10.84131,10.84293,10.84473,10.84689,10.84941,10.8522,10.855350000000001,10.85886,10.862639999999999,10.866869999999999,10.87137,10.87632,10.88163,10.8873,10.89333,10.89981,10.906649999999999,10.91394,10.92159,10.92969,10.93815,10.94697,10.956330000000001,10.966050000000001,10.976130000000001,10.98666,10.99755,11.008890000000001,11.02059,11.03274,11.045250000000001,11.05812,11.07144,11.085030000000001,11.099070000000001,11.11347,11.12823,11.143350000000002,11.15874,11.17458,11.190690000000002,11.207160000000002,11.2239,11.241,11.25837,11.2761,11.29401,11.312280000000001,11.330820000000001,11.34972,11.3688,11.38815,11.407680000000001,11.427570000000001,11.44764,11.46798,11.4885,11.50929,11.53026,11.5515,11.57292,11.59452,11.61639,11.63835,11.660580000000001,11.68299,11.705490000000001,11.72826,11.75112,11.77416,11.79738,11.820780000000001,11.84427,11.86794,11.89179,11.91573,11.939760000000001,11.96397,11.98827,12.01266,12.037139999999999,12.0618,12.08655,12.111300000000002,12.136230000000001,12.16116,12.18618,12.21129,12.2364,12.261600000000001,12.286890000000001,12.31218,12.33747,12.36285,12.38823,12.41361,12.43899,12.46437,12.489749999999999,12.51513,12.54051,12.5658,12.59109,12.616380000000001,12.641580000000001,12.66678,12.69189,12.71691,12.74193,12.76686,12.79161,12.81636,12.84102,12.86559,12.89007,12.91437,12.938580000000002,12.9627,12.986730000000001,13.010580000000001,13.03425,13.05783,13.081320000000002,13.10463,13.12776,13.1508,13.17366,13.19634,13.21893,13.241340000000001,13.26357,13.28562,13.30749,13.329180000000001,13.35069,13.372110000000001,13.39326,13.41432,13.435200000000002,13.455810000000001,13.476329999999999,13.49667,13.51674,13.53672,13.556519999999999,13.57614,13.59558,13.61484,13.63401,13.65291,13.67172,13.69026,13.7088,13.72707,13.74525,13.763250000000001,13.781070000000001,13.798800000000002,13.81635,13.833810000000001,13.851180000000001,13.86837,13.88547,13.90239,13.91931,13.93614,13.95279,13.96944,13.985999999999999,14.002469999999999,14.01885,14.03523,14.05152,14.0679,14.0841,14.100389999999999,14.11668,14.13288,14.14917,14.16546,14.181750000000001,14.19813,14.2146,14.23107,14.247630000000001,14.26437,14.28111,14.298029999999999,14.31495,14.33214,14.34942,14.36688,14.38452,14.402250000000002,14.420250000000001,14.43843,14.456879999999998,14.47551,14.49441,14.513580000000001,14.53302,14.55264,14.57262,14.592870000000001,14.613480000000001,14.634360000000001,14.6556,14.677200000000001,14.69907,14.72139,14.74398,14.767020000000002,14.790420000000001,14.81418,14.838390000000002,14.86296,14.88798,14.913359999999999,14.93919,14.96547,14.992200000000002,15.01929,15.046920000000002,15.074910000000001,15.10335,15.132330000000001,15.161669999999999,15.191460000000001,15.22179,15.252479999999998,15.28362,15.3153,15.347340000000003,15.37992,15.41286,15.446340000000001,15.480179999999999,15.51447,15.549210000000002,15.584399999999999,15.62004,15.656040000000003,15.69249,15.72939,15.76665,15.80436,15.842429999999998,15.880949999999999,15.919740000000001,15.959069999999999,15.998669999999999,16.038629999999998,16.079040000000003,16.119719999999997,16.16085,16.202250000000003,16.24401,16.28604,16.32843,16.371180000000003,16.4142,16.45749
15.73254,15.655050000000001,15.57729,15.49926,15.42105,15.34257,15.263910000000001,15.18498,15.105870000000001,15.026580000000001,14.947020000000002,14.867190000000003,14.78727,14.707080000000001,14.62671,14.546160000000002,14.465430000000001,14.38452,14.30343,14.22216,14.14071,14.05917,13.977450000000001,13.89564,13.81374,13.73175,13.64967,13.567590000000001,13.485330000000001,13.40316,13.32099,13.23873,13.156649999999999,13.074570000000001,12.99258,12.91077,12.82914,12.7476,12.66642,12.585510000000001,12.50487,12.42468,12.34494,12.26565,12.186900000000001,12.108780000000001,12.03138,11.95461,11.87883,11.80386,11.729970000000002,11.65707,11.58543,11.51514,11.446200000000001,11.3787,11.31291,11.24883,11.18655,11.12625,11.06811,11.01222,10.95858,10.90746,10.85886,10.81296,10.76994,10.72971,10.69254,10.658430000000001,10.627469999999999,10.59966,10.57518,10.55385,10.53585,10.521180000000001,10.50975,10.50156,10.49652,10.49463,10.495800000000001,10.49994,10.506870000000001,10.51659,10.528830000000001,10.54368,10.56078,10.580129999999999,10.601460000000001,10.624770000000002,10.64979,10.67643,10.70451,10.73394,10.76454,10.79622,10.828710000000001,10.86201,10.89603,10.9305,10.96551,11.0007,11.036249999999999,11.07189,11.107619999999999,11.14326,11.17881,11.21418,11.24937,11.2842,11.318670000000001,11.352780000000001,11.38644,11.41956,11.45214,11.48418,11.51568,11.54646,11.57661,11.60604,11.63484,11.662830000000001,11.690190000000001,11.71674,11.74248,11.76741,11.791620000000002,11.81502,11.837610000000002,11.8593,11.880270000000001,11.90034,11.9196,11.93805,11.95569,11.97243,11.98836,12.00348,12.0177,12.0312,12.0438,12.05559,12.06648,12.07665,12.08601,12.09456,12.1023,12.10923,12.11535,12.12075,12.12534,12.12912,12.13218,12.13452,12.136140000000001,12.13695,12.137129999999999,12.1365,12.13524,12.133260000000002,12.130650000000001,12.127320000000001,12.12327,12.11868,12.113370000000002,12.107520000000001,12.10095,12.09384,12.08619,12.077910000000001,12.069090000000001,12.05973,12.04974,12.039390000000001,12.028410000000001,12.01698,12.0051,11.99277,11.97999,11.96676,11.95308,11.93913,11.92473,11.90997,11.89485,11.879460000000002,11.863800000000001,11.84778,11.83158,11.81502,11.79837,11.781450000000001,11.76426,11.74707,11.72961,11.712060000000001,11.694420000000001,11.67669,11.65896,11.64114,11.62323,11.605410000000001,11.58759,11.56977,11.55204,11.534400000000002,11.51676,11.4993,11.48202,11.46483,11.44782,11.430990000000001,11.414340000000001,11.397960000000001,11.38176,11.36583,11.35017,11.33469,11.319569999999999,11.304630000000001,11.290049999999999,11.275830000000001,11.26188,11.248199999999999,11.23488,11.22183,11.20914,11.19681,11.184750000000001,11.17305,11.16171,11.15064,11.139930000000001,11.12949,11.11941,11.1096,11.100150000000001,11.09097,11.08206,11.07342,11.065140000000001,11.05704,11.04921,11.04165,11.034360000000001,11.02725,11.02041,11.013750000000002,11.00736,11.001149999999999,10.99503,10.989180000000001,10.983419999999999,10.977929999999999,10.97253,10.967220000000001,10.96209,10.95714,10.95228,10.94751,10.94283,10.93824,10.93383,10.92942,10.9251,10.92096,10.91682,10.91268,10.908719999999999,10.904760000000001,10.90089,10.897110000000001,10.89333,10.88964,10.88604,10.88244,10.87893,10.87551,10.87209,10.86876,10.86543,10.86228,10.85913,10.85607,10.8531,10.85022,10.84734,10.84464,10.84203,10.83951,10.83708,10.83474,10.83258,10.8306,10.82862,10.82691,10.82529,10.82394,10.82268,10.8216,10.8207,10.82007,10.81962,10.81944,10.81944,10.81971,10.820250000000001,10.821060000000001,10.82223,10.82358,10.82529,10.82727,10.82961,10.83231,10.83528,10.8387,10.84239,10.846530000000001,10.85103,10.855889999999999,10.8612,10.866869999999999,10.8729,10.879380000000001,10.88631,10.893690000000001,10.901430000000001,10.90962,10.91817,10.92726,10.93671,10.946610000000002,10.95696,10.96767,10.97883,10.990440000000001,11.00241,11.01483,11.027700000000001,11.04093,11.05452,11.068560000000002,11.08296,11.09772,11.11293,11.12841,11.14434,11.160540000000001,11.177100000000001,11.19402,11.21121,11.22876,11.24658,11.26476,11.28321,11.30193,11.321010000000001,11.34027,11.3598,11.37969,11.39976,11.420010000000001,11.440620000000001,11.46132,11.482380000000001,11.503620000000002,11.52504,11.54664,11.56851,11.59056,11.6127,11.63511,11.6577,11.680470000000001,11.70342,11.726460000000001,11.749770000000002,11.77308,11.796660000000001,11.82033,11.84418,11.86812,11.89215,11.91636,11.940660000000001,11.96505,11.98962,12.014190000000001,12.03894,12.06378,12.08862,12.11355,12.13866,12.163680000000001,12.188880000000001,12.21408,12.23937,12.26466,12.29004,12.31542,12.3408,12.36618,12.39165,12.41703,12.442499999999999,12.46788,12.493350000000001,12.518730000000001,12.544110000000002,12.5694,12.59478,12.61998,12.64518,12.670380000000002,12.69549,12.72051,12.74544,12.77037,12.795119999999999,12.819870000000002,12.84444,12.86901,12.893400000000002,12.9177,12.94191,12.966030000000002,12.98997,13.013819999999999,13.03749,13.06107,13.08447,13.10778,13.13091,13.153950000000002,13.17681,13.19949,13.22199,13.244399999999999,13.26654,13.288680000000001,13.310550000000001,13.332239999999999,13.35384,13.37517,13.39641,13.417470000000002,13.43835,13.45905,13.47957,13.49991,13.52007,13.540140000000001,13.55994,13.57965,13.59918,13.61853,13.6377,13.656780000000001,13.67559,13.69431,13.71294,13.7313,13.74957,13.76775,13.78575,13.80357,13.821299999999999,13.83885,13.8564,13.87377,13.89105,13.908150000000001,13.92525,13.94217,13.95909,13.97592,13.99266,14.00931,14.025960000000001,14.04252,14.05908,14.07564,14.09211,14.10858,14.12505,14.14152,14.15808,14.17464,14.1912,14.20776,14.2245,14.241240000000001,14.25807,14.27499,14.292000000000002,14.309099999999999,14.32638,14.34375,14.361300000000002,14.37894,14.396849999999999,14.414850000000001,14.43312,14.451480000000002,14.47011,14.48901,14.508090000000001,14.52744,14.54706,14.566950000000002,14.58711,14.607629999999999,14.628329999999998,14.64939,14.67081,14.692499999999999,14.71455,14.736960000000002,14.75973,14.78286,14.80635,14.830200000000001,14.8545,14.879159999999999,14.904179999999998,14.92965,14.955480000000001,14.98176,15.008490000000002,15.03567,15.06321,15.0912,15.119640000000002,15.148530000000001,15.17778,15.207570000000002,15.237720000000001,15.268320000000001,15.299460000000002,15.330960000000001,15.362910000000001,15.395309999999998,15.42807,15.461370000000002,15.49503,15.52914,15.563699999999999,15.59871,15.634080000000003,15.669900000000002,15.70617,15.7428,15.779790000000002,15.81723,15.855120000000001,15.893279999999999,15.931890000000001,15.97086,16.01019,16.04988,16.090020000000003,16.13043,16.1712,16.21224,16.25373,16.29549,16.33752,16.37991,16.42266,16.465680000000003
15.72129,15.64398,15.56649,15.488730000000002,15.410700000000002,15.332490000000002,15.254100000000001,15.17553,15.09669,15.017669999999999,14.938469999999999,14.859000000000002,14.779440000000001,14.69961,14.61969,14.539500000000002,14.45922,14.37876,14.298210000000001,14.21748,14.13657,14.055570000000001,13.974480000000002,13.8933,13.81203,13.73076,13.6494,13.56804,13.48659,13.405230000000001,13.32387,13.242600000000001,13.16142,13.08033,12.99942,12.918690000000002,12.83814,12.75786,12.67785,12.5982,12.51891,12.44007,12.36177,12.28392,12.206700000000001,12.13011,12.05433,11.97927,11.90511,11.83185,11.75976,11.688659999999999,11.618820000000001,11.55033,11.48328,11.41767,11.35368,11.29149,11.23101,11.1726,11.11617,11.06199,11.009970000000001,10.96047,10.9134,10.86885,10.82709,10.788120000000001,10.751940000000001,10.71873,10.68849,10.66131,10.63719,10.61613,10.598220000000001,10.58346,10.57176,10.563120000000001,10.55745,10.55475,10.55502,10.55799,10.56375,10.57212,10.582920000000001,10.59615,10.61154,10.62918,10.64871,10.67013,10.69326,10.71792,10.744110000000001,10.771560000000001,10.80018,10.82979,10.86039,10.8918,10.92384,10.95651,10.98963,11.023109999999999,11.05686,11.09088,11.1249,11.15901,11.19303,11.22687,11.26062,11.2941,11.32731,11.36007,11.392560000000001,11.42451,11.45601,11.48697,11.51739,11.54727,11.57643,11.60505,11.63295,11.66013,11.68668,11.71251,11.737530000000001,11.76183,11.78532,11.808090000000002,11.830050000000002,11.85129,11.87163,11.891250000000001,11.90997,11.92797,11.94507,11.96136,11.976930000000001,11.9916,12.00546,12.01851,12.030660000000001,12.04209,12.05271,12.06252,12.071520000000001,12.07971,12.08709,12.09375,12.0996,12.10464,12.10887,12.11247,12.11526,12.11724,12.118500000000001,12.11913,12.11895,12.11805,12.11652,12.114270000000001,12.111300000000002,12.1077,12.10338,12.09852,12.09294,12.086730000000001,12.07989,12.07251,12.064499999999999,12.055950000000001,12.04686,12.037139999999999,12.02688,12.01617,12.00492,11.993219999999999,11.98098,11.96838,11.95524,11.94174,11.92779,11.91339,11.89872,11.883690000000001,11.86821,11.852549999999999,11.83653,11.82024,11.80368,11.786850000000001,11.76984,11.75256,11.73519,11.717640000000001,11.699910000000001,11.68209,11.66418,11.64609,11.62809,11.610000000000001,11.59191,11.57382,11.55573,11.53773,11.51973,11.50191,11.48409,11.46654,11.44899,11.43171,11.41461,11.397689999999999,11.38095,11.36448,11.34819,11.33226,11.316510000000001,11.301120000000001,11.286,11.27115,11.25666,11.24244,11.228580000000001,11.21508,11.20185,11.18907,11.17656,11.16441,11.15262,11.14119,11.13003,11.11932,11.10888,11.0988,11.088989999999999,11.079630000000002,11.07045,11.061720000000001,11.05317,11.04498,11.03706,11.02941,11.02203,11.01492,11.00799,11.001420000000001,10.99494,10.98873,10.98279,10.97694,10.97136,10.96587,10.96065,10.95552,10.950479999999999,10.94562,10.94094,10.936350000000001,10.93185,10.92744,10.923119999999999,10.91889,10.91475,10.9107,10.906740000000001,10.90278,10.89891,10.89513,10.89135,10.88757,10.88397,10.88028,10.87668,10.87317,10.869660000000001,10.86615,10.862729999999999,10.859309999999999,10.85598,10.85274,10.84941,10.84626,10.843110000000001,10.83996,10.8369,10.833929999999999,10.83105,10.82826,10.82547,10.82286,10.820340000000002,10.81791,10.815570000000001,10.81332,10.81125,10.809360000000002,10.80756,10.805940000000001,10.8045,10.80315,10.80216,10.801260000000001,10.80063,10.80018,10.8,10.80009,10.800450000000001,10.800989999999999,10.80198,10.80315,10.804680000000001,10.806479999999999,10.80873,10.81125,10.81413,10.81737,10.821060000000001,10.82502,10.82943,10.834290000000001,10.83951,10.845180000000001,10.8513,10.85778,10.864799999999999,10.87218,10.88001,10.888290000000001,10.89702,10.90629,10.91592,10.926,10.93653,10.94751,10.95894,10.97082,10.98306,10.99584,11.008980000000001,11.02257,11.036520000000001,11.050920000000001,11.06568,11.08089,11.09646,11.11239,11.12868,11.145420000000001,11.16243,11.1798,11.19744,11.215440000000001,11.2338,11.25243,11.271419999999999,11.29059,11.310120000000001,11.329920000000001,11.349900000000002,11.370239999999999,11.39076,11.411550000000002,11.43261,11.45385,11.47527,11.49696,11.518830000000001,11.54097,11.5632,11.5857,11.60829,11.631150000000002,11.6541,11.67723,11.70054,11.72394,11.74752,11.77128,11.79513,11.81916,11.84328,11.86749,11.89188,11.916269999999999,11.94084,11.9655,11.99025,12.015089999999999,12.04002,12.06504,12.090150000000001,12.11526,12.140460000000001,12.16566,12.191040000000001,12.216330000000001,12.241710000000001,12.26718,12.29256,12.31803,12.3435,12.36906,12.39453,12.420000000000002,12.44547,12.47094,12.496410000000001,12.52188,12.54726,12.57264,12.59793,12.62322,12.648420000000002,12.67353,12.698640000000001,12.72366,12.74868,12.77352,12.79827,12.82302,12.84759,12.87207,12.89646,12.920760000000001,12.94497,12.969000000000001,12.99294,13.01679,13.04046,13.06395,13.087349999999999,13.11066,13.13379,13.156740000000001,13.1796,13.20228,13.22478,13.24719,13.26942,13.29147,13.31334,13.335030000000001,13.356630000000001,13.37805,13.39929,13.420350000000001,13.44123,13.46202,13.48254,13.50297,13.52322,13.54329,13.563180000000001,13.58289,13.602509999999999,13.62195,13.641210000000001,13.66038,13.67928,13.69809,13.71681,13.73535,13.75371,13.77198,13.79007,13.80807,13.82589,13.84362,13.861260000000001,13.87881,13.896270000000001,13.91355,13.93083,13.94793,13.96503,13.982040000000001,13.99896,14.01579,14.03262,14.04945,14.066189999999999,14.082930000000001,14.09958,14.11632,14.13306,14.14971,14.166450000000001,14.18328,14.20002,14.21694,14.233770000000002,14.250779999999999,14.26788,14.28498,14.30226,14.31963,14.33709,14.35473,14.37246,14.39037,14.40846,14.42673,14.44518,14.463810000000002,14.482709999999999,14.50179,14.521049999999999,14.540670000000002,14.56047,14.580540000000001,14.600879999999998,14.62149,14.642370000000001,14.66361,14.685120000000001,14.706990000000001,14.72922,14.751719999999999,14.77458,14.7978,14.82138,14.845320000000001,14.86971,14.894369999999999,14.919480000000002,14.945039999999999,14.97096,14.99724,15.02397,15.051060000000001,15.078600000000002,15.10659,15.13503,15.16383,15.19308,15.222690000000002,15.25284,15.28335,15.314309999999999,15.34572,15.377580000000002,15.4098,15.44247,15.47559,15.50907,15.54309,15.57738,15.612210000000001,15.6474,15.68295,15.71904,15.7554,15.79221,15.82938,15.866999999999999,15.90489,15.943230000000002,15.98202,16.02108,16.0605,16.100279999999998,16.140420000000002,16.18083,16.221690000000002,16.26282,16.30431,16.346069999999997,16.3881,16.43049,16.47324
15.71022,15.633090000000001,15.555779999999999,15.478290000000001,15.40053,15.322589999999998,15.244470000000002,15.16608,15.0876,15.00885,14.92992,14.850810000000001,14.77161,14.69214,14.612580000000001,14.53284,14.45301,14.373000000000001,14.292810000000001,14.212620000000001,14.13225,14.05179,13.97124,13.890690000000001,13.81005,13.72941,13.64868,13.56804,13.487400000000001,13.40676,13.3263,13.24584,13.16556,13.085370000000001,13.00545,12.92571,12.84624,12.767040000000001,12.6882,12.60972,12.53169,12.45411,12.37707,12.300569999999999,12.22479,12.14964,12.0753,12.00177,11.92914,11.85759,11.78703,11.717640000000001,11.64951,11.58264,11.51721,11.45331,11.39103,11.330549999999999,11.271780000000001,11.2149,11.16009,11.10744,11.05695,11.008799999999999,10.963080000000001,10.919880000000001,10.879290000000001,10.84131,10.80603,10.77363,10.744019999999999,10.71738,10.693620000000001,10.672830000000001,10.65492,10.64007,10.6281,10.61901,10.61289,10.60947,10.608839999999999,10.61091,10.6155,10.62261,10.63215,10.643939999999999,10.65789,10.673820000000001,10.69182,10.71153,10.73286,10.75581,10.7802,10.805850000000001,10.83258,10.86048,10.88928,10.91889,10.94922,10.98018,11.01159,11.04345,11.07558,11.10798,11.140559999999999,11.17314,11.20572,11.2383,11.2707,11.30283,11.33478,11.36646,11.39778,11.42865,11.45907,11.48904,11.51856,11.547450000000001,11.575800000000001,11.60352,11.63061,11.65707,11.68281,11.707920000000001,11.73231,11.755980000000001,11.77884,11.80107,11.8224,11.843100000000002,11.8629,11.88198,11.90025,11.917800000000002,11.93445,11.95029,11.96541,11.97972,11.993129999999999,12.00582,12.0177,12.02868,12.03894,12.048390000000001,12.057120000000001,12.06495,12.07206,12.078360000000002,12.083850000000002,12.08862,12.09258,12.09582,12.09825,12.10005,12.101040000000001,12.10131,12.100859999999999,12.09969,12.097800000000001,12.09528,12.09204,12.088080000000001,12.08358,12.078360000000002,12.072420000000001,12.06594,12.05883,12.05118,12.042810000000001,12.033990000000001,12.02454,12.014550000000002,12.00402,11.99295,11.98143,11.969370000000001,11.95677,11.94381,11.9304,11.916540000000001,11.902230000000001,11.887559999999999,11.872530000000001,11.85714,11.84139,11.825370000000001,11.80899,11.792340000000001,11.77542,11.75832,11.740950000000002,11.7234,11.70567,11.68776,11.66976,11.65158,11.63331,11.61504,11.59668,11.578320000000001,11.55996,11.5416,11.52324,11.50497,11.48679,11.4687,11.450790000000001,11.432970000000001,11.41524,11.39778,11.3805,11.363489999999999,11.34666,11.3301,11.31381,11.2977,11.28204,11.26656,11.25144,11.236680000000002,11.22219,11.20815,11.19438,11.18097,11.16792,11.155230000000001,11.142990000000001,11.131020000000001,11.11941,11.10825,11.09745,11.08692,11.07684,11.067029999999999,11.057670000000002,11.04858,11.039850000000001,11.03139,11.023290000000001,11.01555,11.00799,11.00079,10.993860000000002,10.9872,10.98072,10.97451,10.968570000000001,10.96281,10.95723,10.95192,10.9467,10.94175,10.936890000000002,10.932210000000001,10.927620000000001,10.923210000000001,10.91889,10.91466,10.91052,10.906559999999999,10.902600000000001,10.89873,10.89495,10.89117,10.887480000000002,10.88379,10.88019,10.87668,10.873080000000002,10.869660000000001,10.86615,10.862729999999999,10.85922,10.855889999999999,10.85247,10.849050000000002,10.84572,10.84239,10.83915,10.83582,10.83258,10.82934,10.82619,10.82304,10.81998,10.816920000000001,10.81395,10.81098,10.80819,10.8054,10.8027,10.80009,10.79757,10.79514,10.792890000000002,10.79082,10.78875,10.786950000000001,10.78533,10.7838,10.782540000000001,10.781460000000001,10.780560000000001,10.77993,10.77948,10.779390000000001,10.77948,10.77984,10.780560000000001,10.78155,10.7829,10.78461,10.78659,10.78902,10.79172,10.794870000000001,10.798380000000002,10.80234,10.806750000000001,10.81152,10.81665,10.822320000000001,10.828439999999999,10.83501,10.84194,10.84941,10.857420000000001,10.86579,10.87461,10.88397,10.893780000000001,10.90413,10.91484,10.92609,10.93779,10.949940000000002,10.96254,10.97559,10.989,11.00295,11.01735,11.03211,11.047320000000001,11.06289,11.07891,11.09529,11.11203,11.12913,11.14668,11.1645,11.182680000000001,11.201130000000001,11.21994,11.23911,11.25855,11.27826,11.29824,11.31858,11.3391,11.35989,11.38095,11.402190000000001,11.4237,11.44539,11.46735,11.48949,11.51181,11.534400000000002,11.557080000000001,11.57994,11.60307,11.626290000000001,11.649690000000001,11.67318,11.69685,11.7207,11.74464,11.76867,11.79288,11.81727,11.841660000000001,11.86623,11.89089,11.91555,11.940389999999999,11.96532,11.99034,12.015360000000001,12.04056,12.06576,12.091050000000001,12.116340000000001,12.141720000000001,12.1671,12.19257,12.21804,12.243599999999999,12.269070000000001,12.29463,12.32019,12.345839999999999,12.371400000000001,12.39696,12.42252,12.448080000000001,12.473550000000001,12.49911,12.52458,12.54996,12.57534,12.60072,12.62601,12.65121,12.676409999999999,12.70152,12.72654,12.751470000000001,12.77631,12.80115,12.82581,12.85038,12.87486,12.89925,12.92355,12.94767,12.9717,12.99564,13.0194,13.04307,13.06656,13.08996,13.11327,13.1364,13.15935,13.182120000000001,13.2048,13.227390000000002,13.24971,13.27194,13.29399,13.31586,13.33764,13.35924,13.38066,13.4019,13.422960000000002,13.44393,13.464720000000002,13.485330000000001,13.50576,13.526010000000001,13.54617,13.56615,13.58595,13.60557,13.6251,13.64445,13.663620000000002,13.6827,13.701600000000001,13.72041,13.73904,13.757489999999999,13.77585,13.794120000000001,13.81221,13.83021,13.84812,13.86585,13.88358,13.90113,13.91859,13.935960000000001,13.953330000000001,13.97052,13.98771,14.00481,14.02191,14.038920000000001,14.05593,14.07285,14.089770000000001,14.10669,14.12361,14.14053,14.157449999999999,14.17437,14.19138,14.208390000000001,14.22549,14.242590000000002,14.259780000000001,14.27706,14.29443,14.31198,14.32953,14.34726,14.36508,14.38308,14.40117,14.41953,14.437980000000001,14.45661,14.47551,14.4945,14.513760000000001,14.53329,14.553000000000003,14.57307,14.59323,14.613750000000001,14.634540000000001,14.65569,14.67702,14.698710000000002,14.720670000000002,14.74299,14.765670000000002,14.78862,14.81193,14.835600000000001,14.859630000000001,14.884020000000001,14.90886,14.93397,14.95953,14.985450000000002,15.01182,15.038549999999999,15.06564,15.09318,15.121080000000001,15.149429999999999,15.17823,15.207389999999998,15.237,15.26706,15.29748,15.328350000000002,15.35967,15.391350000000001,15.42348,15.45597,15.48891,15.5223,15.556140000000001,15.590250000000001,15.6249,15.65991,15.69528,15.7311,15.767280000000001,15.80382,15.84081,15.87816,15.91587,15.953940000000001,15.992370000000001,16.03116,16.07031,16.10982,16.14969,16.18992,16.23042,16.27128,16.31241,16.3539,16.395750000000003,16.43778,16.48017
15.69933,15.62238,15.545250000000001,15.467939999999999,15.390450000000001,15.31269,15.234840000000002,15.156720000000002,15.078510000000001,15.000029999999999,14.92146,14.842710000000002,14.76378,14.684669999999999,14.60547,14.52609,14.446620000000001,14.36706,14.287320000000001,14.20758,14.12766,14.04774,13.967730000000001,13.88772,13.80771,13.72761,13.6476,13.567590000000001,13.48767,13.407750000000002,13.328009999999999,13.24836,13.16889,13.089690000000001,13.010580000000001,12.931830000000001,12.853349999999999,12.77514,12.69738,12.61998,12.54303,12.46671,12.39084,12.3156,12.24108,12.16728,12.09429,12.022200000000002,11.95101,11.8809,11.81178,11.743920000000001,11.67732,11.61198,11.54817,11.485800000000001,11.42505,11.36601,11.30877,11.25342,11.20005,11.14875,11.09961,11.052719999999999,11.008260000000002,10.96614,10.92654,10.88946,10.85508,10.823310000000001,10.79433,10.76814,10.74465,10.72404,10.70622,10.69128,10.67904,10.66968,10.66293,10.65897,10.65753,10.6587,10.6623,10.668330000000001,10.6767,10.68714,10.69974,10.71432,10.73079,10.748970000000002,10.76877,10.7901,10.81278,10.836810000000002,10.86201,10.888200000000001,10.91538,10.94337,10.97208,11.001510000000001,11.03139,11.061720000000001,11.09241,11.12337,11.15451,11.18574,11.21706,11.24829,11.27943,11.31048,11.34126,11.371770000000001,11.40201,11.43189,11.46141,11.49039,11.51901,11.547,11.57454,11.60145,11.62782,11.65356,11.67858,11.703059999999999,11.72673,11.749770000000002,11.77218,11.79378,11.81457,11.83473,11.854080000000002,11.872620000000001,11.890440000000002,11.907540000000001,11.92374,11.93922,11.95389,11.96775,11.980889999999999,11.993129999999999,12.00465,12.015360000000001,12.02526,12.03435,12.042720000000001,12.05028,12.05703,12.06297,12.068190000000001,12.07269,12.07629,12.07926,12.08142,12.08286,12.08358,12.08358,12.08277,12.081330000000001,12.079170000000001,12.07629,12.07278,12.06855,12.06369,12.0582,12.05199,12.04524,12.03777,12.029760000000001,12.02121,12.011940000000001,12.002220000000001,11.991869999999999,11.98107,11.96964,11.95776,11.945340000000002,11.93247,11.91915,11.90538,11.891160000000001,11.876579999999999,11.861550000000001,11.84616,11.83041,11.814300000000001,11.797920000000001,11.781179999999999,11.764170000000002,11.74689,11.72943,11.7117,11.69379,11.6757,11.65752,11.63916,11.62062,11.602079999999999,11.583450000000001,11.564820000000001,11.546100000000001,11.527379999999999,11.50875,11.490120000000001,11.47158,11.45322,11.434859999999999,11.41668,11.39859,11.38077,11.36313,11.34567,11.328479999999999,11.31156,11.29482,11.27844,11.26233,11.24658,11.2311,11.21598,11.201220000000001,11.18682,11.17278,11.159099999999999,11.14587,11.132909999999999,11.1204,11.10834,11.09655,11.08521,11.07432,11.063699999999999,11.05353,11.04372,11.034270000000001,11.025269999999999,11.01654,11.00817,11.000160000000001,10.992420000000001,10.985040000000001,10.977929999999999,10.97118,10.9647,10.958400000000001,10.95246,10.9467,10.94121,10.9359,10.930860000000001,10.925910000000002,10.921230000000001,10.916640000000001,10.912230000000001,10.908,10.90386,10.8999,10.895940000000001,10.89216,10.88847,10.884780000000001,10.88118,10.87767,10.87425,10.87083,10.86741,10.86408,10.860750000000001,10.857420000000001,10.854090000000001,10.85085,10.84752,10.844280000000001,10.841040000000001,10.83771,10.83447,10.831230000000001,10.82799,10.82466,10.82142,10.818180000000002,10.81494,10.8117,10.80855,10.80531,10.80216,10.79901,10.79595,10.792890000000002,10.78992,10.78704,10.78416,10.78137,10.77867,10.77615,10.77363,10.77129,10.76913,10.76706,10.76517,10.76346,10.761930000000001,10.760580000000001,10.75941,10.758600000000001,10.75788,10.75752,10.757430000000001,10.75761,10.75806,10.75887,10.76004,10.76148,10.76337,10.76562,10.76823,10.7712,10.77462,10.778400000000001,10.782720000000001,10.787400000000002,10.79262,10.7982,10.80432,10.81089,10.81791,10.82547,10.83348,10.84194,10.85094,10.86048,10.870470000000001,10.88091,10.89189,10.903410000000001,10.91538,10.9278,10.94067,10.954080000000001,10.96785,10.98216,10.99692,11.012129999999999,11.027700000000001,11.04372,11.06019,11.077020000000001,11.09421,11.11176,11.129760000000001,11.148119999999999,11.16675,11.18574,11.20509,11.22471,11.24469,11.264940000000001,11.28546,11.30625,11.32731,11.348550000000001,11.37015,11.39193,11.41389,11.436119999999999,11.45853,11.48121,11.50398,11.52693,11.55015,11.57346,11.596950000000001,11.62062,11.64447,11.66841,11.69244,11.71665,11.740950000000002,11.76543,11.79,11.81466,11.839409999999999,11.86425,11.889180000000001,11.9142,11.93931,11.96451,11.98971,12.015089999999999,12.04047,12.06585,12.09132,12.11688,12.14235,12.168,12.193560000000002,12.21921,12.24486,12.270510000000002,12.29625,12.321900000000001,12.34755,12.37329,12.39894,12.42459,12.45015,12.475710000000001,12.50127,12.52683,12.552299999999999,12.577679999999999,12.60306,12.62844,12.65364,12.678840000000001,12.70395,12.72897,12.7539,12.778830000000001,12.80358,12.828240000000001,12.852810000000002,12.87729,12.90168,12.92598,12.950099999999999,12.974129999999999,12.99798,13.02183,13.04541,13.068990000000001,13.092300000000002,13.11561,13.13865,13.16169,13.18446,13.20714,13.22964,13.25205,13.274280000000001,13.29633,13.318200000000001,13.33998,13.36158,13.383,13.40424,13.42539,13.44636,13.46715,13.48785,13.508280000000001,13.52862,13.54878,13.56885,13.58874,13.60845,13.62798,13.64742,13.66668,13.68585,13.70484,13.72374,13.74246,13.761,13.77954,13.7979,13.816080000000001,13.83426,13.852260000000001,13.870170000000002,13.88799,13.90563,13.92327,13.94082,13.95828,13.975740000000002,13.99311,14.010390000000001,14.02758,14.04477,14.06196,14.07906,14.09625,14.11335,14.13045,14.14755,14.16465,14.181840000000001,14.19903,14.21622,14.2335,14.25087,14.26833,14.28579,14.30334,14.32107,14.338890000000001,14.3568,14.3748,14.392980000000001,14.41134,14.42988,14.448509999999999,14.46741,14.4864,14.50566,14.5251,14.544810000000002,14.5647,14.58486,14.605290000000002,14.625990000000002,14.64687,14.668109999999999,14.68962,14.71149,14.73354,14.755949999999999,14.77872,14.80185,14.82525,14.84901,14.873130000000002,14.897610000000002,14.922450000000001,14.94765,14.973210000000002,14.999130000000001,15.025500000000001,15.05223,15.07932,15.10686,15.134760000000002,15.16311,15.19182,15.220979999999999,15.2505,15.280380000000001,15.3108,15.341579999999999,15.372720000000001,15.40431,15.436259999999999,15.46866,15.501510000000001,15.53472,15.568290000000001,15.60231,15.636779999999998,15.671610000000001,15.706800000000001,15.742349999999998,15.778350000000001,15.81471,15.85143,15.88851,15.926039999999999,15.963840000000001,16.002090000000003,16.04061,16.07949,16.11882,16.158330000000003,16.19829,16.23852,16.279110000000003,16.319969999999998,16.36119,16.40268,16.44453,16.48665
15.68844,15.61176,15.53481,15.45768,15.380370000000001,15.30297,15.225300000000002,15.147450000000001,15.069420000000001,14.9913,14.913,14.834520000000001,14.755859999999998,14.67711,14.598270000000001,14.519250000000001,14.44014,14.36094,14.281649999999999,14.20236,14.12289,14.04342,13.96395,13.88448,13.804920000000001,13.72545,13.64607,13.56669,13.48731,13.4082,13.32909,13.250250000000001,13.1715,13.093110000000001,13.0149,12.93696,12.85938,12.78207,12.705300000000001,12.62889,12.55311,12.477780000000001,12.403080000000001,12.32901,12.25566,12.18312,12.111300000000002,12.04047,11.970630000000002,11.90178,11.8341,11.76759,11.70234,11.63844,11.57598,11.51496,11.45565,11.397960000000001,11.34207,11.28807,11.23596,11.185920000000001,11.13804,11.09223,11.04885,11.00772,10.96902,10.93275,10.89909,10.86804,10.83951,10.81368,10.79055,10.77012,10.7523,10.73727,10.72485,10.71504,10.707930000000001,10.70334,10.701270000000001,10.701630000000002,10.70433,10.70937,10.716660000000001,10.72602,10.73736,10.75059,10.76571,10.782540000000001,10.8009,10.82079,10.84212,10.86462,10.888290000000001,10.91304,10.93869,10.96524,10.992510000000001,11.0205,11.04894,11.07792,11.10726,11.13687,11.16675,11.19672,11.22678,11.25684,11.286900000000001,11.31678,11.34657,11.376090000000001,11.405339999999999,11.434230000000001,11.46285,11.491019999999999,11.518740000000001,11.545919999999999,11.57265,11.598930000000001,11.62449,11.649600000000001,11.67399,11.697750000000001,11.72088,11.74338,11.76516,11.78622,11.80656,11.82618,11.84508,11.86317,11.88054,11.89719,11.913030000000001,11.92806,11.94237,11.95587,11.968560000000002,11.98053,11.9916,12.00204,12.01158,12.0204,12.02832,12.03561,12.042000000000002,12.04767,12.052620000000001,12.05676,12.06009,12.06279,12.064680000000001,12.06576,12.06621,12.06585,12.064770000000001,12.06306,12.060630000000002,12.05748,12.053609999999999,12.04911,12.04389,12.03804,12.031559999999999,12.02445,12.0168,12.00843,11.99952,11.989980000000001,11.9799,11.96919,11.95803,11.94633,11.93409,11.92131,11.90808,11.8944,11.880270000000001,11.86569,11.850750000000001,11.83536,11.819609999999999,11.803410000000001,11.78703,11.770199999999999,11.7531,11.73573,11.71809,11.70027,11.68218,11.66391,11.64537,11.62683,11.60811,11.58921,11.570310000000001,11.55132,11.532330000000002,11.513340000000001,11.49426,11.47536,11.45637,11.43756,11.41884,11.4003,11.38185,11.36358,11.34549,11.32758,11.30994,11.29257,11.27547,11.25873,11.242170000000002,11.22597,11.210130000000001,11.19465,11.17953,11.16477,11.15037,11.13642,11.12283,11.109689999999999,11.096910000000001,11.08458,11.07261,11.06109,11.04993,11.03922,11.028960000000001,11.01906,11.00961,11.00043,10.991790000000002,10.983419999999999,10.97541,10.96776,10.96047,10.95354,10.94688,10.94049,10.93446,10.928700000000001,10.923210000000001,10.917900000000001,10.91286,10.908090000000001,10.903410000000001,10.899,10.89477,10.89072,10.886759999999999,10.88298,10.879290000000001,10.87569,10.87218,10.86885,10.865520000000002,10.86219,10.85904,10.855889999999999,10.85274,10.84968,10.84662,10.843560000000002,10.8405,10.83744,10.83438,10.831320000000002,10.82817,10.82511,10.82205,10.818900000000001,10.81575,10.8126,10.809360000000002,10.80621,10.80297,10.79973,10.79649,10.79325,10.790009999999999,10.78677,10.78353,10.78038,10.777140000000001,10.77399,10.77084,10.76778,10.76472,10.76184,10.75896,10.756170000000001,10.75347,10.75095,10.748520000000001,10.74618,10.744019999999999,10.742040000000001,10.74024,10.738710000000001,10.73736,10.73619,10.73529,10.73466,10.7343,10.734210000000001,10.73448,10.735109999999999,10.73601,10.73727,10.73889,10.740960000000001,10.74339,10.74627,10.749509999999999,10.75329,10.757430000000001,10.76211,10.76715,10.77282,10.77885,10.78542,10.79253,10.80009,10.80819,10.816830000000001,10.82601,10.83564,10.84581,10.85652,10.86768,10.879470000000001,10.891620000000001,10.9044,10.917629999999999,10.93131,10.94553,10.9602,10.975320000000002,10.99089,11.006910000000001,11.023380000000001,11.04021,11.05758,11.07522,11.09331,11.11176,11.13066,11.14983,11.16927,11.18916,11.20932,11.229840000000001,11.25054,11.2716,11.29293,11.31453,11.336310000000001,11.358360000000001,11.380680000000002,11.403179999999999,11.42595,11.4489,11.471940000000002,11.49525,11.518740000000001,11.54241,11.56617,11.590110000000001,11.614230000000001,11.63844,11.662830000000001,11.687310000000002,11.711879999999999,11.73663,11.761379999999999,11.78631,11.81133,11.83644,11.861640000000001,11.88684,11.91222,11.9376,11.96307,11.98854,12.014100000000001,12.03975,12.0654,12.091050000000001,12.116790000000002,12.14253,12.168270000000001,12.1941,12.219840000000001,12.245669999999999,12.2715,12.29733,12.32307,12.3489,12.37464,12.40038,12.426120000000001,12.45186,12.477509999999999,12.503070000000001,12.52872,12.55419,12.57966,12.605129999999999,12.630419999999999,12.65571,12.68091,12.70602,12.73113,12.756060000000002,12.7809,12.80574,12.830400000000001,12.854970000000002,12.87945,12.90384,12.92805,12.95226,12.9762,13.00014,13.023900000000001,13.04757,13.071060000000001,13.09446,13.11768,13.14072,13.163670000000002,13.18653,13.20921,13.23171,13.25412,13.27635,13.2984,13.32027,13.34205,13.36365,13.38516,13.406400000000001,13.42755,13.44861,13.4694,13.490100000000002,13.51062,13.53096,13.551210000000001,13.57128,13.59126,13.61097,13.630680000000002,13.650120000000001,13.66947,13.68873,13.70781,13.7268,13.745610000000001,13.76424,13.782869999999999,13.80132,13.81968,13.837950000000001,13.85604,13.874039999999999,13.892040000000001,13.90986,13.927679999999999,13.94532,13.96296,13.980509999999999,13.99806,14.01552,14.03289,14.05026,14.06763,14.08491,14.10219,14.11956,14.13684,14.15412,14.1714,14.18877,14.20614,14.223600000000001,14.24106,14.258610000000001,14.276250000000001,14.29389,14.31171,14.32962,14.347620000000001,14.36571,14.383980000000001,14.40234,14.42088,14.4396,14.458410000000002,14.47749,14.496659999999999,14.516100000000002,14.535720000000001,14.55561,14.57568,14.596020000000001,14.61663,14.63742,14.658479999999999,14.6799,14.701500000000001,14.723460000000001,14.74569,14.768189999999999,14.79105,14.81427,14.83776,14.861609999999999,14.88573,14.910300000000001,14.93514,14.960429999999999,14.98599,15.012,15.038369999999999,15.065100000000001,15.092190000000002,15.119730000000002,15.147630000000001,15.175890000000003,15.204509999999999,15.233580000000002,15.2631,15.29298,15.323220000000001,15.353909999999999,15.384960000000001,15.41646,15.44832,15.480540000000001,15.513209999999999,15.546330000000001,15.57981,15.613650000000002,15.647850000000002,15.682500000000001,15.717509999999999,15.75288,15.7887,15.824880000000002,15.86133,15.89823,15.93549,15.973110000000002,16.01109,16.04943,16.08804,16.127010000000002,16.166339999999998,16.20603,16.245990000000003,16.28631,16.326990000000002,16.36785,16.40916,16.450650000000003,16.4925
15.677819999999999,15.601230000000001,15.524460000000001,15.447600000000001,15.37047,15.29325,15.215760000000001,15.13818,15.060419999999999,14.98257,14.90445,14.826240000000002,14.747940000000002,14.66955,14.59098,14.51232,14.43357,14.35473,14.2758,14.19687,14.11794,14.038829999999999,13.95981,13.88079,13.80186,13.72284,13.644,13.56516,13.4865,13.40793,13.329540000000001,13.25133,13.173300000000001,13.095630000000002,13.01814,12.94101,12.864329999999999,12.78792,12.71205,12.63654,12.56166,12.48732,12.41361,12.340620000000001,12.268350000000002,12.19689,12.12633,12.05667,11.988000000000001,11.92032,11.85381,11.78856,11.72457,11.661930000000002,11.60073,11.54097,11.48283,11.4264,11.371770000000001,11.31894,11.268,11.21904,11.17215,11.12751,11.08494,11.04471,11.00682,10.97136,10.93833,10.90773,10.87974,10.85427,10.831320000000002,10.81098,10.79325,10.77813,10.76553,10.75545,10.74789,10.74285,10.74015,10.73979,10.74168,10.74582,10.75212,10.760489999999999,10.77075,10.7829,10.796759999999999,10.812330000000001,10.82943,10.84806,10.86804,10.889190000000001,10.911510000000002,10.93491,10.9593,10.9845,11.01042,11.03706,11.06433,11.09196,11.120130000000001,11.14857,11.177190000000001,11.20608,11.23506,11.26404,11.29302,11.32191,11.350710000000001,11.379330000000001,11.407680000000001,11.43567,11.46339,11.49075,11.51775,11.54421,11.57022,11.59578,11.620709999999999,11.645100000000001,11.66895,11.69217,11.714760000000002,11.73663,11.75787,11.77848,11.79828,11.81745,11.8359,11.85354,11.870550000000001,11.88675,11.902140000000001,11.91681,11.93076,11.943900000000001,11.956230000000001,11.967839999999999,11.97864,11.98863,11.9979,12.00636,12.01401,12.020940000000001,12.02715,12.03246,12.037049999999999,12.04092,12.04398,12.04632,12.04794,12.04875,12.04884,12.048210000000001,12.04686,12.04479,12.04209,12.038580000000001,12.034440000000002,12.029670000000001,12.024180000000001,12.017970000000002,12.011220000000002,12.00375,11.99574,11.98701,11.97774,11.96793,11.95749,11.94651,11.93499,11.92284,11.91024,11.89719,11.883600000000001,11.86956,11.85507,11.84004,11.82474,11.80899,11.79279,11.77632,11.759400000000001,11.742210000000002,11.72475,11.70702,11.688930000000001,11.67066,11.65221,11.63349,11.614680000000002,11.595690000000001,11.57652,11.55735,11.538,11.518650000000001,11.4993,11.47995,11.4606,11.44125,11.421990000000001,11.40282,11.38383,11.364930000000001,11.34621,11.32767,11.30931,11.291220000000001,11.2734,11.25585,11.23857,11.22165,11.205,11.18871,11.17278,11.157210000000001,11.142090000000001,11.12733,11.11293,11.098980000000001,11.08548,11.07243,11.059740000000001,11.04759,11.0358,11.02446,11.01357,11.00313,10.99314,10.98351,10.97433,10.96551,10.95714,10.94922,10.94157,10.934370000000001,10.92753,10.92096,10.91475,10.908900000000001,10.90332,10.898010000000001,10.892970000000002,10.88811,10.883610000000001,10.879290000000001,10.875150000000001,10.87119,10.86741,10.86381,10.8603,10.85697,10.85373,10.850670000000001,10.84761,10.84464,10.84176,10.838880000000001,10.836,10.83321,10.83051,10.82772,10.82493,10.82223,10.81944,10.81665,10.81386,10.81098,10.808100000000001,10.80522,10.802249999999999,10.79928,10.79622,10.79316,10.7901,10.786950000000001,10.7838,10.780560000000001,10.77732,10.77408,10.77075,10.767510000000001,10.764180000000001,10.76085,10.75752,10.75428,10.75095,10.747710000000001,10.74456,10.74141,10.73835,10.73529,10.73241,10.729619999999999,10.72692,10.724400000000001,10.72197,10.71972,10.71765,10.71585,10.71414,10.71279,10.71162,10.71072,10.710090000000001,10.70973,10.70973,10.710090000000001,10.71081,10.7118,10.71324,10.71513,10.71738,10.72008,10.723230000000001,10.72683,10.730879999999999,10.735470000000001,10.74051,10.746089999999999,10.75212,10.758690000000001,10.7658,10.77345,10.78164,10.790370000000001,10.79964,10.80945,10.8198,10.83078,10.842210000000001,10.85418,10.86669,10.87965,10.89324,10.90728,10.92186,10.936890000000002,10.95246,10.96839,10.98486,11.00178,11.01915,11.03697,11.055150000000001,11.073690000000001,11.092680000000001,11.11203,11.13174,11.151810000000001,11.17215,11.19285,11.21391,11.23524,11.25684,11.27871,11.30076,11.323170000000001,11.34576,11.36862,11.391660000000002,11.41488,11.438279999999999,11.46195,11.485710000000001,11.50974,11.53386,11.55807,11.582460000000001,11.60703,11.631689999999999,11.65653,11.681370000000001,11.706389999999999,11.7315,11.7567,11.78199,11.80737,11.832840000000001,11.858310000000001,11.88387,11.909519999999999,11.93526,11.961,11.986740000000001,12.01257,12.0384,12.06432,12.09024,12.11616,12.14217,12.16809,12.19401,12.22002,12.246030000000001,12.27195,12.297870000000001,12.323789999999999,12.34971,12.375630000000001,12.40146,12.42729,12.45303,12.478769999999999,12.50451,12.53016,12.555719999999999,12.581280000000001,12.606660000000002,12.63213,12.65742,12.68262,12.70782,12.732840000000001,12.75786,12.7827,12.807540000000001,12.8322,12.85677,12.88125,12.905640000000002,12.92994,12.95406,12.97809,13.001940000000001,13.0257,13.04937,13.07286,13.09626,13.11948,13.142520000000001,13.16556,13.18833,13.21101,13.23351,13.25592,13.27815,13.3002,13.32216,13.34394,13.365540000000001,13.38705,13.40829,13.42953,13.4505,13.47138,13.49208,13.51269,13.53312,13.553370000000001,13.57353,13.59351,13.61331,13.63302,13.652640000000002,13.671990000000001,13.69134,13.710510000000001,13.729500000000002,13.7484,13.76721,13.78593,13.80447,13.82292,13.841280000000001,13.85955,13.877730000000001,13.89573,13.91373,13.93164,13.94955,13.96728,13.98501,14.002650000000001,14.020199999999999,14.037840000000001,14.0553,14.07285,14.09031,14.10777,14.12523,14.14278,14.16024,14.1777,14.195250000000001,14.2128,14.23044,14.248080000000002,14.26581,14.28363,14.30154,14.319450000000002,14.33754,14.35572,14.37408,14.39253,14.41107,14.42979,14.44869,14.46768,14.486939999999999,14.506289999999998,14.525910000000001,14.54571,14.565690000000002,14.585940000000003,14.606459999999998,14.627160000000002,14.64813,14.669369999999999,14.69079,14.712570000000001,14.734620000000001,14.75703,14.779620000000001,14.80257,14.82588,14.849460000000002,14.87331,14.897610000000002,14.92218,14.94711,14.9724,14.998050000000001,15.02397,15.05034,15.077070000000003,15.104249999999999,15.131699999999999,15.159600000000001,15.187859999999999,15.21648,15.24546,15.274890000000001,15.30468,15.334829999999998,15.365430000000002,15.39639,15.4278,15.45957,15.491700000000002,15.524189999999999,15.557129999999999,15.590430000000001,15.624179999999999,15.6582,15.69267,15.727500000000001,15.76269,15.79833,15.83424,15.870600000000001,15.907230000000002,15.944310000000002,15.981660000000002,16.01937,16.05744,16.09587,16.13466,16.17372,16.213140000000003,16.252920000000003,16.29297,16.33329,16.37397,16.414920000000002,16.45623,16.49781
15.667200000000001,15.59079,15.514289999999999,15.43752,15.36066,15.28353,15.206310000000002,15.129,15.05142,14.973749999999999,14.895990000000001,14.818050000000001,14.740020000000001,14.661810000000001,14.5836,14.505210000000002,14.426820000000001,14.34834,14.26977,14.1912,14.11263,14.03397,13.955400000000001,13.87683,13.79826,13.71978,13.64139,13.56309,13.48497,13.407029999999999,13.329180000000001,13.2516,13.17429,13.09725,13.020480000000001,12.94416,12.86811,12.79251,12.71745,12.64284,12.56886,12.495420000000001,12.422609999999999,12.35061,12.27924,12.208860000000001,12.1392,12.07062,12.00303,11.936430000000001,11.871089999999999,11.80692,11.74401,11.68245,11.62233,11.56374,11.50677,11.45142,11.397870000000001,11.34603,11.29617,11.248199999999999,11.2023,11.158470000000001,11.116800000000001,11.07729,11.04012,11.00529,10.972800000000001,10.94274,10.91511,10.88991,10.867230000000001,10.84698,10.82934,10.81404,10.801260000000001,10.791,10.78299,10.7775,10.77426,10.77327,10.77453,10.77786,10.78326,10.79073,10.8,10.81116,10.82394,10.83843,10.85445,10.871820000000001,10.89063,10.91061,10.93176,10.95399,10.97712,11.001149999999999,11.0259,11.05137,11.07747,11.10402,11.131020000000001,11.15838,11.185920000000001,11.21382,11.24172,11.2698,11.29779,11.32578,11.35368,11.381400000000001,11.408940000000001,11.436209999999999,11.46312,11.48976,11.51604,11.54178,11.56716,11.592,11.61639,11.64024,11.66346,11.68614,11.70819,11.72961,11.750309999999999,11.770380000000001,11.78982,11.80854,11.82654,11.843820000000001,11.860380000000001,11.87613,11.891250000000001,11.905560000000001,11.91906,11.931840000000001,11.943900000000001,11.95515,11.96559,11.97531,11.98422,11.99241,11.99979,12.00636,12.01221,12.017249999999999,12.02157,12.025170000000001,12.02796,12.02994,12.0312,12.031740000000001,12.031559999999999,12.030660000000001,12.02904,12.0267,12.02355,12.01986,12.015360000000001,12.01023,12.004470000000001,11.99799,11.99088,11.98305,11.97468,11.965679999999999,11.95605,11.945879999999999,11.935080000000001,11.92374,11.91186,11.89935,11.88639,11.87298,11.85903,11.84454,11.82969,11.814300000000001,11.79855,11.782350000000001,11.76579,11.74887,11.73159,11.714039999999999,11.69613,11.677950000000001,11.6595,11.640780000000001,11.62188,11.6028,11.58354,11.5641,11.54457,11.52495,11.50524,11.485529999999999,11.465729999999999,11.44593,11.42622,11.40651,11.386890000000001,11.36745,11.3481,11.32884,11.309849999999999,11.29095,11.27241,11.254050000000001,11.23596,11.21823,11.20077,11.18358,11.16684,11.15037,11.13435,11.118780000000001,11.103570000000001,11.08881,11.07441,11.060550000000001,11.04705,11.034089999999999,11.02158,11.00943,10.997910000000001,10.98675,10.976040000000001,10.96587,10.956150000000001,10.94679,10.93797,10.92951,10.9215,10.91394,10.906740000000001,10.8999,10.89342,10.88739,10.88163,10.87614,10.8711,10.866240000000001,10.861650000000001,10.857420000000001,10.85337,10.8495,10.8459,10.84239,10.83915,10.836,10.83303,10.83015,10.82745,10.82475,10.82214,10.81962,10.8171,10.81467,10.812240000000001,10.80981,10.80747,10.80504,10.802610000000001,10.80018,10.79766,10.79514,10.79262,10.78992,10.787310000000002,10.78461,10.78182,10.77894,10.77606,10.77309,10.77003,10.76697,10.763819999999999,10.760670000000001,10.757430000000001,10.7541,10.75077,10.747349999999999,10.744019999999999,10.740599999999999,10.73709,10.73367,10.73025,10.72683,10.72341,10.72008,10.716840000000001,10.7136,10.71045,10.70739,10.70442,10.701630000000002,10.69893,10.69641,10.694070000000002,10.69191,10.68993,10.68822,10.68678,10.68561,10.68471,10.68408,10.683810000000001,10.683900000000001,10.68435,10.685160000000002,10.68642,10.68804,10.69011,10.69263,10.6956,10.699110000000001,10.70298,10.70748,10.71243,10.71801,10.72404,10.73061,10.73772,10.74546,10.75374,10.762559999999999,10.77201,10.781910000000002,10.79253,10.8036,10.8153,10.82754,10.84032,10.85364,10.867590000000002,10.881990000000002,10.89693,10.912320000000001,10.92834,10.94472,10.961640000000001,10.97901,10.99692,11.01519,11.03382,11.052990000000001,11.07243,11.09232,11.112570000000002,11.133180000000001,11.15415,11.17539,11.196990000000001,11.218860000000001,11.241,11.26341,11.286090000000002,11.30904,11.332170000000001,11.35557,11.37915,11.40291,11.42694,11.45106,11.47536,11.49984,11.5245,11.54925,11.57409,11.59911,11.624220000000001,11.64951,11.6748,11.70027,11.725740000000002,11.75139,11.77704,11.80278,11.82861,11.85444,11.88036,11.90628,11.93229,11.958300000000001,11.9844,12.0105,12.0366,12.062700000000001,12.088890000000001,12.11508,12.14118,12.16737,12.193560000000002,12.219660000000001,12.24585,12.27195,12.29805,12.324060000000001,12.35016,12.37617,12.40209,12.42801,12.45393,12.47976,12.5055,12.53124,12.55689,12.58245,12.607920000000002,12.63339,12.65877,12.68406,12.70917,12.73428,12.7593,12.78423,12.80907,12.833730000000001,12.858300000000002,12.88278,12.90717,12.93147,12.955589999999999,12.979619999999999,13.00347,13.027230000000001,13.0509,13.074390000000001,13.097790000000002,13.121010000000002,13.14414,13.16709,13.189860000000001,13.21254,13.235040000000001,13.25745,13.27968,13.30182,13.323690000000001,13.34547,13.36716,13.388670000000001,13.41,13.43115,13.45221,13.473180000000001,13.49388,13.51449,13.53501,13.55526,13.575420000000001,13.59549,13.61538,13.63518,13.654800000000002,13.67433,13.69368,13.71294,13.73202,13.75101,13.76991,13.788630000000001,13.80735,13.82589,13.84434,13.8627,13.88097,13.89915,13.91733,13.93533,13.953330000000001,13.97124,13.98906,14.00688,14.024610000000001,14.042340000000001,14.05998,14.07771,14.09535,14.112990000000002,14.13054,14.14818,14.16591,14.18355,14.20128,14.21901,14.236740000000001,14.25465,14.27256,14.29056,14.30856,14.32674,14.34501,14.363370000000002,14.38182,14.40045,14.419170000000001,14.438070000000002,14.457150000000002,14.476320000000001,14.49567,14.51529,14.534999999999998,14.55498,14.575140000000001,14.595570000000002,14.616180000000002,14.637060000000002,14.65812,14.679450000000001,14.701049999999999,14.722919999999998,14.745150000000002,14.767560000000001,14.790330000000003,14.813369999999999,14.83668,14.860350000000002,14.88429,14.908590000000002,14.933250000000001,14.95827,14.983559999999999,15.00921,15.03522,15.061589999999999,15.088320000000001,15.115409999999999,15.142950000000003,15.170760000000001,15.198929999999999,15.227549999999999,15.25653,15.285870000000001,15.31557,15.34572,15.37614,15.4071,15.43833,15.46992,15.50196,15.534360000000001,15.567210000000001,15.600330000000001,15.633899999999999,15.66783,15.70212,15.73677,15.771780000000001,15.807150000000002,15.842970000000001,15.87906,15.915510000000001,15.952319999999999,15.989490000000002,16.02702,16.06491,16.10307,16.14159,16.18047,16.21962,16.25913,16.29891,16.33905,16.37946,16.420230000000004,16.46118,16.502489999999998
15.65676,15.58053,15.50412,15.42753,15.35085,15.27399,15.196950000000001,15.119730000000002,15.04242,14.96502,14.88744,14.809680000000002,14.73192,14.654069999999999,14.576039999999999,14.498009999999999,14.419889999999999,14.34168,14.26347,14.18526,14.10696,14.02875,13.95054,13.87233,13.7943,13.71627,13.638330000000002,13.56048,13.4829,13.40541,13.328190000000001,13.251149999999999,13.17438,13.09797,13.02192,12.946140000000002,12.87081,12.79593,12.721589999999999,12.64779,12.574530000000001,12.501900000000001,12.4299,12.35871,12.28833,12.21876,12.15009,12.08241,12.01572,11.95011,11.885760000000001,11.82249,11.76066,11.70009,11.64096,11.58336,11.527379999999999,11.47302,11.42037,11.36943,11.32047,11.2734,11.22831,11.185200000000002,11.14434,11.10555,11.06901,11.03472,11.00268,10.97307,10.94571,10.92087,10.89828,10.878210000000001,10.86048,10.845180000000001,10.83222,10.82169,10.813410000000001,10.80747,10.803780000000001,10.802249999999999,10.80288,10.80549,10.810170000000001,10.816830000000001,10.82529,10.835460000000001,10.84734,10.860840000000001,10.87587,10.892249999999999,10.90998,10.92897,10.94904,10.97019,10.99224,11.01519,11.03895,11.06334,11.08836,11.11392,11.139930000000001,11.1663,11.19294,11.219850000000001,11.24694,11.27403,11.301210000000001,11.32839,11.35548,11.38248,11.40921,11.43576,11.46195,11.487960000000001,11.51352,11.53872,11.56347,11.587769999999999,11.61153,11.63475,11.65752,11.67966,11.701260000000001,11.72214,11.74248,11.7621,11.78109,11.79936,11.817,11.833919999999999,11.85003,11.86551,11.880180000000001,11.89413,11.90736,11.919870000000001,11.931479999999999,11.942459999999999,11.95263,11.96199,11.970630000000002,11.97846,11.98557,11.991869999999999,11.997359999999999,12.00213,12.00618,12.00942,12.011940000000001,12.01365,12.01464,12.01491,12.01437,12.013200000000001,12.011220000000002,12.00852,12.00519,12.00114,11.99637,11.99088,11.98476,11.97792,11.97054,11.96244,11.953710000000001,11.94435,11.934360000000002,11.92383,11.91267,11.900970000000001,11.88864,11.87586,11.86245,11.848590000000002,11.834280000000001,11.81943,11.80413,11.78838,11.77218,11.75562,11.73861,11.72124,11.7036,11.68551,11.66724,11.64861,11.629710000000001,11.61054,11.59119,11.57166,11.55195,11.53206,11.512080000000001,11.49201,11.471940000000002,11.451690000000001,11.43153,11.41137,11.391210000000001,11.37114,11.35116,11.33127,11.31156,11.29194,11.272590000000001,11.25351,11.234610000000002,11.21598,11.19762,11.17962,11.161890000000001,11.14461,11.127600000000001,11.11104,11.09493,11.079180000000001,11.063970000000001,11.04912,11.03481,11.02086,11.00745,10.994580000000001,10.98216,10.97019,10.95876,10.947870000000002,10.937429999999999,10.92744,10.91799,10.908900000000001,10.90044,10.89234,10.884689999999999,10.87749,10.87065,10.864260000000002,10.85832,10.85265,10.84734,10.84239,10.8378,10.83348,10.82943,10.82565,10.82214,10.81881,10.815660000000001,10.81278,10.80999,10.80738,10.80486,10.802520000000001,10.80018,10.79802,10.795860000000001,10.79379,10.79172,10.78974,10.78767,10.78569,10.78362,10.78155,10.77948,10.77732,10.775160000000001,10.772910000000001,10.77057,10.76823,10.7658,10.76319,10.760580000000001,10.75788,10.755180000000001,10.7523,10.74933,10.74627,10.74321,10.73997,10.736730000000001,10.7334,10.729980000000001,10.726560000000001,10.72305,10.71954,10.71594,10.71234,10.70874,10.70514,10.70154,10.69794,10.69443,10.69092,10.68759,10.68426,10.68102,10.67787,10.674900000000001,10.672110000000002,10.669410000000001,10.66698,10.66473,10.66266,10.66095,10.65942,10.658249999999999,10.657350000000001,10.65681,10.65654,10.65672,10.657350000000001,10.658249999999999,10.65969,10.66158,10.663829999999999,10.66671,10.66995,10.673820000000001,10.678139999999999,10.683090000000002,10.68849,10.69452,10.70109,10.70829,10.716030000000002,10.724400000000001,10.733310000000001,10.74285,10.753020000000001,10.76373,10.775070000000001,10.78704,10.79955,10.8126,10.82628,10.8405,10.855350000000001,10.87065,10.88649,10.90287,10.91979,10.93716,10.955070000000001,10.97343,10.99215,11.01141,11.031030000000001,11.0511,11.071530000000001,11.09241,11.11356,11.135069999999999,11.15694,11.17908,11.20149,11.22426,11.247300000000001,11.270520000000001,11.29401,11.317770000000001,11.34171,11.36583,11.39022,11.4147,11.43936,11.4642,11.489220000000001,11.51433,11.53962,11.565,11.59047,11.61603,11.64177,11.66751,11.69343,11.71935,11.74536,11.771370000000001,11.79756,11.82366,11.84994,11.87613,11.90241,11.928780000000001,11.95515,11.98143,12.00789,12.03426,12.060630000000002,12.087,12.113370000000002,12.13983,12.166200000000002,12.19248,12.21885,12.245130000000001,12.27141,12.29769,12.323879999999999,12.35007,12.37626,12.402270000000001,12.428370000000001,12.45429,12.48021,12.50613,12.531870000000001,12.55761,12.583260000000001,12.60882,12.63429,12.65976,12.68505,12.71025,12.73545,12.76047,12.7854,12.81024,12.8349,12.85956,12.88404,12.908430000000001,12.93273,12.95685,12.980879999999999,13.00482,13.02858,13.05216,13.07565,13.099050000000002,13.12227,13.1454,13.16835,13.19121,13.213890000000001,13.23639,13.258799999999999,13.281030000000001,13.30308,13.32504,13.346910000000001,13.36851,13.390020000000002,13.41144,13.432680000000001,13.453740000000002,13.47462,13.49541,13.51611,13.53654,13.55697,13.57713,13.597290000000001,13.617180000000001,13.637070000000001,13.65669,13.67631,13.69575,13.71501,13.73427,13.75335,13.77225,13.79115,13.80987,13.82859,13.84713,13.86558,13.88394,13.9023,13.92048,13.938659999999999,13.956750000000001,13.97484,13.99275,14.010750000000002,14.02857,14.04648,14.064300000000001,14.082120000000002,14.09985,14.11767,14.135489999999999,14.15322,14.17104,14.18895,14.20677,14.22468,14.24268,14.26068,14.27877,14.29686,14.31513,14.333400000000001,14.35185,14.37039,14.38902,14.40783,14.42673,14.44581,14.464979999999999,14.484329999999998,14.503860000000001,14.52357,14.543550000000002,14.56362,14.58396,14.60448,14.62518,14.646149999999999,14.667390000000001,14.688900000000002,14.71059,14.732639999999998,14.754870000000002,14.77737,14.80023,14.823360000000001,14.846760000000002,14.87052,14.894549999999999,14.918849999999999,14.9436,14.96862,14.993910000000001,15.019650000000002,15.045660000000002,15.072030000000002,15.098759999999999,15.12585,15.1533,15.181109999999999,15.209280000000001,15.237810000000001,15.26679,15.29604,15.325740000000001,15.355710000000002,15.386130000000001,15.41691,15.44805,15.47964,15.5115,15.54381,15.576480000000002,15.609510000000002,15.642900000000001,15.676650000000002,15.710759999999999,15.745230000000001,15.78015,15.81534,15.850890000000001,15.886890000000001,15.92316,15.95979,15.996690000000001,16.03404,16.071659999999998,16.10964,16.14798,16.18659,16.22556,16.2648,16.30431,16.34418,16.38441,16.42491,16.465590000000002,16.50672
15.64641,15.57027,15.494039999999998,15.41763,15.34113,15.26436,15.1875,15.11055,15.033420000000001,14.956199999999999,14.8788,14.801310000000003,14.72382,14.646149999999999,14.56839,14.49063,14.41278,14.33484,14.256990000000002,14.17905,14.10111,14.02317,13.94532,13.867560000000001,13.7898,13.71213,13.63464,13.55733,13.48011,13.40316,13.32639,13.249889999999999,13.17366,13.097790000000002,13.02219,12.947040000000001,12.87234,12.79809,12.72438,12.65121,12.57867,12.50676,12.43557,12.365100000000002,12.295440000000001,12.22668,12.15882,12.091949999999999,12.026159999999999,11.96145,11.89782,11.835540000000002,11.77452,11.71485,11.65662,11.59983,11.54466,11.491109999999999,11.43927,11.38923,11.340990000000001,11.29473,11.25027,11.207970000000001,11.16765,11.12949,11.093490000000001,11.059650000000001,11.02806,10.99872,10.97172,10.94706,10.92474,10.904670000000001,10.886940000000001,10.87164,10.8585,10.847790000000002,10.83924,10.83294,10.828800000000001,10.82673,10.82682,10.82889,10.83294,10.838880000000001,10.846530000000001,10.85598,10.86705,10.87965,10.893780000000001,10.90935,10.92609,10.94418,10.96326,10.98351,11.00466,11.02662,11.04948,11.07297,11.09709,11.12175,11.14686,11.17233,11.19816,11.22426,11.25045,11.27682,11.30328,11.32974,11.356110000000001,11.3823,11.4084,11.434320000000001,11.45988,11.48526,11.51019,11.53485,11.55906,11.58282,11.60604,11.6289,11.65113,11.67282,11.69388,11.7144,11.73429,11.75355,11.77209,11.79,11.80728,11.82375,11.83959,11.85471,11.869110000000001,11.8827,11.89557,11.907720000000001,11.91906,11.929680000000001,11.93958,11.948670000000002,11.95695,11.96451,11.971350000000001,11.97729,11.9826,11.987100000000002,11.99079,11.99376,11.99592,11.997359999999999,11.998080000000002,11.99799,11.99727,11.99574,11.993490000000001,11.990520000000002,11.98683,11.982420000000001,11.97729,11.971530000000001,11.965140000000002,11.95794,11.9502,11.94174,11.93265,11.922930000000001,11.91267,11.90169,11.89017,11.878110000000001,11.86542,11.85219,11.838510000000001,11.8242,11.80944,11.794229999999999,11.77848,11.76228,11.74572,11.728710000000001,11.71125,11.69343,11.67534,11.6568,11.63799,11.618910000000001,11.59956,11.57994,11.56014,11.54016,11.51991,11.49966,11.479140000000001,11.45862,11.43801,11.4174,11.396790000000001,11.376090000000001,11.35557,11.33505,11.31462,11.29437,11.27421,11.25432,11.234610000000002,11.21508,11.19582,11.176919999999999,11.15829,11.140020000000002,11.122110000000001,11.104560000000001,11.08737,11.070720000000001,11.05443,11.038590000000001,11.0232,11.00835,10.99395,10.98009,10.96677,10.953899999999999,10.94157,10.92978,10.91853,10.90773,10.89747,10.88784,10.878570000000002,10.86993,10.861650000000001,10.85391,10.84671,10.83987,10.83348,10.82754,10.82205,10.816830000000001,10.81206,10.80765,10.80351,10.79964,10.79613,10.792890000000002,10.78992,10.78713,10.784519999999999,10.78209,10.77984,10.77777,10.77579,10.77399,10.77219,10.770480000000001,10.76877,10.76715,10.76562,10.764000000000001,10.76238,10.760760000000001,10.75914,10.757430000000001,10.75563,10.75383,10.751940000000001,10.74996,10.74789,10.74582,10.74357,10.74123,10.738710000000001,10.73619,10.73358,10.73079,10.72791,10.72494,10.72179,10.718639999999999,10.7154,10.71198,10.70856,10.70496,10.70136,10.69776,10.69398,10.690290000000001,10.68642,10.682640000000001,10.67886,10.674990000000001,10.67121,10.66752,10.663829999999999,10.66014,10.65663,10.65321,10.64997,10.64682,10.64385,10.64097,10.638449999999999,10.63611,10.63395,10.63215,10.63062,10.62936,10.62855,10.62801,10.62792,10.628190000000002,10.628910000000001,10.63008,10.6317,10.63377,10.636379999999999,10.63953,10.64322,10.647450000000001,10.65231,10.657710000000002,10.66365,10.67022,10.67742,10.68525,10.693620000000001,10.70271,10.71234,10.72269,10.73358,10.745190000000001,10.757340000000001,10.77012,10.78353,10.79757,10.81215,10.82727,10.843020000000001,10.859309999999999,10.87614,10.89351,10.91142,10.92978,10.948680000000001,10.96803,10.98774,11.00799,11.028599999999999,11.049660000000001,11.07099,11.09277,11.11491,11.13732,11.16009,11.18322,11.20653,11.23011,11.253960000000001,11.278080000000001,11.30238,11.32695,11.35161,11.37654,11.40165,11.42685,11.45223,11.47779,11.50344,11.52927,11.555100000000001,11.58111,11.60721,11.63331,11.65959,11.68587,11.712240000000001,11.7387,11.76516,11.791620000000002,11.81817,11.84481,11.871450000000001,11.898000000000001,11.92464,11.951369999999999,11.97801,12.00465,12.03129,12.05802,12.084660000000001,12.111300000000002,12.13785,12.16449,12.191040000000001,12.217590000000001,12.24405,12.270510000000002,12.29697,12.32334,12.34962,12.3759,12.40209,12.42828,12.45438,12.480390000000002,12.50631,12.53223,12.557970000000001,12.58371,12.60936,12.634920000000001,12.66039,12.68577,12.71106,12.736170000000001,12.76128,12.786209999999999,12.811050000000002,12.8358,12.860460000000002,12.88503,12.90942,12.93372,12.957840000000001,12.98187,13.00581,13.02957,13.05324,13.07673,13.10013,13.12335,13.14648,13.16943,13.1922,13.214879999999999,13.23747,13.25988,13.28211,13.304250000000001,13.326210000000001,13.34799,13.36968,13.39119,13.41261,13.433850000000001,13.45491,13.47588,13.49676,13.51737,13.53798,13.55832,13.578660000000001,13.59873,13.6188,13.6386,13.6584,13.678020000000002,13.69755,13.7169,13.73616,13.75533,13.77441,13.793310000000002,13.81221,13.83093,13.84956,13.86819,13.886640000000002,13.905090000000001,13.92336,13.94163,13.9599,13.97799,13.99617,14.014170000000002,14.03217,14.05017,14.06817,14.086079999999999,14.104080000000002,14.12199,14.1399,14.1579,14.17581,14.19381,14.211810000000002,14.2299,14.24799,14.26617,14.284440000000002,14.30271,14.32107,14.33961,14.35815,14.37687,14.39568,14.41458,14.433660000000001,14.452830000000002,14.472270000000002,14.491710000000001,14.51142,14.531310000000001,14.55138,14.57154,14.59206,14.61267,14.63355,14.654700000000002,14.676029999999999,14.69763,14.719410000000002,14.74155,14.763869999999999,14.786550000000002,14.80941,14.83263,14.856119999999999,14.879880000000002,14.904,14.92839,14.95314,14.978159999999999,15.003540000000001,15.029280000000002,15.055290000000001,15.081660000000001,15.10839,15.13548,15.16293,15.19074,15.218820000000001,15.24735,15.276240000000001,15.30549,15.335010000000002,15.36498,15.395309999999998,15.426,15.457049999999999,15.488549999999998,15.520320000000002,15.55245,15.585030000000001,15.617880000000001,15.65118,15.68475,15.71877,15.75306,15.787800000000002,15.82281,15.85818,15.894,15.93009,15.966450000000002,16.00326,16.04034,16.07778,16.115579999999998,16.15365,16.19208,16.23078,16.269840000000002,16.30917,16.34877,16.388730000000002,16.42896,16.469459999999998,16.51032
15.63615,15.560190000000002,15.48405,15.407820000000001,15.33141,15.25482,15.178139999999999,15.10137,15.02442,14.94729,14.870160000000002,14.79294,14.71554,14.638140000000002,14.56056,14.483070000000001,14.4054,14.327820000000001,14.250150000000001,14.17248,14.094899999999999,14.01723,13.93974,13.86225,13.78485,13.707540000000002,13.63041,13.553460000000001,13.47669,13.4001,13.32378,13.24773,13.17195,13.096530000000001,13.021469999999999,12.946860000000001,12.872700000000002,12.79899,12.72591,12.65328,12.58137,12.51009,12.43953,12.36969,12.30075,12.232619999999999,12.16548,12.09933,12.03426,11.970270000000001,11.907449999999999,11.8458,11.785590000000001,11.72664,11.669130000000001,11.61315,11.5587,11.50587,11.454749999999999,11.40543,11.35782,11.312190000000001,11.26845,11.226600000000001,11.186910000000001,11.1492,11.11365,11.08026,11.04903,11.019960000000001,10.99323,10.96875,10.946520000000001,10.92654,10.90881,10.89342,10.88019,10.8693,10.86048,10.85391,10.84941,10.84698,10.846530000000001,10.84815,10.85157,10.85688,10.8639,10.872720000000001,10.88307,10.89495,10.90827,10.923029999999999,10.93905,10.956330000000001,10.9746,10.99404,11.014380000000001,11.03553,11.05758,11.08026,11.103570000000001,11.127419999999999,11.151810000000001,11.17656,11.20158,11.22696,11.25252,11.27817,11.30391,11.32974,11.355390000000002,11.38104,11.40651,11.43189,11.45691,11.481660000000002,11.50614,11.53026,11.55393,11.57724,11.6001,11.62242,11.644200000000001,11.66544,11.68614,11.7063,11.72583,11.74464,11.762910000000002,11.78046,11.79729,11.81349,11.82897,11.843820000000001,11.85786,11.87118,11.883690000000001,11.89557,11.90664,11.91699,11.92653,11.93535,11.94336,11.95065,11.957130000000001,11.96289,11.967839999999999,11.97198,11.975399999999999,11.9781,11.97999,11.981160000000001,11.981610000000002,11.981250000000001,11.98017,11.97837,11.975760000000001,11.97252,11.96847,11.963790000000001,11.958390000000001,11.95227,11.94552,11.93805,11.92986,11.92113,11.91168,11.9016,11.89089,11.87964,11.86767,11.85525,11.8422,11.82861,11.814390000000001,11.799719999999999,11.78451,11.76885,11.752740000000001,11.73609,11.718990000000002,11.70153,11.68362,11.66535,11.64681,11.62782,11.60856,11.588940000000001,11.569139999999999,11.54898,11.52873,11.50821,11.48751,11.46672,11.44575,11.42469,11.40363,11.38248,11.36133,11.34027,11.31921,11.29824,11.27736,11.25666,11.23614,11.2158,11.195640000000001,11.17584,11.15622,11.13696,11.118060000000002,11.099430000000002,11.08125,11.06343,11.04606,11.02923,11.01276,10.996830000000001,10.981349999999999,10.966410000000002,10.952010000000001,10.93806,10.92474,10.91196,10.89972,10.88811,10.87695,10.86642,10.85643,10.84698,10.83798,10.82961,10.82178,10.814400000000001,10.80747,10.80108,10.79514,10.78965,10.78461,10.77993,10.77561,10.771650000000001,10.76814,10.76481,10.76184,10.75914,10.75671,10.754460000000002,10.75239,10.75059,10.74888,10.747349999999999,10.74591,10.74456,10.7433,10.742040000000001,10.740870000000001,10.73979,10.738620000000001,10.73745,10.73628,10.735109999999999,10.73385,10.732500000000002,10.731150000000001,10.729619999999999,10.72809,10.72638,10.72458,10.72269,10.72062,10.71846,10.71621,10.71378,10.711260000000001,10.70856,10.705770000000001,10.70289,10.69983,10.69659,10.69335,10.68993,10.68633,10.68273,10.67904,10.67517,10.6713,10.667340000000001,10.66338,10.65933,10.65528,10.65123,10.64718,10.64313,10.639170000000002,10.63521,10.63143,10.627650000000001,10.62396,10.62054,10.617210000000002,10.61406,10.61109,10.60839,10.60587,10.603710000000001,10.60182,10.600290000000001,10.59903,10.598220000000001,10.59777,10.59777,10.598220000000001,10.59912,10.60047,10.602360000000001,10.60479,10.60776,10.611270000000001,10.61541,10.620090000000001,10.625399999999999,10.63134,10.637820000000001,10.64502,10.652940000000001,10.6614,10.67058,10.680390000000001,10.69083,10.70199,10.71378,10.7262,10.73934,10.753020000000001,10.767420000000001,10.78236,10.797930000000001,10.81404,10.83087,10.84815,10.86597,10.88442,10.90332,10.92267,10.94256,10.9629,10.983690000000001,11.00493,11.02653,11.04858,11.07099,11.09367,11.116800000000001,11.14011,11.16387,11.187809999999999,11.21202,11.2365,11.26125,11.28618,11.31129,11.33658,11.36214,11.38779,11.41353,11.43954,11.46564,11.49183,11.51811,11.54457,11.57103,11.59758,11.624220000000001,11.65095,11.677679999999999,11.704500000000001,11.73141,11.758230000000001,11.78523,11.81214,11.83914,11.86605,11.893049999999999,11.92005,11.94705,11.974050000000002,12.000960000000001,12.02796,12.05487,12.08178,12.108600000000001,12.13551,12.16233,12.18906,12.21579,12.24252,12.269160000000001,12.29571,12.32226,12.34872,12.37518,12.40146,12.42774,12.45402,12.48012,12.50613,12.53214,12.558060000000001,12.5838,12.60954,12.63519,12.66066,12.68613,12.71142,12.73662,12.76182,12.78675,12.81168,12.83643,12.86109,12.88566,12.91005,12.93435,12.95856,12.98259,13.006530000000001,13.030289999999999,13.05396,13.07745,13.10085,13.12407,13.147200000000002,13.17024,13.19301,13.21569,13.23828,13.26069,13.28292,13.305060000000001,13.327020000000001,13.34889,13.37058,13.392090000000001,13.41351,13.43484,13.455900000000002,13.47696,13.49775,13.51845,13.539060000000001,13.55949,13.57983,13.59999,13.62006,13.63995,13.65975,13.67946,13.69899,13.718520000000002,13.73778,13.75704,13.77621,13.7952,13.8141,13.833,13.85172,13.87035,13.88898,13.90752,13.92597,13.94433,13.9626,13.98087,13.99914,14.01732,14.03541,14.05359,14.071679999999999,14.089770000000001,14.10777,14.12586,14.14395,14.16204,14.18013,14.198220000000001,14.2164,14.23467,14.25294,14.27121,14.28957,14.30802,14.32656,14.34519,14.364,14.382810000000001,14.40171,14.42079,14.44005,14.459399999999999,14.478839999999998,14.498550000000002,14.51835,14.53833,14.558580000000001,14.578919999999998,14.59953,14.620230000000001,14.641290000000001,14.66244,14.683950000000001,14.70564,14.72751,14.749740000000001,14.77215,14.794920000000001,14.817870000000001,14.841180000000001,14.864670000000002,14.88861,14.912730000000002,14.937210000000002,14.961960000000001,14.98698,15.01245,15.0381,15.0642,15.09057,15.1173,15.144390000000001,15.171750000000001,15.199560000000002,15.22764,15.25608,15.28497,15.314129999999999,15.34365,15.373530000000002,15.403770000000002,15.434370000000001,15.465330000000002,15.496649999999999,15.528329999999999,15.56037,15.59277,15.62553,15.65865,15.69213,15.725969999999998,15.760169999999999,15.794730000000001,15.82956,15.864840000000001,15.900390000000002,15.936300000000001,15.97257,16.00911,16.046010000000003,16.083270000000002,16.1208,16.15869,16.19694,16.23546,16.27425,16.3134,16.352819999999998,16.392509999999998,16.432560000000002,16.47279,16.513379999999998
15.625980000000002,15.55011,15.47415,15.39801,15.32178,15.24537,15.16878,15.092099999999999,15.015330000000002,14.938469999999999,14.861429999999999,14.78439,14.707170000000001,14.629950000000001,14.55264,14.475330000000001,14.39793,14.32053,14.24304,14.16564,14.088330000000001,14.01093,13.93371,13.85649,13.77936,13.70241,13.62564,13.54896,13.47255,13.396320000000001,13.32036,13.244670000000001,13.16934,13.094370000000001,13.01976,12.9456,12.87189,12.798630000000001,12.726,12.653910000000002,12.582540000000002,12.511709999999999,12.44178,12.37248,12.30408,12.23658,12.170069999999999,12.104460000000001,12.04002,11.976659999999999,11.914470000000001,11.85345,11.79387,11.73555,11.67867,11.62332,11.569500000000001,11.5173,11.46681,11.41803,11.37105,11.32587,11.28258,11.24136,11.20203,11.16477,11.129579999999999,11.09655,11.06559,11.03688,11.010330000000002,10.98594,10.9638,10.94391,10.92618,10.9107,10.89738,10.88631,10.877310000000001,10.870470000000001,10.86561,10.862910000000001,10.862100000000002,10.86318,10.86615,10.87092,10.87749,10.88568,10.8954,10.906740000000001,10.91943,10.933470000000002,10.94886,10.96542,10.98306,11.00178,11.0214,11.041920000000001,11.063160000000002,11.08521,11.107800000000001,11.131020000000001,11.15469,11.17881,11.20329,11.22804,11.25297,11.27799,11.30319,11.32839,11.35359,11.3787,11.40363,11.42838,11.452950000000001,11.47725,11.50128,11.52495,11.54826,11.57103,11.593440000000001,11.615400000000001,11.63682,11.6577,11.678040000000001,11.697840000000001,11.71692,11.735460000000002,11.75337,11.77065,11.78721,11.80305,11.81826,11.83275,11.84643,11.85948,11.87181,11.883329999999999,11.89413,11.90421,11.91348,11.921940000000001,11.92977,11.9367,11.94291,11.9484,11.95308,11.957040000000001,11.960189999999999,11.962530000000001,11.96415,11.96505,11.965140000000002,11.96451,11.96316,11.961,11.95812,11.95452,11.9502,11.945250000000001,11.93949,11.933010000000001,11.9259,11.91807,11.90961,11.90052,11.89071,11.880270000000001,11.869200000000001,11.857500000000002,11.845170000000001,11.8323,11.81889,11.80485,11.790270000000001,11.775150000000002,11.759490000000001,11.74338,11.72682,11.70972,11.69217,11.67426,11.6559,11.63709,11.61801,11.59857,11.57877,11.55861,11.53827,11.51766,11.496870000000001,11.47581,11.45457,11.43324,11.41182,11.39022,11.36862,11.347019999999999,11.325330000000001,11.30373,11.28222,11.260710000000001,11.23938,11.21823,11.19726,11.17647,11.15586,11.13561,11.11563,11.096010000000001,11.076749999999999,11.05785,11.03931,11.021310000000001,11.00367,10.98657,10.96992,10.95381,10.93824,10.923210000000001,10.90881,10.89486,10.881540000000001,10.86885,10.8567,10.84509,10.834200000000001,10.82376,10.81404,10.80477,10.79613,10.788120000000001,10.780560000000001,10.773539999999999,10.76706,10.76112,10.75563,10.75059,10.746,10.741859999999999,10.73808,10.73466,10.7316,10.7289,10.72647,10.724310000000001,10.72242,10.7208,10.71936,10.718100000000002,10.71693,10.71594,10.71504,10.71432,10.713510000000001,10.71288,10.712250000000001,10.71153,10.7109,10.71027,10.70946,10.70874,10.707840000000001,10.70694,10.705860000000001,10.70478,10.70352,10.70208,10.70055,10.69893,10.69713,10.69515,10.69308,10.69083,10.6884,10.68579,10.683090000000002,10.68012,10.677150000000001,10.67391,10.67058,10.66707,10.66347,10.659780000000001,10.65591,10.65195,10.6479,10.64376,10.63953,10.6353,10.630980000000001,10.62666,10.62234,10.618020000000001,10.6137,10.60938,10.60524,10.6011,10.59714,10.59327,10.58958,10.585980000000001,10.58265,10.579590000000001,10.57671,10.57419,10.571940000000001,10.56996,10.56843,10.567260000000001,10.566450000000001,10.56609,10.56618,10.56681,10.56789,10.5696,10.57176,10.57446,10.57788,10.58184,10.586340000000002,10.59156,10.5975,10.60398,10.611180000000001,10.6191,10.627650000000001,10.63692,10.64691,10.65753,10.66887,10.68093,10.693620000000001,10.70703,10.721070000000001,10.73574,10.75113,10.76715,10.78371,10.8009,10.818719999999999,10.83708,10.85607,10.87551,10.89549,10.91592,10.936890000000002,10.95831,10.98009,11.00241,11.025,11.04804,11.07144,11.09511,11.11914,11.14353,11.1681,11.19294,11.21805,11.24343,11.26899,11.29473,11.32074,11.34684,11.37312,11.39949,11.42604,11.452679999999999,11.47941,11.50632,11.53323,11.56023,11.58732,11.6145,11.641680000000001,11.66895,11.69622,11.72349,11.75085,11.778120000000001,11.805480000000001,11.832840000000001,11.8602,11.887559999999999,11.91492,11.94219,11.96946,11.996730000000001,12.024,12.05127,12.07845,12.10554,12.13263,12.15972,12.186720000000001,12.21363,12.240540000000001,12.26736,12.29418,12.32082,12.34746,12.37401,12.40056,12.42693,12.4533,12.47949,12.505680000000002,12.531780000000001,12.5577,12.58362,12.60945,12.6351,12.66066,12.68613,12.71151,12.736799999999999,12.762,12.78702,12.81195,12.83679,12.86145,12.88602,12.9105,12.934800000000001,12.95901,12.983039999999999,13.00698,13.03083,13.0545,13.07799,13.10139,13.12461,13.147739999999999,13.17078,13.19355,13.21632,13.23882,13.261230000000001,13.28355,13.30569,13.32765,13.34952,13.37121,13.39281,13.41423,13.43556,13.456710000000001,13.47768,13.498560000000001,13.51935,13.53996,13.56039,13.58073,13.60098,13.62105,13.64103,13.66092,13.680629999999999,13.70025,13.71978,13.739220000000001,13.75848,13.777650000000001,13.79682,13.815809999999999,13.834710000000001,13.85352,13.87233,13.89096,13.90959,13.92813,13.94658,13.96503,13.98339,14.00175,14.02002,14.03829,14.05656,14.07474,14.09292,14.11119,14.12937,14.14755,14.16573,14.184,14.20227,14.22054,14.2389,14.25735,14.2758,14.29425,14.31288,14.3316,14.350320000000002,14.36922,14.38821,14.40729,14.426459999999999,14.44581,14.465340000000001,14.484960000000001,14.50476,14.524740000000001,14.544810000000002,14.56515,14.58558,14.60628,14.627160000000002,14.64831,14.669640000000001,14.69115,14.71293,14.73498,14.757299999999999,14.779800000000002,14.80257,14.82561,14.84901,14.872589999999999,14.89653,14.920740000000002,14.945219999999999,14.969969999999998,14.995080000000002,15.02055,15.04629,15.0723,15.098759999999999,15.125490000000001,15.152489999999998,15.179939999999998,15.20766,15.23574,15.264090000000001,15.292890000000002,15.32196,15.351480000000002,15.381269999999999,15.41142,15.44193,15.472800000000001,15.504030000000002,15.535620000000002,15.56757,15.599880000000002,15.632549999999998,15.665489999999998,15.69888,15.73254,15.76656,15.80094,15.835679999999998,15.87078,15.90615,15.941880000000001,15.97797,16.01433,16.05105,16.08813,16.125480000000003,16.16319,16.20117,16.239510000000003,16.27812,16.317,16.35624,16.395750000000003,16.43553,16.47558,16.51599
15.61581,15.54012,15.464250000000002,15.38829,15.31215,15.23583,15.159420000000003,15.082920000000001,15.00624,14.92947,14.8527,14.77575,14.698710000000002,14.621670000000002,14.54454,14.46732,14.39019,14.31297,14.235750000000001,14.15853,14.0814,14.00427,13.92723,13.850280000000001,13.773420000000002,13.69674,13.620239999999999,13.54383,13.467690000000001,13.39182,13.316130000000001,13.2408,13.16583,13.09122,13.01697,12.94317,12.869819999999999,12.79701,12.72474,12.6531,12.58209,12.5118,12.44223,12.373470000000001,12.30561,12.23856,12.172500000000001,12.10743,12.04344,11.98062,11.91897,11.85849,11.79936,11.74158,11.68524,11.63043,11.57715,11.5254,11.47536,11.42712,11.3805,11.33586,11.29302,11.25207,11.213189999999999,11.1762,11.14137,11.10861,11.07792,11.049299999999999,11.02293,10.99872,10.97667,10.95678,10.93914,10.92357,10.910160000000001,10.89891,10.88982,10.882710000000001,10.87767,10.87461,10.87344,10.87425,10.87677,10.88118,10.88721,10.89495,10.90422,10.91502,10.92717,10.94067,10.95552,10.97145,10.98855,11.00673,11.02572,11.0457,11.0664,11.08782,11.109960000000001,11.13255,11.15568,11.179260000000001,11.2032,11.22741,11.251800000000001,11.27637,11.301029999999999,11.32578,11.350439999999999,11.3751,11.39958,11.42397,11.44809,11.47203,11.495610000000001,11.518830000000001,11.54178,11.56428,11.58633,11.607840000000001,11.62899,11.64951,11.669490000000001,11.688930000000001,11.70783,11.72601,11.74356,11.76057,11.77677,11.792430000000001,11.80728,11.8215,11.835,11.84778,11.85975,11.871,11.881530000000001,11.89134,11.90034,11.90862,11.91609,11.92284,11.928780000000001,11.934,11.938410000000001,11.94201,11.944890000000001,11.94705,11.9484,11.94894,11.94876,11.94786,11.946150000000001,11.943719999999999,11.940570000000001,11.9367,11.93202,11.92671,11.92068,11.91384,11.90637,11.89827,11.88945,11.87991,11.86974,11.85894,11.84751,11.83536,11.82267,11.80944,11.79549,11.78109,11.76606,11.750490000000001,11.73447,11.71782,11.70072,11.683169999999999,11.66517,11.64672,11.62791,11.60865,11.588940000000001,11.56896,11.54871,11.52801,11.50713,11.48598,11.46465,11.44305,11.421270000000002,11.3994,11.377350000000002,11.35521,11.33307,11.31093,11.2887,11.26656,11.24451,11.22246,11.20068,11.178989999999999,11.15748,11.13624,11.115179999999999,11.094479999999999,11.074140000000002,11.05407,11.034360000000001,11.01519,10.99638,10.97802,10.96011,10.94274,10.925910000000002,10.90962,10.89396,10.87884,10.864260000000002,10.85031,10.83708,10.824390000000001,10.812240000000001,10.80081,10.790009999999999,10.77984,10.7703,10.76139,10.753020000000001,10.74528,10.73808,10.73151,10.725389999999999,10.719899999999999,10.71486,10.71027,10.70622,10.70262,10.69938,10.6965,10.694070000000002,10.69191,10.69011,10.68849,10.687230000000001,10.68615,10.68534,10.68462,10.68408,10.68372,10.68336,10.68318,10.683,10.68282,10.68273,10.682640000000001,10.68246,10.68219,10.68201,10.68165,10.6812,10.68066,10.67994,10.67922,10.67823,10.677150000000001,10.67589,10.67454,10.672920000000001,10.67121,10.669229999999999,10.667159999999999,10.66482,10.66239,10.65969,10.65681,10.65384,10.6506,10.64718,10.64367,10.639980000000001,10.63611,10.63215,10.62801,10.62378,10.61946,10.61505,10.610460000000002,10.60587,10.60128,10.596599999999999,10.59201,10.58733,10.58274,10.57815,10.57365,10.56924,10.56501,10.56087,10.55691,10.55322,10.54971,10.54647,10.54341,10.5408,10.53846,10.536480000000001,10.53495,10.53378,10.53306,10.53288,10.533150000000001,10.53396,10.53531,10.53729,10.539810000000001,10.542959999999999,10.54674,10.55124,10.556280000000001,10.56213,10.568610000000001,10.57581,10.583730000000001,10.592369999999999,10.60173,10.61181,10.622700000000002,10.63422,10.64646,10.65951,10.67319,10.68759,10.70271,10.71846,10.73484,10.751940000000001,10.769670000000001,10.787939999999999,10.806840000000001,10.826369999999999,10.846350000000001,10.86696,10.88802,10.90962,10.93158,10.954080000000001,10.977030000000001,11.00034,11.02401,11.04804,11.07243,11.09718,11.122110000000001,11.1474,11.172960000000002,11.198789999999999,11.2248,11.25099,11.27736,11.304,11.33073,11.35755,11.38464,11.41173,11.439000000000002,11.46636,11.49372,11.52126,11.548800000000002,11.57643,11.60406,11.631780000000001,11.6595,11.68722,11.71503,11.74275,11.77056,11.79828,11.82609,11.85381,11.881530000000001,11.90916,11.93688,11.96451,11.99205,12.019680000000001,12.047130000000001,12.074580000000001,12.102030000000001,12.12939,12.15666,12.18393,12.21102,12.238109999999999,12.2652,12.29211,12.31902,12.345839999999999,12.37257,12.39921,12.42576,12.45222,12.47859,12.50478,12.53097,12.55707,12.583079999999999,12.60891,12.63474,12.66039,12.68595,12.71133,12.73671,12.76191,12.78702,12.81195,12.83679,12.86154,12.88611,12.910590000000001,12.93498,12.959190000000001,12.983220000000001,13.00725,13.03101,13.054680000000001,13.07826,13.101659999999999,13.12497,13.1481,13.17105,13.19391,13.21659,13.239180000000001,13.26159,13.28391,13.306049999999999,13.3281,13.349969999999999,13.37166,13.39326,13.41468,13.436010000000001,13.457160000000002,13.47822,13.4991,13.51989,13.54059,13.56111,13.58145,13.6017,13.621860000000002,13.64184,13.66182,13.68162,13.70124,13.72086,13.7403,13.75965,13.778910000000002,13.79808,13.81716,13.83615,13.85505,13.87395,13.892669999999999,13.91139,13.93002,13.94856,13.9671,13.98555,14.004000000000001,14.022450000000001,14.04081,14.05917,14.077440000000001,14.0958,14.11407,14.132430000000001,14.1507,14.16906,14.18742,14.20578,14.22423,14.24277,14.261220000000002,14.27985,14.29848,14.3172,14.33601,14.35491,14.3739,14.39307,14.41224,14.43159,14.45112,14.47065,14.490450000000001,14.51034,14.53041,14.55066,14.571090000000002,14.591700000000001,14.612490000000001,14.63346,14.654700000000002,14.67612,14.69781,14.71968,14.74173,14.76414,14.78673,14.809590000000002,14.832719999999998,14.856119999999999,14.879790000000002,14.90373,14.927940000000001,14.952510000000002,14.977350000000001,15.00246,15.027930000000001,15.053669999999999,15.079769999999998,15.106140000000002,15.13287,15.159870000000002,15.187230000000001,15.21495,15.24303,15.27138,15.30009,15.32916,15.358590000000001,15.38829,15.418439999999999,15.448860000000002,15.47964,15.510780000000002,15.542280000000002,15.574050000000002,15.60627,15.638760000000001,15.671610000000001,15.70482,15.738390000000003,15.772319999999999,15.806519999999999,15.84108,15.876000000000001,15.911280000000001,15.946829999999999,15.982740000000002,16.01892,16.05546,16.092360000000003,16.129530000000003,16.16706,16.204860000000004,16.24293,16.28136,16.32006,16.35903,16.39836,16.43796,16.47783,16.517970000000002
15.605820000000001,15.530220000000002,15.454440000000002,15.37857,15.302520000000001,15.226379999999999,15.150060000000002,15.07365,14.99715,14.920559999999998,14.843789999999998,14.767020000000002,14.690159999999999,14.613209999999999,14.536259999999999,14.45922,14.38218,14.305140000000002,14.2281,14.15106,14.074110000000001,13.997160000000001,13.920390000000001,13.84362,13.76703,13.69053,13.61421,13.53807,13.462200000000001,13.386510000000001,13.31118,13.23612,13.16133,13.08699,13.01301,12.93957,12.866489999999999,12.79404,12.72213,12.65085,12.5802,12.51027,12.44106,12.372660000000002,12.30507,12.23847,12.17286,12.10815,12.04461,11.982149999999999,11.920860000000001,11.86083,11.802150000000001,11.744819999999999,11.68884,11.63439,11.58156,11.53017,11.48058,11.43261,11.38644,11.34207,11.29959,11.259,11.2203,11.18367,11.14902,11.116439999999999,11.085930000000001,11.05758,11.0313,11.00718,10.98522,10.96533,10.9476,10.93203,10.91862,10.90728,10.897920000000001,10.89072,10.88541,10.88217,10.880730000000002,10.881269999999999,10.88352,10.88757,10.89324,10.90062,10.909440000000002,10.919880000000001,10.93158,10.94472,10.95903,10.9746,10.99125,11.008890000000001,11.02752,11.04696,11.067210000000001,11.08818,11.10978,11.132010000000001,11.15469,11.17782,11.20131,11.22507,11.24901,11.27322,11.29752,11.32182,11.34612,11.37033,11.394540000000001,11.41848,11.44233,11.46582,11.489130000000001,11.512080000000001,11.53458,11.55681,11.5785,11.59983,11.62062,11.640870000000001,11.660580000000001,11.67975,11.698290000000002,11.7162,11.73357,11.75022,11.766240000000002,11.78154,11.79621,11.810160000000002,11.82339,11.8359,11.84769,11.85867,11.86893,11.87847,11.88729,11.8953,11.9025,11.908980000000001,11.91465,11.9196,11.92374,11.92716,11.92977,11.93157,11.93265,11.932920000000001,11.93247,11.9313,11.92932,11.92653,11.92311,11.91888,11.91393,11.90826,11.90187,11.89476,11.886930000000001,11.87838,11.869200000000001,11.85939,11.84877,11.837610000000002,11.82573,11.81331,11.80017,11.78649,11.77218,11.75724,11.741760000000001,11.725740000000002,11.709270000000002,11.69217,11.67462,11.65653,11.63799,11.61909,11.59965,11.57985,11.55969,11.53917,11.51829,11.49714,11.47563,11.45394,11.43198,11.40984,11.38743,11.365020000000001,11.34234,11.31966,11.29698,11.27412,11.25144,11.228670000000001,11.20599,11.18349,11.16108,11.13885,11.116800000000001,11.09511,11.0736,11.05236,11.03157,11.011050000000001,10.99098,10.97136,10.95219,10.93356,10.91538,10.897739999999999,10.880640000000001,10.864170000000001,10.848329999999999,10.83312,10.81845,10.8045,10.79118,10.778490000000001,10.76652,10.755180000000001,10.74456,10.734570000000001,10.72521,10.716569999999999,10.70847,10.70109,10.69425,10.68804,10.68246,10.67733,10.672830000000001,10.66878,10.665270000000001,10.66212,10.65951,10.65726,10.65537,10.65384,10.65258,10.65168,10.650960000000001,10.65051,10.65033,10.65024,10.65033,10.65051,10.650870000000001,10.65123,10.65159,10.65204,10.65249,10.652849999999999,10.65321,10.65348,10.65375,10.65384,10.65384,10.65366,10.65339,10.653030000000001,10.6524,10.65159,10.650689999999999,10.64952,10.64817,10.64664,10.64484,10.64286,10.6407,10.63836,10.635750000000002,10.63287,10.629900000000001,10.62666,10.62324,10.61964,10.615860000000001,10.61181,10.60767,10.603439999999999,10.59894,10.59444,10.589760000000002,10.5849,10.58004,10.57509,10.57014,10.565100000000001,10.56015,10.55511,10.55016,10.545300000000001,10.54044,10.53576,10.53126,10.526850000000001,10.522620000000002,10.51866,10.51497,10.511550000000002,10.50849,10.505700000000001,10.50336,10.501380000000001,10.49985,10.49877,10.498140000000001,10.498140000000001,10.49859,10.49967,10.501290000000001,10.503630000000001,10.5066,10.510200000000001,10.51443,10.51947,10.52514,10.53162,10.53882,10.54674,10.555470000000001,10.56501,10.57518,10.58625,10.597949999999999,10.61055,10.62378,10.637820000000001,10.65258,10.66806,10.68426,10.70118,10.71873,10.73691,10.75581,10.77525,10.79532,10.81593,10.83708,10.85886,10.88109,10.90377,10.9269,10.950479999999999,10.97451,10.9989,11.02365,11.048670000000001,11.074140000000002,11.09979,11.1258,11.15199,11.17854,11.20518,11.232090000000001,11.259179999999999,11.28645,11.31381,11.34135,11.368979999999999,11.396700000000001,11.424600000000002,11.4525,11.48049,11.50857,11.53674,11.564820000000001,11.59308,11.62125,11.64951,11.677679999999999,11.70594,11.734110000000001,11.76237,11.79054,11.81871,11.84688,11.87496,11.90304,11.93103,11.95902,11.98692,12.01482,12.042629999999999,12.070350000000001,12.09807,12.12561,12.15324,12.18069,12.20805,12.235410000000002,12.26259,12.28977,12.31686,12.34377,12.37068,12.3975,12.424140000000001,12.45078,12.47724,12.50361,12.52989,12.55608,12.582180000000001,12.60819,12.634020000000001,12.65976,12.685410000000001,12.710880000000001,12.736260000000001,12.761550000000002,12.78666,12.81168,12.83661,12.86136,12.88593,12.9105,12.93489,12.9591,12.983220000000001,13.00716,13.03101,13.054680000000001,13.07826,13.101659999999999,13.12497,13.1481,13.171140000000001,13.194,13.21668,13.239270000000001,13.26177,13.284,13.306230000000001,13.328190000000001,13.35006,13.37184,13.39344,13.414950000000001,13.43628,13.45743,13.47849,13.49946,13.52025,13.54095,13.561470000000002,13.5819,13.60224,13.622399999999999,13.642470000000001,13.662360000000001,13.682250000000002,13.70196,13.72158,13.741109999999999,13.76055,13.7799,13.79907,13.818240000000001,13.83732,13.856309999999999,13.875210000000001,13.89402,13.912830000000001,13.93155,13.95018,13.96881,13.987440000000001,14.005889999999999,14.02443,14.04288,14.06133,14.07978,14.098230000000001,14.11659,14.13504,14.153490000000001,14.171940000000001,14.190389999999999,14.208929999999999,14.22747,14.2461,14.26473,14.28345,14.30217,14.32107,14.33997,14.35905,14.37813,14.39739,14.416739999999999,14.436179999999998,14.455800000000002,14.47551,14.495400000000002,14.51538,14.535540000000001,14.555970000000002,14.576490000000002,14.597190000000001,14.618070000000001,14.63913,14.66046,14.681970000000002,14.70375,14.72571,14.747850000000001,14.77026,14.79294,14.81589,14.83911,14.86251,14.88627,14.910300000000001,14.934510000000001,14.959080000000002,14.984010000000001,15.009120000000001,15.034590000000001,15.060329999999999,15.08643,15.112800000000002,15.13953,15.166530000000002,15.193890000000001,15.22161,15.2496,15.27795,15.30657,15.335550000000001,15.36498,15.39459,15.424650000000002,15.45498,15.485669999999999,15.516720000000001,15.54813,15.57981,15.611939999999999,15.64434,15.677100000000001,15.710130000000001,15.743609999999999,15.77736,15.811470000000002,15.84585,15.88059,15.915690000000001,15.951060000000002,15.986880000000001,16.02288,16.05924,16.09596,16.13295,16.1703,16.20792,16.24581,16.28406,16.32258,16.36137,16.40043,16.43985,16.47954,16.51941
15.595920000000001,15.520410000000002,15.444719999999998,15.36894,15.29298,15.21693,15.1407,15.06438,14.987970000000002,14.911470000000001,14.83488,14.7582,14.68143,14.604659999999999,14.5278,14.45094,14.373990000000001,14.297130000000001,14.220180000000001,14.143320000000001,14.066460000000001,13.989690000000001,13.91301,13.83651,13.76001,13.68369,13.60755,13.53168,13.455900000000002,13.38048,13.30533,13.23045,13.15593,13.08177,13.00806,12.934800000000001,12.86199,12.789810000000001,12.71808,12.647070000000001,12.576690000000001,12.50703,12.43809,12.36996,12.30273,12.2364,12.17106,12.10671,12.04335,11.981250000000001,11.92032,11.86056,11.802150000000001,11.745090000000001,11.68947,11.635380000000001,11.58273,11.5317,11.482380000000001,11.43468,11.38878,11.34468,11.30238,11.26197,11.22354,11.18709,11.15262,11.12022,11.0898,11.061539999999999,11.03535,11.01132,10.98936,10.96956,10.95183,10.93626,10.92276,10.91124,10.90188,10.8945,10.889100000000001,10.88559,10.884060000000002,10.88433,10.8864,10.890179999999999,10.895579999999999,10.902600000000001,10.91124,10.92132,10.93275,10.94553,10.959570000000001,10.97478,10.99107,11.00835,11.02662,11.0457,11.06559,11.08629,11.10753,11.1294,11.151720000000001,11.17449,11.19762,11.221020000000001,11.24469,11.26854,11.292480000000001,11.316510000000001,11.34054,11.36448,11.388330000000002,11.41209,11.435580000000002,11.4588,11.48184,11.504430000000001,11.52675,11.54871,11.57013,11.59119,11.61171,11.631689999999999,11.65122,11.670119999999999,11.68839,11.70612,11.723220000000001,11.739690000000001,11.75544,11.77056,11.78496,11.79864,11.81169,11.82393,11.83545,11.84625,11.85633,11.865599999999999,11.87415,11.88189,11.88891,11.89512,11.90052,11.9052,11.90916,11.91222,11.91456,11.91618,11.91699,11.91699,11.916269999999999,11.91474,11.91249,11.90943,11.905650000000001,11.90115,11.89584,11.8899,11.88315,11.875680000000001,11.86749,11.85867,11.849129999999999,11.83887,11.82789,11.81628,11.80404,11.791170000000001,11.77767,11.763449999999999,11.74878,11.73339,11.717459999999999,11.70099,11.68398,11.66643,11.648340000000001,11.629710000000001,11.61072,11.59119,11.571299999999999,11.55096,11.53017,11.509110000000002,11.487689999999999,11.465910000000001,11.44386,11.42154,11.39895,11.37618,11.35323,11.3301,11.30688,11.283570000000001,11.26017,11.23677,11.213460000000001,11.19006,11.16684,11.14371,11.120669999999999,11.0979,11.07531,11.052990000000001,11.031030000000001,11.00925,10.98792,10.96704,10.946520000000001,10.926449999999999,10.906920000000001,10.88784,10.86939,10.85148,10.83411,10.817459999999999,10.80144,10.785960000000001,10.77129,10.75725,10.74393,10.731240000000001,10.71936,10.70811,10.69767,10.68786,10.67877,10.67031,10.66257,10.65555,10.64907,10.643310000000001,10.63809,10.6335,10.62945,10.62594,10.62297,10.62045,10.61838,10.616760000000001,10.6155,10.614600000000001,10.61397,10.6137,10.6137,10.61388,10.614329999999999,10.61496,10.61568,10.616489999999999,10.61739,10.61838,10.61937,10.62045,10.621440000000002,10.62234,10.62324,10.62405,10.624770000000002,10.625399999999999,10.62585,10.62612,10.62621,10.62621,10.62594,10.625490000000001,10.624770000000002,10.62396,10.62279,10.621440000000002,10.619909999999999,10.61811,10.61604,10.6137,10.611180000000001,10.60839,10.60533,10.602089999999999,10.59867,10.59498,10.59102,10.586969999999999,10.58265,10.57815,10.57347,10.5687,10.56375,10.55862,10.55349,10.54818,10.54287,10.537469999999999,10.53207,10.526670000000001,10.521270000000001,10.51596,10.51074,10.50561,10.50057,10.495709999999999,10.49103,10.48662,10.48239,10.47852,10.474920000000001,10.471770000000001,10.46889,10.466460000000001,10.46448,10.463040000000001,10.46205,10.4616,10.461780000000001,10.4625,10.46385,10.46592,10.46862,10.47204,10.476090000000001,10.48104,10.48662,10.49301,10.500210000000001,10.508220000000001,10.51695,10.52658,10.536930000000002,10.54809,10.56015,10.57293,10.58652,10.60083,10.61604,10.63188,10.64853,10.6659,10.68399,10.70271,10.722150000000001,10.742220000000001,10.762830000000001,10.78416,10.805940000000001,10.82835,10.85121,10.87461,10.898460000000002,10.92276,10.94751,10.972620000000001,10.998090000000001,11.02392,11.05002,11.07648,11.10321,11.13012,11.157300000000001,11.184750000000001,11.21229,11.240100000000002,11.268,11.29608,11.32425,11.3526,11.38095,11.40948,11.43801,11.46663,11.49525,11.523959999999999,11.552669999999999,11.58138,11.61009,11.63889,11.6676,11.69631,11.725019999999999,11.75364,11.78226,11.810880000000001,11.839409999999999,11.86794,11.89638,11.92473,11.95308,11.98134,12.00951,12.03768,12.06567,12.09366,12.12156,12.14937,12.177,12.204630000000002,12.23217,12.25962,12.286980000000002,12.31425,12.34143,12.36843,12.395430000000001,12.42225,12.44898,12.475620000000001,12.50217,12.528540000000001,12.55482,12.58101,12.60702,12.63303,12.65886,12.68451,12.71007,12.73554,12.76083,12.78603,12.81114,12.83607,12.86091,12.88557,12.91005,12.93453,12.95874,12.98286,13.00689,13.03074,13.0545,13.07808,13.10148,13.12479,13.147920000000001,13.17096,13.19382,13.21659,13.239180000000001,13.26159,13.28391,13.30614,13.3281,13.35006,13.37184,13.39344,13.414950000000001,13.43628,13.45752,13.478580000000001,13.49955,13.520340000000001,13.54104,13.56165,13.582080000000001,13.60242,13.622670000000001,13.64274,13.66272,13.68261,13.70241,13.72212,13.74165,13.761090000000001,13.78053,13.79979,13.81905,13.83813,13.85721,13.876199999999999,13.895100000000001,13.914000000000001,13.93272,13.95153,13.970250000000002,13.98888,14.00751,14.02605,14.04468,14.06322,14.081760000000001,14.10021,14.11875,14.13729,14.15583,14.17437,14.193,14.21163,14.230260000000001,14.248980000000001,14.2677,14.2866,14.30541,14.3244,14.343480000000001,14.36256,14.38182,14.40117,14.42061,14.44023,14.459940000000001,14.47974,14.499720000000002,14.519879999999999,14.54013,14.56056,14.58126,14.60205,14.623020000000002,14.644260000000001,14.665590000000002,14.68719,14.70906,14.73102,14.753340000000001,14.77584,14.798519999999998,14.82156,14.84478,14.868269999999999,14.892030000000002,14.91615,14.94045,14.96502,14.98995,15.01506,15.04053,15.066360000000001,15.09237,15.11883,15.14547,15.17247,15.19983,15.22746,15.255450000000002,15.28371,15.312330000000001,15.34131,15.37056,15.400170000000001,15.430140000000002,15.46047,15.491069999999999,15.52203,15.553350000000002,15.584940000000001,15.61689,15.649200000000002,15.68178,15.71481,15.748110000000002,15.78168,15.815700000000001,15.84999,15.88455,15.919470000000002,15.954749999999999,15.9903,16.02621,16.06239,16.09893,16.13574,16.172909999999998,16.210350000000002,16.24806,16.28613,16.32447,16.36308,16.40196,16.441200000000002,16.480710000000002,16.520400000000002
15.58602,15.510600000000002,15.434999999999999,15.359309999999999,15.28344,15.207389999999998,15.13134,15.055110000000003,14.97879,14.902379999999999,14.82588,14.749290000000002,14.67261,14.595930000000001,14.519160000000001,14.442390000000001,14.365530000000001,14.28876,14.21199,14.13522,14.05854,13.98186,13.90527,13.828859999999999,13.75254,13.67631,13.60035,13.52457,13.448970000000001,13.37364,13.29858,13.22388,13.14954,13.07556,13.00203,12.92886,12.85632,12.78423,12.71268,12.64185,12.57165,12.50217,12.43341,12.36555,12.29841,12.23226,12.1671,12.102929999999999,12.039930000000002,11.97792,11.91717,11.85768,11.79945,11.74257,11.68713,11.633220000000001,11.58075,11.52999,11.48076,11.43324,11.38752,11.34351,11.30139,11.26116,11.22291,11.18655,11.15217,11.11986,11.08953,11.06136,11.035260000000001,11.011230000000001,10.989270000000001,10.96947,10.95174,10.93608,10.92258,10.91106,10.90161,10.89414,10.88865,10.88505,10.883339999999999,10.88343,10.88532,10.88901,10.89423,10.901069999999999,10.90953,10.91934,10.93059,10.943190000000001,10.95696,10.971900000000002,10.988010000000001,11.00511,11.023109999999999,11.042010000000001,11.06163,11.08206,11.10303,11.12463,11.146770000000002,11.16927,11.19222,11.215349999999999,11.238840000000001,11.26242,11.28618,11.30994,11.3337,11.357460000000001,11.38104,11.40453,11.42784,11.45088,11.473650000000001,11.49615,11.5182,11.539890000000002,11.56113,11.58201,11.602350000000001,11.622150000000001,11.64141,11.66013,11.67822,11.695770000000001,11.7126,11.72889,11.74446,11.75931,11.77353,11.78703,11.79981,11.81187,11.823210000000001,11.83374,11.843639999999999,11.852640000000001,11.86101,11.868480000000002,11.87532,11.88126,11.88648,11.89089,11.894580000000001,11.89746,11.89953,11.90079,11.90133,11.90115,11.900070000000001,11.89827,11.89575,11.892420000000001,11.88828,11.883510000000001,11.877839999999999,11.87154,11.86452,11.85669,11.84814,11.83896,11.82897,11.81835,11.80701,11.79504,11.782350000000001,11.76903,11.75508,11.7405,11.725290000000001,11.70945,11.69307,11.67615,11.658600000000002,11.640509999999999,11.62197,11.6028,11.58327,11.5632,11.54268,11.5218,11.50047,11.47878,11.45673,11.434320000000001,11.41164,11.38869,11.36547,11.34207,11.31849,11.29473,11.27088,11.24685,11.22282,11.198789999999999,11.17476,11.15082,11.126880000000002,11.10312,11.079540000000001,11.05614,11.03292,11.009970000000001,10.98738,10.965150000000001,10.94328,10.92186,10.90089,10.88037,10.86039,10.840950000000001,10.82214,10.803870000000002,10.78623,10.769309999999999,10.753110000000001,10.737540000000001,10.72269,10.70856,10.69524,10.68255,10.670760000000001,10.6596,10.64925,10.63962,10.630799999999999,10.62261,10.61523,10.60848,10.602450000000001,10.59714,10.592369999999999,10.58832,10.58481,10.58184,10.57941,10.577520000000002,10.576080000000001,10.57509,10.57446,10.57419,10.57428,10.57473,10.575360000000002,10.576260000000001,10.57734,10.5786,10.58004,10.581570000000001,10.5831,10.58472,10.58643,10.58805,10.58958,10.591109999999999,10.592640000000001,10.593900000000001,10.59516,10.59624,10.59714,10.597859999999999,10.5984,10.59876,10.59885,10.59876,10.5984,10.59777,10.596870000000001,10.59579,10.59435,10.592730000000001,10.59075,10.58859,10.58607,10.58328,10.58031,10.57698,10.57347,10.56969,10.56564,10.56141,10.55691,10.55223,10.54737,10.54224,10.53702,10.53162,10.52613,10.52055,10.51479,10.509030000000001,10.50318,10.49733,10.49157,10.48572,10.48005,10.47438,10.46889,10.46349,10.45836,10.45341,10.448730000000001,10.44432,10.44018,10.436490000000001,10.433159999999999,10.43028,10.42785,10.425870000000002,10.424520000000001,10.42371,10.42344,10.423800000000002,10.42488,10.426590000000001,10.42902,10.432260000000001,10.43613,10.440900000000001,10.446390000000001,10.45278,10.45989,10.4679,10.47672,10.48644,10.49697,10.50831,10.52055,10.533600000000002,10.547550000000001,10.562310000000002,10.57779,10.59417,10.611270000000001,10.62909,10.64772,10.66698,10.68705,10.707659999999999,10.72899,10.75095,10.77345,10.79658,10.82016,10.844280000000001,10.86885,10.89387,10.91934,10.945260000000001,10.97145,10.998090000000001,11.02491,11.052180000000002,11.079630000000002,11.10735,11.135250000000001,11.16342,11.19168,11.220210000000002,11.24883,11.27763,11.30643,11.335410000000001,11.36448,11.39364,11.4228,11.452050000000002,11.4813,11.51055,11.539890000000002,11.569139999999999,11.59839,11.627730000000001,11.65689,11.68614,11.7153,11.74446,11.77353,11.80251,11.83149,11.860380000000001,11.88927,11.91798,11.94669,11.97531,12.00384,12.03228,12.060630000000002,12.0888,12.11697,12.145050000000001,12.17304,12.20094,12.228660000000001,12.25638,12.28392,12.31137,12.33864,12.365910000000001,12.393,12.420000000000002,12.44691,12.473640000000001,12.50028,12.52683,12.5532,12.57948,12.60567,12.63168,12.6576,12.683430000000001,12.70908,12.73455,12.75993,12.78522,12.81033,12.83526,12.86019,12.88485,12.90942,12.933900000000001,12.9582,12.98232,13.00635,13.0302,13.05396,13.07754,13.10103,13.12434,13.14756,13.17051,13.19346,13.21623,13.23882,13.261230000000001,13.28355,13.30578,13.32783,13.3497,13.37148,13.39317,13.41468,13.436010000000001,13.45725,13.4784,13.49937,13.52025,13.54095,13.56156,13.581990000000001,13.60242,13.622670000000001,13.64283,13.66281,13.682789999999999,13.702589999999999,13.7223,13.74192,13.76145,13.78089,13.80024,13.819500000000001,13.83867,13.857840000000001,13.87683,13.89582,13.914810000000001,13.93362,13.952430000000001,13.97124,13.98996,14.008680000000002,14.0274,14.04603,14.06466,14.08329,14.10192,14.120550000000001,14.139180000000001,14.15781,14.17644,14.19516,14.213880000000001,14.2326,14.25141,14.27031,14.289209999999999,14.3082,14.32728,14.34645,14.36571,14.38506,14.404499999999999,14.424030000000002,14.44374,14.46354,14.48343,14.503499999999999,14.52375,14.54418,14.5647,14.5854,14.60628,14.62743,14.64867,14.67009,14.691780000000001,14.713650000000001,14.735790000000001,14.75811,14.7807,14.80347,14.82651,14.849820000000001,14.8734,14.89716,14.921280000000001,14.945670000000002,14.970240000000002,14.995170000000002,15.02037,15.045840000000002,15.071580000000003,15.097680000000002,15.12405,15.15078,15.17778,15.205050000000002,15.23268,15.26058,15.28884,15.31746,15.346350000000001,15.3756,15.405120000000002,15.434999999999999,15.46524,15.495750000000001,15.52662,15.55785,15.589350000000001,15.62121,15.653340000000002,15.68592,15.71877,15.75189,15.78546,15.819209999999998,15.853409999999998,15.88788,15.92262,15.957809999999998,15.993179999999999,16.02891,16.065,16.10136,16.137990000000002,16.17498,16.21224,16.249859999999998,16.287660000000002,16.32582,16.364250000000002,16.40304,16.44201,16.48125,16.52085
15.57621,15.500879999999999,15.42537,15.34968,15.273900000000001,15.197940000000001,15.12189,15.045750000000002,14.96952,14.893199999999998,14.8167,14.7402,14.66361,14.587019999999999,14.51034,14.433660000000001,14.35689,14.28021,14.203439999999999,14.12676,14.05017,13.97358,13.89708,13.820760000000002,13.74453,13.668389999999999,13.59252,13.51674,13.44132,13.36608,13.29111,13.2165,13.14216,13.06836,12.99483,12.92184,12.8493,12.7773,12.70593,12.63519,12.56508,12.49569,12.42702,12.35925,12.29229,12.22623,12.16116,12.09708,12.03408,11.97225,11.91159,11.8521,11.79405,11.73726,11.68191,11.628,11.57571,11.52495,11.47581,11.42838,11.382750000000001,11.33883,11.2968,11.256570000000002,11.21832,11.18205,11.14776,11.115450000000001,11.08521,11.05695,11.030850000000001,11.006910000000001,10.984950000000001,10.965150000000001,10.947420000000001,10.93176,10.91817,10.906649999999999,10.897110000000001,10.88964,10.884060000000002,10.88046,10.87866,10.87875,10.88055,10.884060000000002,10.88928,10.89603,10.90431,10.91403,10.925189999999999,10.937610000000001,10.95138,10.96623,10.98216,10.99908,11.01699,11.035710000000002,11.05524,11.07549,11.09646,11.11788,11.13984,11.16225,11.18502,11.20806,11.23137,11.25486,11.27835,11.30202,11.32569,11.34927,11.37276,11.39607,11.4192,11.44206,11.46474,11.48697,11.50893,11.53053,11.551590000000001,11.57229,11.59245,11.612070000000001,11.631150000000002,11.649690000000001,11.66769,11.68506,11.70171,11.71782,11.73321,11.74788,11.76192,11.77524,11.787840000000001,11.799719999999999,11.810880000000001,11.82123,11.830860000000001,11.839680000000001,11.84778,11.85516,11.861640000000001,11.8674,11.87244,11.876579999999999,11.879999999999999,11.8827,11.884500000000001,11.885580000000001,11.88585,11.88531,11.88396,11.88189,11.8791,11.87541,11.871,11.865870000000001,11.86002,11.85327,11.84589,11.83779,11.82888,11.81925,11.80899,11.797920000000001,11.78622,11.773800000000001,11.760750000000002,11.746979999999999,11.732579999999999,11.717550000000001,11.70189,11.6856,11.66868,11.65122,11.633130000000001,11.61459,11.59542,11.575800000000001,11.55564,11.53503,11.51397,11.49246,11.4705,11.44818,11.425500000000001,11.40246,11.37915,11.35557,11.33163,11.3076,11.2833,11.25882,11.23425,11.20959,11.18493,11.16018,11.13543,11.11077,11.0862,11.061720000000001,11.037420000000001,11.01339,10.98954,10.966050000000001,10.94283,10.919970000000001,10.89756,10.87551,10.854000000000001,10.83303,10.8126,10.79271,10.773539999999999,10.75491,10.737,10.71981,10.70334,10.68759,10.67256,10.658430000000001,10.64502,10.632330000000001,10.62054,10.60956,10.5993,10.58994,10.5813,10.57347,10.56636,10.56006,10.55439,10.54953,10.545300000000001,10.541699999999999,10.53873,10.53639,10.53459,10.53333,10.53252,10.532160000000001,10.532250000000001,10.5327,10.533510000000001,10.53459,10.53603,10.537650000000001,10.53945,10.54143,10.5435,10.54566,10.548,10.55025,10.55259,10.55484,10.55709,10.55916,10.56123,10.563120000000001,10.564919999999999,10.566450000000001,10.56789,10.56906,10.57005,10.570770000000001,10.57122,10.5714,10.5714,10.57104,10.570409999999999,10.569510000000001,10.56834,10.56681,10.56501,10.56285,10.56042,10.55772,10.55466,10.55133,10.54773,10.54386,10.53972,10.53531,10.53063,10.52568,10.52055,10.51524,10.50966,10.50399,10.498140000000001,10.49211,10.48599,10.47978,10.47348,10.46718,10.460880000000001,10.45458,10.448369999999999,10.44225,10.43613,10.43028,10.424520000000001,10.419030000000001,10.41381,10.40886,10.40427,10.39995,10.39608,10.39266,10.38978,10.38735,10.38546,10.3842,10.38357,10.38357,10.38429,10.38564,10.3878,10.39077,10.39455,10.39905,10.404449999999999,10.41075,10.417860000000001,10.425870000000002,10.434780000000002,10.444500000000001,10.45521,10.46682,10.479330000000001,10.492650000000001,10.506870000000001,10.52199,10.53792,10.55475,10.5723,10.59075,10.60992,10.62981,10.65042,10.67175,10.69371,10.71639,10.73961,10.76337,10.78776,10.8126,10.83798,10.86381,10.890089999999999,10.91673,10.94373,10.97109,10.99881,11.026800000000001,11.055060000000001,11.083499999999999,11.11221,11.14119,11.17026,11.19951,11.22885,11.25837,11.287889999999999,11.317590000000001,11.347290000000001,11.37708,11.40696,11.43684,11.46672,11.496599999999999,11.52648,11.556360000000002,11.58615,11.61594,11.64573,11.67543,11.705129999999999,11.73474,11.76426,11.793690000000002,11.82312,11.85246,11.88171,11.910779999999999,11.939850000000002,11.96883,11.997720000000001,12.026430000000001,12.055140000000002,12.08367,12.112110000000001,12.140460000000001,12.16863,12.1968,12.22479,12.252690000000001,12.28041,12.30804,12.33558,12.36303,12.3903,12.417480000000001,12.44448,12.471390000000001,12.49821,12.524849999999999,12.5514,12.577770000000001,12.60405,12.63015,12.65616,12.68199,12.70773,12.73329,12.758759999999999,12.78405,12.80925,12.834270000000002,12.859200000000001,12.88395,12.908520000000001,12.933,12.95739,12.98151,13.00563,13.02948,13.05324,13.07691,13.10031,13.123709999999999,13.14684,13.169880000000001,13.19283,13.2156,13.23819,13.26069,13.28301,13.30524,13.32729,13.34925,13.371030000000001,13.392629999999999,13.41414,13.43556,13.4568,13.47795,13.49892,13.5198,13.54059,13.5612,13.58172,13.60215,13.622399999999999,13.642560000000001,13.66263,13.68261,13.7025,13.72221,13.74192,13.76145,13.780980000000001,13.80033,13.81968,13.838940000000001,13.85811,13.87719,13.896270000000001,13.91526,13.93416,13.953059999999999,13.971960000000001,13.99077,14.009490000000001,14.0283,14.04702,14.06574,14.08446,14.10318,14.1219,14.14053,14.15934,14.17806,14.19687,14.215679999999999,14.234490000000001,14.25339,14.27238,14.29137,14.310540000000001,14.32971,14.34888,14.36823,14.38767,14.40729,14.426910000000001,14.44671,14.466600000000001,14.48658,14.50674,14.527080000000002,14.547600000000001,14.568210000000002,14.589,14.60997,14.63112,14.65254,14.674050000000001,14.69583,14.71779,14.739930000000001,14.76234,14.784930000000001,14.807789999999999,14.83092,14.85423,14.87781,14.901660000000001,14.92578,14.95017,14.97483,14.99976,15.024960000000002,15.05043,15.076170000000001,15.10227,15.12864,15.155280000000001,15.18228,15.20955,15.23718,15.265080000000001,15.29325,15.32178,15.350670000000001,15.37983,15.409350000000002,15.439139999999998,15.469289999999999,15.499710000000002,15.53049,15.561630000000001,15.593040000000002,15.624810000000002,15.65694,15.689340000000001,15.722010000000001,15.755130000000001,15.78852,15.822180000000001,15.8562,15.890579999999998,15.92523,15.96015,15.99543,16.03107,16.06698,16.10316,16.13961,16.17642,16.21359,16.25094,16.28865,16.326629999999998,16.36488,16.403489999999998,16.44228,16.48143,16.520760000000003
15.56649,15.491159999999999,15.41574,15.34014,15.26436,15.188490000000002,15.11253,15.03639,14.960249999999998,14.883930000000001,14.80752,14.73111,14.654520000000002,14.577930000000002,14.50134,14.424660000000001,14.34798,14.2713,14.19462,14.118030000000001,14.04144,13.96494,13.88844,13.81212,13.735890000000001,13.65984,13.583969999999999,13.508280000000001,13.43286,13.35771,13.28274,13.20813,13.13388,13.060080000000001,12.986640000000001,12.91365,12.841109999999999,12.769200000000001,12.69774,12.626999999999999,12.55689,12.4875,12.41892,12.35106,12.284099999999999,12.21813,12.15297,12.08898,12.02598,11.96406,11.903400000000001,11.844000000000001,11.78586,11.72907,11.673720000000001,11.61981,11.56743,11.516670000000001,11.46753,11.4201,11.37438,11.33046,11.28843,11.248199999999999,11.209950000000001,11.17359,11.1393,11.106990000000001,11.07666,11.04849,11.02239,10.99836,10.9764,10.9566,10.93878,10.923210000000001,10.90962,10.898010000000001,10.88856,10.881,10.87542,10.871820000000001,10.87002,10.87011,10.87191,10.87542,10.880640000000001,10.88739,10.895669999999999,10.90548,10.91655,10.92897,10.94265,10.957500000000001,10.97343,10.990440000000001,11.008260000000002,11.02698,11.04651,11.06676,11.08764,11.109060000000001,11.131020000000001,11.15334,11.17602,11.199060000000001,11.222280000000001,11.24568,11.269260000000001,11.29284,11.31642,11.33991,11.36331,11.38653,11.40966,11.43243,11.454930000000001,11.47716,11.49903,11.52045,11.54142,11.56203,11.58201,11.60154,11.62053,11.63898,11.6568,11.67399,11.69055,11.706479999999999,11.72178,11.73636,11.75022,11.76336,11.77578,11.78748,11.79846,11.808629999999999,11.81808,11.82672,11.83464,11.841750000000001,11.84805,11.85363,11.8584,11.86236,11.865599999999999,11.86794,11.86956,11.87037,11.87037,11.86956,11.868030000000001,11.865599999999999,11.86245,11.85858,11.8539,11.84841,11.84211,11.83518,11.827440000000001,11.81889,11.80962,11.799719999999999,11.789010000000001,11.77758,11.76543,11.752650000000001,11.73906,11.72493,11.710080000000001,11.694510000000001,11.678400000000002,11.661570000000001,11.644200000000001,11.626199999999999,11.60766,11.58849,11.56887,11.54862,11.52792,11.50668,11.484990000000002,11.46285,11.44026,11.41731,11.394,11.37033,11.3463,11.322000000000001,11.29743,11.272590000000001,11.247660000000002,11.22246,11.19717,11.17179,11.146320000000001,11.12085,11.09538,11.07,11.04471,11.01951,10.99449,10.96974,10.945260000000001,10.92105,10.897200000000002,10.873709999999999,10.85058,10.82808,10.805940000000001,10.78443,10.76355,10.74321,10.7235,10.704600000000001,10.68633,10.66878,10.65204,10.63611,10.62099,10.60668,10.59318,10.58058,10.56879,10.5579,10.54782,10.538640000000001,10.53027,10.52271,10.51596,10.510019999999999,10.504800000000001,10.50039,10.4967,10.49364,10.4913,10.4895,10.488330000000001,10.4877,10.48761,10.48797,10.48878,10.48995,10.49157,10.49337,10.49553,10.49787,10.50048,10.50318,10.506060000000002,10.50894,10.51191,10.51497,10.517940000000001,10.52091,10.5237,10.526489999999999,10.52919,10.53162,10.53396,10.53603,10.53792,10.539629999999999,10.541070000000001,10.54215,10.54305,10.54359,10.54386,10.54386,10.5435,10.54278,10.54179,10.54044,10.53873,10.53666,10.534320000000001,10.53162,10.52856,10.525229999999999,10.52154,10.51749,10.51317,10.50858,10.50372,10.49859,10.49319,10.48752,10.481670000000001,10.47564,10.46934,10.462950000000001,10.45638,10.44972,10.44297,10.43622,10.42938,10.422540000000001,10.415790000000001,10.409040000000001,10.40247,10.39599,10.38969,10.38357,10.37772,10.37223,10.36701,10.362150000000002,10.35774,10.35378,10.35027,10.3473,10.34496,10.34325,10.342170000000001,10.34172,10.34199,10.34307,10.34496,10.34757,10.351080000000001,10.35549,10.360710000000001,10.36692,10.37403,10.38204,10.39095,10.40085,10.41174,10.42353,10.43622,10.449900000000001,10.46448,10.47996,10.49634,10.513620000000001,10.53171,10.5507,10.570409999999999,10.59102,10.61226,10.63431,10.65699,10.6803,10.70433,10.7289,10.754010000000001,10.77975,10.805850000000001,10.83258,10.859580000000001,10.88712,10.914930000000002,10.943190000000001,10.97163,11.00043,11.0295,11.05884,11.08836,11.118060000000002,11.14794,11.17791,11.20806,11.2383,11.26863,11.299050000000001,11.32947,11.35998,11.39049,11.421,11.45151,11.48202,11.51253,11.54295,11.573369999999999,11.603700000000002,11.634030000000001,11.66427,11.694420000000001,11.72457,11.75454,11.78451,11.814300000000001,11.844000000000001,11.8737,11.90322,11.93265,11.96199,11.99115,12.02022,12.0492,12.07809,12.1068,12.13542,12.16395,12.192300000000001,12.22056,12.24864,12.27663,12.30453,12.33225,12.35979,12.38724,12.4146,12.44178,12.46887,12.49578,12.52251,12.549150000000001,12.575700000000001,12.60207,12.62826,12.65436,12.68028,12.70611,12.73176,12.75732,12.7827,12.8079,12.833010000000002,12.857940000000001,12.88278,12.90744,12.93192,12.95631,12.98052,13.00455,13.028490000000001,13.05234,13.07592,13.09941,13.12281,13.14603,13.169070000000001,13.191930000000001,13.21479,13.23738,13.25988,13.2822,13.30443,13.32648,13.34844,13.37022,13.39191,13.41342,13.43484,13.45617,13.47732,13.49829,13.51917,13.53996,13.56066,13.58118,13.60161,13.62195,13.64211,13.66218,13.682160000000001,13.70214,13.721940000000002,13.74156,13.761180000000001,13.78071,13.80024,13.81959,13.83885,13.85811,13.87728,13.896360000000001,13.91544,13.934429999999999,13.95342,13.972320000000002,13.99122,14.01003,14.02884,14.047649999999999,14.066460000000001,14.08527,14.10399,14.1228,14.14161,14.16042,14.17923,14.19813,14.21703,14.23602,14.25501,14.274,14.29317,14.31234,14.3316,14.35095,14.37039,14.38992,14.40954,14.42925,14.449140000000002,14.469119999999998,14.48919,14.509440000000001,14.52987,14.550480000000002,14.571180000000002,14.59206,14.613119999999999,14.634360000000001,14.655779999999998,14.67738,14.699160000000001,14.72121,14.74344,14.765850000000002,14.78853,14.811480000000001,14.834610000000001,14.85801,14.881590000000001,14.905439999999999,14.92965,14.95404,14.978700000000002,15.003630000000001,15.02883,15.054300000000001,15.08013,15.106230000000002,15.13251,15.159239999999999,15.18615,15.213420000000001,15.240960000000001,15.26886,15.297030000000001,15.325470000000001,15.354270000000001,15.38343,15.41286,15.44256,15.472620000000001,15.50304,15.533729999999998,15.56478,15.596100000000002,15.627780000000001,15.65973,15.69204,15.724710000000002,15.757650000000002,15.79095,15.82452,15.858360000000001,15.892560000000001,15.92712,15.961949999999998,15.99705,16.032510000000002,16.06833,16.10433,16.140690000000003,16.177319999999998,16.214309999999998,16.25157,16.2891,16.3269,16.36497,16.4034,16.44201,16.480980000000002,16.52022
15.55686,15.48162,15.406199999999998,15.330599999999999,15.25491,15.17904,15.103079999999999,15.02703,14.950890000000001,14.87457,14.79825,14.721840000000002,14.645340000000001,14.56875,14.49216,14.415479999999999,14.338890000000001,14.26221,14.18553,14.10894,14.032350000000001,13.955850000000002,13.87935,13.803030000000001,13.726890000000001,13.65075,13.57488,13.49919,13.423770000000001,13.34853,13.27356,13.19895,13.1247,13.05081,12.97728,12.904290000000001,12.831750000000001,12.75966,12.68829,12.61746,12.54726,12.477780000000001,12.40911,12.34116,12.27411,12.20796,12.142800000000001,12.07863,12.01554,11.95353,11.89278,11.8332,11.77497,11.71809,11.66256,11.60856,11.55609,11.50524,11.45592,11.4084,11.36259,11.31858,11.27637,11.23605,11.19771,11.16126,11.126880000000002,11.094479999999999,11.06406,11.0358,11.0097,10.98558,10.96362,10.94373,10.926,10.91034,10.89675,10.88523,10.875779999999999,10.868310000000001,10.862820000000001,10.85922,10.857510000000001,10.8576,10.859490000000001,10.86309,10.868400000000001,10.875240000000002,10.883610000000001,10.89351,10.904670000000001,10.91727,10.93104,10.94598,10.962,10.97901,10.99701,11.015820000000001,11.03544,11.05569,11.07666,11.098170000000001,11.12022,11.142629999999999,11.1654,11.18844,11.21175,11.235149999999999,11.25873,11.28231,11.30589,11.32938,11.352780000000001,11.376090000000001,11.39913,11.4219,11.4444,11.46654,11.48832,11.50974,11.53071,11.55114,11.57121,11.59065,11.60955,11.62782,11.64555,11.662650000000001,11.679120000000001,11.69496,11.710080000000001,11.72457,11.73825,11.7513,11.76354,11.775150000000002,11.78595,11.79594,11.805209999999999,11.81376,11.82141,11.82834,11.83455,11.83986,11.84445,11.84814,11.85111,11.85327,11.854619999999999,11.85516,11.854980000000001,11.8539,11.8521,11.849400000000001,11.84598,11.841750000000001,11.8368,11.83095,11.82438,11.81709,11.80899,11.80017,11.79054,11.780190000000001,11.769120000000001,11.75724,11.74473,11.7315,11.717550000000001,11.70288,11.68758,11.671560000000001,11.65491,11.63763,11.619720000000001,11.601180000000001,11.5821,11.562389999999999,11.54214,11.521350000000002,11.50002,11.478150000000001,11.45583,11.433060000000001,11.40984,11.38626,11.36223,11.33784,11.31309,11.28807,11.262780000000001,11.237219999999999,11.21148,11.18556,11.15955,11.13336,11.10717,11.08089,11.0547,11.02851,11.00241,10.97649,10.950750000000001,10.925189999999999,10.8999,10.87497,10.850399999999999,10.82628,10.802520000000001,10.779300000000001,10.75662,10.734570000000001,10.71306,10.69227,10.672110000000002,10.652759999999999,10.63413,10.61622,10.59921,10.5831,10.56771,10.55331,10.539810000000001,10.52712,10.51542,10.50462,10.494720000000001,10.48563,10.47753,10.470329999999999,10.463940000000001,10.45836,10.45368,10.44972,10.446570000000001,10.444139999999999,10.442340000000002,10.44126,10.44072,10.440809999999999,10.44144,10.44252,10.444139999999999,10.44612,10.44846,10.45107,10.45395,10.45719,10.46052,10.46403,10.46763,10.47132,10.4751,10.47879,10.48248,10.486170000000001,10.489680000000002,10.4931,10.49643,10.49949,10.50237,10.50507,10.5075,10.50966,10.51146,10.51308,10.51434,10.51524,10.515870000000001,10.51614,10.51605,10.515509999999999,10.5147,10.51353,10.51191,10.510019999999999,10.50768,10.50498,10.50192,10.4985,10.494720000000001,10.49067,10.486170000000001,10.4814,10.47627,10.47087,10.465200000000001,10.45926,10.45305,10.446570000000001,10.43991,10.43307,10.42605,10.41894,10.41174,10.40436,10.39698,10.389600000000002,10.38222,10.374929999999999,10.36773,10.360619999999999,10.35369,10.346940000000002,10.34046,10.33434,10.32849,10.323,10.31796,10.31337,10.309320000000001,10.305810000000001,10.30293,10.30068,10.29906,10.29816,10.29807,10.29879,10.300320000000001,10.30266,10.305900000000001,10.31004,10.31517,10.32129,10.32831,10.33632,10.34532,10.355310000000001,10.366290000000001,10.37835,10.39131,10.40526,10.4202,10.43613,10.452960000000001,10.47078,10.48941,10.50894,10.52937,10.55052,10.572569999999999,10.595250000000002,10.61874,10.64286,10.66761,10.69299,10.719000000000001,10.74546,10.77255,10.8,10.82799,10.85634,10.88505,10.91412,10.94346,10.97316,11.00304,11.033190000000001,11.06361,11.09412,11.124810000000002,11.15559,11.18646,11.21751,11.248560000000001,11.2797,11.31093,11.34207,11.3733,11.40453,11.43567,11.46681,11.49795,11.529,11.56005,11.59092,11.62179,11.65257,11.68326,11.71386,11.74437,11.77479,11.80503,11.83518,11.86524,11.89521,11.925,11.954699999999999,11.984309999999999,12.01374,12.04299,12.07215,12.10122,12.13011,12.15891,12.18753,12.21597,12.24432,12.272580000000001,12.30066,12.32856,12.35628,12.384,12.41145,12.43881,12.465990000000001,12.49308,12.51999,12.54672,12.57336,12.599820000000001,12.62619,12.652379999999999,12.67839,12.70431,12.73005,12.75561,12.781080000000001,12.806370000000001,12.831479999999999,12.8565,12.88134,12.906,12.930570000000001,12.95496,12.97926,13.00338,13.02732,13.05108,13.07475,13.098329999999999,13.12164,13.14486,13.16799,13.19094,13.21371,13.236300000000002,13.258799999999999,13.28121,13.30344,13.32549,13.34745,13.36932,13.39101,13.412519999999999,13.433940000000002,13.45518,13.476420000000001,13.49739,13.518360000000001,13.53915,13.55976,13.58037,13.6008,13.62114,13.64139,13.66146,13.68153,13.70142,13.72131,13.741019999999999,13.76073,13.78026,13.79979,13.819139999999999,13.83849,13.857750000000001,13.87701,13.896180000000001,13.91526,13.93434,13.953330000000001,13.972320000000002,13.99122,14.01021,14.02911,14.047920000000001,14.06682,14.08563,14.10453,14.12334,14.14224,14.161140000000001,14.18004,14.19903,14.218020000000001,14.23701,14.25609,14.27526,14.29443,14.31369,14.33304,14.35248,14.37192,14.39154,14.411249999999999,14.431140000000001,14.45103,14.471100000000002,14.491350000000002,14.51169,14.532119999999999,14.552729999999999,14.573519999999998,14.59449,14.615639999999999,14.636880000000001,14.658389999999999,14.68008,14.70195,14.724,14.746319999999999,14.768820000000002,14.7915,14.81445,14.837670000000001,14.86107,14.884739999999999,14.90868,14.932799999999999,14.95719,14.98194,15.00687,15.032070000000001,15.05763,15.08337,15.10947,15.13575,15.162390000000002,15.18939,15.216569999999999,15.24411,15.271920000000001,15.30009,15.32853,15.357240000000001,15.38631,15.41574,15.445350000000001,15.47541,15.505650000000001,15.53634,15.567300000000001,15.598530000000002,15.630120000000002,15.661980000000002,15.694199999999999,15.72669,15.759540000000001,15.79266,15.826139999999999,15.85998,15.894,15.92838,15.96312,15.998130000000002,16.033410000000003,16.06905,16.104960000000002,16.14114,16.177680000000002,16.21449,16.25157,16.28892,16.326629999999998,16.364520000000002,16.40277,16.441290000000002,16.48008,16.519050000000004
15.54732,15.472079999999998,15.396659999999999,15.32106,15.24546,15.169590000000001,15.093720000000001,15.017669999999999,14.941440000000002,14.86521,14.788889999999999,14.712480000000001,14.63598,14.55939,14.4828,14.40612,14.32953,14.252849999999999,14.17617,14.099490000000001,14.0229,13.94631,13.8699,13.79349,13.717260000000001,13.64112,13.56516,13.48947,13.41387,13.33863,13.26357,13.18887,13.11453,13.04046,12.96693,12.89376,12.82104,12.74895,12.67731,12.60639,12.536010000000001,12.46644,12.3975,12.329460000000001,12.26223,12.1959,12.130560000000001,12.066120000000002,12.002849999999999,11.940660000000001,11.87964,11.819880000000001,11.761379999999999,11.70432,11.64861,11.59434,11.5416,11.490480000000002,11.441070000000002,11.39328,11.3472,11.30301,11.26062,11.22012,11.1816,11.14497,11.110410000000002,11.07792,11.047410000000001,11.01906,10.99278,10.96866,10.946610000000002,10.926720000000001,10.908990000000001,10.89333,10.87974,10.868310000000001,10.85886,10.85148,10.84608,10.84257,10.840950000000001,10.84122,10.84329,10.84707,10.85256,10.859580000000001,10.868129999999999,10.878210000000001,10.88964,10.90233,10.91637,10.93149,10.94769,10.96497,10.98315,11.00214,11.02194,11.04246,11.06361,11.0853,11.10744,11.13003,11.152980000000001,11.17611,11.1996,11.223090000000001,11.24676,11.270520000000001,11.29419,11.317770000000001,11.34126,11.36457,11.3877,11.41047,11.433060000000001,11.4552,11.47707,11.4984,11.51937,11.5398,11.559780000000002,11.579220000000001,11.59812,11.61639,11.634030000000001,11.65113,11.66751,11.683169999999999,11.6982,11.7126,11.72619,11.73915,11.7513,11.76273,11.77335,11.783249999999999,11.792340000000001,11.80071,11.80827,11.81502,11.82096,11.82618,11.8305,11.83401,11.8368,11.83869,11.83986,11.84013,11.839680000000001,11.838330000000001,11.836260000000001,11.83329,11.829600000000001,11.825099999999999,11.819790000000001,11.81367,11.806740000000001,11.79909,11.79063,11.781450000000001,11.77146,11.760750000000002,11.74923,11.73699,11.72403,11.71035,11.69595,11.68092,11.66508,11.64861,11.63151,11.61369,11.59524,11.57616,11.55645,11.5362,11.515410000000001,11.49399,11.47203,11.449530000000001,11.42658,11.40309,11.37924,11.35485,11.3301,11.30499,11.27961,11.25378,11.227770000000001,11.2014,11.174940000000001,11.14821,11.1213,11.09439,11.067300000000001,11.04021,11.01321,10.98621,10.9593,10.93257,10.906020000000002,10.87965,10.85364,10.827900000000001,10.802610000000001,10.77768,10.75329,10.72935,10.70604,10.68327,10.66122,10.639890000000001,10.619280000000002,10.599390000000001,10.58031,10.56213,10.54485,10.52838,10.5129,10.49832,10.48464,10.471950000000001,10.46025,10.44954,10.439820000000001,10.431000000000001,10.42317,10.41624,10.410210000000001,10.40508,10.40085,10.39743,10.39482,10.39302,10.39185,10.39149,10.391670000000001,10.39248,10.39392,10.39581,10.39815,10.40094,10.40409,10.4076,10.41138,10.41534,10.41957,10.42389,10.4283,10.4328,10.4373,10.44189,10.446299999999999,10.45071,10.45494,10.45908,10.462950000000001,10.46673,10.47024,10.47348,10.47645,10.47906,10.4814,10.48347,10.48509,10.48644,10.48734,10.48797,10.488059999999999,10.48788,10.48725,10.486170000000001,10.484729999999999,10.482930000000001,10.48059,10.47798,10.47483,10.47141,10.46754,10.46331,10.45863,10.45368,10.44828,10.44261,10.43667,10.43037,10.423800000000002,10.416960000000001,10.40985,10.402560000000001,10.395000000000001,10.38735,10.37961,10.371690000000001,10.36377,10.35576,10.347750000000001,10.33983,10.33191,10.32417,10.31652,10.30914,10.30203,10.29519,10.288620000000002,10.2825,10.27683,10.27161,10.26693,10.26279,10.25928,10.256490000000001,10.254330000000001,10.25298,10.25244,10.25271,10.25379,10.25586,10.25883,10.26279,10.26774,10.27368,10.280610000000001,10.288620000000002,10.29771,10.307789999999999,10.318950000000001,10.331190000000001,10.34451,10.35882,10.37412,10.3905,10.40778,10.42614,10.4454,10.46556,10.48653,10.50849,10.53117,10.55466,10.57887,10.60389,10.62945,10.65573,10.68255,10.71,10.7379,10.766250000000001,10.79514,10.824390000000001,10.854000000000001,10.88397,10.9143,10.94481,10.97568,11.006639999999999,11.03787,11.069280000000001,11.10078,11.13246,11.16423,11.196,11.227860000000002,11.25981,11.29167,11.32362,11.35557,11.38743,11.41929,11.45115,11.48283,11.514600000000002,11.546190000000001,11.57769,11.6091,11.64042,11.671650000000001,11.70279,11.73375,11.76462,11.7954,11.826,11.85651,11.88684,11.91699,11.94705,11.977020000000001,12.00681,12.03642,12.06594,12.09528,12.12444,12.15351,12.1824,12.21111,12.23973,12.26817,12.296429999999999,12.3246,12.3525,12.3804,12.40803,12.43557,12.46293,12.490110000000001,12.51711,12.54402,12.57075,12.59739,12.623850000000001,12.65013,12.67623,12.70215,12.72798,12.753630000000001,12.77919,12.80457,12.82977,12.85479,12.87972,12.90447,12.92904,12.953429999999999,12.977730000000001,13.001850000000001,13.02588,13.04973,13.0734,13.09689,13.120289999999999,13.1436,13.166640000000001,13.189589999999999,13.21245,13.235040000000001,13.25763,13.27995,13.302180000000002,13.32432,13.34628,13.368060000000002,13.38975,13.41135,13.43277,13.4541,13.47525,13.496310000000001,13.51719,13.53807,13.55877,13.57929,13.599810000000002,13.62015,13.640400000000001,13.66056,13.680629999999999,13.70052,13.72041,13.74021,13.759920000000001,13.779449999999999,13.79898,13.81851,13.837860000000001,13.85721,13.876470000000001,13.89564,13.914810000000001,13.933890000000002,13.95297,13.971960000000001,13.99104,14.00994,14.02893,14.047830000000001,14.06682,14.08572,14.104619999999999,14.123520000000001,14.142510000000001,14.1615,14.1804,14.199480000000001,14.218560000000002,14.237639999999999,14.25681,14.27598,14.29524,14.314589999999999,14.33403,14.35347,14.373090000000001,14.392800000000001,14.4126,14.432490000000001,14.45247,14.47263,14.492880000000001,14.513310000000002,14.533830000000002,14.554530000000002,14.575410000000002,14.59638,14.617620000000002,14.63895,14.66046,14.682240000000002,14.704110000000002,14.72625,14.74857,14.771160000000002,14.79393,14.816880000000001,14.840100000000001,14.86359,14.88726,14.911200000000001,14.935319999999999,14.9598,14.98446,15.00948,15.034680000000002,15.06015,15.085980000000001,15.11199,15.13836,15.165000000000001,15.19191,15.21909,15.24663,15.27435,15.302520000000001,15.330870000000003,15.35958,15.388560000000002,15.417900000000001,15.447510000000001,15.47748,15.507719999999999,15.538230000000002,15.5691,15.600240000000001,15.63174,15.6636,15.69564,15.72813,15.760800000000001,15.79383,15.827219999999999,15.860880000000002,15.894810000000001,15.929100000000002,15.96366,15.99858,16.03377,16.06923,16.105050000000002,16.14105,16.177410000000002,16.21413,16.25103,16.28829,16.32573,16.36353,16.401600000000002,16.43994,16.478550000000002,16.51743
15.53778,15.462539999999999,15.387210000000001,15.311609999999998,15.236009999999998,15.16014,15.084270000000002,15.00822,14.932080000000001,14.85576,14.779440000000001,14.70303,14.62653,14.54994,14.47326,14.39658,14.3199,14.243219999999999,14.166450000000001,14.089770000000001,14.01309,13.9365,13.859910000000001,13.7835,13.707180000000001,13.63095,13.5549,13.47903,13.40334,13.32792,13.252770000000002,13.17789,13.10337,13.02921,12.95541,12.88215,12.80925,12.73689,12.66507,12.59388,12.52332,12.453479999999999,12.384360000000001,12.31596,12.248460000000001,12.18186,12.11616,12.051449999999999,11.987910000000001,11.925360000000001,11.86407,11.80395,11.745180000000001,11.68767,11.631689999999999,11.577060000000001,11.52405,11.47257,11.4228,11.374740000000001,11.32839,11.28384,11.24118,11.200410000000002,11.16162,11.124810000000002,11.08998,11.05731,11.02662,10.99818,10.97172,10.94751,10.925460000000001,10.90548,10.88775,10.87209,10.85859,10.84716,10.8378,10.83051,10.82529,10.82196,10.82052,10.821060000000001,10.823310000000001,10.82736,10.83303,10.84041,10.84923,10.859580000000001,10.87128,10.88442,10.89864,10.91412,10.93068,10.94823,10.96677,10.98603,11.00619,11.02698,11.0484,11.07036,11.09277,11.11563,11.138760000000001,11.16225,11.18583,11.20968,11.23353,11.257380000000001,11.28123,11.30499,11.328660000000001,11.35206,11.37528,11.39823,11.42091,11.443140000000001,11.46501,11.48652,11.507489999999999,11.52801,11.54799,11.56743,11.58624,11.604510000000001,11.622150000000001,11.63916,11.65554,11.6712,11.68623,11.70045,11.714039999999999,11.72682,11.73888,11.75022,11.760750000000002,11.770470000000001,11.77947,11.78766,11.79504,11.8017,11.80746,11.81241,11.81664,11.81997,11.82249,11.8242,11.825099999999999,11.82519,11.82447,11.82285,11.82051,11.81727,11.81331,11.80854,11.80287,11.79648,11.78928,11.78127,11.772450000000001,11.762820000000001,11.752469999999999,11.7414,11.72952,11.716830000000002,11.70351,11.689380000000002,11.67453,11.65896,11.642669999999999,11.625660000000002,11.60802,11.58975,11.570760000000002,11.55114,11.5308,11.51001,11.4885,11.466450000000002,11.44386,11.42073,11.39706,11.37294,11.34837,11.323260000000001,11.29779,11.27196,11.24568,11.21913,11.19231,11.16522,11.137860000000002,11.11023,11.082600000000001,11.0547,11.026800000000001,10.9989,10.971,10.943100000000001,10.91538,10.88775,10.8603,10.83312,10.80621,10.77975,10.75356,10.72791,10.70271,10.67805,10.65402,10.63062,10.607940000000001,10.585980000000001,10.56483,10.544490000000001,10.52496,10.50633,10.48869,10.471950000000001,10.4562,10.44144,10.42776,10.41507,10.40337,10.39275,10.38312,10.37448,10.36692,10.36035,10.35477,10.35009,10.34631,10.343520000000002,10.341450000000002,10.34028,10.33983,10.340190000000002,10.34118,10.3428,10.34496,10.347660000000001,10.3509,10.35459,10.358640000000001,10.362960000000001,10.367640000000002,10.3725,10.37754,10.382760000000001,10.388069999999999,10.39338,10.39878,10.40409,10.40931,10.41444,10.41948,10.424339999999999,10.42893,10.43334,10.437389999999999,10.44126,10.44477,10.44801,10.45089,10.453320000000001,10.455390000000001,10.4571,10.458450000000001,10.45926,10.459710000000001,10.459710000000001,10.459349999999999,10.458450000000001,10.4571,10.455390000000001,10.45314,10.45044,10.44738,10.44378,10.439820000000001,10.435410000000001,10.43064,10.42542,10.41984,10.4139,10.40751,10.40085,10.39392,10.38663,10.37907,10.37133,10.36332,10.355129999999999,10.34676,10.33821,10.32966,10.32102,10.31238,10.303740000000001,10.2951,10.28664,10.278360000000001,10.27017,10.26234,10.25469,10.24749,10.24065,10.234259999999999,10.22832,10.22292,10.218150000000001,10.21401,10.21059,10.20789,10.206,10.204920000000001,10.20474,10.20546,10.207170000000001,10.20987,10.21356,10.21824,10.22409,10.230929999999999,10.23894,10.24803,10.25829,10.269630000000001,10.28205,10.29564,10.31031,10.32606,10.34289,10.360710000000001,10.37961,10.3995,10.42029,10.44207,10.46466,10.48815,10.512450000000001,10.53756,10.56339,10.58985,10.61703,10.64475,10.6731,10.70199,10.73133,10.76112,10.791269999999999,10.82187,10.85283,10.884060000000002,10.91556,10.94724,10.97919,11.01132,11.04363,11.07603,11.10852,11.1411,11.173770000000001,11.206439999999999,11.23911,11.27187,11.304540000000001,11.33721,11.36979,11.40237,11.434859999999999,11.467260000000001,11.49957,11.53179,11.563920000000001,11.59596,11.62782,11.65959,11.69127,11.72277,11.75409,11.78532,11.816370000000001,11.847330000000001,11.878020000000001,11.90871,11.93913,11.96946,11.99952,12.02949,12.059370000000001,12.08898,12.118500000000001,12.14784,12.177,12.20598,12.23478,12.26349,12.29193,12.32028,12.34845,12.37644,12.404340000000001,12.43197,12.45951,12.48687,12.514050000000001,12.54105,12.56796,12.59469,12.62124,12.64761,12.673800000000002,12.699900000000001,12.72573,12.751470000000001,12.77712,12.8025,12.82779,12.8529,12.87783,12.90258,12.92724,12.95172,12.97602,13.00023,13.02426,13.04811,13.07178,13.09536,13.11876,13.14198,13.16511,13.18806,13.210920000000002,13.233600000000001,13.2561,13.27851,13.300740000000001,13.322880000000001,13.344840000000001,13.366710000000001,13.388399999999999,13.40991,13.431420000000001,13.45266,13.4739,13.49496,13.515929999999999,13.53672,13.55742,13.57803,13.598460000000001,13.61889,13.639140000000001,13.6593,13.679369999999999,13.69935,13.719240000000001,13.73904,13.75875,13.77846,13.79799,13.81752,13.83687,13.85622,13.87557,13.89483,13.914000000000001,13.933169999999999,13.95225,13.97133,13.99041,14.009400000000001,14.02839,14.04738,14.066370000000001,14.08536,14.10435,14.12334,14.14233,14.16141,14.1804,14.199480000000001,14.21865,14.237820000000001,14.256990000000002,14.276250000000001,14.2956,14.31504,14.33448,14.3541,14.37372,14.39352,14.41332,14.4333,14.453370000000001,14.473620000000002,14.49396,14.514389999999999,14.534999999999998,14.555790000000002,14.576670000000002,14.59773,14.618970000000001,14.64039,14.661990000000001,14.68377,14.70573,14.72796,14.75028,14.772870000000001,14.795639999999999,14.81868,14.8419,14.86539,14.889150000000003,14.91309,14.937300000000002,14.96178,14.986439999999998,15.011370000000001,15.03666,15.062130000000002,15.087869999999999,15.113969999999998,15.140250000000002,15.16689,15.193800000000001,15.220979999999999,15.248429999999999,15.276150000000001,15.30423,15.332580000000002,15.361200000000002,15.39018,15.41943,15.449040000000002,15.478829999999999,15.50907,15.539490000000002,15.57027,15.601410000000001,15.632820000000002,15.664500000000002,15.69654,15.728850000000001,15.761429999999999,15.794369999999999,15.827670000000001,15.86124,15.895080000000002,15.929190000000002,15.96366,15.9984,16.0335,16.06887,16.104509999999998,16.140420000000002,16.1766,16.213140000000003,16.24995,16.287029999999998,16.32438,16.36209,16.399980000000003,16.43814,16.476660000000003,16.51536
15.528419999999999,15.453180000000001,15.377760000000002,15.30225,15.22656,15.15078,15.07482,14.998769999999999,14.92263,14.846309999999999,14.769900000000002,14.69349,14.6169,14.54031,14.46354,14.38686,14.31009,14.23332,14.15655,14.07969,14.00292,13.92624,13.84956,13.773060000000001,13.696560000000002,13.620239999999999,13.54401,13.46796,13.39218,13.31658,13.24116,13.1661,13.0914,13.01697,12.94299,12.86937,12.7962,12.72357,12.65148,12.580020000000001,12.5091,12.4389,12.36942,12.30066,12.232800000000001,12.16584,12.09978,12.03471,11.970630000000002,11.907720000000001,11.84598,11.78541,11.72619,11.668320000000001,11.611799999999999,11.55681,11.50335,11.45151,11.4012,11.35269,11.305980000000002,11.26107,11.21805,11.176919999999999,11.13777,11.10069,11.06559,11.03265,11.00178,10.97307,10.946520000000001,10.922130000000001,10.89999,10.88001,10.86219,10.84662,10.83312,10.82178,10.8126,10.80549,10.800360000000001,10.7973,10.79622,10.796940000000001,10.79955,10.803870000000002,10.80999,10.81764,10.82691,10.837620000000001,10.849770000000001,10.86327,10.87803,10.89387,10.91088,10.928880000000001,10.94778,10.96749,10.988010000000001,11.00925,11.031030000000001,11.05344,11.076210000000001,11.099430000000002,11.12292,11.14668,11.17062,11.19474,11.218860000000001,11.243070000000001,11.26719,11.29113,11.31498,11.33865,11.36205,11.38518,11.40795,11.43036,11.45241,11.47392,11.49507,11.51559,11.53566,11.55519,11.57409,11.59236,11.610000000000001,11.62701,11.64339,11.65905,11.67399,11.68821,11.70171,11.7144,11.72637,11.73762,11.74806,11.75769,11.7666,11.774610000000001,11.7819,11.78838,11.79396,11.798820000000001,11.80278,11.80593,11.80827,11.809800000000001,11.81043,11.81034,11.80935,11.80755,11.80485,11.80143,11.797110000000002,11.79198,11.786130000000002,11.779380000000002,11.77182,11.763449999999999,11.75436,11.74437,11.73366,11.72214,11.70981,11.69676,11.68299,11.66841,11.653110000000002,11.63709,11.62026,11.6028,11.584620000000001,11.56572,11.546190000000001,11.52603,11.50515,11.483730000000001,11.46159,11.43891,11.415690000000001,11.39184,11.36754,11.34261,11.31732,11.29149,11.26521,11.23857,11.21157,11.18421,11.156490000000002,11.1285,11.100240000000001,11.07189,11.043270000000001,11.014560000000001,10.98576,10.95687,10.92807,10.899270000000001,10.870560000000001,10.84203,10.81368,10.7856,10.75779,10.73043,10.703429999999999,10.67688,10.650870000000001,10.625490000000001,10.60065,10.57653,10.55313,10.53054,10.508759999999999,10.48788,10.4679,10.44882,10.43082,10.41372,10.39779,10.382850000000001,10.36899,10.35621,10.3446,10.33398,10.324530000000001,10.31616,10.30887,10.30266,10.29744,10.2933,10.29006,10.28781,10.28646,10.28592,10.28628,10.287270000000001,10.28907,10.291500000000001,10.29456,10.298250000000001,10.302299999999999,10.30689,10.31184,10.31715,10.32273,10.32858,10.33452,10.34064,10.34685,10.35306,10.35927,10.365480000000002,10.371599999999999,10.37754,10.3833,10.38888,10.39419,10.399320000000001,10.40409,10.40859,10.41264,10.41642,10.41975,10.42272,10.42533,10.4274,10.42902,10.43028,10.431000000000001,10.43127,10.431000000000001,10.43028,10.42911,10.4274,10.42524,10.422540000000001,10.41948,10.415790000000001,10.41174,10.40715,10.4022,10.39671,10.390860000000002,10.38456,10.3779,10.37088,10.3635,10.35576,10.347750000000001,10.33938,10.33083,10.322099999999999,10.3131,10.30392,10.29474,10.28538,10.27602,10.266660000000002,10.2573,10.24803,10.23894,10.23003,10.221390000000001,10.21302,10.205010000000001,10.19736,10.19016,10.1835,10.17738,10.17189,10.167119999999999,10.16298,10.159740000000001,10.15722,10.155600000000002,10.15497,10.155240000000001,10.156500000000001,10.15884,10.16226,10.16676,10.17243,10.17927,10.187190000000001,10.19637,10.20672,10.21824,10.230929999999999,10.24479,10.259820000000001,10.27602,10.2933,10.31175,10.331190000000001,10.351709999999999,10.37322,10.39572,10.419120000000001,10.44342,10.46862,10.49454,10.521270000000001,10.548720000000001,10.5768,10.6056,10.63485,10.66473,10.69506,10.72584,10.757069999999999,10.78866,10.82061,10.85274,10.88523,10.91799,10.950840000000001,10.98396,11.01717,11.05047,11.083860000000001,11.11734,11.15082,11.1843,11.21787,11.25135,11.284830000000001,11.31822,11.35161,11.384910000000001,11.41812,11.45115,11.48418,11.51703,11.54979,11.582370000000001,11.61486,11.647170000000001,11.679300000000001,11.711340000000002,11.7432,11.77488,11.80638,11.83779,11.86893,11.899980000000001,11.930850000000001,11.96154,11.99196,12.02229,12.05244,12.08241,12.1122,12.14181,12.171240000000001,12.20049,12.229560000000001,12.25845,12.28725,12.31578,12.34413,12.372300000000001,12.40038,12.42819,12.455910000000001,12.483360000000001,12.510720000000001,12.537899999999999,12.5649,12.59172,12.618360000000001,12.64482,12.671190000000001,12.69729,12.7233,12.74913,12.77478,12.80025,12.82554,12.850740000000002,12.87576,12.9006,12.92526,12.94974,12.974129999999999,12.99834,13.02237,13.04622,13.06998,13.093560000000002,13.11696,13.140270000000001,13.1634,13.186350000000001,13.20921,13.23189,13.25439,13.276800000000001,13.29912,13.32117,13.343219999999999,13.365,13.38669,13.40829,13.4298,13.45104,13.472280000000001,13.49334,13.51431,13.5351,13.55589,13.576500000000001,13.59693,13.61736,13.63761,13.65786,13.67793,13.69791,13.71789,13.737689999999999,13.7574,13.77711,13.79664,13.81617,13.835609999999999,13.85505,13.874400000000001,13.89366,13.91292,13.93209,13.951260000000001,13.97034,13.989419999999999,14.0085,14.02758,14.046570000000001,14.065650000000002,14.08464,14.103720000000001,14.122710000000001,14.14179,14.16087,14.17995,14.19912,14.21829,14.23755,14.25681,14.276159999999999,14.29551,14.31504,14.334570000000001,14.35419,14.3739,14.3937,14.413680000000001,14.433660000000001,14.45382,14.474070000000001,14.49441,14.515020000000002,14.535630000000001,14.556420000000001,14.57739,14.598540000000002,14.619869999999999,14.641290000000001,14.662980000000001,14.684760000000002,14.70681,14.728950000000001,14.75136,14.774040000000001,14.796809999999999,14.81994,14.843160000000001,14.86665,14.89041,14.91435,14.938560000000003,14.96304,14.987789999999999,15.012720000000002,15.03792,15.063480000000002,15.08922,15.115229999999999,15.141509999999998,15.16815,15.19497,15.22215,15.2496,15.27732,15.30531,15.333660000000002,15.36219,15.391169999999999,15.420330000000002,15.44985,15.47964,15.5097,15.54012,15.570899999999998,15.60186,15.633180000000001,15.66477,15.69672,15.728940000000001,15.761519999999999,15.794369999999999,15.82749,15.86097,15.89463,15.92874,15.96303,15.997680000000003,16.032600000000002,16.067880000000002,16.103340000000003,16.13916,16.175250000000002,16.2117,16.24833,16.28532,16.32249,16.360020000000002,16.39782,16.4358,16.474140000000002,16.51275
15.519060000000001,15.44382,15.368400000000001,15.292890000000002,15.217200000000002,15.14133,15.06537,14.989320000000001,14.91309,14.83677,14.760360000000002,14.68377,14.60718,14.5305,14.45373,14.37696,14.3001,14.22315,14.14629,14.06934,13.99248,13.91562,13.83885,13.762080000000001,13.68549,13.6089,13.53258,13.45626,13.38021,13.30443,13.22883,13.153500000000001,13.078439999999999,13.00374,12.9294,12.855509999999999,12.78207,12.70908,12.63654,12.564720000000001,12.493350000000001,12.42279,12.352860000000002,12.28365,12.21534,12.14784,12.081330000000001,12.01572,11.95119,11.88774,11.82546,11.76435,11.704590000000001,11.646180000000001,11.58912,11.53359,11.479500000000002,11.42712,11.37636,11.32731,11.28006,11.2347,11.19123,11.149650000000001,11.110050000000001,11.07261,11.03715,11.00385,10.972710000000001,10.94382,10.91709,10.892520000000001,10.8702,10.85022,10.8324,10.81674,10.803420000000001,10.79217,10.78317,10.77624,10.77138,10.76859,10.76778,10.76895,10.77192,10.77669,10.78317,10.79136,10.80108,10.812330000000001,10.82502,10.83906,10.85427,10.87074,10.888290000000001,10.906830000000001,10.92627,10.946520000000001,10.96758,10.989270000000001,11.01159,11.034450000000001,11.05776,11.08143,11.10537,11.129579999999999,11.153970000000001,11.178450000000002,11.20293,11.22741,11.251890000000001,11.27619,11.30031,11.32425,11.34792,11.37132,11.39427,11.41686,11.43909,11.46078,11.48202,11.50272,11.52288,11.5425,11.561490000000001,11.57985,11.59758,11.61459,11.63097,11.64663,11.661570000000001,11.675790000000001,11.6892,11.70189,11.71386,11.725019999999999,11.735370000000001,11.744909999999999,11.75364,11.761650000000001,11.76876,11.77506,11.78055,11.78514,11.789010000000001,11.79198,11.79414,11.7954,11.795850000000002,11.79549,11.794319999999999,11.79225,11.78937,11.785590000000001,11.78109,11.775689999999999,11.76948,11.76237,11.75454,11.74581,11.73636,11.72601,11.71494,11.70297,11.690280000000001,11.67678,11.66256,11.647530000000001,11.631780000000001,11.615219999999999,11.59794,11.57994,11.56122,11.54178,11.52171,11.50092,11.479500000000002,11.45736,11.43459,11.41128,11.38734,11.362860000000001,11.33775,11.312190000000001,11.286,11.259450000000001,11.23245,11.20491,11.177100000000001,11.148840000000002,11.12022,11.091420000000001,11.06226,11.03292,11.003400000000001,10.9737,10.944,10.91412,10.88433,10.854540000000002,10.82493,10.79541,10.766070000000001,10.737,10.70829,10.67994,10.65204,10.62459,10.59768,10.5714,10.54584,10.52091,10.49679,10.47348,10.45107,10.42956,10.409040000000001,10.389510000000001,10.37106,10.35369,10.3374,10.322280000000001,10.30824,10.29546,10.28376,10.27332,10.264050000000001,10.25586,10.248930000000001,10.24299,10.23831,10.234620000000001,10.23192,10.230300000000002,10.22958,10.22985,10.230929999999999,10.23282,10.235430000000001,10.238760000000001,10.24272,10.24731,10.252350000000002,10.25793,10.263869999999999,10.27017,10.27674,10.28349,10.29042,10.297530000000002,10.304730000000001,10.31184,10.319040000000001,10.32606,10.333079999999999,10.33983,10.346490000000001,10.35279,10.35891,10.36476,10.37016,10.37529,10.38006,10.38438,10.388250000000001,10.39176,10.39473,10.39725,10.399320000000001,10.40085,10.401840000000002,10.402379999999999,10.402379999999999,10.401840000000002,10.40076,10.399140000000001,10.39698,10.39437,10.39113,10.387440000000002,10.38321,10.378530000000001,10.37331,10.367640000000002,10.36143,10.35486,10.34784,10.34037,10.332540000000002,10.32435,10.3158,10.30689,10.29771,10.28835,10.27872,10.26891,10.25892,10.248840000000001,10.238760000000001,10.22859,10.21842,10.208430000000002,10.19844,10.18872,10.17927,10.170000000000002,10.16118,10.15263,10.14471,10.13715,10.130310000000001,10.12401,10.11843,10.11366,10.1097,10.10655,10.10439,10.10313,10.10295,10.10376,10.10574,10.10889,10.11312,10.11861,10.12536,10.133280000000001,10.14246,10.1529,10.1646,10.177560000000001,10.19178,10.207170000000001,10.22382,10.24164,10.26063,10.28079,10.30203,10.324259999999999,10.34757,10.371780000000001,10.39698,10.42308,10.449990000000001,10.47762,10.506060000000002,10.53522,10.564919999999999,10.595250000000002,10.62621,10.65753,10.689390000000001,10.7217,10.75428,10.78722,10.82052,10.854000000000001,10.88775,10.92159,10.9557,10.98981,11.0241,11.058390000000001,11.09277,11.12715,11.16162,11.19591,11.23029,11.26458,11.29878,11.33289,11.366909999999999,11.40084,11.43459,11.46825,11.50173,11.535120000000001,11.56833,11.60136,11.6343,11.666970000000001,11.69955,11.731950000000001,11.76408,11.79612,11.82789,11.859570000000001,11.890979999999999,11.92221,11.95326,11.98413,12.01482,12.04524,12.075569999999999,12.10563,12.1356,12.1653,12.19482,12.22416,12.25323,12.282210000000001,12.311010000000001,12.33954,12.367980000000001,12.39615,12.424230000000001,12.45204,12.47967,12.50721,12.53448,12.56157,12.58848,12.6153,12.64185,12.668310000000002,12.694500000000001,12.720600000000001,12.74652,12.772170000000001,12.79773,12.82311,12.8484,12.873420000000001,12.89826,12.92301,12.94758,12.97197,12.99618,13.0203,13.04424,13.06791,13.09158,13.114980000000001,13.138290000000001,13.16142,13.18446,13.20732,13.23,13.2525,13.27491,13.297229999999999,13.319280000000001,13.341330000000001,13.3632,13.38489,13.406490000000002,13.42791,13.44924,13.47048,13.49154,13.51251,13.5333,13.55409,13.5747,13.595220000000001,13.61556,13.6359,13.65615,13.67622,13.696200000000001,13.71618,13.73598,13.75578,13.775490000000001,13.79511,13.81464,13.83408,13.85352,13.87287,13.89222,13.911480000000001,13.93074,13.949910000000001,13.96908,13.98816,14.00724,14.02641,14.04549,14.06457,14.08365,14.102730000000001,14.12181,14.14089,14.15997,14.17914,14.1984,14.21757,14.23683,14.25618,14.27562,14.29506,14.314589999999999,14.33412,14.35383,14.37363,14.39352,14.41341,14.43357,14.45373,14.474070000000001,14.4945,14.515020000000002,14.535720000000001,14.5566,14.577659999999998,14.59881,14.62014,14.64165,14.66334,14.685210000000001,14.70726,14.72949,14.7519,14.77458,14.797440000000002,14.820479999999998,14.843789999999998,14.867280000000001,14.89104,14.915069999999998,14.93928,14.96376,14.988420000000001,15.01344,15.03864,15.06411,15.08985,15.115860000000001,15.14223,15.16878,15.1956,15.222690000000002,15.250140000000002,15.27777,15.30576,15.33402,15.36264,15.391440000000001,15.4206,15.45003,15.47982,15.50979,15.54012,15.57081,15.60177,15.633000000000001,15.664500000000002,15.69636,15.728489999999999,15.76089,15.793650000000001,15.826680000000001,15.86007,15.893730000000001,15.92766,15.96186,15.996420000000002,16.03116,16.066350000000003,16.10172,16.13736,16.173360000000002,16.20963,16.246170000000003,16.28298,16.32006,16.35741,16.39512,16.43301,16.47117,16.509600000000002
15.50979,15.43455,15.35913,15.28353,15.207840000000001,15.131970000000003,15.05601,14.979870000000002,14.903550000000001,14.82714,14.75073,14.674050000000001,14.597370000000002,14.5206,14.44374,14.366790000000002,14.28984,14.2128,14.135760000000001,14.05872,13.98168,13.90464,13.82769,13.75074,13.673879999999999,13.59711,13.520520000000001,13.44402,13.3677,13.29156,13.21569,13.14,13.06467,12.98961,12.91491,12.840570000000001,12.766680000000001,12.693240000000001,12.62034,12.54798,12.47625,12.40506,12.33468,12.264930000000001,12.19608,12.12795,12.06081,11.994660000000001,11.9295,11.86542,11.80251,11.74077,11.68029,11.62125,11.56356,11.50731,11.452589999999999,11.39958,11.34819,11.29851,11.250630000000001,11.20473,11.160630000000001,11.11851,11.07846,11.04048,11.00466,10.971,10.939499999999999,10.91034,10.883339999999999,10.85859,10.83618,10.81602,10.7982,10.782630000000001,10.7694,10.758329999999999,10.749509999999999,10.74285,10.73826,10.73583,10.735380000000001,10.737,10.74042,10.74573,10.75275,10.76148,10.77183,10.78371,10.797030000000001,10.8117,10.82763,10.84473,10.862910000000001,10.88208,10.90224,10.923119999999999,10.94481,10.967130000000001,10.99008,11.01357,11.037420000000001,11.06163,11.08611,11.11086,11.1357,11.160720000000001,11.18565,11.21058,11.23551,11.26017,11.284650000000001,11.308950000000001,11.33289,11.35656,11.37987,11.40273,11.425139999999999,11.447099999999999,11.468520000000002,11.4894,11.50974,11.529449999999999,11.54853,11.566980000000001,11.5848,11.6019,11.61828,11.634030000000001,11.64897,11.66319,11.6766,11.68929,11.701170000000001,11.71233,11.72259,11.73213,11.74077,11.7486,11.75562,11.76183,11.767140000000001,11.77164,11.77533,11.778120000000001,11.780100000000001,11.781179999999999,11.781450000000001,11.78082,11.779380000000002,11.77713,11.77398,11.76993,11.76516,11.759400000000001,11.75292,11.74554,11.73735,11.728349999999999,11.71845,11.70774,11.69631,11.68398,11.67084,11.656979999999999,11.64222,11.62674,11.61054,11.593530000000001,11.57571,11.557170000000001,11.53791,11.517930000000002,11.49723,11.47581,11.45376,11.430990000000001,11.40759,11.383560000000001,11.3589,11.3337,11.30787,11.281500000000001,11.25459,11.22723,11.19933,11.17098,11.14227,11.113109999999999,11.083680000000001,11.05389,11.02383,10.993500000000001,10.962990000000001,10.9323,10.90152,10.87074,10.83987,10.80909,10.778400000000001,10.7478,10.71747,10.68741,10.657710000000002,10.62828,10.599390000000001,10.57104,10.543140000000001,10.51596,10.4895,10.46376,10.43883,10.4148,10.391670000000001,10.36953,10.34838,10.32831,10.30941,10.291590000000001,10.275030000000001,10.25964,10.245510000000001,10.23264,10.22094,10.21059,10.20141,10.19349,10.18683,10.18143,10.17711,10.17396,10.17189,10.1709,10.17099,10.17198,10.173869999999999,10.17666,10.18017,10.18449,10.189440000000001,10.194930000000001,10.20105,10.20762,10.214550000000001,10.22193,10.22949,10.23732,10.24533,10.25343,10.26162,10.26981,10.27791,10.28592,10.29384,10.30149,10.30896,10.31616,10.323,10.32957,10.33578,10.34154,10.346940000000002,10.351890000000001,10.3563,10.36026,10.36377,10.36674,10.36917,10.37106,10.37232,10.373130000000002,10.37331,10.37295,10.37205,10.37052,10.368360000000001,10.36575,10.36251,10.358730000000001,10.35432,10.34946,10.344059999999999,10.33812,10.33164,10.32462,10.31724,10.309320000000001,10.30104,10.29231,10.28322,10.27377,10.26396,10.25388,10.24362,10.23309,10.222290000000001,10.21149,10.20051,10.18953,10.17855,10.16766,10.15686,10.14624,10.135800000000001,10.12572,10.115910000000001,10.10655,10.09764,10.08927,10.08153,10.07442,10.06803,10.06245,10.05777,10.053989999999999,10.05111,10.04931,10.04859,10.04895,10.05048,10.05327,10.057319999999999,10.06263,10.0692,10.07712,10.086300000000001,10.09683,10.1088,10.12203,10.13652,10.15236,10.169550000000001,10.18791,10.20753,10.22832,10.25028,10.27332,10.29744,10.32264,10.34874,10.37574,10.40364,10.43235,10.46187,10.49202,10.52289,10.554300000000001,10.586340000000002,10.61883,10.65177,10.68507,10.718820000000001,10.752839999999999,10.78722,10.82178,10.85652,10.89144,10.92654,10.961730000000001,10.99692,11.032290000000001,11.06757,11.10285,11.13822,11.17341,11.2086,11.2437,11.27871,11.31363,11.34837,11.38302,11.41758,11.45187,11.48607,11.520090000000001,11.55393,11.58759,11.62107,11.65437,11.6874,11.720250000000002,11.75301,11.78541,11.817720000000001,11.84976,11.88162,11.9133,11.94471,11.97594,12.006990000000002,12.03786,12.06846,12.09888,12.12903,12.159,12.188790000000001,12.2184,12.24783,12.27699,12.30597,12.334769999999999,12.3633,12.39174,12.41991,12.4479,12.475710000000001,12.50334,12.53079,12.558060000000001,12.58515,12.61197,12.6387,12.66516,12.69153,12.717720000000002,12.74364,12.76947,12.795119999999999,12.8205,12.84579,12.8709,12.89583,12.92058,12.94524,12.96963,12.99393,13.01796,13.0419,13.06575,13.08933,13.112820000000001,13.136130000000001,13.15926,13.1823,13.20516,13.22784,13.25043,13.27284,13.295069999999999,13.317210000000001,13.339260000000001,13.36104,13.38282,13.40442,13.42584,13.44717,13.46841,13.48947,13.51044,13.531320000000001,13.55202,13.57263,13.593150000000001,13.61358,13.63392,13.65408,13.674240000000001,13.69431,13.7142,13.73409,13.75389,13.7736,13.79322,13.812750000000001,13.832279999999999,13.85172,13.87107,13.89042,13.90977,13.92903,13.9482,13.967369999999999,13.98654,14.00571,14.02479,14.04396,14.06304,14.08221,14.10129,14.12046,14.13954,14.15871,14.17797,14.19714,14.21649,14.235750000000001,14.25519,14.27454,14.294070000000001,14.31369,14.33331,14.35302,14.372819999999999,14.392800000000001,14.41278,14.43294,14.453100000000001,14.473530000000002,14.49396,14.514570000000003,14.53536,14.55624,14.5773,14.598540000000002,14.619869999999999,14.64147,14.663160000000001,14.685030000000001,14.707170000000001,14.7294,14.7519,14.77458,14.797440000000002,14.820479999999998,14.843789999999998,14.867370000000001,14.89113,14.915069999999998,14.93937,14.96385,14.98851,15.01353,15.038730000000001,15.0642,15.08994,15.115950000000002,15.14223,15.16878,15.1956,15.222690000000002,15.250050000000002,15.277680000000002,15.30558,15.333840000000002,15.362369999999999,15.391169999999999,15.420240000000002,15.449580000000001,15.479280000000001,15.509250000000002,15.53958,15.57009,15.600959999999999,15.6321,15.6636,15.69537,15.727410000000003,15.75972,15.792390000000001,15.825330000000001,15.85863,15.892110000000002,15.92595,15.96006,15.99453,16.02918,16.06419,16.09947,16.13502,16.170930000000002,16.20702,16.243470000000002,16.280189999999997,16.31709,16.354350000000004,16.39188,16.429679999999998,16.46775,16.506
15.50061,15.42537,15.34995,15.27426,15.19857,15.122610000000002,15.04656,14.97033,14.89401,14.817599999999999,14.741010000000001,14.664330000000001,14.587470000000001,14.510610000000002,14.43357,14.356530000000001,14.2794,14.20227,14.12505,14.047830000000001,13.97061,13.89339,13.81617,13.738949999999999,13.66191,13.58487,13.50792,13.43115,13.354470000000001,13.27806,13.20174,13.125779999999999,13.05,12.974490000000001,12.89943,12.824639999999999,12.750210000000001,12.67632,12.60288,12.52998,12.45762,12.38589,12.31479,12.2445,12.17493,12.10617,12.0384,11.971440000000001,11.905560000000001,11.84076,11.77704,11.71458,11.65338,11.593530000000001,11.53503,11.47806,11.42262,11.3688,11.3166,11.266290000000001,11.217690000000001,11.17098,11.12634,11.08359,11.042910000000001,11.004480000000001,10.96812,10.934009999999999,10.90206,10.87254,10.845270000000001,10.820340000000002,10.79775,10.7775,10.75968,10.744200000000001,10.73097,10.72008,10.71153,10.70514,10.70091,10.69893,10.69902,10.70109,10.705050000000002,10.71099,10.718639999999999,10.72809,10.73916,10.75176,10.7658,10.78119,10.797930000000001,10.81575,10.83474,10.85472,10.8756,10.89729,10.91979,10.94283,10.9665,10.99062,11.01519,11.04012,11.065230000000001,11.090610000000002,11.11608,11.14164,11.16711,11.19258,11.21796,11.243070000000001,11.268089999999999,11.29275,11.31714,11.34108,11.364749999999999,11.387880000000001,11.41065,11.432789999999999,11.45448,11.47563,11.49615,11.51604,11.535300000000001,11.553840000000001,11.57175,11.58903,11.6055,11.62125,11.63628,11.650500000000001,11.66391,11.6766,11.68848,11.69955,11.70981,11.71926,11.727810000000002,11.73564,11.74257,11.7486,11.75382,11.758140000000001,11.761650000000001,11.76435,11.76615,11.767050000000001,11.767140000000001,11.76633,11.76462,11.7621,11.758680000000002,11.75445,11.74932,11.74338,11.73654,11.7288,11.72034,11.710980000000001,11.70072,11.68965,11.67777,11.66508,11.65158,11.637179999999999,11.62206,11.60613,11.58939,11.57184,11.55357,11.53449,11.51469,11.49408,11.472750000000001,11.450790000000001,11.42811,11.40462,11.38059,11.35584,11.33046,11.30445,11.2779,11.25072,11.223,11.19474,11.166030000000001,11.13687,11.10717,11.077110000000001,11.046690000000002,11.01591,10.98486,10.95354,10.92204,10.890270000000001,10.8585,10.826550000000001,10.79469,10.76274,10.73097,10.69929,10.66788,10.63674,10.60587,10.57545,10.54548,10.51605,10.48725,10.45899,10.43154,10.4049,10.37916,10.35423,10.33038,10.30752,10.28574,10.26513,10.24569,10.227509999999999,10.21059,10.194930000000001,10.18062,10.16766,10.15596,10.14561,10.1367,10.129050000000001,10.122660000000002,10.11762,10.113840000000001,10.11123,10.10988,10.109610000000002,10.110420000000001,10.112219999999999,10.11501,10.1187,10.123199999999999,10.12851,10.134540000000001,10.14111,10.14831,10.15596,10.164060000000001,10.17243,10.18116,10.19007,10.199160000000001,10.208430000000002,10.21761,10.22679,10.23597,10.24497,10.25379,10.26243,10.270800000000001,10.27881,10.286550000000002,10.29384,10.30086,10.30734,10.31337,10.318950000000001,10.32399,10.32849,10.33245,10.33587,10.338659999999999,10.340910000000001,10.34253,10.34361,10.344059999999999,10.34379,10.34298,10.34154,10.33956,10.33686,10.33353,10.32966,10.32516,10.32003,10.31445,10.30815,10.3014,10.29402,10.28619,10.27791,10.26909,10.259820000000001,10.2501,10.240020000000001,10.22958,10.21878,10.2078,10.19646,10.18494,10.17324,10.16145,10.14957,10.13769,10.12581,10.11411,10.1025,10.09107,10.08,10.06929,10.058940000000002,10.04904,10.03977,10.03104,10.02303,10.015830000000001,10.009440000000001,10.00386,9.999360000000001,9.99576,9.99333,9.99207,9.99189,9.993060000000002,9.9954,9.99918,10.00422,10.0107,10.01853,10.0278,10.03842,10.050569999999999,10.06407,10.07901,10.0953,10.11294,10.13193,10.152180000000001,10.17369,10.19646,10.2204,10.245420000000001,10.27152,10.29861,10.326690000000001,10.35567,10.38546,10.41606,10.44738,10.479330000000001,10.51191,10.545119999999999,10.578780000000002,10.61289,10.647359999999999,10.68228,10.71747,10.75293,10.78857,10.824480000000001,10.86048,10.89657,10.93284,10.96911,11.005379999999999,11.04165,11.07792,11.11419,11.15028,11.18637,11.222370000000002,11.25819,11.29392,11.32947,11.36484,11.400120000000001,11.435130000000001,11.46996,11.5047,11.53917,11.573369999999999,11.60748,11.64132,11.674980000000001,11.70837,11.74158,11.77452,11.80728,11.839770000000001,11.87208,11.90412,11.93598,11.96757,11.998980000000001,12.03012,12.06108,12.09177,12.122280000000002,12.15252,12.18258,12.21246,12.24207,12.2715,12.30075,12.32973,12.35853,12.387060000000002,12.41541,12.443670000000001,12.47157,12.49938,12.526919999999999,12.55428,12.58155,12.60846,12.63528,12.66192,12.68838,12.71457,12.74067,12.7665,12.79215,12.81771,12.843,12.8682,12.89313,12.91797,12.94263,12.96711,12.99141,13.01553,13.039470000000001,13.06332,13.0869,13.11039,13.13379,13.156920000000001,13.17996,13.202820000000001,13.2255,13.248090000000001,13.2705,13.29282,13.31496,13.33692,13.35879,13.38048,13.40208,13.42359,13.444920000000002,13.46607,13.487219999999999,13.50819,13.52898,13.54977,13.57038,13.590900000000001,13.61133,13.63167,13.65183,13.671990000000001,13.69206,13.71195,13.73184,13.75164,13.771350000000002,13.79106,13.810590000000001,13.830119999999999,13.84956,13.869,13.88835,13.9077,13.92696,13.94622,13.96539,13.98456,14.00382,14.0229,14.04207,14.06124,14.08041,14.099490000000001,14.11866,14.137830000000001,14.15709,14.176350000000001,14.19561,14.21487,14.234309999999999,14.25366,14.27319,14.292720000000001,14.31234,14.33196,14.35176,14.37165,14.39154,14.41161,14.43177,14.452110000000001,14.47245,14.492970000000001,14.513670000000001,14.534460000000001,14.55543,14.576490000000002,14.59773,14.619150000000001,14.640659999999999,14.66244,14.6844,14.706449999999998,14.72877,14.75127,14.773950000000001,14.796809999999999,14.81994,14.84325,14.86683,14.890590000000001,14.91462,14.938830000000001,14.963310000000002,14.987970000000002,15.01299,15.03819,15.06366,15.0894,15.115319999999999,15.141600000000002,15.16815,15.19488,15.22197,15.24933,15.27687,15.30477,15.33303,15.36147,15.39018,15.41925,15.44859,15.478200000000001,15.508080000000001,15.53832,15.56883,15.599609999999998,15.63066,15.66207,15.69375,15.7257,15.75801,15.790500000000002,15.82335,15.856560000000002,15.88995,15.923700000000002,15.957719999999998,15.992009999999999,16.026660000000003,16.06158,16.096680000000003,16.132140000000003,16.16796,16.203960000000002,16.24023,16.27677,16.313670000000002,16.35075,16.38819,16.425810000000002,16.46379,16.50195
15.491520000000001,15.41628,15.340770000000001,15.265080000000001,15.1893,15.11334,15.037199999999999,14.960880000000001,14.88447,14.80797,14.7312,14.65443,14.57748,14.50044,14.42331,14.34618,14.26887,14.19147,14.11407,14.036669999999999,13.95918,13.881689999999999,13.804290000000002,13.7268,13.6494,13.57209,13.49487,13.41774,13.3407,13.26384,13.18716,13.110750000000001,13.034519999999999,12.95856,12.88287,12.807630000000001,12.73266,12.658140000000001,12.58416,12.51063,12.43755,12.36519,12.29346,12.22236,12.15207,12.082590000000001,12.01392,11.94624,11.879460000000002,11.81385,11.74923,11.68587,11.62377,11.56302,11.50371,11.445839999999999,11.3895,11.33478,11.28177,11.23056,11.18115,11.13372,11.08818,11.0448,11.003400000000001,10.96425,10.92735,10.8927,10.86039,10.83042,10.80279,10.77768,10.75491,10.734570000000001,10.716660000000001,10.70118,10.688130000000001,10.67742,10.66914,10.66311,10.65933,10.6578,10.658430000000001,10.661130000000002,10.66581,10.67238,10.68084,10.69101,10.70289,10.7163,10.731240000000001,10.747530000000001,10.76517,10.783980000000001,10.803780000000001,10.82466,10.846440000000001,10.86903,10.892430000000001,10.91637,10.94085,10.96578,10.99116,11.01681,11.04273,11.06883,11.09493,11.12112,11.14731,11.17332,11.19924,11.22498,11.25045,11.275649999999999,11.3004,11.32488,11.34891,11.372399999999999,11.39553,11.41803,11.43999,11.46132,11.48211,11.502180000000001,11.52171,11.540429999999999,11.558520000000001,11.57589,11.59245,11.60829,11.62341,11.63763,11.65122,11.66391,11.675790000000001,11.686770000000001,11.697030000000002,11.706389999999999,11.71494,11.72268,11.72952,11.735460000000002,11.74059,11.744819999999999,11.74815,11.750670000000001,11.75229,11.75301,11.75292,11.751840000000001,11.74995,11.747250000000001,11.74356,11.73906,11.73366,11.727450000000001,11.720250000000002,11.71233,11.70342,11.6937,11.683169999999999,11.67174,11.659410000000001,11.646360000000001,11.63241,11.617560000000001,11.60199,11.58552,11.56833,11.55033,11.53143,11.51181,11.49147,11.47032,11.44845,11.42577,11.40237,11.37834,11.3535,11.32812,11.30193,11.2752,11.24784,11.219850000000001,11.19132,11.16216,11.13255,11.102400000000001,11.0718,11.040750000000001,11.00934,10.97757,10.94553,10.91313,10.88046,10.847700000000001,10.814760000000001,10.78173,10.7487,10.71567,10.682640000000001,10.64988,10.6173,10.5849,10.552950000000001,10.521360000000001,10.490219999999999,10.459710000000001,10.42974,10.400580000000001,10.37205,10.344420000000001,10.31769,10.29195,10.267199999999999,10.24362,10.22121,10.19997,10.17999,10.16127,10.14399,10.12806,10.11348,10.100340000000001,10.08873,10.07847,10.06965,10.062270000000002,10.05624,10.05165,10.04841,10.046429999999999,10.04571,10.04616,10.047870000000001,10.050569999999999,10.054260000000001,10.058940000000002,10.06452,10.07091,10.07802,10.08576,10.09404,10.102860000000002,10.11213,10.12176,10.13166,10.14174,10.152,10.16235,10.1727,10.18296,10.19322,10.20321,10.21311,10.22265,10.23201,10.240920000000001,10.24956,10.25766,10.265400000000001,10.272689999999999,10.27935,10.28556,10.29123,10.296270000000002,10.30077,10.304640000000001,10.30788,10.31049,10.31247,10.31382,10.31445,10.31445,10.31373,10.31238,10.3104,10.3077,10.30428,10.300320000000001,10.29564,10.29033,10.28448,10.27791,10.270800000000001,10.26306,10.25478,10.24596,10.236600000000001,10.22679,10.21644,10.20573,10.194569999999999,10.183050000000001,10.17126,10.15911,10.146690000000001,10.134179999999999,10.121400000000001,10.10862,10.095749999999999,10.082880000000001,10.07019,10.057500000000001,10.045079999999999,10.03293,10.02114,10.0098,9.99891,9.98856,9.97884,9.96993,9.96174,9.95436,9.94797,9.94266,9.93834,9.93519,9.933209999999999,9.93258,9.933209999999999,9.93519,9.93861,9.94338,9.949679999999999,9.957510000000001,9.96678,9.97758,9.98991,10.00377,10.019070000000001,10.03581,10.053989999999999,10.07361,10.09467,10.11699,10.14057,10.16541,10.19133,10.21851,10.24659,10.27575,10.305900000000001,10.33686,10.36863,10.40112,10.434330000000001,10.46817,10.50255,10.53738,10.572750000000001,10.60848,10.64457,10.68093,10.71756,10.754460000000002,10.791450000000001,10.82862,10.86588,10.90314,10.94049,10.97784,11.0151,11.05236,11.08953,11.12661,11.1636,11.200410000000002,11.23713,11.273670000000001,11.310030000000001,11.34621,11.38221,11.41794,11.45349,11.48886,11.523959999999999,11.55888,11.593530000000001,11.628,11.6622,11.69613,11.72979,11.76327,11.79648,11.82951,11.86218,11.894670000000001,11.92689,11.958929999999999,11.9907,12.022200000000002,12.05343,12.08448,12.11526,12.14586,12.17619,12.20634,12.236130000000001,12.265830000000001,12.29526,12.32442,12.35349,12.3822,12.410730000000001,12.439079999999999,12.46725,12.49515,12.522870000000001,12.550410000000001,12.577679999999999,12.60477,12.63168,12.65841,12.68496,12.71124,12.73743,12.76335,12.789090000000002,12.81465,12.84003,12.86532,12.89034,12.91518,12.93984,12.96432,12.988710000000001,13.012830000000001,13.03686,13.06071,13.084290000000001,13.10787,13.13118,13.1544,13.17735,13.2003,13.22298,13.24557,13.267980000000001,13.2903,13.31244,13.3344,13.35627,13.37796,13.399560000000001,13.42107,13.442400000000001,13.46355,13.4847,13.50567,13.52646,13.54725,13.56786,13.58838,13.60881,13.62915,13.6494,13.66947,13.68954,13.70952,13.72941,13.74921,13.76892,13.788540000000001,13.808159999999999,13.82769,13.84713,13.86657,13.88601,13.90527,13.92462,13.94388,13.96314,13.98231,14.00148,14.02065,14.03982,14.05899,14.07816,14.09742,14.11659,14.135760000000001,14.15502,14.17428,14.19363,14.21298,14.232330000000001,14.25177,14.2713,14.29092,14.310540000000001,14.33025,14.35005,14.36994,14.38992,14.409989999999999,14.43024,14.45049,14.470920000000001,14.491530000000001,14.51223,14.53302,14.553989999999999,14.575140000000001,14.59638,14.6178,14.639399999999998,14.66118,14.68314,14.705280000000002,14.7276,14.7501,14.772780000000001,14.795729999999999,14.818769999999999,14.84217,14.865659999999998,14.889420000000001,14.91345,14.937660000000001,14.962140000000002,14.98689,15.01182,15.03702,15.06249,15.088140000000001,15.114150000000002,15.140340000000002,15.16689,15.19362,15.22062,15.24798,15.27552,15.30342,15.3315,15.359940000000002,15.388650000000002,15.41763,15.44688,15.476490000000002,15.506279999999999,15.53643,15.566850000000002,15.59763,15.628590000000003,15.65991,15.6915,15.723450000000001,15.75558,15.788070000000001,15.82083,15.853950000000001,15.88725,15.920910000000001,15.954839999999999,15.98904,16.023509999999998,16.05834,16.09335,16.12872,16.164360000000002,16.20027,16.23645,16.2729,16.30971,16.346700000000002,16.383960000000002,16.42149,16.45929,16.49736
15.48261,15.40719,15.33168,15.25599,15.180120000000002,15.10407,15.027840000000001,14.95143,14.874929999999999,14.79825,14.72148,14.64453,14.56749,14.49027,14.412959999999998,14.335560000000001,14.25807,14.18058,14.10291,14.02524,13.947569999999999,13.86981,13.792050000000001,13.71429,13.63653,13.558860000000001,13.48128,13.4037,13.3263,13.248990000000001,13.17186,13.094909999999999,13.01823,12.94173,12.8655,12.789629999999999,12.71403,12.63888,12.56418,12.489930000000001,12.416220000000001,12.34305,12.270510000000002,12.1986,12.12741,12.05703,11.98755,11.91888,11.8512,11.7846,11.71908,11.65473,11.59164,11.529810000000001,11.46951,11.41056,11.35323,11.29752,11.24352,11.19132,11.14101,11.092590000000001,11.046240000000001,11.00205,10.95993,10.92006,10.88244,10.84716,10.81431,10.783890000000001,10.7559,10.73043,10.70748,10.68705,10.66914,10.65366,10.64079,10.63035,10.62234,10.616670000000001,10.613430000000001,10.612440000000001,10.6137,10.61703,10.62252,10.629900000000001,10.639170000000002,10.65033,10.66311,10.67751,10.69344,10.71072,10.72935,10.74915,10.77012,10.79199,10.814850000000002,10.83843,10.862729999999999,10.88766,10.91313,10.93905,10.96533,10.99188,11.01861,11.04552,11.07243,11.09934,11.12625,11.152980000000001,11.17953,11.205900000000002,11.231910000000001,11.25765,11.28303,11.30796,11.33235,11.35638,11.37978,11.40273,11.42496,11.44665,11.46771,11.48805,11.507760000000001,11.52675,11.545020000000001,11.56248,11.579220000000001,11.59524,11.61036,11.62476,11.63835,11.65104,11.66301,11.67408,11.68425,11.693610000000001,11.70207,11.70972,11.716470000000001,11.72241,11.727360000000001,11.7315,11.73474,11.73708,11.73852,11.73915,11.738790000000002,11.73762,11.735460000000002,11.73249,11.728620000000001,11.72385,11.71818,11.71161,11.70423,11.69586,11.68668,11.6766,11.66571,11.653920000000001,11.64123,11.627730000000001,11.613330000000001,11.59812,11.5821,11.56518,11.547450000000001,11.528910000000002,11.50947,11.48931,11.46834,11.44665,11.42406,11.40084,11.37672,11.351970000000001,11.326500000000001,11.30031,11.2734,11.24586,11.217690000000001,11.1888,11.159370000000001,11.1294,11.0988,11.06775,11.03616,11.00412,10.97172,10.93887,10.905660000000001,10.87218,10.83843,10.8045,10.77039,10.73619,10.7019,10.6677,10.6335,10.599480000000002,10.56555,10.53207,10.49877,10.46601,10.4337,10.40193,10.37088,10.34046,10.31085,10.28223,10.254420000000001,10.227780000000001,10.20213,10.17765,10.15443,10.13256,10.11195,10.09278,10.07505,10.05876,10.044,10.03077,10.019070000000001,10.0089,10.00026,9.99315,9.987570000000002,9.98343,9.980640000000001,9.97938,9.97938,9.980640000000001,9.98316,9.98685,9.991620000000001,9.99738,10.004040000000002,10.011510000000001,10.01979,10.02879,10.03833,10.04841,10.058850000000001,10.06974,10.080900000000002,10.09224,10.103670000000001,10.11528,10.126800000000001,10.13823,10.14957,10.160730000000001,10.17162,10.18224,10.192590000000001,10.202490000000001,10.21194,10.22103,10.22949,10.2375,10.24497,10.251900000000001,10.2582,10.26378,10.268820000000002,10.27314,10.27683,10.27989,10.28214,10.28376,10.28466,10.28475,10.28421,10.28295,10.28097,10.27827,10.274849999999999,10.27071,10.265939999999999,10.26036,10.25424,10.24731,10.23984,10.23174,10.22292,10.21365,10.203750000000001,10.19331,10.18233,10.1709,10.159020000000002,10.146690000000001,10.134,10.12104,10.10772,10.09422,10.08054,10.06668,10.05282,10.038960000000001,10.0251,10.01133,9.99783,9.98451,9.971639999999999,9.95913,9.94707,9.935640000000001,9.92493,9.914850000000001,9.90567,9.89739,9.89001,9.883799999999999,9.87867,9.87471,9.8721,9.87075,9.870930000000001,9.87246,9.87543,9.88002,9.886140000000001,9.89388,9.90324,9.91413,9.926730000000001,9.94086,9.95652,9.9738,9.99261,10.01295,10.03473,10.05786,10.08234,10.10817,10.13517,10.16343,10.192680000000001,10.22301,10.254330000000001,10.286550000000002,10.319490000000002,10.35333,10.3878,10.4229,10.45854,10.494720000000001,10.53135,10.56843,10.605780000000001,10.643400000000002,10.68129,10.71936,10.75761,10.795860000000001,10.834290000000001,10.872720000000001,10.911150000000001,10.949580000000001,10.98792,11.02617,11.06433,11.102400000000001,11.14029,11.17809,11.215620000000001,11.25306,11.290230000000001,11.32713,11.36394,11.40039,11.43675,11.472750000000001,11.50857,11.544030000000001,11.57931,11.61432,11.64915,11.68362,11.71782,11.75175,11.7855,11.81889,11.8521,11.88504,11.91762,11.95002,11.982149999999999,12.01401,12.0456,12.077010000000001,12.10806,12.13893,12.16953,12.199950000000001,12.23001,12.25998,12.289589999999999,12.31902,12.348180000000001,12.37716,12.40587,12.4344,12.462660000000001,12.49074,12.51864,12.546270000000002,12.573720000000002,12.6009,12.6279,12.654720000000001,12.681360000000002,12.70773,12.73401,12.760019999999999,12.78585,12.8115,12.836969999999999,12.86217,12.88728,12.91221,12.93687,12.96144,12.98583,13.009950000000002,13.033980000000001,13.05783,13.0815,13.10508,13.12839,13.15161,13.174650000000002,13.19751,13.22028,13.24287,13.26528,13.28751,13.309650000000001,13.331700000000001,13.353570000000001,13.37526,13.39686,13.418280000000001,13.43961,13.46085,13.481910000000001,13.50288,13.523760000000001,13.54446,13.56516,13.58568,13.606110000000001,13.62636,13.64661,13.66677,13.68684,13.70673,13.72662,13.74642,13.76622,13.78584,13.80546,13.824990000000001,13.844430000000001,13.86387,13.88331,13.902660000000001,13.92192,13.94118,13.96044,13.9797,13.99887,14.01813,14.0373,14.05647,14.07564,14.094899999999999,14.11407,14.133329999999999,14.15259,14.17185,14.1912,14.210550000000001,14.22999,14.24952,14.26905,14.288580000000001,14.30829,14.32809,14.34789,14.36778,14.38785,14.40792,14.428170000000001,14.448509999999999,14.46894,14.48955,14.51025,14.531130000000001,14.552100000000001,14.57325,14.59449,14.616,14.637599999999999,14.65938,14.68134,14.703479999999999,14.7258,14.7483,14.771069999999998,14.79393,14.81706,14.84046,14.863949999999999,14.887800000000002,14.91174,14.935950000000002,14.960429999999999,14.985180000000001,15.010110000000001,15.03531,15.060690000000001,15.08643,15.11235,15.138539999999999,15.165000000000001,15.19173,15.21873,15.246000000000002,15.27354,15.301350000000001,15.329429999999999,15.35787,15.38649,15.41538,15.444629999999998,15.47415,15.503940000000002,15.534000000000002,15.564420000000002,15.59502,15.625980000000002,15.65721,15.688709999999999,15.720570000000002,15.7527,15.785010000000002,15.81777,15.85071,15.884010000000002,15.91749,15.95133,15.985440000000002,16.019910000000003,16.054560000000002,16.089570000000002,16.12476,16.16031,16.19613,16.232219999999998,16.26858,16.305210000000002,16.34211,16.37928,16.41663,16.45434,16.49232
15.473700000000001,15.398280000000002,15.322680000000002,15.2469,15.17094,15.0948,15.01848,14.94207,14.86539,14.78862,14.71167,14.634540000000001,14.55732,14.48001,14.40252,14.324940000000002,14.24718,14.16942,14.091569999999999,14.013630000000001,13.9356,13.857569999999999,13.779449999999999,13.70142,13.6233,13.54527,13.46724,13.38921,13.31136,13.233600000000001,13.15593,13.078439999999999,13.00113,12.924,12.84723,12.77064,12.694410000000001,12.61854,12.54303,12.467970000000001,12.39345,12.31947,12.246030000000001,12.17322,12.101130000000001,12.029760000000001,11.959200000000001,11.88954,11.82087,11.7531,11.6865,11.62107,11.55681,11.493900000000002,11.43243,11.37231,11.3139,11.25702,11.20194,11.14866,11.09727,11.04786,11.00052,10.95534,10.912320000000001,10.87164,10.833300000000001,10.7973,10.763819999999999,10.73295,10.70451,10.67868,10.65546,10.63494,10.61694,10.601550000000001,10.58886,10.5786,10.57095,10.56582,10.563120000000001,10.56276,10.56465,10.56888,10.57509,10.58346,10.59372,10.60587,10.61973,10.6353,10.65231,10.670760000000001,10.69056,10.71153,10.73358,10.75671,10.780650000000001,10.8054,10.83087,10.85688,10.88343,10.91034,10.937610000000001,10.965150000000001,10.99287,11.02068,11.04849,11.0763,11.10393,11.13147,11.15874,11.18583,11.21256,11.238840000000001,11.26476,11.290230000000001,11.31525,11.339640000000001,11.36358,11.386890000000001,11.40957,11.43162,11.452950000000001,11.473650000000001,11.49363,11.5128,11.53125,11.54898,11.565900000000001,11.58201,11.59731,11.611799999999999,11.62539,11.63826,11.65014,11.6613,11.67147,11.68083,11.68929,11.69685,11.7036,11.70936,11.714310000000001,11.71827,11.72142,11.72367,11.72493,11.72538,11.72484,11.7234,11.72115,11.71791,11.71377,11.708730000000001,11.70279,11.69604,11.6883,11.67966,11.670119999999999,11.65977,11.648430000000001,11.63628,11.62323,11.60928,11.59452,11.57877,11.5623,11.54493,11.52666,11.507579999999999,11.487689999999999,11.4669,11.44539,11.42298,11.399849999999999,11.375910000000001,11.35116,11.32569,11.2995,11.2725,11.24487,11.21652,11.18745,11.157750000000002,11.127419999999999,11.09646,11.06496,11.03292,11.00034,10.967220000000001,10.93374,10.89972,10.86543,10.83078,10.795860000000001,10.760760000000001,10.725389999999999,10.68993,10.654380000000002,10.61883,10.58337,10.548,10.5129,10.47798,10.44342,10.40931,10.37574,10.34271,10.31031,10.27872,10.24794,10.218150000000001,10.18926,10.16154,10.13499,10.109610000000002,10.08558,10.062899999999999,10.04166,10.02186,10.00368,9.98703,9.972,9.958680000000001,9.94689,9.936810000000001,9.92835,9.92151,9.91629,9.91269,9.91053,9.90999,9.910710000000002,9.91296,9.91638,9.92106,9.92691,9.93375,9.94167,9.9504,9.95994,9.9702,9.98109,9.99243,10.00431,10.01646,10.028970000000001,10.04157,10.05435,10.06722,10.08,10.092690000000001,10.1052,10.11753,10.1295,10.141290000000001,10.15254,10.16343,10.173869999999999,10.183860000000001,10.19322,10.20204,10.21023,10.21788,10.224810000000002,10.231020000000001,10.236600000000001,10.24146,10.245600000000001,10.248930000000001,10.25163,10.25352,10.2546,10.254959999999999,10.25451,10.25334,10.25136,10.24866,10.24515,10.240920000000001,10.235880000000002,10.23021,10.22373,10.216529999999999,10.20861,10.200059999999999,10.19079,10.18089,10.17045,10.15938,10.14768,10.13553,10.12284,10.1097,10.0962,10.08225,10.06803,10.05354,10.03878,10.023840000000002,10.0089,9.993870000000001,9.97884,9.9639,9.94923,9.934740000000001,9.92061,9.906930000000001,9.8937,9.8811,9.86913,9.85797,9.847620000000001,9.83826,9.82989,9.82269,9.81666,9.811890000000002,9.808470000000002,9.80649,9.80604,9.807120000000001,9.80973,9.81405,9.819989999999999,9.82755,9.83691,9.84798,9.86076,9.875250000000001,9.89145,9.909270000000001,9.92871,9.949770000000001,9.97236,9.996390000000002,10.02195,10.048770000000001,10.07685,10.10628,10.13679,10.16829,10.20087,10.234440000000001,10.268730000000001,10.30392,10.33974,10.37619,10.41327,10.450800000000001,10.48878,10.52721,10.56582,10.60479,10.64403,10.68336,10.72278,10.76238,10.80198,10.84158,10.88118,10.92069,10.96011,10.99944,11.038680000000001,11.07765,11.11653,11.155230000000001,11.193660000000001,11.231910000000001,11.26998,11.30778,11.34531,11.38257,11.41956,11.456280000000001,11.49273,11.528910000000002,11.564820000000001,11.60046,11.63583,11.67084,11.70558,11.74005,11.77425,11.80818,11.841750000000001,11.87514,11.90817,11.94093,11.97342,12.005640000000001,12.03759,12.06927,12.10068,12.13182,12.16269,12.19338,12.223709999999999,12.25386,12.28374,12.31335,12.34278,12.37194,12.400830000000001,12.429540000000001,12.457980000000001,12.48615,12.514140000000001,12.54195,12.569490000000002,12.59685,12.623940000000001,12.65094,12.67758,12.704130000000001,12.730410000000001,12.75651,12.78243,12.80808,12.83364,12.858929999999999,12.88404,12.90897,12.93372,12.95829,12.98268,13.00689,13.03101,13.05486,13.07853,13.10211,13.12542,13.14864,13.17168,13.19463,13.217310000000001,13.2399,13.262310000000001,13.28463,13.30677,13.32873,13.3506,13.372290000000001,13.393889999999999,13.4154,13.43673,13.457880000000001,13.47894,13.49991,13.52079,13.54149,13.562100000000001,13.58262,13.60305,13.62339,13.64364,13.66371,13.68378,13.70376,13.723650000000001,13.743450000000001,13.763160000000001,13.782869999999999,13.8024,13.82193,13.841460000000001,13.8609,13.88025,13.899600000000001,13.91895,13.93821,13.95747,13.97673,13.99599,14.01516,14.03442,14.05359,14.07276,14.09202,14.11128,14.13054,14.149799999999999,14.16906,14.188410000000001,14.20785,14.22729,14.246730000000001,14.26635,14.28597,14.30568,14.32539,14.34528,14.365169999999999,14.38524,14.4054,14.425650000000001,14.445990000000002,14.46651,14.487029999999999,14.507820000000002,14.5287,14.54967,14.570820000000001,14.59215,14.613570000000001,14.635259999999999,14.657039999999999,14.678999999999998,14.701139999999999,14.723550000000001,14.74605,14.768730000000001,14.79168,14.81481,14.83812,14.861700000000003,14.88546,14.90949,14.9337,14.95818,14.982840000000001,15.00777,15.032969999999999,15.05835,15.084000000000001,15.109919999999999,15.136110000000002,15.16257,15.1893,15.21621,15.243480000000002,15.270930000000002,15.29874,15.326820000000001,15.35508,15.383700000000001,15.41259,15.441749999999999,15.47118,15.500969999999999,15.53094,15.561269999999999,15.591870000000002,15.62274,15.653880000000001,15.68538,15.71706,15.749099999999999,15.781410000000001,15.81408,15.846930000000002,15.88014,15.91353,15.947280000000001,15.981300000000001,16.015680000000003,16.050240000000002,16.08516,16.120260000000002,16.155720000000002,16.19145,16.22736,16.26363,16.30017,16.33698,16.37406,16.41132,16.44894,16.48674
15.46497,15.38946,15.31377,15.237990000000002,15.16194,15.08562,15.00921,14.93262,14.85585,14.77899,14.70186,14.624640000000001,14.547239999999999,14.469660000000001,14.39199,14.31414,14.2362,14.15817,14.080050000000002,14.00175,13.923449999999999,13.84506,13.766670000000001,13.68819,13.60971,13.531139999999999,13.45266,13.374270000000001,13.29588,13.21758,13.13928,13.06125,12.983310000000001,12.90555,12.828059999999999,12.75075,12.673800000000002,12.59712,12.520800000000001,12.444840000000001,12.36942,12.294450000000001,12.22002,12.14622,12.07305,12.00069,11.92905,11.858220000000001,11.78829,11.71944,11.65158,11.58489,11.51946,11.4552,11.392470000000001,11.33109,11.271419999999999,11.21328,11.15694,11.102400000000001,11.04984,10.99926,10.950840000000001,10.90458,10.86057,10.818900000000001,10.77975,10.743030000000001,10.708919999999999,10.67733,10.64844,10.622250000000001,10.59876,10.578059999999999,10.55997,10.54476,10.532160000000001,10.52226,10.51497,10.510380000000001,10.508220000000001,10.50858,10.51137,10.51641,10.52361,10.53306,10.5444,10.55772,10.572750000000001,10.58949,10.607850000000001,10.62756,10.64862,10.67094,10.69434,10.71873,10.74393,10.76994,10.79667,10.82394,10.851659999999999,10.87974,10.908180000000002,10.9368,10.9656,10.994399999999999,11.0232,11.05191,11.08053,11.10888,11.13696,11.16477,11.19222,11.21922,11.24586,11.27187,11.29743,11.322450000000002,11.34684,11.370600000000001,11.393730000000001,11.41614,11.43792,11.45889,11.479140000000001,11.49867,11.51739,11.535300000000001,11.5524,11.56869,11.58408,11.598749999999999,11.61243,11.62539,11.637360000000001,11.64852,11.65878,11.66805,11.67651,11.68407,11.69073,11.69649,11.70135,11.70522,11.70819,11.71035,11.71152,11.7117,11.71107,11.70945,11.70693,11.70351,11.699100000000001,11.69388,11.68767,11.680560000000002,11.672550000000001,11.663640000000001,11.65374,11.64303,11.63142,11.618820000000001,11.605410000000001,11.59101,11.575800000000001,11.55969,11.54268,11.52477,11.50605,11.48643,11.466000000000001,11.44467,11.422530000000002,11.39949,11.375729999999999,11.35107,11.32569,11.2995,11.2725,11.24478,11.21625,11.18709,11.15712,11.12661,11.09529,11.06343,11.030940000000001,10.997819999999999,10.96416,10.930050000000001,10.8954,10.8603,10.82484,10.78893,10.75275,10.71639,10.67976,10.64295,10.60605,10.56924,10.532340000000001,10.49562,10.45908,10.42281,10.38681,10.35135,10.31634,10.28196,10.24821,10.21536,10.18332,10.152180000000001,10.12221,10.09332,10.0656,10.03932,10.01439,9.990900000000002,9.96894,9.94851,9.929789999999999,9.912780000000001,9.89748,9.883890000000001,9.8721,9.862110000000001,9.85383,9.84726,9.84249,9.83943,9.8379,9.838080000000001,9.8397,9.84285,9.84735,9.853110000000001,9.86013,9.86823,9.877320000000001,9.887400000000001,9.898290000000001,9.9099,9.922229999999999,9.93501,9.94824,9.96192,9.97578,9.98982,10.003950000000001,10.01817,10.032210000000001,10.04625,10.06002,10.07352,10.08675,10.09962,10.11204,10.12392,10.13535,10.14624,10.156500000000001,10.166220000000001,10.17522,10.1835,10.19115,10.197989999999999,10.20411,10.20951,10.2141,10.21788,10.22085,10.2231,10.224450000000001,10.22499,10.22472,10.223550000000001,10.22166,10.21887,10.21527,10.21095,10.20573,10.1997,10.19295,10.18539,10.17711,10.16811,10.1583,10.14786,10.13679,10.125,10.11267,10.09971,10.08621,10.07217,10.057680000000001,10.04283,10.02753,10.01196,9.99612,9.9801,9.9639,9.947700000000001,9.931410000000001,9.9153,9.899280000000001,9.88353,9.86805,9.85302,9.83853,9.82467,9.811440000000001,9.79902,9.7875,9.77697,9.767520000000001,9.75924,9.752220000000001,9.74655,9.74232,9.73962,9.73854,9.73899,9.741240000000001,9.7452,9.75087,9.75843,9.76779,9.77904,9.79209,9.806939999999999,9.823590000000001,9.84204,9.8622,9.883980000000001,9.90747,9.93249,9.95904,9.98703,10.01637,10.04697,10.078740000000002,10.111680000000002,10.14561,10.180530000000001,10.21626,10.252889999999999,10.29015,10.32804,10.36656,10.40553,10.44495,10.484820000000001,10.52487,10.565190000000001,10.605780000000001,10.64646,10.687230000000001,10.72809,10.76886,10.80972,10.85049,10.89117,10.93176,10.97217,11.012400000000001,11.05245,11.09232,11.131920000000001,11.171339999999999,11.21049,11.24937,11.28798,11.326319999999999,11.36439,11.4021,11.43954,11.476709999999999,11.51352,11.55006,11.58633,11.622240000000001,11.65788,11.69316,11.72808,11.762820000000001,11.7972,11.83122,11.86497,11.89845,11.93166,11.96451,11.99709,12.0294,12.061350000000001,12.09312,12.12453,12.155759999999999,12.18663,12.21723,12.24765,12.27771,12.307590000000001,12.337200000000001,12.36654,12.39561,12.42441,12.45303,12.48147,12.50955,12.53745,12.56517,12.59262,12.61989,12.646889999999999,12.67371,12.70026,12.72663,12.75282,12.77874,12.80457,12.830129999999999,12.85542,12.88062,12.905640000000002,12.930390000000001,12.955050000000002,12.97944,13.00374,13.02777,13.05162,13.075380000000001,13.09896,13.12227,13.14549,13.16853,13.19148,13.21416,13.23675,13.25925,13.28148,13.30362,13.32558,13.34745,13.36923,13.390740000000001,13.41225,13.43349,13.45473,13.47579,13.49676,13.517550000000002,13.53834,13.558950000000001,13.57947,13.599810000000002,13.62015,13.640400000000001,13.66047,13.68054,13.70043,13.72032,13.740120000000001,13.759830000000001,13.77954,13.79916,13.81869,13.83813,13.857569999999999,13.87701,13.896360000000001,13.91562,13.93497,13.95423,13.97349,13.99266,14.01192,14.03109,14.05035,14.06952,14.08878,14.108039999999999,14.1273,14.146560000000001,14.16591,14.18526,14.204699999999999,14.22414,14.24367,14.263200000000001,14.28282,14.30253,14.322330000000001,14.342220000000001,14.3622,14.38218,14.40234,14.422680000000001,14.443019999999999,14.46354,14.48415,14.50485,14.525730000000001,14.54679,14.567939999999998,14.58927,14.610780000000002,14.63238,14.65416,14.67621,14.69835,14.720670000000002,14.74317,14.76594,14.788889999999999,14.812019999999999,14.835329999999999,14.85882,14.882670000000001,14.906609999999999,14.93082,14.955300000000001,14.979960000000002,15.004890000000001,15.03,15.055380000000001,15.081029999999998,15.10695,15.133049999999999,15.159510000000001,15.18615,15.213060000000002,15.240330000000002,15.267780000000002,15.2955,15.32349,15.351750000000001,15.380370000000001,15.409170000000001,15.43833,15.46767,15.49737,15.52734,15.557580000000002,15.588090000000001,15.61887,15.65001,15.681420000000001,15.7131,15.745049999999999,15.777270000000001,15.809760000000002,15.842610000000002,15.875640000000002,15.909030000000001,15.942689999999999,15.976709999999999,16.01091,16.045379999999998,16.08021,16.11522,16.15059,16.186230000000002,16.22205,16.258229999999998,16.29468,16.331310000000002,16.3683,16.40556,16.443,16.480710000000002
15.456330000000001,15.38082,15.305040000000002,15.22908,15.152940000000001,15.07662,15.000029999999999,14.92335,14.8464,14.769359999999999,14.69205,14.61465,14.536980000000002,14.45922,14.38137,14.30325,14.22504,14.146740000000001,14.06826,13.98978,13.91112,13.832370000000001,13.753530000000001,13.674600000000002,13.59567,13.51674,13.437809999999999,13.35879,13.27986,13.20093,13.12209,13.043429999999999,12.964770000000001,12.886289999999999,12.80808,12.72996,12.65211,12.57462,12.497399999999999,12.420539999999999,12.34413,12.26808,12.19266,12.11778,12.04344,11.96982,11.89701,11.82492,11.75373,11.683530000000001,11.61432,11.546280000000001,11.47941,11.41389,11.34963,11.286900000000001,11.22579,11.1663,11.10852,11.05263,10.99872,10.94688,10.897200000000002,10.849770000000001,10.804680000000001,10.761930000000001,10.72179,10.68426,10.64925,10.61712,10.58769,10.561050000000002,10.5372,10.51632,10.49823,10.48302,10.470600000000001,10.46106,10.45431,10.45017,10.44882,10.449900000000001,10.45359,10.459620000000001,10.46799,10.47852,10.49112,10.505700000000001,10.52208,10.54017,10.55997,10.58112,10.603620000000001,10.62738,10.652220000000002,10.67805,10.70469,10.73214,10.76022,10.78884,10.81791,10.84734,10.87704,10.906830000000001,10.9368,10.96668,10.99656,11.02635,11.05596,11.08521,11.11419,11.142900000000001,11.17107,11.198879999999999,11.22615,11.25297,11.279069999999999,11.304720000000001,11.32965,11.35386,11.37753,11.40039,11.422530000000002,11.44386,11.46447,11.48427,11.50326,11.52144,11.53872,11.55528,11.57085,11.585609999999999,11.59947,11.61243,11.62458,11.63574,11.645999999999999,11.65545,11.66391,11.67138,11.678040000000001,11.68371,11.68848,11.692260000000001,11.69514,11.69712,11.6982,11.698290000000002,11.69739,11.695590000000001,11.69289,11.68929,11.684700000000001,11.679120000000001,11.67273,11.66535,11.656979999999999,11.6478,11.63763,11.626470000000001,11.6145,11.60154,11.58768,11.57292,11.557260000000001,11.540700000000001,11.52324,11.504880000000002,11.485619999999999,11.46546,11.4444,11.422530000000002,11.39976,11.37618,11.3517,11.32641,11.30022,11.27331,11.245590000000002,11.21706,11.18772,11.15766,11.126880000000002,11.09538,11.063160000000002,11.03031,10.99674,10.96263,10.92789,10.89261,10.85679,10.82052,10.7838,10.74663,10.709190000000001,10.67148,10.6335,10.59534,10.557,10.51875,10.480410000000001,10.44216,10.40418,10.366380000000001,10.32894,10.29195,10.2555,10.21959,10.18449,10.150110000000002,10.11672,10.08432,10.053,10.02285,9.99405,9.96669,9.940769999999999,9.91638,9.89361,9.87255,9.853290000000001,9.83574,9.820170000000001,9.806400000000002,9.79452,9.78453,9.77652,9.77031,9.76599,9.76338,9.76266,9.76356,9.76617,9.77031,9.77589,9.78282,9.7911,9.80055,9.81099,9.82251,9.83484,9.84798,9.86175,9.87606,9.890820000000001,9.905940000000001,9.92133,9.936900000000001,9.95247,9.96804,9.98361,9.99891,10.01403,10.028880000000001,10.04337,10.057319999999999,10.07091,10.08396,10.09638,10.108260000000001,10.11951,10.13004,10.139850000000001,10.14894,10.15722,10.16478,10.17153,10.17738,10.18242,10.18665,10.19007,10.192499999999999,10.19412,10.194840000000001,10.19475,10.193670000000001,10.19178,10.18899,10.1853,10.1808,10.1754,10.1691,10.16208,10.154160000000001,10.145430000000001,10.13589,10.125630000000001,10.11456,10.102770000000001,10.090259999999999,10.07712,10.06335,10.04904,10.034099999999999,10.01862,10.002690000000001,9.986310000000001,9.969660000000001,9.95265,9.93537,9.918,9.900450000000001,9.8829,9.86535,9.84798,9.83088,9.81405,9.79758,9.781740000000001,9.76644,9.75186,9.73809,9.72522,9.71343,9.702810000000001,9.69336,9.68526,9.67869,9.67356,9.669960000000001,9.66816,9.66807,9.66978,9.673380000000002,9.678870000000002,9.686340000000001,9.6957,9.707130000000001,9.72045,9.73566,9.752849999999999,9.77193,9.792810000000001,9.81549,9.83997,9.86607,9.8937,9.92286,9.95346,9.985410000000002,10.01862,10.053,10.088370000000001,10.124820000000001,10.16208,10.20015,10.23903,10.278450000000001,10.3185,10.359,10.39995,10.44126,10.482840000000001,10.524600000000001,10.566540000000002,10.60866,10.65078,10.69299,10.735109999999999,10.777140000000001,10.81917,10.86102,10.90278,10.94427,10.98567,11.026800000000001,11.06766,11.10825,11.14857,11.18871,11.2284,11.26791,11.30706,11.34585,11.38437,11.422530000000002,11.460420000000001,11.49795,11.535120000000001,11.57193,11.60847,11.64465,11.680470000000001,11.71602,11.75112,11.78604,11.82051,11.85471,11.88864,11.922120000000001,11.95542,11.98836,12.02103,12.05334,12.08538,12.11706,12.14856,12.1797,12.21057,12.24117,12.2715,12.30156,12.331439999999999,12.36096,12.39021,12.41928,12.447989999999999,12.47652,12.50478,12.53286,12.56067,12.58821,12.61557,12.64266,12.66957,12.69621,12.72267,12.74895,12.77496,12.800790000000001,12.82644,12.85182,12.87711,12.90213,12.92688,12.95154,12.97602,13.00032,13.02435,13.048290000000001,13.07205,13.09554,13.11894,13.14216,13.16529,13.18815,13.210920000000002,13.23351,13.25592,13.27815,13.30029,13.32225,13.34412,13.36581,13.387410000000001,13.40883,13.43016,13.45131,13.472370000000002,13.49334,13.514130000000002,13.534830000000001,13.55544,13.57596,13.596390000000001,13.61664,13.636890000000001,13.65696,13.67703,13.69692,13.71681,13.73661,13.75632,13.77594,13.79556,13.81509,13.83453,13.85397,13.87341,13.89276,13.91202,13.931370000000001,13.95063,13.96989,13.98906,14.00832,14.02749,14.04675,14.06592,14.08518,14.10444,14.1237,14.14296,14.162310000000002,14.18166,14.2011,14.22054,14.240070000000001,14.259689999999999,14.27931,14.29902,14.31882,14.33871,14.358690000000001,14.37876,14.39892,14.419170000000001,14.4396,14.460030000000001,14.480730000000001,14.501430000000001,14.52231,14.543370000000001,14.56452,14.585849999999999,14.60736,14.628960000000001,14.650830000000001,14.67279,14.694930000000001,14.71725,14.739840000000001,14.76252,14.78547,14.8086,14.83191,14.85549,14.879249999999999,14.90319,14.927399999999999,14.951789999999999,14.97645,15.00138,15.02649,15.05187,15.077520000000002,15.10335,15.129450000000002,15.15582,15.182459999999999,15.20937,15.236550000000001,15.264000000000001,15.29172,15.319619999999999,15.34788,15.376410000000002,15.405210000000002,15.434280000000001,15.463619999999999,15.49323,15.52311,15.553260000000002,15.583770000000001,15.61455,15.645510000000002,15.67683,15.708420000000002,15.74037,15.772499999999999,15.80499,15.837660000000001,15.87069,15.90399,15.937560000000001,15.97149,16.0056,16.03998,16.074720000000003,16.10964,16.144920000000003,16.18047,16.2162,16.25229,16.28865,16.32519,16.36209,16.399259999999998,16.436609999999998,16.474230000000002
15.447870000000002,15.372180000000002,15.29631,15.220260000000001,15.144029999999999,15.067620000000002,14.990940000000002,14.914080000000002,14.836949999999998,14.75973,14.682240000000002,14.604659999999999,14.52681,14.448870000000001,14.370659999999999,14.29236,14.213880000000001,14.13522,14.05647,13.97754,13.89852,13.819410000000001,13.740120000000001,13.660829999999999,13.58145,13.50198,13.42251,13.34295,13.26339,13.18392,13.10436,13.024980000000001,12.9456,12.8664,12.78729,12.70836,12.62961,12.55113,12.47292,12.39507,12.31758,12.240450000000001,12.16386,12.08772,12.01221,11.937330000000001,11.86317,11.78973,11.7171,11.64546,11.574810000000001,11.50533,11.43693,11.36979,11.30409,11.23974,11.177010000000001,11.11599,11.05668,10.999350000000002,10.94391,10.89063,10.8396,10.79082,10.74447,10.70055,10.65933,10.62081,10.584990000000001,10.552050000000001,10.52199,10.49481,10.470690000000001,10.44954,10.43145,10.41624,10.40409,10.39491,10.38861,10.38519,10.38456,10.38663,10.39131,10.398420000000002,10.40796,10.41984,10.43379,10.449810000000001,10.467720000000002,10.48734,10.50867,10.53144,10.555560000000002,10.580850000000002,10.60731,10.63476,10.66302,10.692,10.72161,10.75176,10.78227,10.81305,10.8441,10.875240000000002,10.90647,10.937610000000001,10.96866,10.99962,11.030220000000002,11.060550000000001,11.090520000000001,11.120130000000001,11.1492,11.17782,11.205900000000002,11.233350000000002,11.26017,11.28645,11.31192,11.33676,11.360880000000002,11.38428,11.406780000000001,11.42856,11.44962,11.46969,11.48904,11.507489999999999,11.52504,11.54178,11.55753,11.572470000000001,11.58651,11.59965,11.611799999999999,11.623050000000001,11.6334,11.64276,11.65131,11.65878,11.66535,11.67102,11.6757,11.67948,11.68227,11.68416,11.68506,11.68497,11.68398,11.682,11.679120000000001,11.67525,11.670390000000001,11.664629999999999,11.65797,11.65032,11.641680000000001,11.63214,11.62161,11.61018,11.59785,11.58453,11.570310000000001,11.555100000000001,11.53899,11.52198,11.50398,11.48517,11.46537,11.44467,11.42307,11.40057,11.37717,11.35296,11.32785,11.30184,11.27493,11.247300000000001,11.21877,11.189430000000002,11.15928,11.12832,11.09655,11.06415,11.030940000000001,10.99701,10.96245,10.92726,10.89135,10.8549,10.81791,10.78038,10.7424,10.70397,10.66518,10.62603,10.58661,10.54701,10.50723,10.46736,10.42758,10.3878,10.3482,10.30887,10.26981,10.231200000000001,10.19313,10.15569,10.11906,10.08315,10.04823,10.01439,9.98172,9.95022,9.92016,9.891630000000001,9.86463,9.83925,9.81558,9.7938,9.77391,9.75591,9.73989,9.72594,9.71397,9.70407,9.69624,9.690389999999999,9.68652,9.68463,9.68463,9.686430000000001,9.68994,9.69516,9.70191,9.710189999999999,9.71982,9.73062,9.742590000000002,9.755640000000001,9.7695,9.78426,9.799650000000002,9.81558,9.83196,9.8487,9.86562,9.882810000000001,9.89991,9.917010000000001,9.93402,9.95085,9.96732,9.98352,9.999270000000001,10.01457,10.029330000000002,10.04346,10.05705,10.069920000000002,10.08207,10.0935,10.10421,10.11411,10.12311,10.1313,10.13868,10.145159999999999,10.150649999999999,10.15533,10.15911,10.161900000000001,10.1637,10.16469,10.16469,10.1637,10.161810000000001,10.159020000000002,10.155240000000001,10.15056,10.14489,10.13841,10.13103,10.122660000000002,10.11348,10.10349,10.092600000000001,10.080900000000002,10.068480000000001,10.05525,10.0413,10.02663,10.01133,9.99549,9.97893,9.96192,9.944460000000001,9.92655,9.90828,9.88974,9.871020000000001,9.85212,9.83313,9.81423,9.79533,9.7767,9.75843,9.740520000000002,9.72306,9.706320000000002,9.6903,9.67509,9.660779999999999,9.64764,9.635670000000001,9.62496,9.61578,9.608039999999999,9.60192,9.59751,9.594899999999999,9.59409,9.59535,9.5985,9.60381,9.6111,9.620550000000001,9.63198,9.64566,9.66132,9.67905,9.69885,9.72054,9.74421,9.769680000000001,9.79686,9.825840000000001,9.85626,9.888300000000001,9.9216,9.95634,9.99225,10.02924,10.06722,10.1061,10.14588,10.18629,10.22742,10.26909,10.311209999999999,10.35369,10.39653,10.43964,10.48302,10.526489999999999,10.56996,10.61352,10.65708,10.70064,10.744019999999999,10.787310000000002,10.83042,10.87326,10.91601,10.95849,11.0007,11.04255,11.08422,11.125530000000001,11.16648,11.207160000000002,11.24748,11.28753,11.32713,11.366370000000002,11.405339999999999,11.44386,11.48211,11.51991,11.55735,11.59452,11.63124,11.6676,11.70369,11.739329999999999,11.774700000000001,11.80962,11.84427,11.87856,11.91258,11.946150000000001,11.97945,12.012480000000002,12.04515,12.07746,12.1095,12.14127,12.17268,12.20382,12.234689999999999,12.2652,12.29553,12.3255,12.3552,12.38472,12.41388,12.442770000000001,12.471480000000001,12.49992,12.52809,12.555990000000001,12.58371,12.61116,12.638340000000001,12.66534,12.69207,12.71862,12.7449,12.770999999999999,12.79692,12.822569999999999,12.848040000000001,12.87333,12.89835,12.92328,12.94794,12.97242,12.99672,13.02084,13.04478,13.06854,13.09203,13.11543,13.13865,13.16178,13.18464,13.20741,13.23,13.25241,13.27464,13.29678,13.31874,13.340610000000002,13.3623,13.38381,13.405230000000001,13.42656,13.44771,13.46877,13.489650000000001,13.51053,13.53123,13.55175,13.57227,13.59261,13.612950000000001,13.63311,13.653179999999999,13.673250000000001,13.693140000000001,13.713030000000002,13.73274,13.75245,13.772070000000001,13.79169,13.81122,13.83066,13.8501,13.86945,13.8888,13.908150000000001,13.92741,13.94667,13.96593,13.9851,14.00436,14.02353,14.04279,14.06196,14.08122,14.10048,14.11974,14.139000000000001,14.15835,14.1777,14.19714,14.21658,14.23611,14.255730000000002,14.27535,14.29506,14.314860000000001,14.33475,14.35473,14.3748,14.394960000000001,14.4153,14.435640000000001,14.45616,14.47677,14.49756,14.51844,14.539500000000002,14.56065,14.581980000000001,14.603399999999999,14.62509,14.64687,14.66892,14.69106,14.713379999999999,14.735880000000002,14.75865,14.78151,14.804640000000001,14.827950000000001,14.85153,14.8752,14.899230000000001,14.92335,14.94774,14.9724,14.99733,15.022440000000001,15.04773,15.07338,15.099210000000001,15.12531,15.15159,15.17823,15.20514,15.232230000000001,15.259590000000001,15.287220000000001,15.31521,15.343380000000002,15.37182,15.40062,15.429599999999999,15.458850000000002,15.48846,15.51834,15.5484,15.57882,15.609510000000002,15.64047,15.671700000000001,15.70329,15.73506,15.767190000000001,15.79959,15.83226,15.8652,15.89841,15.931890000000001,15.96564,15.99975,16.03404,16.06869,16.10361,16.13871,16.17417,16.2099,16.2459,16.28208,16.31862,16.35543,16.39242,16.429769999999998,16.4673
15.4395,15.363719999999999,15.28776,15.211620000000002,15.1353,15.05871,14.98185,14.904810000000001,14.82759,14.75019,14.672520000000002,14.59467,14.51664,14.43843,14.360040000000001,14.28138,14.20263,14.12361,14.044500000000001,13.9653,13.88583,13.80627,13.72662,13.646790000000001,13.56687,13.48686,13.40685,13.32666,13.24656,13.16628,13.08609,13.00599,12.9258,12.84579,12.765780000000001,12.68595,12.6063,12.52674,12.44754,12.36852,12.289860000000001,12.21156,12.13371,12.05631,11.97945,11.90313,11.827530000000001,11.752650000000001,11.67858,11.60532,11.533050000000001,11.46186,11.39184,11.323080000000001,11.25558,11.18961,11.12517,11.06244,11.001420000000001,10.942380000000002,10.88541,10.83051,10.77786,10.727640000000001,10.67985,10.63476,10.59228,10.55259,10.515870000000001,10.48203,10.45134,10.42362,10.39905,10.37772,10.35945,10.344420000000001,10.332540000000002,10.323720000000002,10.31796,10.31526,10.31544,10.3185,10.324259999999999,10.33272,10.34361,10.35684,10.37241,10.38996,10.40949,10.43091,10.453859999999999,10.47843,10.50426,10.53144,10.559610000000001,10.58877,10.61883,10.64952,10.68075,10.71252,10.74465,10.776959999999999,10.80954,10.84212,10.8747,10.90719,10.939589999999999,10.97163,11.003490000000001,11.0349,11.06595,11.09646,11.126520000000001,11.15604,11.18493,11.213189999999999,11.240820000000001,11.26773,11.29392,11.3193,11.343960000000001,11.36781,11.390939999999999,11.413170000000001,11.4345,11.455020000000001,11.474639999999999,11.493450000000001,11.51127,11.52819,11.54421,11.559330000000001,11.573550000000001,11.586780000000001,11.59911,11.61045,11.620800000000001,11.63025,11.6388,11.646360000000001,11.65293,11.658510000000001,11.6631,11.66679,11.669490000000001,11.67129,11.67201,11.67183,11.67066,11.66859,11.66544,11.66139,11.65635,11.65032,11.64339,11.63547,11.62656,11.616660000000001,11.60586,11.59407,11.58138,11.5677,11.553030000000001,11.53746,11.520900000000001,11.50344,11.484990000000002,11.46564,11.445300000000001,11.42406,11.401919999999999,11.37879,11.35485,11.329920000000001,11.30409,11.27736,11.249820000000001,11.22138,11.19204,11.1618,11.13084,11.098980000000001,11.06631,11.03292,10.99872,10.96371,10.92807,10.891710000000002,10.85472,10.81701,10.77876,10.73997,10.70064,10.66086,10.62063,10.58004,10.53918,10.49796,10.45665,10.41525,10.37376,10.33236,10.29114,10.2501,10.20933,10.1691,10.12932,10.09017,10.051829999999999,10.0143,9.97776,9.942390000000001,9.908190000000001,9.875250000000001,9.84384,9.813960000000002,9.78579,9.75933,9.73476,9.71217,9.69156,9.67302,9.65664,9.64233,9.63036,9.62046,9.61281,9.60732,9.60399,9.602820000000001,9.60354,9.60633,9.61092,9.61731,9.62541,9.63504,9.64611,9.65844,9.672030000000001,9.6867,9.70227,9.71874,9.735840000000001,9.75348,9.77157,9.79002,9.80874,9.82755,9.84636,9.86508,9.88362,9.90189,9.91989,9.93753,9.954630000000002,9.97119,9.98721,10.002600000000001,10.01727,10.03122,10.044450000000001,10.056780000000002,10.068389999999999,10.0791,10.08891,10.09782,10.10574,10.11276,10.11888,10.12392,10.12806,10.13121,10.133280000000001,10.134450000000001,10.134540000000001,10.13373,10.13184,10.128960000000001,10.12509,10.12023,10.11438,10.10763,10.0998,10.09107,10.081439999999999,10.07091,10.05939,10.04706,10.03392,10.01988,10.00512,9.989550000000001,9.97326,9.95634,9.938790000000001,9.92061,9.90189,9.88272,9.86319,9.8433,9.82314,9.80271,9.78228,9.761759999999999,9.74142,9.721169999999999,9.70128,9.68166,9.66267,9.644309999999999,9.62667,9.60984,9.59409,9.57942,9.56601,9.55395,9.54342,9.53451,9.52731,9.52191,9.51849,9.517050000000001,9.51768,9.520380000000001,9.52533,9.53253,9.54198,9.55368,9.56763,9.58374,9.6021,9.622710000000001,9.6453,9.669960000000001,9.69651,9.72495,9.75519,9.787139999999999,9.82053,9.85554,9.89181,9.92934,9.96804,10.00773,10.04832,10.08981,10.13202,10.17486,10.21824,10.262070000000001,10.30626,10.35081,10.39554,10.44045,10.48545,10.53045,10.57554,10.62054,10.66545,10.71018,10.75482,10.799190000000001,10.84338,10.88721,10.930860000000001,10.97415,11.01717,11.05983,11.102129999999999,11.144070000000001,11.18565,11.22687,11.26773,11.30814,11.34819,11.387880000000001,11.42721,11.46609,11.50452,11.54268,11.580390000000001,11.617650000000001,11.65464,11.69118,11.727360000000001,11.76318,11.79864,11.83374,11.86839,11.90277,11.93679,11.97045,12.00375,12.03678,12.069450000000002,12.10176,12.133799999999999,12.16548,12.19689,12.22794,12.25872,12.28923,12.31947,12.349350000000001,12.379050000000001,12.40839,12.43746,12.46626,12.49488,12.52314,12.55122,12.57903,12.606570000000001,12.63384,12.66093,12.687750000000001,12.71439,12.74076,12.76695,12.79287,12.818610000000001,12.84417,12.86946,12.89457,12.919410000000001,12.94416,12.968639999999999,12.99294,13.01706,13.041,13.064760000000001,13.08834,13.111740000000001,13.13505,13.158090000000001,13.180950000000001,13.20372,13.22631,13.24872,13.270950000000001,13.29309,13.31505,13.33683,13.35852,13.38003,13.40145,13.42278,13.44393,13.4649,13.48587,13.50666,13.527270000000001,13.547880000000001,13.56831,13.58865,13.6089,13.62915,13.649220000000001,13.6692,13.68909,13.70889,13.72869,13.7484,13.76802,13.78755,13.807080000000001,13.82652,13.84596,13.865310000000001,13.88457,13.903920000000001,13.92318,13.94244,13.96161,13.98087,14.00004,14.0193,14.03847,14.057640000000001,14.0769,14.09616,14.11542,14.13468,14.154029999999999,14.173380000000002,14.192820000000001,14.21226,14.23179,14.25132,14.27103,14.290740000000001,14.310540000000001,14.330430000000002,14.35041,14.37048,14.39064,14.41089,14.431230000000001,14.45175,14.472360000000002,14.49315,14.51403,14.535089999999999,14.55624,14.57757,14.59899,14.62068,14.642460000000002,14.664420000000002,14.68656,14.708969999999999,14.731470000000002,14.75415,14.77701,14.80014,14.823450000000001,14.846940000000002,14.8707,14.894640000000003,14.91876,14.943150000000001,14.96781,14.992650000000001,15.017759999999999,15.043050000000001,15.06861,15.09444,15.12054,15.14682,15.173370000000002,15.20019,15.22728,15.25464,15.28227,15.31017,15.33825,15.366690000000002,15.395400000000002,15.424380000000001,15.45363,15.483149999999998,15.51294,15.543,15.57333,15.603930000000002,15.63489,15.666030000000001,15.69753,15.7293,15.761339999999999,15.793650000000001,15.826230000000002,15.859080000000002,15.8922,15.92568,15.959340000000001,15.99336,16.027649999999998,16.06221,16.09695,16.13205,16.16742,16.20306,16.23897,16.27506,16.31151,16.34823,16.38513,16.42239,16.45983
15.431220000000001,15.35544,15.279390000000001,15.203159999999999,15.126660000000001,15.049890000000001,14.972940000000001,14.895719999999999,14.81832,14.740739999999999,14.66289,14.58477,14.506470000000002,14.42799,14.34933,14.2704,14.19129,14.112,14.03253,13.95288,13.873050000000001,13.79304,13.71285,13.63257,13.55211,13.47156,13.390830000000001,13.3101,13.22928,13.14837,13.06737,12.98646,12.90546,12.82446,12.74364,12.662820000000002,12.58209,12.50154,12.42117,12.34098,12.26106,12.1815,12.1023,12.02355,11.94516,11.8674,11.790270000000001,11.71377,11.63799,11.56311,11.489130000000001,11.41614,11.34432,11.273670000000001,11.204369999999999,11.136510000000001,11.07018,11.005560000000001,10.94274,10.88181,10.82304,10.76634,10.71207,10.66014,10.61082,10.56429,10.52046,10.4796,10.44171,10.40697,10.37547,10.34721,10.322189999999999,10.300500000000001,10.28223,10.267199999999999,10.25559,10.24722,10.242180000000001,10.2402,10.241370000000002,10.245510000000001,10.25253,10.26234,10.27467,10.28961,10.30671,10.32615,10.34748,10.3707,10.39563,10.42209,10.449900000000001,10.47897,10.509120000000001,10.54026,10.57212,10.6047,10.63773,10.6713,10.70514,10.73916,10.77336,10.80747,10.84158,10.87551,10.90917,10.94265,10.97568,11.008260000000002,11.04048,11.07207,11.10312,11.13363,11.16342,11.19249,11.220930000000001,11.248560000000001,11.27547,11.30148,11.32677,11.35125,11.374740000000001,11.39751,11.41929,11.44017,11.460239999999999,11.47932,11.49741,11.51469,11.53089,11.546280000000001,11.560590000000001,11.574,11.58642,11.59785,11.60838,11.61792,11.626380000000001,11.63394,11.640509999999999,11.64609,11.65068,11.65437,11.656979999999999,11.658600000000002,11.65923,11.65896,11.65761,11.65536,11.65203,11.6478,11.64249,11.63628,11.62908,11.620890000000001,11.61171,11.60154,11.59038,11.57823,11.56518,11.55105,11.53602,11.520000000000001,11.50308,11.48508,11.46618,11.44629,11.425500000000001,11.40372,11.38095,11.35728,11.33262,11.30706,11.28051,11.253150000000002,11.2248,11.19555,11.1654,11.13435,11.10249,11.06973,11.03616,11.00169,10.9665,10.93041,10.893690000000001,10.856160000000001,10.81791,10.779029999999999,10.73943,10.69929,10.658610000000001,10.61739,10.57563,10.533600000000002,10.49112,10.448369999999999,10.40544,10.36233,10.31913,10.27602,10.23291,10.19016,10.147590000000001,10.10547,10.06389,10.02303,9.982800000000001,9.943560000000002,9.90531,9.86814,9.83232,9.79785,9.765,9.733680000000001,9.70425,9.67662,9.650970000000001,9.62739,9.606060000000001,9.58689,9.57006,9.555480000000001,9.543330000000001,9.533610000000001,9.52614,9.5211,9.518310000000001,9.51777,9.51948,9.52326,9.52902,9.536669999999999,9.54612,9.55728,9.569880000000001,9.583919999999999,9.59922,9.61569,9.63306,9.65133,9.67023,9.689760000000001,9.70974,9.73008,9.75051,9.77112,9.791640000000001,9.81207,9.83232,9.85221,9.87174,9.890820000000001,9.909450000000001,9.92736,9.94473,9.96129,9.97722,9.99225,10.00647,10.01988,10.03239,10.04391,10.05453,10.06416,10.07271,10.08036,10.08693,10.09251,10.09701,10.10052,10.102860000000002,10.10421,10.10448,10.103670000000001,10.10187,10.0989,10.09494,10.0899,10.083870000000001,10.07676,10.068570000000001,10.059479999999999,10.04931,10.03815,10.02609,10.01304,9.99918,9.98433,9.96867,9.952110000000001,9.93483,9.916830000000001,9.898109999999999,9.87876,9.858780000000001,9.83826,9.81729,9.79596,9.774270000000001,9.752310000000001,9.730260000000001,9.70812,9.68607,9.66411,9.642510000000001,9.62118,9.600389999999999,9.58032,9.560880000000001,9.542430000000001,9.52497,9.508680000000002,9.49374,9.48024,9.46827,9.4581,9.449639999999999,9.44325,9.43884,9.436589999999999,9.436589999999999,9.43884,9.443520000000001,9.45054,9.459990000000001,9.471870000000001,9.48609,9.50283,9.52182,9.54324,9.56682,9.59256,9.62037,9.650160000000001,9.681840000000001,9.71523,9.75033,9.78696,9.824940000000002,9.864270000000001,9.904770000000001,9.946259999999999,9.98874,10.03212,10.076130000000001,10.12077,10.16595,10.21167,10.25757,10.303830000000001,10.35036,10.396889999999999,10.44351,10.490219999999999,10.53675,10.58328,10.62963,10.6758,10.72179,10.767510000000001,10.81296,10.85805,10.90287,10.947330000000001,10.99143,11.03508,11.07846,11.121390000000002,11.16387,11.20599,11.24775,11.28897,11.32983,11.370239999999999,11.410290000000002,11.44989,11.48904,11.52774,11.566080000000001,11.60397,11.6415,11.67858,11.7153,11.75157,11.78748,11.82303,11.858130000000001,11.89296,11.92734,11.96136,11.99502,12.02832,12.061350000000001,12.09393,12.12624,12.158190000000001,12.18987,12.22119,12.25215,12.28293,12.31326,12.34341,12.373199999999999,12.40272,12.43197,12.46095,12.48966,12.5181,12.546270000000002,12.57417,12.6018,12.62925,12.65643,12.68334,12.70998,12.73644,12.76272,12.78873,12.81447,12.84003,12.86541,12.89052,12.91545,12.9402,12.964770000000001,12.98907,13.01319,13.03713,13.06089,13.08456,13.10796,13.13118,13.15422,13.17708,13.19985,13.222439999999999,13.24485,13.26708,13.28913,13.31109,13.33287,13.354560000000001,13.37607,13.397490000000001,13.418730000000002,13.43988,13.46085,13.481729999999999,13.50252,13.52313,13.543740000000001,13.56417,13.58451,13.60476,13.624830000000001,13.6449,13.66488,13.68477,13.70457,13.72428,13.74399,13.76361,13.783140000000001,13.80258,13.82202,13.841460000000001,13.86081,13.88007,13.89933,13.91859,13.93785,13.95702,13.97628,13.99545,14.01462,14.03379,14.05305,14.07222,14.09148,14.11074,14.129999999999999,14.14926,14.168610000000001,14.18805,14.20749,14.227020000000001,14.24655,14.26626,14.28597,14.30568,14.325569999999999,14.345550000000001,14.36562,14.38578,14.40603,14.426459999999999,14.44689,14.4675,14.48829,14.509170000000001,14.530140000000001,14.55138,14.57262,14.594129999999998,14.61573,14.63751,14.65947,14.68161,14.703930000000001,14.72643,14.749109999999998,14.77206,14.7951,14.81841,14.8419,14.86557,14.889510000000001,14.91363,14.93802,14.96259,14.98743,15.01254,15.037830000000001,15.063299999999998,15.089129999999999,15.11514,15.141419999999998,15.16797,15.19479,15.22179,15.24915,15.27669,15.304499999999999,15.33267,15.361019999999998,15.38964,15.418529999999999,15.447780000000002,15.47721,15.507000000000001,15.536970000000002,15.567300000000001,15.59781,15.628680000000001,15.65982,15.69123,15.722909999999999,15.754860000000003,15.78717,15.81966,15.852420000000002,15.88554,15.91893,15.95259,15.986429999999999,16.02063,16.0551,16.089840000000002,16.12485,16.160130000000002,16.19568,16.2315,16.26759,16.30395,16.34058,16.37739,16.414559999999998,16.45191
15.423210000000001,15.347249999999999,15.27111,15.1947,15.11811,15.04125,14.96412,14.88672,14.80914,14.73129,14.653260000000001,14.574960000000003,14.49639,14.41764,14.33862,14.25942,14.17995,14.1003,14.020470000000001,13.94037,13.86009,13.779630000000001,13.69899,13.61808,13.53708,13.45599,13.37463,13.293180000000001,13.211640000000001,13.13001,13.0482,12.96639,12.88458,12.802679999999999,12.72078,12.63897,12.557160000000001,12.475439999999999,12.3939,12.31245,12.23127,12.150269999999999,12.06963,11.98935,11.909519999999999,11.83014,11.7513,11.67309,11.59551,11.518830000000001,11.44296,11.36808,11.29428,11.22165,11.15037,11.080440000000001,11.012129999999999,10.94544,10.88055,10.81764,10.7568,10.698210000000001,10.642050000000001,10.58832,10.53729,10.48914,10.44378,10.40157,10.36251,10.32678,10.29429,10.265310000000001,10.239749999999999,10.217789999999999,10.199430000000001,10.18449,10.17315,10.165320000000001,10.16091,10.159830000000001,10.16208,10.167480000000001,10.17585,10.187100000000001,10.20114,10.217789999999999,10.23687,10.2582,10.28151,10.3068,10.3338,10.36242,10.39239,10.42362,10.45584,10.48905,10.52298,10.557540000000001,10.592640000000001,10.6281,10.663739999999999,10.69965,10.735470000000001,10.77138,10.80702,10.84257,10.87776,10.9125,10.94697,10.980810000000002,11.0142,11.04696,11.07909,11.11059,11.14137,11.171339999999999,11.20059,11.22903,11.25666,11.28339,11.30931,11.33433,11.35845,11.38167,11.4039,11.425320000000001,11.44566,11.465100000000001,11.48355,11.501100000000001,11.517570000000001,11.533140000000001,11.54772,11.56131,11.57382,11.58543,11.59605,11.60559,11.61414,11.62179,11.62836,11.63394,11.63844,11.642040000000001,11.64456,11.64609,11.64672,11.646270000000001,11.644739999999999,11.64231,11.6388,11.63439,11.6289,11.62242,11.61495,11.60649,11.59704,11.5866,11.57508,11.562660000000001,11.54916,11.53476,11.51928,11.5029,11.48544,11.46708,11.44764,11.42721,11.40588,11.383560000000001,11.36025,11.33595,11.31066,11.28438,11.2572,11.22903,11.19996,11.1699,11.13894,11.107080000000002,11.07432,11.04057,11.00601,10.970550000000001,10.934280000000001,10.897110000000001,10.85922,10.82052,10.78101,10.740870000000001,10.69992,10.658430000000001,10.61622,10.57356,10.53036,10.48662,10.44252,10.39815,10.35342,10.3086,10.2636,10.2186,10.17369,10.128960000000001,10.0845,10.04049,9.996929999999999,9.95409,9.91197,9.87084,9.8307,9.79173,9.754109999999999,9.71793,9.68337,9.65061,9.61974,9.59085,9.56403,9.53946,9.51723,9.49743,9.48006,9.46521,9.45288,9.44316,9.435960000000001,9.431370000000001,9.429210000000001,9.42948,9.43209,9.43695,9.44397,9.453059999999999,9.464039999999999,9.47682,9.49113,9.50697,9.52416,9.54252,9.56187,9.58203,9.603,9.624509999999999,9.64638,9.668610000000001,9.69102,9.71352,9.73593,9.75816,9.78012,9.80181,9.82296,9.843570000000001,9.86364,9.88308,9.901800000000001,9.91971,9.936810000000001,9.953009999999999,9.9684,9.982800000000001,9.99621,10.00863,10.02006,10.03041,10.03968,10.047960000000002,10.05507,10.0611,10.06605,10.069830000000001,10.07253,10.074060000000001,10.07451,10.073789999999999,10.071900000000001,10.06893,10.06488,10.059660000000001,10.05327,10.04589,10.03734,10.0278,10.017090000000001,10.00539,9.9927,9.97893,9.964170000000001,9.94851,9.93186,9.9144,9.89604,9.87687,9.85698,9.83628,9.81495,9.79308,9.770669999999999,9.747720000000001,9.7245,9.70092,9.67716,9.65322,9.62937,9.60561,9.582120000000002,9.55899,9.53631,9.51426,9.493020000000001,9.47268,9.45342,9.43542,9.41877,9.403649999999999,9.39015,9.378540000000001,9.368820000000001,9.361170000000001,9.355770000000001,9.35262,9.3519,9.353700000000002,9.357930000000001,9.36486,9.374310000000001,9.38637,9.40104,9.418320000000001,9.438030000000001,9.46035,9.48492,9.51192,9.541080000000001,9.57231,9.60552,9.64062,9.677430000000001,9.715860000000001,9.755730000000002,9.79695,9.83943,9.8829,9.92736,9.97263,10.01862,10.065240000000001,10.112400000000001,10.15992,10.2078,10.25586,10.3041,10.352430000000002,10.40085,10.44909,10.49733,10.545390000000001,10.59327,10.640880000000001,10.68831,10.735380000000001,10.78209,10.82853,10.87452,10.92015,10.96533,11.01015,11.05452,11.09844,11.14191,11.18493,11.22759,11.26971,11.31129,11.352509999999999,11.39328,11.4336,11.47338,11.5128,11.551680000000001,11.590200000000001,11.628269999999999,11.66589,11.70315,11.73987,11.77623,11.812230000000001,11.84778,11.88297,11.91771,11.95209,11.98611,12.01977,12.05307,12.08601,12.11859,12.15081,12.182670000000002,12.214260000000001,12.24549,12.27645,12.30705,12.33729,12.36735,12.39696,12.42639,12.455549999999999,12.48435,12.512880000000001,12.54123,12.56922,12.59703,12.62448,12.65175,12.67875,12.705480000000001,12.73203,12.75831,12.784410000000001,12.81024,12.8358,12.861180000000001,12.886379999999999,12.91131,12.936060000000001,12.96063,12.98502,13.00914,13.03317,13.05693,13.08051,13.10391,13.12713,13.150170000000001,13.173119999999999,13.1958,13.21839,13.24071,13.26294,13.28508,13.30695,13.32873,13.35042,13.371929999999999,13.39326,13.4145,13.43565,13.456620000000001,13.47741,13.498199999999999,13.51881,13.53933,13.55976,13.580010000000001,13.60026,13.620420000000001,13.640400000000001,13.66038,13.68018,13.699980000000002,13.71969,13.73931,13.75893,13.77846,13.7979,13.81725,13.83669,13.85595,13.8753,13.89447,13.91373,13.93299,13.95216,13.97133,13.9905,14.00967,14.02884,14.04801,14.06718,14.086350000000001,14.10561,14.12487,14.14422,14.16357,14.182920000000001,14.20236,14.22189,14.24142,14.26104,14.28075,14.300460000000001,14.320350000000001,14.34033,14.36031,14.38047,14.400720000000002,14.421149999999999,14.44158,14.46219,14.48298,14.503770000000001,14.52483,14.545979999999998,14.56722,14.588730000000002,14.61033,14.632109999999999,14.654069999999999,14.67612,14.698440000000002,14.72094,14.743619999999998,14.76648,14.789520000000001,14.81283,14.83632,14.85999,14.883840000000001,14.90796,14.93235,14.95692,14.981670000000001,15.006689999999999,15.03198,15.05745,15.08319,15.109200000000001,15.13548,15.16194,15.18876,15.215760000000001,15.24303,15.270570000000001,15.298290000000001,15.326369999999999,15.35472,15.38334,15.41214,15.4413,15.47073,15.50043,15.5304,15.560640000000001,15.591149999999999,15.62193,15.65298,15.68439,15.71598,15.747929999999998,15.78006,15.812550000000002,15.84531,15.878340000000001,15.91164,15.94521,15.97905,16.013160000000003,16.04754,16.08219,16.11711,16.15239,16.18785,16.22358,16.25958,16.29585,16.33239,16.3692,16.40628,16.443540000000002
15.41529,15.339330000000002,15.26301,15.18651,15.109739999999999,15.0327,14.955390000000001,14.877899999999999,14.800050000000002,14.72202,14.643720000000002,14.56515,14.4864,14.40729,14.328,14.24844,14.168610000000001,14.0886,14.00832,13.92786,13.84713,13.76613,13.68495,13.60359,13.52196,13.440150000000001,13.35816,13.27608,13.19373,13.11129,13.02867,12.94596,12.86325,12.78036,12.69738,12.61449,12.53151,12.44862,12.36573,12.28302,12.2004,12.11805,12.03588,11.95398,11.87244,11.79135,11.7108,11.630700000000001,11.55132,11.47257,11.39472,11.317770000000001,11.241810000000001,11.16711,11.093580000000001,11.02149,10.950840000000001,10.881990000000002,10.814850000000002,10.749780000000001,10.68678,10.62603,10.56771,10.51209,10.45917,10.40913,10.362150000000002,10.31841,10.278,10.2411,10.20762,10.17783,10.15173,10.12941,10.11087,10.096110000000001,10.085040000000001,10.07775,10.074060000000001,10.073970000000001,10.077390000000001,10.08414,10.09404,10.107000000000001,10.12293,10.14147,10.16262,10.186020000000001,10.21158,10.23912,10.26846,10.29933,10.33164,10.36521,10.39977,10.43523,10.47141,10.508130000000001,10.545390000000001,10.582920000000001,10.62063,10.658430000000001,10.696140000000002,10.73376,10.7712,10.80837,10.84509,10.881450000000001,10.91727,10.95255,10.9872,11.02122,11.05443,11.08701,11.118780000000001,11.149740000000001,11.17989,11.20914,11.237580000000001,11.265030000000001,11.29167,11.31732,11.34198,11.36574,11.38851,11.410290000000002,11.43108,11.45097,11.46978,11.48751,11.504340000000001,11.52018,11.534939999999999,11.54862,11.5614,11.5731,11.583810000000001,11.593440000000001,11.602079999999999,11.609729999999999,11.6163,11.62188,11.626380000000001,11.629890000000001,11.63241,11.63385,11.6343,11.633759999999999,11.63214,11.629529999999999,11.62584,11.62125,11.61558,11.60883,11.601090000000001,11.59236,11.58264,11.57184,11.56014,11.54727,11.5335,11.518650000000001,11.50281,11.48598,11.46807,11.449259999999999,11.429369999999999,11.40849,11.38653,11.36367,11.339730000000001,11.3148,11.28888,11.26197,11.234160000000001,11.20527,11.17539,11.14452,11.11275,11.07999,11.046240000000001,11.01159,10.976040000000001,10.939499999999999,10.90215,10.8639,10.82475,10.784790000000001,10.744110000000001,10.702530000000001,10.66032,10.6173,10.57365,10.52946,10.48464,10.43928,10.393469999999999,10.3473,10.30077,10.25406,10.207170000000001,10.16028,10.11339,10.06659,10.02015,9.973980000000001,9.92844,9.88344,9.83925,9.79605,9.75384,9.71289,9.673380000000002,9.6354,9.59904,9.56457,9.53217,9.501840000000001,9.47376,9.44811,9.42489,9.40428,9.38637,9.37116,9.358740000000001,9.349020000000001,9.34209,9.337950000000001,9.33642,9.3375,9.34119,9.34731,9.355680000000001,9.3663,9.3789,9.39339,9.40968,9.42741,9.44658,9.46701,9.488430000000001,9.51084,9.53388,9.55746,9.58158,9.605879999999999,9.63036,9.65484,9.67923,9.70335,9.7272,9.7506,9.773460000000002,9.79578,9.81747,9.83835,9.85851,9.877770000000002,9.89622,9.913590000000001,9.930060000000001,9.94554,9.95994,9.97335,9.98559,9.99666,10.00674,10.015559999999999,10.02321,10.02978,10.03509,10.03923,10.0422,10.044,10.044540000000001,10.04391,10.04202,10.039050000000001,10.034820000000002,10.02942,10.02285,10.01511,10.0062,9.99612,9.98487,9.97254,9.95913,9.94464,9.929160000000001,9.91251,9.894960000000001,9.876420000000001,9.85698,9.83655,9.8154,9.79335,9.770669999999999,9.74727,9.72324,9.69876,9.67374,9.64845,9.62289,9.597150000000001,9.57132,9.54558,9.52011,9.494909999999999,9.470250000000002,9.44622,9.422910000000002,9.400590000000001,9.37935,9.35946,9.34092,9.324,9.30888,9.29565,9.28458,9.27567,9.2691,9.26496,9.26352,9.26469,9.26856,9.27522,9.28467,9.297,9.31212,9.32994,9.35055,9.37377,9.399600000000001,9.42786,9.45846,9.49131,9.52623,9.563130000000001,9.60183,9.64224,9.68418,9.72738,9.77193,9.81756,9.864090000000001,9.911520000000001,9.95958,10.008270000000001,10.057500000000001,10.107000000000001,10.15686,10.2069,10.25703,10.307160000000001,10.35729,10.407330000000002,10.45719,10.506870000000001,10.556370000000001,10.605509999999999,10.654380000000002,10.7028,10.75095,10.79865,10.8459,10.8927,10.93905,10.984950000000001,11.0304,11.07531,11.11977,11.16378,11.20725,11.25018,11.29266,11.33469,11.37618,11.41713,11.45763,11.49768,11.53728,11.57634,11.61495,11.653110000000002,11.69091,11.72817,11.764980000000001,11.801340000000001,11.83734,11.87289,11.90808,11.942820000000001,11.9772,12.011130000000001,12.04479,12.078,12.110850000000001,12.14334,12.17547,12.207239999999999,12.23874,12.26988,12.30066,12.33117,12.361320000000001,12.391200000000001,12.420720000000001,12.44997,12.478950000000001,12.50766,12.536010000000001,12.56418,12.59199,12.619620000000001,12.64698,12.67407,12.70089,12.727440000000001,12.75381,12.77991,12.80583,12.831479999999999,12.85686,12.88206,12.90708,12.931830000000001,12.9564,12.98079,13.004999999999999,13.02894,13.0527,13.07628,13.09968,13.12299,13.14603,13.16889,13.19157,13.21416,13.23648,13.25871,13.280759999999999,13.302719999999999,13.32441,13.346100000000002,13.36752,13.38885,13.41009,13.43115,13.45212,13.47291,13.49361,13.51422,13.534740000000001,13.55508,13.575420000000001,13.59558,13.61565,13.63563,13.655520000000001,13.675410000000001,13.69512,13.71483,13.73445,13.75398,13.773420000000002,13.792860000000001,13.81221,13.83156,13.85091,13.870170000000002,13.88934,13.908600000000002,13.92777,13.94685,13.96602,13.98519,14.00436,14.02344,14.04261,14.06178,14.08095,14.10021,14.11947,14.13873,14.15799,14.177430000000001,14.19678,14.21631,14.235840000000001,14.25546,14.27508,14.294880000000001,14.314680000000001,14.334660000000001,14.35464,14.3748,14.395050000000001,14.41539,14.43582,14.45643,14.477129999999999,14.498009999999999,14.51898,14.54004,14.561370000000002,14.58279,14.60439,14.62617,14.648040000000002,14.67018,14.69241,14.714910000000001,14.73759,14.760360000000002,14.783399999999999,14.806709999999999,14.830110000000001,14.85378,14.87763,14.901750000000002,14.926049999999998,14.950619999999999,14.97537,15.000390000000001,15.025590000000001,15.051060000000001,15.076799999999999,15.10272,15.12891,15.155370000000001,15.1821,15.209100000000001,15.236280000000002,15.26382,15.291540000000001,15.319619999999999,15.34788,15.376410000000002,15.405210000000002,15.434370000000001,15.463709999999999,15.49332,15.523200000000001,15.553440000000002,15.583860000000001,15.61464,15.64569,15.67692,15.70851,15.74037,15.772499999999999,15.8049,15.837570000000001,15.870510000000001,15.90381,15.937290000000003,15.97104,16.00515,16.03944,16.074089999999998,16.10892,16.14411,16.17948,16.21512,16.25112,16.287300000000002,16.32375,16.36047,16.397460000000002,16.43472
15.407639999999999,15.3315,15.25509,15.17841,15.10146,15.02433,14.946840000000002,14.86908,14.79114,14.71284,14.634360000000001,14.55552,14.476410000000001,14.39703,14.31747,14.23755,14.15736,14.0769,13.99626,13.91526,13.83408,13.75263,13.67082,13.588920000000002,13.50666,13.424220000000002,13.3416,13.25871,13.17555,13.092300000000002,13.00887,12.92526,12.841470000000001,12.75759,12.67353,12.58947,12.505320000000001,12.42108,12.33693,12.252780000000001,12.16872,12.08475,12.000960000000001,11.917440000000001,11.834190000000001,11.75121,11.66877,11.58669,11.50524,11.42442,11.344410000000002,11.26521,11.18709,11.109960000000001,11.034089999999999,10.959570000000001,10.88658,10.81521,10.74573,10.678139999999999,10.61271,10.54971,10.48914,10.43127,10.37619,10.324259999999999,10.27548,10.23003,10.18809,10.149750000000001,10.11528,10.08459,10.05786,10.03509,10.01637,10.0017,9.99099,9.98424,9.98145,9.98244,9.98712,9.9954,10.007010000000001,10.02186,10.03968,10.06047,10.08378,10.109610000000002,10.137599999999999,10.16766,10.199520000000001,10.23291,10.26774,10.303830000000001,10.340910000000001,10.3788,10.41741,10.45656,10.49607,10.53576,10.57563,10.61559,10.65528,10.694880000000001,10.734210000000001,10.77309,10.81152,10.84941,10.886759999999999,10.92348,10.95948,10.994760000000001,11.02923,11.06298,11.09583,11.127780000000001,11.15883,11.18907,11.21823,11.24649,11.273850000000001,11.30013,11.325420000000001,11.34972,11.37303,11.39535,11.416590000000001,11.43675,11.45592,11.4741,11.491200000000001,11.50722,11.522160000000001,11.5362,11.54907,11.56095,11.57175,11.58147,11.590200000000001,11.59785,11.604420000000001,11.610000000000001,11.6145,11.61801,11.62044,11.62179,11.622150000000001,11.62152,11.619720000000001,11.61702,11.61315,11.60829,11.602440000000001,11.59551,11.58759,11.57859,11.56851,11.55744,11.545380000000002,11.53224,11.51811,11.5029,11.48661,11.469330000000001,11.45106,11.43171,11.41137,11.38995,11.36754,11.34405,11.319569999999999,11.29401,11.26746,11.23983,11.211300000000001,11.1816,11.151000000000002,11.11932,11.08665,11.052990000000001,11.01843,10.98279,10.94616,10.90863,10.87011,10.83069,10.790370000000001,10.74915,10.707120000000002,10.66419,10.62054,10.576080000000001,10.5309,10.485000000000001,10.43856,10.39149,10.34388,10.29591,10.24749,10.1988,10.14993,10.10097,10.051919999999999,10.00305,9.95436,9.906030000000001,9.85824,9.81108,9.76464,9.71919,9.67482,9.63171,9.59004,9.550080000000001,9.51183,9.47556,9.44136,9.409410000000001,9.37998,9.35307,9.328859999999999,9.30744,9.2889,9.27324,9.26055,9.25092,9.24426,9.24057,9.23985,9.24183,9.246690000000001,9.25407,9.26397,9.27621,9.290610000000001,9.307080000000001,9.32535,9.34524,9.36657,9.389249999999999,9.41292,9.43758,9.46296,9.488790000000002,9.51516,9.54171,9.56835,9.59499,9.621450000000001,9.64764,9.673380000000002,9.698670000000002,9.72342,9.74745,9.770760000000001,9.79326,9.81495,9.83565,9.855360000000001,9.87408,9.891720000000001,9.90828,9.923670000000001,9.93798,9.951120000000001,9.963000000000001,9.9738,9.98325,9.99153,9.998550000000002,10.00431,10.00881,10.01205,10.01403,10.01475,10.01421,10.01232,10.00926,10.00494,9.999270000000001,9.99243,9.98433,9.97506,9.96444,9.95274,9.93978,9.92565,9.91035,9.89397,9.876420000000001,9.857880000000002,9.83826,9.81756,9.79596,9.773460000000002,9.75006,9.72585,9.700830000000002,9.67518,9.64899,9.62217,9.59499,9.56754,9.53973,9.51192,9.484110000000001,9.456479999999999,9.429120000000001,9.4023,9.37602,9.35055,9.32607,9.302669999999999,9.28062,9.2601,9.241290000000001,9.22428,9.20943,9.19665,9.186390000000001,9.17856,9.17343,9.17109,9.17154,9.17505,9.18153,9.19098,9.20349,9.219059999999999,9.237689999999999,9.259110000000002,9.2835,9.310500000000001,9.340200000000001,9.37242,9.40707,9.44388,9.48267,9.52344,9.56601,9.61002,9.655560000000001,9.70227,9.750150000000001,9.79902,9.84861,9.89892,9.949860000000001,10.001159999999999,10.05282,10.10475,10.15686,10.20888,10.26099,10.31301,10.36485,10.41651,10.4679,10.51893,10.56969,10.620000000000001,10.66995,10.71936,10.768410000000001,10.81701,10.865070000000001,10.91259,10.959660000000001,11.0061,11.05209,11.09754,11.14245,11.18682,11.23065,11.27394,11.31669,11.35899,11.40066,11.441880000000001,11.48256,11.52279,11.562389999999999,11.60163,11.64033,11.67858,11.71629,11.75364,11.79045,11.8269,11.86281,11.89836,11.93346,11.9682,12.00249,12.03642,12.0699,12.10302,12.13578,12.168180000000001,12.20022,12.2319,12.26322,12.29418,12.32487,12.3552,12.38526,12.41496,12.4443,12.473460000000001,12.502260000000001,12.53079,12.55905,12.58695,12.61467,12.64203,12.66921,12.69612,12.722760000000001,12.749220000000001,12.77532,12.80124,12.82698,12.852450000000001,12.877650000000001,12.90267,12.92751,12.95208,12.97647,13.00059,13.02462,13.048380000000002,13.07196,13.09536,13.11858,13.141620000000001,13.164480000000001,13.18716,13.20975,13.23207,13.2543,13.27635,13.29822,13.31991,13.34151,13.36293,13.38426,13.4055,13.42647,13.44744,13.46823,13.48893,13.509450000000001,13.52988,13.55022,13.57047,13.59063,13.6107,13.630680000000002,13.65048,13.67028,13.68999,13.709700000000002,13.72923,13.74876,13.7682,13.78755,13.806899999999999,13.826250000000002,13.84551,13.864680000000002,13.88385,13.903020000000001,13.922189999999999,13.94136,13.96044,13.97952,13.99869,14.01777,14.036940000000001,14.05602,14.07519,14.09436,14.113620000000001,14.13288,14.152140000000001,14.17149,14.19084,14.21028,14.22981,14.24943,14.26905,14.28876,14.30856,14.32854,14.34852,14.36859,14.38884,14.409180000000001,14.429610000000002,14.450130000000001,14.470830000000001,14.491620000000001,14.51259,14.533739999999998,14.55498,14.576400000000001,14.597909999999999,14.61969,14.64156,14.66361,14.685929999999999,14.708340000000002,14.730929999999999,14.75379,14.776830000000002,14.799960000000002,14.823450000000001,14.84703,14.87088,14.894910000000001,14.91921,14.94369,14.96844,14.993460000000002,15.01866,15.044039999999999,15.06978,15.0957,15.12189,15.148259999999999,15.174900000000001,15.201899999999998,15.22908,15.25653,15.284250000000002,15.312240000000001,15.340409999999999,15.36894,15.397739999999999,15.42681,15.45606,15.485669999999999,15.51555,15.5457,15.57612,15.606810000000001,15.63777,15.669,15.7005,15.73227,15.764399999999998,15.796710000000001,15.82938,15.86223,15.89544,15.92883,15.96258,15.9966,16.030890000000003,16.065360000000002,16.10019,16.13529,16.17066,16.206210000000002,16.24212,16.2783,16.314660000000003,16.35138,16.388279999999998,16.425449999999998
15.40008,15.323849999999998,15.24735,15.170490000000001,15.093449999999999,15.01614,14.938469999999999,14.86053,14.782320000000002,14.70384,14.625,14.545979999999998,14.466600000000001,14.38695,14.306939999999999,14.22675,14.1462,14.065290000000001,13.984200000000001,13.90275,13.82103,13.73904,13.656780000000001,13.574160000000001,13.49136,13.4082,13.324770000000001,13.24116,13.15728,13.07313,12.988710000000001,12.90411,12.81933,12.73437,12.649230000000001,12.56391,12.4785,12.393,12.307409999999999,12.22173,12.136140000000001,12.05064,11.965140000000002,11.87982,11.79468,11.70981,11.6253,11.54115,11.457540000000002,11.374469999999999,11.292119999999999,11.21058,11.12994,11.05038,10.971900000000002,10.89486,10.81917,10.745190000000001,10.67301,10.602810000000002,10.53486,10.46916,10.406070000000001,10.34577,10.28844,10.234259999999999,10.18341,10.13607,10.09251,10.05273,10.01691,9.98523,9.95778,9.93456,9.91566,9.90099,9.89073,9.8847,9.882810000000001,9.884970000000001,9.89109,9.90099,9.91449,9.931410000000001,9.95148,9.97461,10.00044,10.02879,10.059479999999999,10.09224,10.126890000000001,10.16307,10.20069,10.23948,10.27926,10.31985,10.36098,10.40274,10.44468,10.48689,10.52901,10.57113,10.613069999999999,10.65465,10.69596,10.736730000000001,10.776959999999999,10.81656,10.85553,10.893690000000001,10.93113,10.96776,11.003580000000001,11.0385,11.07243,11.105459999999999,11.13759,11.16864,11.1987,11.227770000000001,11.25585,11.28285,11.30877,11.3337,11.35755,11.380320000000001,11.40201,11.42262,11.44215,11.46069,11.47806,11.49435,11.50965,11.52378,11.53683,11.54889,11.559780000000002,11.56968,11.5785,11.58615,11.59281,11.59839,11.60289,11.606309999999999,11.608740000000001,11.610000000000001,11.61027,11.60946,11.60766,11.60469,11.60073,11.595690000000001,11.58957,11.582460000000001,11.57427,11.565,11.55474,11.543310000000002,11.530980000000001,11.51748,11.50299,11.48733,11.47077,11.45304,11.434320000000001,11.414520000000001,11.39364,11.371770000000001,11.34873,11.3247,11.29968,11.27349,11.246310000000001,11.21805,11.18871,11.15829,11.126880000000002,11.09439,11.06091,11.02635,10.99071,10.954170000000001,10.91655,10.877849999999999,10.83825,10.79766,10.75608,10.7136,10.67022,10.62585,10.58076,10.53477,10.48797,10.44045,10.39221,10.34334,10.29393,10.243979999999999,10.19358,10.14291,10.091880000000002,10.04067,9.98946,9.93834,9.887310000000001,9.836640000000001,9.78642,9.73683,9.68805,9.64017,9.59346,9.54801,9.50409,9.461879999999999,9.42147,9.383220000000001,9.34713,9.31356,9.28251,9.25425,9.22887,9.20646,9.1872,9.17109,9.15822,9.14859,9.14229,9.139140000000001,9.139140000000001,9.142199999999999,9.14823,9.15705,9.168660000000001,9.1827,9.19908,9.21762,9.23805,9.26028,9.284040000000001,9.30906,9.33525,9.36234,9.39015,9.4185,9.44721,9.47619,9.50517,9.53406,9.56268,9.591030000000002,9.61884,9.6462,9.67275,9.698670000000002,9.72369,9.7479,9.77103,9.79326,9.81441,9.834389999999999,9.853290000000001,9.870930000000001,9.887490000000001,9.902700000000001,9.916739999999999,9.92943,9.94095,9.951120000000001,9.95994,9.9675,9.97362,9.978570000000001,9.982080000000002,9.98424,9.98514,9.984689999999999,9.982800000000001,9.97965,9.975150000000001,9.96939,9.962190000000001,9.95382,9.94401,9.93294,9.92061,9.90702,9.89217,9.87606,9.858780000000001,9.84033,9.82071,9.79992,9.77805,9.7551,9.731160000000001,9.706320000000002,9.68058,9.65394,9.626579999999999,9.5985,9.569790000000001,9.54063,9.51111,9.481230000000002,9.451260000000001,9.4212,9.39123,9.36162,9.332370000000001,9.30375,9.27585,9.24903,9.22329,9.19899,9.17631,9.155339999999999,9.13635,9.11952,9.10512,9.093150000000001,9.083969999999999,9.07767,9.074430000000001,9.074160000000001,9.07713,9.083430000000002,9.09288,9.10575,9.121770000000001,9.14112,9.16353,9.18909,9.21753,9.248850000000001,9.282869999999999,9.31932,9.3582,9.39915,9.44217,9.48699,9.533430000000001,9.58131,9.63045,9.68076,9.73197,9.783990000000001,9.836730000000001,9.88992,9.943560000000002,9.99747,10.05165,10.105830000000001,10.16001,10.2141,10.26801,10.32174,10.375200000000001,10.4283,10.48104,10.53342,10.58526,10.63674,10.68759,10.737990000000002,10.78785,10.83717,10.88595,10.934099999999999,10.98171,11.028780000000001,11.07522,11.121030000000001,11.16639,11.21103,11.255220000000001,11.29878,11.34171,11.38419,11.42604,11.46744,11.50821,11.54853,11.58822,11.62746,11.66625,11.704500000000001,11.742210000000002,11.77956,11.816370000000001,11.852730000000001,11.88864,11.924100000000001,11.95911,11.99376,12.02796,12.0618,12.09519,12.12822,12.1608,12.19311,12.224969999999999,12.25647,12.287700000000001,12.318570000000001,12.34908,12.37923,12.40911,12.43863,12.46788,12.496770000000001,12.52539,12.553740000000001,12.581819999999999,12.60954,12.637080000000001,12.66426,12.69126,12.71799,12.74445,12.77064,12.796650000000001,12.8223,12.847859999999999,12.87306,12.89817,12.922920000000001,12.94758,12.97197,12.996089999999999,13.02012,13.04388,13.067459999999999,13.090860000000001,13.11408,13.13712,13.15998,13.18266,13.20516,13.22748,13.24962,13.27167,13.29354,13.315230000000001,13.33683,13.35825,13.37949,13.40064,13.421610000000001,13.44249,13.46328,13.48389,13.50441,13.52484,13.54518,13.565339999999999,13.585500000000001,13.60548,13.62537,13.64526,13.66497,13.68468,13.704210000000002,13.72374,13.74327,13.76262,13.78197,13.80132,13.82058,13.83975,13.85901,13.87809,13.89726,13.91634,13.93542,13.954500000000001,13.97358,13.99266,14.01174,14.03082,14.049900000000001,14.069070000000002,14.08824,14.10741,14.126579999999999,14.14584,14.16519,14.18454,14.20398,14.22342,14.24295,14.26257,14.28228,14.30208,14.32197,14.341949999999999,14.362020000000001,14.38218,14.40243,14.422860000000002,14.443380000000001,14.464080000000001,14.48487,14.50584,14.5269,14.54814,14.569470000000003,14.59098,14.61276,14.63463,14.65659,14.67882,14.701230000000002,14.72382,14.746680000000001,14.76963,14.79276,14.81616,14.839740000000003,14.86359,14.887619999999998,14.91183,14.93631,14.96106,14.98599,15.011099999999999,15.036480000000001,15.062130000000002,15.088050000000003,15.114150000000002,15.14061,15.16725,15.194070000000002,15.221250000000001,15.248610000000001,15.276330000000002,15.30423,15.332490000000002,15.36093,15.38964,15.418619999999999,15.447870000000002,15.47748,15.50727,15.53733,15.56775,15.598349999999998,15.62931,15.66045,15.691950000000002,15.723630000000002,15.75567,15.787980000000001,15.820559999999999,15.853409999999998,15.886530000000002,15.919920000000001,15.953579999999999,15.98751,16.02171,16.05618,16.09101,16.12602,16.1613,16.19685,16.232670000000002,16.26876,16.305120000000002,16.34166,16.37856,16.41564
15.392790000000002,15.31638,15.23979,15.162840000000001,15.08562,15.00804,14.930280000000002,14.852160000000001,14.773679999999999,14.694930000000001,14.61591,14.536530000000003,14.456879999999998,14.37687,14.29659,14.215950000000001,14.13504,14.05377,13.97223,13.89033,13.80807,13.72554,13.64265,13.5594,13.47588,13.392090000000001,13.30794,13.22352,13.13874,13.05369,12.96837,12.88278,12.79692,12.710880000000001,12.62448,12.53799,12.45123,12.36429,12.277260000000002,12.190140000000001,12.10284,12.01563,11.92833,11.84112,11.75409,11.66715,11.580480000000001,11.49417,11.40822,11.32281,11.23803,11.153880000000001,11.070630000000001,10.988370000000002,10.90719,10.82727,10.74879,10.67193,10.596870000000001,10.52379,10.45287,10.38447,10.31859,10.25559,10.19574,10.13904,10.08594,10.03653,9.99099,9.94959,9.912420000000001,9.87957,9.85131,9.82755,9.80838,9.79389,9.783990000000001,9.77868,9.77778,9.78129,9.78894,9.80073,9.8163,9.83547,9.85806,9.883799999999999,9.91233,9.943560000000002,9.97722,10.01295,10.050569999999999,10.089720000000002,10.130310000000001,10.172070000000001,10.21482,10.25829,10.302299999999999,10.34676,10.391399999999999,10.43613,10.480770000000001,10.52532,10.569510000000001,10.61325,10.65663,10.69938,10.7415,10.7829,10.82349,10.86336,10.90224,10.94031,10.97748,11.01357,11.048760000000001,11.08287,11.11599,11.14803,11.17908,11.20896,11.23776,11.26548,11.292119999999999,11.317680000000001,11.34207,11.36538,11.38752,11.40858,11.42856,11.447370000000001,11.465100000000001,11.481660000000002,11.49723,11.51154,11.52486,11.53701,11.54808,11.55807,11.566980000000001,11.57472,11.58138,11.58696,11.591460000000001,11.59488,11.59722,11.59848,11.59866,11.597760000000001,11.59578,11.592720000000002,11.58858,11.58336,11.577060000000001,11.56968,11.56131,11.551770000000001,11.54115,11.52954,11.51685,11.50299,11.48814,11.47221,11.4552,11.43702,11.417850000000001,11.3976,11.37627,11.35386,11.33037,11.30571,11.28006,11.25324,11.22543,11.19645,11.16639,11.135250000000001,11.10312,11.06973,11.03535,10.999889999999999,10.96335,10.92573,10.88712,10.84734,10.80657,10.76472,10.72197,10.678139999999999,10.63332,10.5876,10.54089,10.49337,10.44495,10.39563,10.345680000000002,10.294920000000001,10.24362,10.1916,10.139130000000002,10.086300000000001,10.03302,9.979560000000001,9.92601,9.87246,9.819,9.76581,9.71307,9.66087,9.60948,9.55908,9.50976,9.46179,9.41535,9.370709999999999,9.32805,9.28755,9.249390000000002,9.213840000000001,9.18117,9.151290000000001,9.12465,9.10116,9.08109,9.06453,9.05139,9.04176,9.035730000000001,9.03321,9.034020000000002,9.038250000000001,9.045630000000001,9.05607,9.06948,9.085500000000001,9.104040000000001,9.124830000000001,9.147689999999999,9.17244,9.198720000000002,9.22644,9.25524,9.284939999999999,9.31545,9.34641,9.377730000000001,9.40923,9.44073,9.47205,9.50301,9.533610000000001,9.56367,9.59301,9.62163,9.64944,9.676260000000001,9.70218,9.727020000000001,9.75069,9.77328,9.794699999999999,9.814770000000001,9.83367,9.85131,9.867510000000001,9.88245,9.89604,9.90828,9.919080000000001,9.92853,9.93663,9.94329,9.94851,9.95229,9.95472,9.9558,9.955350000000001,9.95355,9.95031,9.945720000000001,9.93969,9.932220000000001,9.9234,9.91323,9.90162,9.88866,9.87444,9.858780000000001,9.84186,9.823680000000001,9.80415,9.78345,9.76149,9.73836,9.71406,9.68868,9.66222,9.63486,9.60651,9.57726,9.54729,9.51669,9.485370000000001,9.45369,9.421560000000001,9.38916,9.35676,9.32436,9.29223,9.26046,9.22923,9.19881,9.16938,9.141210000000001,9.11439,9.08919,9.06588,9.04473,9.025830000000001,9.009450000000001,8.995869,8.985177,8.977572,8.973198,8.97219,8.974647000000001,8.980623,8.990154,9.00324,9.01989,9.040049999999999,9.06363,9.09045,9.120510000000001,9.153540000000001,9.18945,9.22806,9.2691,9.31248,9.357840000000001,9.405180000000001,9.45414,9.50463,9.55638,9.6093,9.663120000000001,9.71775,9.773010000000001,9.82872,9.8847,9.941040000000001,9.99747,10.0539,10.11024,10.1664,10.222380000000001,10.27809,10.333440000000001,10.388340000000001,10.44279,10.49679,10.55034,10.60326,10.655640000000002,10.70739,10.758600000000001,10.80918,10.85922,10.90854,10.95723,11.005379999999999,11.052810000000001,11.09961,11.14587,11.191410000000001,11.23641,11.28078,11.324520000000001,11.36763,11.410290000000002,11.45223,11.49372,11.53458,11.574900000000001,11.614680000000002,11.653920000000001,11.69262,11.73087,11.76858,11.80584,11.84256,11.87883,11.91474,11.95011,11.985030000000002,12.0195,12.053609999999999,12.08727,12.12057,12.15342,12.18591,12.21804,12.24972,12.28113,12.31218,12.34278,12.37311,12.40317,12.43287,12.46221,12.49119,12.51999,12.54843,12.57651,12.60441,12.631950000000002,12.65931,12.68631,12.713040000000001,12.73959,12.765870000000001,12.79179,12.81762,12.84309,12.86838,12.89349,12.918330000000001,12.9429,12.96729,12.9915,13.015440000000002,13.03929,13.06287,13.08618,13.1094,13.13244,13.1553,13.17789,13.20039,13.222710000000001,13.24485,13.26681,13.288680000000001,13.31037,13.33188,13.35321,13.37454,13.3956,13.41657,13.43745,13.45815,13.47876,13.49919,13.519620000000002,13.53987,13.560030000000001,13.5801,13.59999,13.61988,13.63968,13.65939,13.67901,13.69854,13.71807,13.73751,13.75686,13.77612,13.795380000000002,13.81464,13.833810000000001,13.85298,13.87206,13.89114,13.91022,13.929210000000001,13.948290000000002,13.96728,13.98636,14.00535,14.02443,14.04351,14.06259,14.08167,14.10084,14.12001,14.139180000000001,14.15844,14.17779,14.19714,14.21658,14.23611,14.255730000000002,14.27535,14.29515,14.31495,14.33493,14.35491,14.375070000000001,14.39532,14.41575,14.436179999999998,14.456879999999998,14.477580000000001,14.498550000000002,14.51952,14.540760000000002,14.56209,14.5836,14.605290000000002,14.627070000000002,14.649120000000002,14.671260000000002,14.693670000000001,14.716260000000002,14.73894,14.761890000000001,14.785020000000001,14.808420000000002,14.832,14.85576,14.879700000000001,14.90391,14.92839,14.95305,14.97789,15.003090000000002,15.02838,15.054030000000001,15.079860000000002,15.105960000000001,15.132330000000001,15.15888,15.18579,15.212879999999998,15.240239999999998,15.267870000000002,15.295770000000001,15.323939999999999,15.35229,15.381,15.40998,15.439139999999998,15.46866,15.498450000000002,15.528510000000002,15.558840000000002,15.58944,15.62022,15.65145,15.68286,15.71454,15.74649,15.77871,15.811290000000001,15.844050000000001,15.877080000000001,15.91047,15.94404,15.97797,16.01208,16.04655,16.08129,16.116210000000002,16.151490000000003,16.18695,16.22268,16.258770000000002,16.29504,16.331580000000002,16.36839,16.40547
15.385679999999999,15.309180000000001,15.232410000000002,15.155370000000001,15.07797,15.00021,14.922270000000001,14.843880000000002,14.76522,14.686290000000001,14.607000000000001,14.52735,14.447340000000002,14.36706,14.28642,14.20542,14.12406,14.042340000000001,13.96035,13.87791,13.7952,13.71204,13.62852,13.54473,13.46049,13.37598,13.29111,13.20579,13.1202,13.03425,12.94794,12.861270000000001,12.77433,12.68712,12.599549999999999,12.51162,12.42351,12.33522,12.24657,12.157829999999999,12.06891,11.9799,11.89071,11.80161,11.71242,11.62341,11.53449,11.44575,11.357460000000001,11.26944,11.18205,11.0952,11.00916,10.92393,10.83987,10.75689,10.67535,10.59543,10.51722,10.440990000000001,10.36701,10.29546,10.22652,10.16064,10.09782,10.03851,9.982890000000001,9.93114,9.88353,9.84024,9.801449999999999,9.76734,9.73809,9.7137,9.69435,9.67995,9.67041,9.66591,9.66618,9.67113,9.68058,9.69435,9.71217,9.73395,9.75924,9.78786,9.819450000000002,9.85383,9.89064,9.92961,9.97047,10.01295,10.05687,10.10187,10.14777,10.1943,10.241370000000002,10.28871,10.33623,10.38366,10.431000000000001,10.47798,10.524600000000001,10.570770000000001,10.61622,10.661130000000002,10.70514,10.74843,10.79091,10.8324,10.8729,10.9125,10.95102,10.98846,11.02482,11.0601,11.0943,11.12733,11.15928,11.19006,11.21967,11.248199999999999,11.27547,11.30166,11.326590000000001,11.350439999999999,11.37312,11.394630000000001,11.41506,11.434230000000001,11.45232,11.469149999999999,11.484990000000002,11.49957,11.513069999999999,11.5254,11.53665,11.54673,11.55564,11.56347,11.57022,11.57589,11.580390000000001,11.58372,11.58606,11.587230000000002,11.58732,11.58633,11.58417,11.58102,11.5767,11.571299999999999,11.564820000000001,11.557260000000001,11.54862,11.53881,11.52801,11.51604,11.50299,11.48886,11.473650000000001,11.45736,11.4399,11.42136,11.40183,11.38104,11.359259999999999,11.336310000000001,11.312280000000001,11.28708,11.260800000000001,11.23344,11.20491,11.17521,11.14452,11.112570000000002,11.079630000000002,11.045430000000001,11.01015,10.97379,10.93626,10.89765,10.85787,10.8171,10.775070000000001,10.732050000000001,10.68795,10.64277,10.596599999999999,10.54935,10.50111,10.451970000000001,10.401840000000002,10.35081,10.29897,10.24632,10.19295,10.13886,10.084230000000002,10.02906,9.97353,9.91764,9.86157,9.80541,9.74934,9.69354,9.63801,9.58311,9.52893,9.475740000000002,9.423630000000001,9.37287,9.323730000000001,9.27648,9.23121,9.188279999999999,9.147870000000001,9.11025,9.0756,9.0441,9.015929999999999,8.991342,8.970363,8.953137,8.939718000000001,8.930142,8.924418,8.922501,8.924301,8.929728,8.938638000000001,8.950851,8.966187,8.984421,9.005310000000001,9.02862,9.05418,9.08163,9.1107,9.141210000000001,9.17289,9.205470000000002,9.23886,9.27261,9.30672,9.34092,9.37512,9.40896,9.44244,9.47547,9.50778,9.53937,9.57006,9.59985,9.62865,9.65628,9.68283,9.70812,9.732149999999999,9.75492,9.776430000000001,9.7965,9.81522,9.832500000000001,9.84843,9.86283,9.87579,9.887400000000001,9.89739,9.906030000000001,9.91314,9.91872,9.92286,9.925559999999999,9.92664,9.92637,9.924570000000001,9.921240000000001,9.91647,9.91017,9.90243,9.89325,9.88263,9.87048,9.85698,9.841949999999999,9.825569999999999,9.80775,9.788580000000001,9.76806,9.74619,9.72306,9.69858,9.67284,9.645930000000002,9.61794,9.58878,9.558629999999999,9.52749,9.49554,9.46278,9.429300000000001,9.39519,9.36072,9.32589,9.29088,9.25587,9.22104,9.186480000000001,9.15255,9.119340000000001,9.08712,9.05616,9.02664,8.998821,8.972973,8.949339,8.928171,8.909712,8.894187,8.881803,8.872758000000001,8.867214,8.865324000000001,8.867178000000001,8.872875,8.882442,8.895888000000001,8.913177000000001,8.934263999999999,8.959032,8.987373,9.01908,9.05409,9.09216,9.13302,9.17649,9.22239,9.27054,9.32058,9.37233,9.425609999999999,9.48015,9.53586,9.59238,9.649799999999999,9.70767,9.76599,9.82467,9.88344,9.942300000000001,10.00107,10.059750000000001,10.118070000000001,10.176210000000001,10.2339,10.29114,10.34793,10.40427,10.45998,10.51506,10.5696,10.623510000000001,10.6767,10.72926,10.78119,10.8324,10.88289,10.93275,10.98189,11.0304,11.078190000000001,11.12535,11.17179,11.217600000000001,11.262780000000001,11.30733,11.35116,11.39445,11.43711,11.479140000000001,11.52063,11.561490000000001,11.60181,11.64159,11.68083,11.719529999999999,11.75769,11.79531,11.83248,11.869110000000001,11.905289999999999,11.94102,11.9763,12.01104,12.045420000000002,12.07935,12.11292,12.14604,12.17871,12.21102,12.242970000000001,12.274469999999999,12.3057,12.33657,12.36699,12.39714,12.42693,12.45645,12.48561,12.51441,12.54294,12.571200000000001,12.5991,12.62682,12.65418,12.68127,12.70809,12.73464,12.76092,12.786930000000002,12.81276,12.83832,12.86361,12.888630000000001,12.91356,12.938130000000001,12.96252,12.986730000000001,13.010670000000001,13.034519999999999,13.058010000000001,13.08141,13.10463,13.12758,13.15044,13.173029999999999,13.19553,13.21776,13.2399,13.26186,13.28364,13.30524,13.326749999999999,13.348080000000001,13.36932,13.39038,13.41135,13.43214,13.45275,13.47336,13.49379,13.514130000000002,13.53429,13.55445,13.574430000000001,13.59432,13.61421,13.63392,13.653540000000001,13.67316,13.69269,13.71204,13.73148,13.75074,13.770000000000001,13.78926,13.808430000000001,13.82751,13.846589999999999,13.86567,13.88475,13.90374,13.92273,13.94172,13.96071,13.9797,13.99869,14.01768,14.036669999999999,14.05575,14.07483,14.093910000000001,14.112990000000002,14.13216,14.151420000000002,14.17068,14.19003,14.20938,14.22891,14.24844,14.26806,14.28777,14.30757,14.32746,14.347439999999999,14.367600000000001,14.38776,14.408100000000001,14.42853,14.449140000000002,14.469840000000001,14.49072,14.511779999999998,14.53293,14.55417,14.57568,14.597280000000001,14.619060000000001,14.641110000000001,14.663250000000001,14.68557,14.708070000000001,14.73075,14.7537,14.776830000000002,14.80014,14.823630000000001,14.84739,14.871330000000002,14.89545,14.91984,14.944500000000001,14.96934,14.994449999999999,15.01974,15.0453,15.07113,15.09723,15.12351,15.150060000000002,15.176879999999999,15.20397,15.231240000000001,15.25887,15.286679999999999,15.314760000000001,15.3432,15.37182,15.400709999999998,15.429870000000001,15.459389999999999,15.489090000000001,15.519060000000001,15.5493,15.5799,15.610679999999999,15.64182,15.67314,15.70482,15.73677,15.7689,15.80139,15.83415,15.86718,15.900480000000002,15.93405,15.96789,16.002000000000002,16.03638,16.07103,16.10595,16.14114,16.1766,16.21233,16.24824,16.28451,16.32105,16.357770000000002,16.39476
15.378839999999999,15.30225,15.225300000000002,15.14808,15.070500000000001,14.992650000000001,14.91444,14.835870000000002,14.75703,14.677739999999998,14.59818,14.51826,14.437980000000001,14.35734,14.276340000000001,14.19498,14.11326,14.03109,13.94856,13.86567,13.782330000000002,13.698720000000002,13.61457,13.53006,13.44519,13.35987,13.27419,13.18815,13.10157,13.01472,12.92742,12.83967,12.75156,12.66309,12.574259999999999,12.48507,12.395520000000001,12.3057,12.215520000000001,12.125070000000001,12.034440000000002,11.94354,11.85246,11.7612,11.66994,11.57859,11.48733,11.39616,11.30526,11.21463,11.124360000000001,11.03463,10.94562,10.857330000000001,10.77003,10.683900000000001,10.59903,10.515690000000001,10.43406,10.354500000000002,10.27701,10.20213,10.12986,10.06074,9.99477,9.93249,9.873990000000001,9.81963,9.769680000000001,9.72432,9.68373,9.64827,9.61785,9.59283,9.57312,9.55872,9.54981,9.54612,9.547649999999999,9.55413,9.56556,9.58158,9.602010000000002,9.62649,9.65484,9.68661,9.72162,9.75942,9.79974,9.842220000000001,9.88668,9.93276,9.98019,10.0287,10.07793,10.12788,10.17819,10.22868,10.27917,10.32957,10.3797,10.42938,10.47861,10.52712,10.575000000000001,10.621979999999999,10.66815,10.713420000000001,10.7577,10.800989999999999,10.843110000000001,10.88424,10.9242,10.963080000000001,11.0007,11.03715,11.072519999999999,11.10654,11.13948,11.17116,11.20158,11.230830000000001,11.25891,11.285730000000001,11.31129,11.33568,11.3589,11.38086,11.40165,11.421270000000002,11.43963,11.456819999999999,11.47293,11.48778,11.501460000000002,11.51397,11.52531,11.53557,11.54466,11.55258,11.559330000000001,11.565,11.569500000000001,11.572830000000002,11.57508,11.576250000000002,11.576250000000002,11.57517,11.57292,11.56959,11.56509,11.5596,11.55285,11.54511,11.5362,11.52621,11.51505,11.5029,11.48949,11.47509,11.45952,11.44287,11.42505,11.406060000000002,11.38608,11.36484,11.34252,11.31912,11.294550000000001,11.26881,11.2419,11.21391,11.184750000000001,11.15442,11.12292,11.09025,11.0565,11.02149,10.98531,10.94805,10.90953,10.86984,10.82907,10.78704,10.74393,10.69965,10.6542,10.60767,10.55997,10.51128,10.46142,10.41057,10.358730000000001,10.305900000000001,10.25208,10.197450000000002,10.14201,10.08576,10.028880000000001,9.97137,9.913319999999999,9.85491,9.796230000000001,9.73737,9.67851,9.61983,9.56142,9.50355,9.4464,9.39015,9.33498,9.28125,9.22923,9.17901,9.13104,9.085410000000001,9.042480000000001,9.00252,8.965683,8.932302,8.902539,8.876592,8.854596,8.836677000000002,8.822916000000001,8.813349,8.807976,8.806761,8.809605,8.816391,8.826957,8.841114000000001,8.858628,8.879274,8.902773000000002,8.928863999999999,8.957259,8.98767,9.0198,9.053460000000001,9.0882,9.123930000000001,9.160290000000002,9.197189999999999,9.23427,9.271350000000002,9.30825,9.34488,9.381060000000002,9.41652,9.451260000000001,9.48519,9.51813,9.549990000000001,9.580680000000001,9.61029,9.63855,9.66555,9.69111,9.71532,9.73818,9.75951,9.77931,9.79767,9.814589999999999,9.82989,9.84366,9.8559,9.86661,9.8757,9.88335,9.889289999999999,9.893790000000001,9.89667,9.89793,9.89766,9.89586,9.89253,9.88758,9.8811,9.873000000000001,9.86346,9.8523,9.8397,9.825479999999999,9.80982,9.792539999999999,9.77391,9.75375,9.732149999999999,9.70902,9.68463,9.6588,9.63162,9.60318,9.57339,9.54252,9.510390000000001,9.47727,9.44316,9.408150000000001,9.37233,9.335880000000001,9.298800000000002,9.26136,9.223650000000001,9.18576,9.148050000000001,9.11061,9.07362,9.03744,9.00216,8.968176,8.935686,8.904969000000001,8.876313,8.850006,8.826309,8.80551,8.787861000000001,8.773605,8.762958000000001,8.756118,8.753238000000001,8.754444,8.759826,8.769429,8.783253,8.801262000000001,8.823393000000001,8.84952,8.879499000000001,8.913159,8.950293,8.990685,9.03411,9.08028,9.12897,9.18,9.23301,9.28773,9.34407,9.401670000000001,9.46035,9.51984,9.58014,9.64089,9.70209,9.76338,9.82485,9.886230000000001,9.947519999999999,10.00854,10.0692,10.1295,10.18926,10.24857,10.30734,10.36539,10.4229,10.47969,10.53585,10.59129,10.64592,10.69992,10.753110000000001,10.80558,10.857330000000001,10.90827,10.95858,11.00808,11.05686,11.104920000000002,11.152260000000002,11.198970000000001,11.24487,11.290140000000001,11.33478,11.37879,11.422080000000001,11.46474,11.50677,11.54826,11.58912,11.62935,11.66904,11.70819,11.7468,11.784870000000002,11.8224,11.85939,11.895930000000002,11.93193,11.96748,12.00258,12.037230000000001,12.07143,12.10518,12.13857,12.17151,12.204,12.236130000000001,12.267900000000001,12.299220000000002,12.33018,12.36087,12.39111,12.42108,12.4506,12.479940000000001,12.50883,12.53745,12.5658,12.59379,12.621509999999999,12.648959999999999,12.67614,12.702960000000001,12.7296,12.75588,12.781979999999999,12.80781,12.83337,12.85866,12.88377,12.908610000000001,12.93327,12.957659999999999,12.98187,13.00581,13.02957,13.05315,13.07646,13.09968,13.122630000000001,13.1454,13.16799,13.1904,13.21263,13.23477,13.256639999999999,13.27842,13.30002,13.32144,13.34277,13.36392,13.38498,13.40586,13.42656,13.44726,13.467690000000001,13.48812,13.50837,13.528530000000002,13.5486,13.56858,13.588470000000001,13.60818,13.627889999999999,13.64751,13.667040000000002,13.686480000000001,13.70583,13.72518,13.744439999999999,13.76361,13.78278,13.80186,13.82094,13.84002,13.85901,13.878,13.8969,13.91589,13.934790000000001,13.953780000000002,13.97268,13.99158,14.01057,14.02956,14.04855,14.06754,14.08653,14.1057,14.124780000000001,14.14395,14.163210000000001,14.18247,14.20182,14.22126,14.2407,14.26032,14.27994,14.29974,14.31954,14.33952,14.35959,14.37975,14.40009,14.420430000000001,14.441040000000001,14.46165,14.48253,14.503499999999999,14.524560000000001,14.5458,14.56722,14.588820000000002,14.610600000000002,14.632560000000002,14.654610000000002,14.67693,14.69943,14.72211,14.744969999999999,14.76801,14.791319999999999,14.81472,14.838480000000002,14.86233,14.886450000000002,14.910839999999999,14.93541,14.960249999999998,14.985270000000002,15.01056,15.036120000000002,15.06186,15.087869999999999,15.114150000000002,15.14061,15.16743,15.19443,15.2217,15.24924,15.27705,15.305130000000002,15.33348,15.36201,15.3909,15.420060000000001,15.44949,15.479190000000001,15.50907,15.539309999999999,15.569820000000002,15.6006,15.63165,15.662970000000001,15.694560000000001,15.726420000000001,15.75864,15.79104,15.823710000000002,15.85674,15.88995,15.923519999999998,15.95727,15.991380000000001,16.02567,16.06032,16.09515,16.13034,16.16571,16.20135,16.23735,16.27353,16.30998,16.346700000000002,16.38369
15.372180000000002,15.2955,15.218370000000002,15.14106,15.063299999999998,14.985270000000002,14.90688,14.82813,14.74902,14.66955,14.58972,14.509440000000001,14.42889,14.34789,14.26653,14.18472,14.102549999999999,14.02002,13.93704,13.85361,13.76973,13.68549,13.600710000000001,13.51557,13.42998,13.34394,13.25745,13.170420000000002,13.08303,12.995190000000001,12.90681,12.81807,12.72879,12.63906,12.54897,12.45834,12.36735,12.275910000000001,12.18411,12.091949999999999,11.99943,11.90664,11.81349,11.72016,11.62656,11.53296,11.43918,11.3454,11.251800000000001,11.15829,11.065140000000001,10.97235,10.8801,10.78857,10.69785,10.60821,10.51983,10.4328,10.34757,10.26423,10.183050000000001,10.10439,10.028609999999999,9.9558,9.88641,9.8208,9.75915,9.70191,9.64926,9.601560000000001,9.55899,9.52191,9.49032,9.4644,9.44433,9.43002,9.421560000000001,9.41886,9.42174,9.43011,9.4437,9.462240000000001,9.485460000000002,9.51309,9.54468,9.580050000000002,9.61866,9.66024,9.70443,9.75087,9.7992,9.84915,9.900360000000001,9.95265,10.00557,10.05912,10.11285,10.16676,10.22049,10.27395,10.327050000000002,10.37961,10.43145,10.482569999999999,10.53288,10.5822,10.63053,10.67787,10.72404,10.76913,10.81305,10.8558,10.897200000000002,10.937429999999999,10.97649,11.0142,11.05065,11.08575,11.11968,11.152260000000002,11.18358,11.21364,11.24244,11.26989,11.29617,11.321100000000001,11.34477,11.36727,11.38851,11.40849,11.42721,11.44476,11.46105,11.476170000000002,11.490120000000001,11.50281,11.51433,11.52468,11.53386,11.54187,11.54871,11.55438,11.55888,11.56221,11.56446,11.56554,11.56545,11.56428,11.56194,11.558520000000001,11.553840000000001,11.54817,11.54133,11.53332,11.524140000000001,11.51397,11.50254,11.49003,11.47644,11.461680000000001,11.44575,11.42865,11.41047,11.39112,11.37069,11.34909,11.32623,11.30229,11.277180000000001,11.2509,11.22345,11.194830000000001,11.164950000000001,11.13399,11.10177,11.06838,11.03373,10.997910000000001,10.96083,10.92258,10.88316,10.84248,10.80054,10.757430000000001,10.71306,10.66752,10.62081,10.572840000000001,10.5237,10.47339,10.42191,10.36935,10.315710000000001,10.26099,10.20528,10.14849,10.09089,10.03239,9.973080000000001,9.91314,9.85257,9.79146,9.72999,9.66825,9.60642,9.54468,9.48321,9.422189999999999,9.361799999999999,9.30231,9.243900000000002,9.18693,9.131580000000001,9.0783,9.027180000000001,8.978607,8.932887000000001,8.890308,8.851131,8.815635,8.784054,8.756604,8.733456,8.714754,8.700597,8.691021,8.686035,8.685594,8.689581,8.697879,8.710281,8.72658,8.746524,8.769824999999999,8.796195,8.82531,8.856873,8.890551,8.92602,8.962992000000002,9.00117,9.040230000000001,9.079920000000001,9.12006,9.160290000000002,9.20043,9.24039,9.2799,9.31878,9.35694,9.39429,9.430560000000002,9.46584,9.49986,9.532710000000002,9.564119999999999,9.59427,9.62298,9.650160000000001,9.6759,9.70002,9.722700000000001,9.74376,9.763200000000001,9.781020000000002,9.79722,9.811890000000002,9.82485,9.83619,9.84582,9.85392,9.86031,9.86499,9.86814,9.869580000000001,9.869399999999999,9.867600000000001,9.864180000000001,9.85905,9.8523,9.84393,9.83394,9.822330000000001,9.809099999999999,9.79434,9.77787,9.759870000000001,9.74025,9.71901,9.69633,9.672030000000001,9.64629,9.619019999999999,9.59031,9.56025,9.52875,9.49599,9.461969999999999,9.42669,9.39033,9.35298,9.31473,9.27567,9.235890000000001,9.19566,9.15498,9.11412,9.073260000000001,9.032670000000001,8.992458,8.952975,8.914455,8.877168,8.841429,8.807526,8.775783,8.746506,8.720019,8.696628,8.676620999999999,8.660276999999999,8.647848,8.639559,8.635581,8.636058,8.641098,8.650737,8.665002,8.683821,8.707122,8.73477,8.766585000000001,8.802378,8.841897,8.884908000000001,8.931123,8.980263,9.03204,9.08622,9.142470000000001,9.20043,9.26001,9.32085,9.38277,9.4455,9.50895,9.57276,9.63684,9.7011,9.765270000000001,9.82935,9.89316,9.956700000000001,10.01979,10.08234,10.144260000000001,10.20564,10.26639,10.32642,10.38573,10.44423,10.50201,10.55898,10.61514,10.67049,10.72512,10.77885,10.83177,10.88388,10.93527,10.985850000000001,11.03562,11.08458,11.13282,11.18034,11.22714,11.27313,11.31849,11.36313,11.40705,11.45034,11.493,11.53503,11.57643,11.6172,11.657340000000001,11.696940000000001,11.73591,11.77443,11.812320000000001,11.84967,11.88657,11.922930000000001,11.95875,11.99421,12.02913,12.06351,12.09753,12.1311,12.16422,12.19698,12.22929,12.26115,12.29274,12.323879999999999,12.354659999999999,12.38508,12.415049999999999,12.444840000000001,12.47418,12.503160000000001,12.531870000000001,12.56031,12.58839,12.616200000000001,12.643650000000001,12.67083,12.69774,12.72438,12.75075,12.776850000000001,12.802679999999999,12.828330000000001,12.853620000000001,12.87873,12.90357,12.92823,12.95262,12.97683,13.00077,13.02453,13.04802,13.07142,13.09455,13.1175,13.140270000000001,13.16277,13.18518,13.20741,13.229460000000001,13.25133,13.27302,13.29462,13.316040000000001,13.33728,13.35834,13.37931,13.40019,13.42089,13.441410000000001,13.46193,13.48227,13.50243,13.522590000000001,13.54257,13.56246,13.58226,13.601970000000001,13.62159,13.64112,13.66065,13.68,13.69935,13.71861,13.73778,13.756950000000002,13.77603,13.79511,13.8141,13.83309,13.85199,13.870980000000001,13.88988,13.90869,13.92759,13.94649,13.96539,13.984200000000001,14.0031,14.022,14.04099,14.05989,14.07888,14.09796,14.117040000000001,14.13612,14.155289999999999,14.17455,14.19381,14.21316,14.2326,14.25213,14.27175,14.29146,14.31126,14.331150000000001,14.351130000000001,14.37129,14.39154,14.411880000000002,14.432400000000001,14.45301,14.4738,14.49468,14.51574,14.536980000000002,14.558309999999999,14.57991,14.601600000000001,14.623470000000001,14.645520000000001,14.66784,14.690250000000002,14.71284,14.735700000000001,14.75874,14.78196,14.805359999999999,14.829030000000001,14.85288,14.877,14.901299999999999,14.92578,14.950529999999999,14.975550000000002,15.00084,15.026310000000002,15.05205,15.07797,15.10416,15.130710000000002,15.15744,15.184350000000002,15.211620000000002,15.239070000000002,15.26688,15.29487,15.323220000000001,15.351750000000001,15.380550000000001,15.40971,15.43905,15.46866,15.498540000000002,15.528780000000001,15.5592,15.589979999999999,15.620940000000001,15.652260000000002,15.683850000000001,15.715620000000001,15.74775,15.78015,15.81282,15.84576,15.87897,15.91245,15.946200000000001,15.980220000000001,16.01451,16.04907,16.0839,16.119,16.15437,16.19001,16.225920000000002,16.26201,16.298460000000002,16.33518,16.37208
15.36579,15.28893,15.211800000000002,15.13422,15.05637,14.978159999999999,14.8995,14.820570000000002,14.741190000000001,14.661540000000002,14.58135,14.500890000000002,14.419980000000002,14.33862,14.2569,14.17473,14.0922,14.00913,13.925609999999999,13.84173,13.75731,13.67244,13.58712,13.50126,13.414950000000001,13.3281,13.2408,13.15296,13.06458,12.975750000000001,12.886289999999999,12.79638,12.70593,12.61503,12.5235,12.431519999999999,12.339,12.246030000000001,12.15252,12.05856,11.96415,11.869290000000001,11.77407,11.67849,11.58264,11.48652,11.39013,11.293740000000001,11.19717,11.10069,11.00439,10.90845,10.81278,10.717740000000001,10.623420000000001,10.530090000000001,10.43784,10.346940000000002,10.25766,10.17027,10.085130000000001,10.002419999999999,9.922500000000001,9.84582,9.77256,9.70326,9.63819,9.57762,9.522,9.47169,9.42687,9.3879,9.35487,9.32805,9.30753,9.293310000000002,9.28539,9.28377,9.28818,9.29853,9.31455,9.335880000000001,9.36225,9.3933,9.42867,9.46782,9.51048,9.5562,9.604619999999999,9.655289999999999,9.70794,9.762030000000001,9.81747,9.87372,9.93069,9.98802,10.04553,10.10304,10.16019,10.21698,10.27323,10.32876,10.38339,10.43721,10.49004,10.54179,10.592459999999999,10.641869999999999,10.69011,10.73709,10.782720000000001,10.82709,10.87011,10.91187,10.95219,10.99116,11.028780000000001,11.06505,11.099969999999999,11.13354,11.16567,11.19654,11.22606,11.25423,11.281139999999999,11.306700000000001,11.330910000000001,11.35386,11.37555,11.395890000000001,11.41506,11.43288,11.449530000000001,11.46492,11.47905,11.49192,11.503620000000002,11.51406,11.523420000000002,11.53143,11.538359999999999,11.544030000000001,11.54862,11.55195,11.55411,11.55519,11.555010000000001,11.55375,11.55132,11.54772,11.54295,11.5371,11.52999,11.5218,11.51253,11.501999999999999,11.49039,11.47761,11.463659999999999,11.44854,11.43234,11.41488,11.39634,11.37663,11.35575,11.33361,11.31039,11.28591,11.26026,11.23344,11.20536,11.17611,11.1456,11.11392,11.08098,11.04678,11.01141,10.97478,10.9368,10.89765,10.857149999999999,10.81548,10.77246,10.72818,10.682640000000001,10.635750000000002,10.58769,10.53828,10.4877,10.43577,10.382670000000001,10.3284,10.272870000000001,10.21617,10.15839,10.09953,10.03968,9.97884,9.9171,9.854550000000001,9.79128,9.72738,9.662939999999999,9.598230000000001,9.533339999999999,9.46836,9.40347,9.33903,9.27522,9.21213,9.15021,9.089730000000001,9.03087,8.97408,8.919594,8.867781,8.818965,8.773488,8.731665000000001,8.693802,8.660169,8.631027000000001,8.606574,8.586981000000002,8.572356,8.562762,8.55819,8.558595,8.56386,8.573823,8.588277,8.606961,8.629587,8.65584,8.685369000000001,8.717832,8.752869,8.790111000000001,8.829216,8.869842,8.911656,8.954343,8.997624,9.041220000000001,9.08487,9.12834,9.17145,9.21402,9.25587,9.29682,9.336780000000001,9.375660000000002,9.41328,9.449639999999999,9.48456,9.51804,9.550080000000001,9.5805,9.60939,9.636660000000001,9.66222,9.68616,9.70848,9.729000000000001,9.7479,9.765,9.78039,9.794160000000002,9.80613,9.81639,9.82485,9.83169,9.836730000000001,9.840060000000001,9.84168,9.84159,9.83979,9.83619,9.830969999999999,9.82404,9.81531,9.80487,9.792810000000001,9.77904,9.76347,9.74628,9.72747,9.706859999999999,9.68463,9.660779999999999,9.63531,9.608130000000001,9.57942,9.549180000000002,9.51741,9.484110000000001,9.44937,9.41328,9.37584,9.33714,9.29736,9.2565,9.21465,9.171990000000001,9.12879,9.08496,9.04095,8.99676,8.952714,8.909046,8.866017,8.823915,8.783055000000001,8.743752,8.706357,8.671203,8.638658999999999,8.609076,8.582805,8.560170000000001,8.541504,8.527077,8.517159,8.511957,8.511624,8.516276999999999,8.525988,8.54073,8.560476,8.5851,8.614457999999999,8.648334,8.686503,8.728686,8.774586,8.823906000000001,8.876313,8.931483000000002,8.98911,9.048869999999999,9.110430000000001,9.17352,9.237870000000001,9.3033,9.36945,9.43614,9.503190000000002,9.57042,9.63774,9.704880000000001,9.77175,9.83826,9.90432,9.96993,10.034820000000002,10.09908,10.16262,10.22535,10.287360000000001,10.34847,10.40877,10.46817,10.526760000000001,10.58445,10.641240000000002,10.69713,10.75221,10.80639,10.85967,10.912139999999999,10.96371,11.014470000000001,11.06442,11.11356,11.161890000000001,11.2095,11.2563,11.30229,11.34765,11.39229,11.436119999999999,11.47941,11.521889999999999,11.56383,11.60505,11.64573,11.68578,11.725200000000001,11.76408,11.80233,11.84004,11.8773,11.91393,11.95011,11.985750000000001,12.020940000000001,12.05568,12.089879999999999,12.12372,12.15702,12.18996,12.22245,12.25449,12.28617,12.31749,12.34836,12.378960000000001,12.40911,12.4389,12.46842,12.49749,12.526290000000001,12.554730000000001,12.5829,12.610800000000001,12.638340000000001,12.66552,12.69252,12.71916,12.74562,12.77172,12.797550000000001,12.8232,12.84849,12.8736,12.89844,12.9231,12.94749,12.9717,12.99564,13.019309999999999,13.042890000000002,13.0662,13.08924,13.11219,13.134960000000001,13.15746,13.17978,13.202010000000001,13.223970000000001,13.24584,13.26753,13.28904,13.31037,13.331610000000001,13.35267,13.373550000000002,13.39434,13.414950000000001,13.43547,13.455900000000002,13.47615,13.496310000000001,13.51638,13.53627,13.55616,13.57587,13.59558,13.615110000000001,13.63455,13.65399,13.673340000000001,13.6926,13.711770000000001,13.73094,13.75002,13.76901,13.788,13.806899999999999,13.82589,13.8447,13.8636,13.88241,13.90122,13.92003,13.93884,13.95765,13.976460000000001,13.99536,14.014170000000002,14.03307,14.05197,14.07087,14.08986,14.10885,14.12793,14.14701,14.16618,14.18544,14.204699999999999,14.22414,14.24358,14.26311,14.28273,14.30253,14.322330000000001,14.342310000000001,14.36238,14.38254,14.40288,14.42331,14.44392,14.46462,14.4855,14.506470000000002,14.52762,14.548950000000001,14.570459999999999,14.59215,14.61393,14.63598,14.65812,14.68053,14.70312,14.725890000000001,14.74884,14.77206,14.79546,14.81904,14.8428,14.866919999999999,14.89113,14.915610000000001,14.94036,14.96529,14.99049,15.01596,15.041610000000002,15.067530000000001,15.093720000000001,15.120180000000001,15.14682,15.17373,15.201,15.22845,15.256170000000001,15.284159999999998,15.312330000000001,15.340860000000001,15.369660000000001,15.39873,15.42807,15.45768,15.487560000000002,15.517710000000001,15.54813,15.57882,15.60978,15.641010000000001,15.672510000000003,15.70428,15.73641,15.768720000000002,15.80139,15.83424,15.867450000000002,15.90084,15.934590000000002,15.96861,16.00281,16.03737,16.072110000000002,16.10721,16.14258,16.17813,16.21404,16.250130000000002,16.28649,16.323120000000003,16.360020000000002
15.35967,15.28272,15.20541,15.12774,15.049710000000001,14.971229999999998,14.89248,14.813279999999999,14.73372,14.65371,14.57334,14.492610000000003,14.41134,14.32971,14.24754,14.165009999999999,14.08203,13.998510000000001,13.91454,13.83003,13.74507,13.65966,13.57362,13.48713,13.4001,13.31244,13.22433,13.13559,13.04631,12.9564,12.865950000000002,12.77487,12.68325,12.591000000000001,12.49812,12.4047,12.31065,12.21597,12.12075,12.02499,11.9286,11.831760000000001,11.73438,11.63646,11.53818,11.43945,11.34045,11.24109,11.14164,11.042010000000001,10.94247,10.843020000000001,10.74384,10.64502,10.54692,10.44954,10.353150000000001,10.25811,10.164510000000002,10.0728,9.98316,9.89604,9.81171,9.73062,9.65322,9.57978,9.510750000000002,9.44658,9.38772,9.334349999999999,9.28701,9.24588,9.21132,9.18342,9.162360000000001,9.14814,9.14085,9.140400000000001,9.14652,9.15912,9.17775,9.20223,9.23211,9.26703,9.30645,9.349920000000001,9.39708,9.4473,9.500399999999999,9.55566,9.6129,9.67167,9.73152,9.79218,9.85338,9.914850000000001,9.97632,10.03761,10.09845,10.15866,10.21824,10.27683,10.33452,10.39122,10.44666,10.50093,10.55385,10.6056,10.65582,10.70478,10.7523,10.798380000000002,10.843020000000001,10.886220000000002,10.92789,10.96821,11.007000000000001,11.04444,11.080350000000001,11.11491,11.14803,11.179710000000002,11.209950000000001,11.238840000000001,11.26638,11.292480000000001,11.31732,11.34072,11.362860000000001,11.383650000000001,11.403179999999999,11.42136,11.438279999999999,11.45385,11.46825,11.4813,11.49318,11.5038,11.513250000000001,11.521350000000002,11.52837,11.53413,11.538630000000001,11.541960000000001,11.544120000000001,11.54511,11.54493,11.54358,11.54106,11.53728,11.53242,11.526390000000001,11.5191,11.51073,11.50119,11.490480000000002,11.4786,11.46555,11.451329999999999,11.43585,11.41929,11.40156,11.38257,11.3625,11.34117,11.31858,11.29491,11.26998,11.24379,11.21634,11.18772,11.15784,11.1267,11.09439,11.06073,11.02581,10.98954,10.952010000000001,10.91322,10.873080000000002,10.83168,10.78884,10.74474,10.69938,10.65258,10.60443,10.55493,10.50417,10.451970000000001,10.39851,10.3437,10.28763,10.23021,10.17162,10.111680000000002,10.05066,9.98847,9.9252,9.860850000000001,9.7956,9.729540000000002,9.66276,9.595260000000001,9.52731,9.45909,9.390690000000001,9.32229,9.25425,9.18666,9.11979,9.05409,8.989686,8.927000999999999,8.866377,8.808164999999999,8.752743,8.700489000000001,8.651781,8.606988,8.566461,8.530515000000001,8.499464999999999,8.473527,8.452908,8.437743000000001,8.428104000000001,8.423982,8.425332000000001,8.432019,8.443854,8.460585,8.481933,8.507547,8.537067,8.570097,8.606250000000001,8.645112,8.686278,8.729352,8.773956,8.81973,8.866341,8.913456,8.960796,9.0081,9.05508,9.10161,9.14742,9.19233,9.23625,9.279,9.32049,9.36063,9.39933,9.4365,9.47205,9.506070000000001,9.53829,9.56889,9.59769,9.624780000000001,9.650070000000001,9.67356,9.695250000000001,9.715140000000002,9.73323,9.74943,9.76392,9.77652,9.787410000000001,9.79641,9.803609999999999,9.80892,9.81252,9.81432,9.81423,9.812429999999999,9.80883,9.80334,9.796140000000001,9.787139999999999,9.776340000000001,9.76374,9.74934,9.73314,9.715140000000002,9.69543,9.673919999999999,9.65061,9.62559,9.59877,9.57033,9.54009,9.508140000000001,9.47466,9.43947,9.40275,9.36441,9.32472,9.28359,9.241200000000001,9.19764,9.15291,9.10728,9.06084,9.013770000000001,8.966286,8.91855,8.870832,8.823402,8.77653,8.73054,8.685765,8.642574,8.601318,8.56242,8.526249000000002,8.493228,8.463744,8.438184,8.416908,8.400258000000001,8.388513,8.381934,8.380692,8.384931,8.394705,8.410022999999999,8.430804,8.456931,8.488215,8.524404,8.565237,8.610399,8.65953,8.712288000000001,8.768303999999999,8.8272,8.888625000000001,8.952228,9.01764,9.0846,9.15273,9.22185,9.29169,9.36189,9.43245,9.50301,9.57348,9.64368,9.71352,9.78282,9.85158,9.91971,9.98712,10.05363,10.11942,10.18431,10.24821,10.311300000000001,10.3734,10.43451,10.49463,10.55385,10.61217,10.669410000000001,10.725750000000001,10.78119,10.83564,10.889190000000001,10.941840000000001,10.99359,11.04444,11.094479999999999,11.14362,11.19204,11.23956,11.28636,11.33235,11.37762,11.422080000000001,11.465910000000001,11.509020000000001,11.551409999999999,11.59317,11.63421,11.67471,11.71458,11.75382,11.792430000000001,11.8305,11.868030000000001,11.90502,11.94147,11.97747,12.01284,12.04785,12.08232,12.11625,12.14982,12.18294,12.215610000000002,12.24783,12.27969,12.3111,12.34215,12.37284,12.403080000000001,12.43296,12.462570000000001,12.49173,12.52062,12.549150000000001,12.57741,12.605310000000001,12.632850000000001,12.660210000000001,12.68721,12.71385,12.740310000000001,12.76641,12.79233,12.81798,12.84327,12.86838,12.89322,12.91788,12.94227,12.96639,12.99033,13.014000000000001,13.03749,13.0608,13.083929999999999,13.10679,13.129470000000001,13.15197,13.17429,13.19643,13.21839,13.240169999999999,13.26177,13.28328,13.30452,13.32567,13.34673,13.36752,13.38831,13.40883,13.42935,13.44969,13.469850000000001,13.48992,13.5099,13.52979,13.54959,13.5693,13.58883,13.608360000000001,13.6278,13.64706,13.666319999999999,13.685580000000002,13.70466,13.72374,13.74273,13.76172,13.78062,13.799520000000001,13.81833,13.83714,13.85595,13.87467,13.89348,13.9122,13.93092,13.94973,13.96845,13.98717,14.005980000000001,14.02479,14.0436,14.0625,14.0814,14.1003,14.119290000000001,14.13837,14.157449999999999,14.17662,14.195879999999999,14.215140000000002,14.234580000000001,14.254109999999999,14.27364,14.29335,14.31315,14.33304,14.35302,14.37318,14.39343,14.41377,14.43429,14.45499,14.47578,14.496659999999999,14.51781,14.53905,14.56047,14.582160000000002,14.603940000000001,14.625900000000001,14.648040000000002,14.67036,14.69286,14.71554,14.73849,14.761620000000002,14.784930000000001,14.808510000000002,14.83227,14.856300000000001,14.88051,14.9049,14.92965,14.95449,14.979690000000002,15.00507,15.03072,15.056550000000001,15.082740000000001,15.109110000000001,15.13575,15.16257,15.189750000000002,15.217200000000002,15.24483,15.27282,15.30099,15.329520000000002,15.358229999999999,15.387210000000001,15.41655,15.446069999999999,15.47595,15.50601,15.53643,15.56703,15.59799,15.62922,15.660720000000001,15.692400000000001,15.72444,15.75675,15.789420000000002,15.822270000000001,15.855390000000002,15.88878,15.922440000000002,15.956459999999998,15.990659999999998,16.02513,16.05987,16.09497,16.13025,16.1658,16.20162,16.23771,16.274070000000002,16.3107,16.347510000000003
15.353909999999999,15.27678,15.199290000000001,15.12153,15.043320000000001,14.964660000000002,14.88573,14.80635,14.72652,14.646239999999999,14.565600000000002,14.484510000000002,14.40297,14.32098,14.23854,14.155560000000001,14.07213,13.98816,13.90374,13.81869,13.73319,13.647150000000002,13.56048,13.47327,13.38552,13.29714,13.20813,13.118490000000001,13.02822,12.937320000000001,12.84579,12.753630000000001,12.66075,12.56715,12.47292,12.37797,12.28239,12.18609,12.08907,11.991330000000001,11.893049999999999,11.79405,11.69433,11.59416,11.49327,11.39193,11.290140000000001,11.187809999999999,11.08521,10.98234,10.879380000000001,10.77633,10.67337,10.570680000000001,10.468350000000001,10.36674,10.26603,10.1664,10.06821,9.971639999999999,9.87723,9.785250000000001,9.696150000000001,9.61029,9.528120000000001,9.45018,9.37683,9.30861,9.24588,9.18918,9.13896,9.0954,9.058950000000001,9.02988,9.00819,8.994006,8.987390999999999,8.988201,8.996265000000001,9.01134,9.03303,9.061020000000001,9.09477,9.13392,9.17784,9.226170000000002,9.27819,9.33354,9.39159,9.45198,9.51426,9.57789,9.6426,9.70803,9.77382,9.83961,9.90531,9.970650000000001,10.03527,10.09926,10.16226,10.22418,10.28502,10.34451,10.40283,10.459620000000001,10.51506,10.56906,10.621440000000002,10.67238,10.72179,10.769670000000001,10.81593,10.86066,10.90377,10.94544,10.98549,11.02401,11.061,11.09655,11.13048,11.16306,11.19411,11.22372,11.251890000000001,11.27862,11.304,11.327940000000002,11.350439999999999,11.37168,11.39157,11.41011,11.427299999999999,11.443140000000001,11.45772,11.47104,11.4831,11.49381,11.50335,11.51163,11.518650000000001,11.52441,11.529,11.532330000000002,11.53449,11.53548,11.535210000000001,11.53377,11.531070000000001,11.5272,11.52225,11.51604,11.50857,11.50002,11.49021,11.47932,11.467170000000001,11.45385,11.43936,11.42361,11.40669,11.3886,11.369250000000001,11.34873,11.32704,11.30409,11.27988,11.25441,11.227770000000001,11.19978,11.17062,11.14011,11.10834,11.07522,11.04093,11.0052,10.96821,10.92987,10.890179999999999,10.849050000000002,10.80666,10.762830000000001,10.71765,10.67103,10.62297,10.57356,10.52271,10.47051,10.41678,10.3617,10.30518,10.24722,10.18791,10.12725,10.065240000000001,10.00197,9.93735,9.87156,9.8046,9.73656,9.66753,9.59769,9.52695,9.45567,9.38394,9.311850000000002,9.23976,9.167760000000001,9.09621,9.02529,8.955342,8.886762000000001,8.819874,8.755056000000002,8.692731,8.633313000000001,8.577225,8.524908,8.476785,8.433261000000002,8.394714,8.361477,8.333846999999999,8.312058,8.296263000000001,8.286552,8.282925,8.285328000000002,8.293599,8.307530999999999,8.326818,8.351136,8.38008,8.413245000000002,8.450163,8.490402000000001,8.533476,8.578944,8.626365,8.675307,8.725383,8.776224000000001,8.827479,8.878833,8.930007000000002,8.980758,9.03087,9.0801,9.12825,9.175320000000001,9.22095,9.26523,9.30798,9.34911,9.388620000000001,9.42633,9.462240000000001,9.496440000000002,9.52875,9.55917,9.5877,9.61434,9.639090000000001,9.661950000000001,9.682920000000001,9.70191,9.71901,9.73422,9.74754,9.75897,9.76842,9.77598,9.781740000000001,9.78552,9.7875,9.7875,9.7857,9.781920000000001,9.776340000000001,9.76887,9.75951,9.74826,9.73512,9.720180000000001,9.70326,9.68454,9.66393,9.64143,9.617040000000001,9.59076,9.56268,9.5328,9.50103,9.467459999999999,9.43209,9.39492,9.35613,9.31563,9.27351,9.22986,9.18477,9.138330000000002,9.09063,9.04185,8.992017,8.941437,8.890254,8.838711,8.787051,8.735544,8.684523,8.634303,8.585262,8.537787,8.49231,8.449245,8.409069,8.372214,8.339148,8.310312,8.28612,8.266959000000002,8.253171,8.245035,8.242776000000001,8.246547,8.25642,8.272386000000001,8.294355,8.322182999999999,8.355645,8.394462,8.438292,8.486775,8.539515000000002,8.596098000000001,8.656101,8.71911,8.784711,8.852517,8.92215,8.99325,9.065520000000001,9.1386,9.21231,9.28629,9.36045,9.43452,9.50841,9.58185,9.65475,9.727020000000001,9.79857,9.86931,9.93924,10.008180000000001,10.076220000000001,10.143180000000001,10.209240000000001,10.274220000000001,10.33812,10.40094,10.462769999999999,10.52352,10.58319,10.641869999999999,10.699560000000002,10.756170000000001,10.81179,10.86642,10.92015,10.97289,11.024730000000002,11.07558,11.125620000000001,11.17476,11.223090000000001,11.270520000000001,11.31723,11.36313,11.40822,11.452589999999999,11.49624,11.53908,11.58138,11.62287,11.66382,11.70405,11.74365,11.782710000000002,11.821140000000002,11.85894,11.8962,11.933010000000001,11.96919,12.00483,12.04002,12.07476,12.10896,12.142619999999999,12.175920000000001,12.208770000000001,12.24117,12.273119999999999,12.304710000000002,12.33585,12.36663,12.39705,12.42702,12.45672,12.48597,12.51495,12.54357,12.57183,12.599820000000001,12.62745,12.654720000000001,12.68181,12.70854,12.734910000000001,12.7611,12.78702,12.81258,12.83796,12.863069999999999,12.887910000000002,12.91248,12.93687,12.96099,12.98493,13.008600000000001,13.03209,13.05531,13.07835,13.10121,13.123890000000001,13.1463,13.16862,13.19067,13.21263,13.23432,13.25592,13.277339999999999,13.29858,13.31964,13.340610000000002,13.3614,13.382010000000001,13.40253,13.422960000000002,13.44321,13.463370000000001,13.483350000000002,13.50333,13.52313,13.54284,13.56246,13.5819,13.60134,13.62069,13.63995,13.65912,13.67829,13.697280000000001,13.71627,13.73526,13.75416,13.77297,13.79178,13.810500000000001,13.82931,13.84803,13.866660000000001,13.885380000000001,13.90401,13.92273,13.94136,13.959990000000001,13.978710000000001,13.99743,14.01615,14.034870000000002,14.05368,14.07249,14.09139,14.11029,14.12928,14.14836,14.167440000000001,14.18661,14.20587,14.22522,14.24457,14.264100000000001,14.283719999999999,14.30343,14.32323,14.34321,14.36328,14.38344,14.403780000000001,14.424210000000002,14.444820000000002,14.465520000000001,14.48649,14.50746,14.5287,14.55012,14.57163,14.59332,14.61528,14.63733,14.65965,14.682060000000002,14.70474,14.7276,14.75073,14.773950000000001,14.797440000000002,14.821200000000001,14.845139999999999,14.86926,14.893650000000001,14.918310000000002,14.943150000000001,14.968259999999999,14.993640000000001,15.0192,15.04503,15.07113,15.097499999999998,15.12405,15.15087,15.17805,15.20541,15.233039999999999,15.260940000000002,15.28911,15.31755,15.346260000000001,15.375240000000002,15.40449,15.43401,15.463799999999999,15.49386,15.524189999999999,15.55479,15.585659999999999,15.61689,15.6483,15.68007,15.712019999999999,15.744330000000001,15.77691,15.809760000000002,15.84279,15.87618,15.909840000000003,15.943769999999999,15.97797,16.012439999999998,16.04718,16.08219,16.11747,16.15302,16.188750000000002,16.22484,16.261200000000002,16.29774,16.33464
15.348329999999999,15.27111,15.193529999999999,15.115590000000001,15.037199999999999,14.958450000000001,14.879249999999999,14.7996,14.71959,14.63913,14.558219999999999,14.47686,14.394960000000001,14.312610000000001,14.22981,14.146469999999999,14.06259,13.97817,13.89321,13.80771,13.72158,13.634910000000001,13.547609999999999,13.459769999999999,13.37121,13.28202,13.1922,13.101659999999999,13.010489999999999,12.9186,12.825899999999999,12.732569999999999,12.63843,12.54357,12.4479,12.351420000000001,12.25422,12.15621,12.05739,11.95785,11.85741,11.75625,11.65428,11.551590000000001,11.44818,11.34414,11.23938,11.13408,11.02824,10.92195,10.8153,10.70847,10.601550000000001,10.494720000000001,10.388069999999999,10.28196,10.17648,10.071990000000001,9.96876,9.86715,9.767520000000001,9.67032,9.57582,9.48474,9.39735,9.31428,9.23607,9.163260000000001,9.096390000000001,9.03591,8.982306,8.936046000000001,8.897480999999999,8.866881000000001,8.844462,8.830305000000001,8.824419,8.826687,8.836893000000002,8.85474,8.879841,8.911728,8.949888,8.993763,9.04275,9.0963,9.15381,9.21465,9.27828,9.34425,9.411930000000002,9.48096,9.55089,9.621360000000001,9.69201,9.76257,9.83268,9.90225,9.971010000000001,10.03878,10.10547,10.170810000000001,10.23489,10.297530000000002,10.358640000000001,10.41813,10.476090000000001,10.53243,10.587060000000001,10.64007,10.691370000000001,10.74105,10.78893,10.83528,10.87983,10.92285,10.96416,11.00385,11.041920000000001,11.078370000000001,11.113290000000001,11.14668,11.17854,11.208870000000001,11.23767,11.265030000000001,11.29095,11.31543,11.33838,11.36007,11.380320000000001,11.39913,11.41668,11.432789999999999,11.44764,11.46114,11.47329,11.48427,11.493900000000002,11.502270000000001,11.50929,11.51514,11.51973,11.523060000000001,11.52522,11.52612,11.52576,11.524230000000001,11.52153,11.517570000000001,11.512440000000002,11.50605,11.49849,11.48967,11.47968,11.468520000000002,11.456190000000001,11.4426,11.42775,11.41173,11.394540000000001,11.376090000000001,11.35638,11.335500000000001,11.31336,11.28996,11.2653,11.23938,11.212200000000001,11.18367,11.153880000000001,11.12283,11.09043,11.05668,11.02158,10.98513,10.947330000000001,10.908180000000002,10.867590000000002,10.82556,10.78218,10.73736,10.69101,10.64322,10.593990000000002,10.543230000000001,10.49103,10.4373,10.38204,10.32534,10.26711,10.20735,10.14606,10.08333,10.019070000000001,9.95346,9.88641,9.81801,9.74835,9.677430000000001,9.60543,9.53226,9.45828,9.3834,9.30798,9.23202,9.15588,9.07974,9.003870000000001,8.92854,8.854119,8.780958,8.709462,8.640054,8.573184,8.509329000000001,8.448975,8.392617,8.34075,8.293833000000001,8.252316,8.216604,8.187039,8.163891,8.147357999999999,8.137548,8.13447,8.138043,8.148105,8.164386,8.186544,8.214192,8.24688,8.284104000000001,8.325360000000002,8.370117,8.417853000000001,8.468046,8.520219,8.573904,8.628642,8.684054999999999,8.739756,8.795411999999999,8.850735,8.905455,8.959338,9.01215,9.06381,9.11403,9.16281,9.20997,9.255419999999999,9.29907,9.34092,9.38088,9.41886,9.45495,9.48897,9.5211,9.55116,9.57924,9.60525,9.62928,9.65124,9.67122,9.68922,9.70515,9.7191,9.73107,9.74106,9.74907,9.7551,9.75915,9.761220000000002,9.76131,9.75951,9.755640000000001,9.74988,9.742140000000001,9.732510000000001,9.72081,9.707130000000001,9.69156,9.67401,9.65448,9.63297,9.60939,9.583919999999999,9.55647,9.52704,9.49572,9.46233,9.427050000000001,9.38988,9.35073,9.309780000000002,9.26694,9.22239,9.17613,9.128160000000001,9.078750000000001,9.0279,8.975673,8.922339000000001,8.868033,8.812953,8.757333000000001,8.701434,8.645553000000001,8.590014000000002,8.535195,8.481492000000001,8.429337,8.379189,8.331534000000001,8.286894,8.245773,8.208702,8.176185,8.148699,8.126712000000001,8.110611,8.100729,8.097327,8.100585,8.110574999999999,8.127288,8.150625,8.180406,8.216343,8.258121,8.305335,8.357562,8.414343,8.475183,8.539614,8.607149999999999,8.677341,8.749746,8.823933,8.899542,8.976204000000001,9.05364,9.131490000000001,9.20952,9.28746,9.365310000000001,9.44262,9.51948,9.59553,9.670860000000001,9.74538,9.81882,9.891359999999999,9.96282,10.03311,10.10232,10.17045,10.23732,10.30311,10.36773,10.43118,10.49346,10.55466,10.614690000000001,10.67364,10.73151,10.7883,10.8441,10.89882,10.95255,11.00529,11.05704,11.107890000000001,11.15784,11.20689,11.25504,11.30238,11.34882,11.394540000000001,11.43945,11.483640000000001,11.52702,11.56977,11.61171,11.653020000000001,11.6937,11.73366,11.77299,11.81178,11.84994,11.887559999999999,11.92455,11.961,11.99691,12.03228,12.0672,12.10167,12.13551,12.16899,12.202020000000001,12.23451,12.26664,12.29832,12.329640000000001,12.36051,12.39102,12.42108,12.45087,12.48021,12.50919,12.537899999999999,12.56625,12.594240000000001,12.621870000000001,12.649230000000001,12.67632,12.70305,12.729510000000001,12.755700000000001,12.78162,12.80718,12.83256,12.85767,12.88251,12.90708,12.93147,12.9555,12.97944,13.003110000000001,13.02651,13.04973,13.07277,13.09554,13.118129999999999,13.14054,13.16277,13.18482,13.20669,13.228290000000001,13.2498,13.27122,13.29237,13.31343,13.33431,13.35501,13.375620000000001,13.396049999999999,13.41639,13.43655,13.456620000000001,13.476600000000001,13.49649,13.516200000000001,13.53582,13.55535,13.57479,13.59414,13.6134,13.63257,13.65165,13.67073,13.689720000000001,13.70862,13.727430000000002,13.74624,13.76505,13.78377,13.8024,13.82112,13.83975,13.85838,13.87692,13.89555,13.914090000000002,13.93272,13.951260000000001,13.96989,13.98852,14.00715,14.025870000000001,14.044590000000001,14.06331,14.082120000000002,14.10093,14.11983,14.138819999999999,14.15781,14.17689,14.196060000000001,14.21532,14.23467,14.254109999999999,14.27373,14.29335,14.31306,14.33295,14.352929999999999,14.373090000000001,14.39334,14.413680000000001,14.4342,14.4549,14.47569,14.496750000000002,14.517900000000001,14.53914,14.56065,14.58234,14.604120000000002,14.62617,14.6484,14.67081,14.6934,14.716169999999998,14.73921,14.76243,14.785919999999999,14.809590000000002,14.833440000000001,14.857560000000001,14.88186,14.90652,14.93127,14.956380000000001,14.981670000000001,15.007140000000001,15.032969999999999,15.05898,15.085259999999998,15.11181,15.13863,15.16572,15.19308,15.22062,15.24852,15.2766,15.305040000000002,15.333660000000002,15.36264,15.3918,15.42132,15.45111,15.48108,15.51141,15.54201,15.572880000000001,15.604020000000002,15.63543,15.667110000000001,15.699060000000001,15.731369999999998,15.76386,15.796710000000001,15.82974,15.863129999999998,15.896700000000001,15.93063,15.964830000000001,15.999210000000001,16.03395,16.06896,16.10415,16.1397,16.17552,16.21152,16.247790000000002,16.28442,16.32123
15.34311,15.2658,15.188039999999999,15.109919999999999,15.03144,14.952420000000002,14.873130000000002,14.793300000000002,14.71302,14.63229,14.55111,14.46948,14.387310000000001,14.3046,14.221440000000001,14.13765,14.053410000000001,13.96854,13.88304,13.797,13.710420000000001,13.62312,13.53519,13.44663,13.35735,13.26735,13.176720000000001,13.08528,12.99312,12.900150000000002,12.806370000000001,12.71187,12.61647,12.52026,12.42324,12.32523,12.22641,12.12669,12.026069999999999,11.92446,11.822040000000001,11.71863,11.61432,11.5092,11.40309,11.29617,11.18844,11.07999,10.97073,10.86093,10.75059,10.6398,10.528649999999999,10.41741,10.30626,10.19529,10.084859999999999,9.975150000000001,9.86652,9.75942,9.65412,9.55107,9.45081,9.35388,9.26073,9.172080000000001,9.088470000000001,9.01044,8.938773,8.873973000000001,8.816616,8.767206,8.726193,8.693919000000001,8.670618,8.656425,8.651331,8.655219,8.667837,8.688834000000002,8.717751,8.754048000000001,8.797113000000001,8.846307000000001,8.900946,8.960355,9.023850000000001,9.09081,9.16056,9.232470000000001,9.30609,9.38097,9.456479999999999,9.53244,9.608220000000001,9.68382,9.758700000000001,9.83277,9.905759999999999,9.97758,10.04805,10.11699,10.18449,10.25019,10.31427,10.37664,10.43712,10.495890000000001,10.55277,10.607940000000001,10.661130000000002,10.712610000000002,10.76229,10.810170000000001,10.856250000000001,10.900530000000002,10.943100000000001,10.98396,11.023109999999999,11.060640000000001,11.09646,11.13075,11.16333,11.19438,11.2239,11.251800000000001,11.27826,11.30328,11.32677,11.34882,11.36943,11.3886,11.40642,11.4228,11.43783,11.451600000000001,11.463930000000001,11.475,11.48472,11.49318,11.50038,11.50623,11.51082,11.51424,11.51631,11.51721,11.51676,11.51514,11.51235,11.5083,11.50299,11.49642,11.48868,11.47977,11.4696,11.458169999999999,11.44557,11.43171,11.41668,11.40039,11.382840000000002,11.36403,11.343960000000001,11.32272,11.30013,11.27628,11.25117,11.2248,11.19708,11.1681,11.13777,11.10609,11.07306,11.038680000000001,11.00286,10.96569,10.92708,10.88712,10.845630000000002,10.8027,10.758329999999999,10.71243,10.665,10.61613,10.56564,10.51353,10.45998,10.404720000000001,10.34793,10.28961,10.22958,10.16793,10.104659999999999,10.039860000000001,9.97344,9.9054,9.83583,9.76482,9.69228,9.61839,9.54324,9.46674,9.38916,9.31068,9.2313,9.151290000000001,9.07092,8.990316,8.909820000000002,8.829747,8.750448,8.67231,8.595774,8.521317,8.449425,8.380638000000001,8.315523,8.254629000000001,8.198523,8.147772,8.10288,8.064333,8.032536,8.007821999999999,7.990425,7.980480000000001,7.978005,7.982901,7.99497,8.013906,8.039313,8.070723000000001,8.107596000000001,8.149374,8.195454,8.245242,8.298126000000002,8.353530000000001,8.410914,8.469747000000002,8.529561000000001,8.589906000000001,8.650386,8.710659,8.770392000000001,8.829333,8.887221,8.943858,8.999073000000001,9.05274,9.10467,9.154800000000002,9.20304,9.2493,9.29358,9.335790000000001,9.37593,9.41391,9.44982,9.48357,9.51516,9.54468,9.571950000000001,9.597150000000001,9.620190000000001,9.641160000000001,9.65997,9.67671,9.69138,9.70389,9.714419999999999,9.722790000000002,9.72918,9.73341,9.73566,9.735840000000001,9.73395,9.73008,9.72414,9.71613,9.70605,9.693990000000001,9.67986,9.66366,9.6453,9.62496,9.602549999999999,9.57807,9.55143,9.52281,9.49203,9.45909,9.42417,9.38709,9.34803,9.30681,9.2637,9.218520000000002,9.17136,9.122399999999999,9.07155,9.01899,8.964756,8.909046,8.851977,8.79372,8.734491,8.674515000000001,8.61408,8.553483,8.493075000000001,8.433261000000002,8.374464,8.317161,8.261874,8.209134,8.159526000000001,8.113635,8.072064,8.035398,8.004213,7.979022,7.960302,7.94844,7.943742,7.946415,7.956557999999999,7.974153,7.999065000000001,8.031069,8.069841,8.114985,8.166042000000001,8.222481,8.28378,8.349381,8.418726,8.491275,8.566506,8.643924,8.723088,8.803566,8.884971,8.96697,9.049230000000001,9.131580000000001,9.213659999999999,9.29529,9.376380000000001,9.456750000000001,9.536130000000002,9.614700000000001,9.6921,9.76842,9.843570000000001,9.91755,9.99027,10.06173,10.13193,10.20078,10.26846,10.33479,10.39995,10.46376,10.5264,10.58787,10.64817,10.70721,10.76517,10.82205,10.87776,10.93248,10.98612,11.03877,11.09043,11.14119,11.19096,11.23983,11.2878,11.33487,11.38113,11.42658,11.47131,11.51514,11.55834,11.60073,11.64249,11.683440000000001,11.72385,11.76354,11.802600000000002,11.841030000000002,11.87892,11.91618,11.952900000000001,11.98908,12.02472,12.05982,12.094380000000001,12.128490000000001,12.16215,12.19527,12.22794,12.26016,12.29202,12.32343,12.35439,12.38499,12.415140000000001,12.44502,12.474450000000001,12.50352,12.53223,12.560580000000002,12.588659999999999,12.616290000000001,12.643740000000001,12.67083,12.69756,12.724020000000001,12.750210000000001,12.77613,12.80169,12.82707,12.85218,12.876930000000002,12.9015,12.92589,12.94992,12.97377,12.99744,13.02084,13.04397,13.066920000000001,13.089690000000001,13.11228,13.134599999999999,13.156740000000001,13.178790000000001,13.200569999999999,13.22217,13.24359,13.26492,13.28607,13.30704,13.32783,13.34844,13.36896,13.38939,13.40964,13.429710000000002,13.44978,13.46958,13.48938,13.509,13.52862,13.54806,13.56741,13.58667,13.60584,13.62492,13.644,13.662899999999999,13.6818,13.70061,13.719420000000001,13.73814,13.75677,13.7754,13.794030000000001,13.812660000000001,13.8312,13.84965,13.86819,13.88673,13.905180000000001,13.923720000000001,13.942260000000001,13.96071,13.97925,13.99788,14.01642,14.03505,14.05377,14.0724,14.09121,14.11002,14.12892,14.14782,14.1669,14.18598,14.20515,14.22441,14.24376,14.263200000000001,14.28282,14.30244,14.32224,14.342220000000001,14.3622,14.38236,14.402700000000001,14.42313,14.44374,14.46453,14.48541,14.506470000000002,14.5278,14.549130000000002,14.57073,14.592509999999999,14.614469999999999,14.63661,14.659020000000002,14.681519999999999,14.70429,14.727240000000002,14.750369999999998,14.773769999999999,14.797440000000002,14.821200000000001,14.845320000000001,14.86962,14.8941,14.918849999999999,14.943869999999999,14.96907,14.994629999999999,15.02037,15.04629,15.072569999999999,15.099030000000003,15.12585,15.15285,15.180120000000002,15.20766,15.235470000000001,15.263639999999999,15.29199,15.32061,15.3495,15.37866,15.408090000000001,15.437879999999998,15.467849999999999,15.49809,15.528690000000001,15.55947,15.590610000000002,15.622020000000001,15.6537,15.68565,15.717870000000001,15.750359999999999,15.78312,15.81615,15.849540000000001,15.88311,15.916950000000002,15.951150000000002,15.98553,16.02027,16.05519,16.09047,16.12593,16.16175,16.19775,16.23402,16.27056,16.30737
15.33816,15.26076,15.182910000000001,15.104610000000001,15.02595,14.946840000000002,14.867280000000001,14.78727,14.70681,14.625810000000001,14.54436,14.462460000000002,14.37993,14.29695,14.21343,14.12928,14.044590000000001,13.959270000000002,13.87332,13.78683,13.69962,13.611690000000001,13.52313,13.433850000000001,13.34385,13.25313,13.1616,13.06926,12.97611,12.88215,12.78738,12.69162,12.59496,12.497399999999999,12.39894,12.29949,12.199050000000002,12.09753,11.99502,11.89152,11.786940000000001,11.681370000000001,11.574629999999999,11.4669,11.35809,11.24829,11.137500000000001,11.02581,10.91313,10.79964,10.68534,10.570409999999999,10.45494,10.33911,10.2231,10.107000000000001,9.99126,9.87606,9.76167,9.648539999999999,9.53712,9.42777,9.32121,9.2178,9.118350000000001,9.02331,8.933634,8.849871,8.772777,8.703054,8.641377,8.588349000000001,8.54451,8.510265,8.485929,8.471646000000002,8.467425,8.47314,8.488484999999999,8.513037,8.546274,8.587539,8.636121,8.691272999999999,8.752212,8.818137,8.888283000000001,8.961921,9.03834,9.116909999999999,9.19701,9.27801,9.35964,9.44136,9.52272,9.60354,9.68346,9.7623,9.83979,9.91584,9.99027,10.062899999999999,10.13382,10.20285,10.26999,10.33515,10.39833,10.45953,10.51875,10.57599,10.63125,10.68453,10.73592,10.78542,10.83294,10.87866,10.922490000000002,10.96452,11.00475,11.043270000000001,11.08008,11.115179999999999,11.14857,11.18034,11.21049,11.23902,11.26602,11.29149,11.31543,11.33793,11.3589,11.37843,11.39652,11.413170000000001,11.42847,11.44242,11.454930000000001,11.46618,11.47599,11.48454,11.49174,11.49768,11.502360000000001,11.505690000000001,11.507760000000001,11.50866,11.50821,11.5065,11.503530000000001,11.499390000000002,11.49399,11.48733,11.47941,11.47023,11.45988,11.44827,11.4354,11.42136,11.40597,11.38941,11.3715,11.35242,11.331990000000001,11.31039,11.28744,11.26314,11.237580000000001,11.21076,11.182590000000001,11.153070000000001,11.122110000000001,11.08989,11.056230000000001,11.02122,10.984679999999999,10.94679,10.90746,10.8666,10.8243,10.780470000000001,10.735109999999999,10.68822,10.63971,10.58958,10.53792,10.48455,10.42956,10.37286,10.31454,10.25451,10.192680000000001,10.12923,10.06398,9.99702,9.92826,9.857880000000002,9.78579,9.71199,9.63657,9.55962,9.48114,9.40122,9.32004,9.2376,9.15417,9.069840000000001,8.984933999999999,8.899605000000001,8.814186000000001,8.729001,8.644419000000001,8.560872,8.478837,8.398809,8.321364,8.247105,8.176644,8.110647,8.049771000000002,7.9946459999999995,7.945902,7.904097,7.8697349999999995,7.843194,7.824789,7.814655,7.8128459999999995,7.819236000000001,7.833590999999999,7.855542,7.8846300000000005,7.920287999999999,7.961895000000001,8.008785,8.060265,8.115633,8.174223000000001,8.235369,8.298459000000001,8.362917000000001,8.428221,8.493894,8.559512999999999,8.624709,8.68914,8.752536000000001,8.814654,8.875278000000002,8.934246,8.991405,9.04662,9.099900000000002,9.15102,9.199980000000002,9.246690000000001,9.29124,9.33354,9.3735,9.4113,9.44676,9.479880000000001,9.510750000000002,9.53946,9.56583,9.58995,9.61182,9.631530000000001,9.64908,9.664380000000001,9.677520000000001,9.688410000000001,9.69723,9.70389,9.708390000000001,9.71082,9.71109,9.709200000000001,9.70515,9.69903,9.69084,9.6804,9.667890000000002,9.65322,9.63639,9.6174,9.59625,9.57285,9.54738,9.519660000000002,9.489690000000001,9.45756,9.42318,9.386550000000002,9.347760000000001,9.30672,9.26343,9.21798,9.17037,9.12069,9.06885,9.014940000000001,8.959149,8.901477,8.842077,8.781084,8.71866,8.65503,8.590428,8.525133,8.45946,8.393796,8.328546000000001,8.264187,8.201241,8.140275,8.081892,8.026748999999999,7.975521,7.928892,7.887546,7.852149000000001,7.823322,7.801622999999999,7.787502,7.781337,7.783371,7.793703000000001,7.812315000000001,7.839054000000001,7.873622999999999,7.915653000000001,7.964640000000001,8.020044,8.081253,8.147637,8.218556999999999,8.293365,8.371449,8.452224000000001,8.535141,8.619705000000002,8.705448,8.791956,8.878878,8.96589,9.05274,9.139050000000001,9.224820000000001,9.309780000000002,9.39375,9.47673,9.55845,9.639000000000001,9.7182,9.796140000000001,9.87264,9.947790000000001,10.0215,10.09377,10.16469,10.234259999999999,10.30239,10.36917,10.4346,10.49868,10.5615,10.62306,10.68336,10.74249,10.800450000000001,10.85724,10.91286,10.9674,11.020950000000001,11.07342,11.1249,11.1753,11.22489,11.27349,11.321190000000001,11.36799,11.41398,11.45916,11.503530000000001,11.547179999999999,11.59002,11.63205,11.673449999999999,11.714220000000001,11.75418,11.7936,11.8323,11.87046,11.90799,11.94498,11.98134,12.01716,12.05244,12.08727,12.12147,12.15531,12.18861,12.22137,12.25377,12.285720000000001,12.31722,12.34827,12.378960000000001,12.4092,12.439079999999999,12.4686,12.49776,12.52647,12.55491,12.58299,12.610710000000001,12.638160000000001,12.66525,12.691980000000001,12.718440000000001,12.74463,12.77055,12.7962,12.82149,12.846599999999999,12.871350000000001,12.89592,12.92022,12.94425,12.968100000000002,12.99168,13.014990000000001,13.038120000000001,13.06107,13.08375,13.106250000000001,13.128570000000002,13.15071,13.17258,13.19436,13.21587,13.23729,13.25844,13.2795,13.30038,13.32117,13.34178,13.36221,13.38246,13.40271,13.42269,13.44267,13.46238,13.482090000000001,13.50171,13.52115,13.5405,13.55976,13.57893,13.59801,13.617090000000001,13.63599,13.65489,13.6737,13.69242,13.71105,13.72968,13.74831,13.76685,13.78539,13.803840000000001,13.82229,13.84074,13.859190000000002,13.87755,13.895999999999999,13.91436,13.93281,13.951260000000001,13.969710000000001,13.98816,14.0067,14.02524,14.04378,14.06241,14.08104,14.09985,14.11857,14.13747,14.15637,14.175360000000001,14.19453,14.2137,14.23296,14.252310000000001,14.27184,14.29146,14.31117,14.330969999999999,14.35095,14.371020000000001,14.39127,14.41161,14.432129999999999,14.452830000000002,14.47371,14.49468,14.51583,14.53716,14.558760000000001,14.580450000000003,14.602319999999999,14.624370000000003,14.646690000000001,14.66919,14.691870000000002,14.71473,14.73786,14.76117,14.784749999999999,14.808510000000002,14.83245,14.85675,14.881140000000002,14.905890000000001,14.93082,14.956019999999999,14.98149,15.007140000000001,15.033059999999999,15.059340000000002,15.08571,15.11244,15.13944,15.16671,15.19425,15.22197,15.250050000000002,15.27831,15.30693,15.33582,15.36498,15.39441,15.424019999999999,15.45408,15.484319999999999,15.514830000000002,15.54561,15.576660000000002,15.608070000000001,15.639750000000001,15.671610000000001,15.70383,15.736320000000001,15.76908,15.80211,15.83541,15.86898,15.902819999999998,15.937019999999999,15.9714,16.006050000000002,16.04106,16.07625,16.111710000000002,16.147440000000003,16.18344,16.21971,16.25625,16.29306
15.333569999999998,15.25608,15.17805,15.09966,15.020820000000002,14.94162,14.861880000000001,14.78169,14.700959999999998,14.61978,14.538060000000002,14.455800000000002,14.373090000000001,14.28975,14.20578,14.12127,14.03622,13.95045,13.86405,13.77702,13.68927,13.6008,13.511610000000001,13.421610000000001,13.33089,13.23936,13.14702,13.053780000000001,12.95973,12.864690000000001,12.76875,12.67191,12.57399,12.47517,12.37518,12.2742,12.17214,12.06891,11.9646,11.85903,11.75238,11.64447,11.53539,11.42505,11.31345,11.20077,11.08683,10.97172,10.85544,10.73817,10.619909999999999,10.500660000000002,10.380690000000001,10.26,10.13886,10.01745,9.89604,9.7749,9.654390000000001,9.534870000000002,9.416699999999999,9.3006,9.18702,9.076590000000001,8.970048,8.868114,8.771571,8.681274,8.598033,8.522703000000002,8.456067000000001,8.398871999999999,8.351739,8.315190000000001,8.289612,8.275185,8.271936,8.279703,8.298144,8.326746,8.364879,8.411769000000001,8.466588,8.528436,8.596404,8.669592,8.747109000000002,8.828118,8.911845,8.99757,9.0846,9.17244,9.26055,9.34839,9.43569,9.52209,9.60732,9.69111,9.77328,9.85365,9.932220000000001,10.00872,10.08324,10.155600000000002,10.22589,10.29393,10.35981,10.42353,10.48509,10.544490000000001,10.60182,10.65699,10.710090000000001,10.76112,10.810170000000001,10.85724,10.90233,10.94562,10.986930000000001,11.026440000000001,11.06415,11.10006,11.13426,11.16675,11.19753,11.22669,11.25423,11.280240000000001,11.304630000000001,11.327490000000001,11.34882,11.36871,11.387070000000001,11.40399,11.41956,11.43369,11.44638,11.45772,11.46771,11.47635,11.483640000000001,11.48958,11.49426,11.49759,11.49966,11.50047,11.50002,11.49822,11.49516,11.49093,11.48535,11.4786,11.4705,11.46114,11.45061,11.43882,11.42568,11.41137,11.395800000000001,11.37888,11.3607,11.34126,11.32056,11.29851,11.2752,11.25054,11.22453,11.19726,11.16855,11.13849,11.107080000000002,11.07423,11.04003,11.0043,10.967220000000001,10.928519999999999,10.88847,10.8468,10.80369,10.75887,10.712610000000002,10.66464,10.61505,10.56384,10.51092,10.456290000000001,10.39995,10.34181,10.281870000000001,10.220130000000001,10.15659,10.09116,10.02393,9.95481,9.883890000000001,9.81099,9.73629,9.6597,9.5814,9.50121,9.4194,9.335880000000001,9.25092,9.164430000000001,9.076680000000001,8.987886,8.898174000000001,8.807822999999999,8.717139000000001,8.626464,8.536185,8.446761,8.358696,8.272557,8.188974,8.108604000000001,8.032167000000001,7.960419000000001,7.894116,7.834014,7.780851000000001,7.735293,7.6979429999999995,7.669287000000001,7.6496759999999995,7.639317,7.638236999999999,7.6463280000000005,7.663284000000001,7.688682,7.721955,7.762446000000001,7.809408,7.862049,7.919577000000001,7.9811819999999996,8.046099000000002,8.113572,8.182917,8.253504,8.324766,8.396181,8.467299,8.537742000000001,8.607159000000001,8.675271,8.741826,8.806626,8.869509,8.930331,8.988984,9.04536,9.099450000000001,9.1512,9.20052,9.24741,9.29187,9.3339,9.3735,9.410670000000001,9.445409999999999,9.47772,9.50769,9.53523,9.56043,9.58329,9.6039,9.62217,9.6381,9.65178,9.6633,9.67248,9.6795,9.68418,9.6867,9.68706,9.685170000000001,9.68112,9.67473,9.666269999999999,9.655470000000001,9.642510000000001,9.62739,9.60993,9.59022,9.56826,9.54396,9.51741,9.48861,9.45738,9.423810000000001,9.38799,9.34974,9.30906,9.26604,9.220680000000002,9.17298,9.12285,9.07038,9.01566,8.958663,8.899488,8.838216000000001,8.774955,8.709849,8.643051,8.574768,8.505243,8.434755000000001,8.363646,8.292294000000002,8.221158,8.150732999999999,8.081586,8.014356000000001,7.949709,7.888392,7.831161000000001,7.7788260000000005,7.732179,7.691993999999999,7.6590180000000005,7.633899,7.617203999999999,7.609374,7.610679,7.6212539999999995,7.641072000000001,7.669926,7.707474,7.753239000000001,7.806636,7.866999000000001,7.933617,8.005734,8.082603,8.163495000000001,8.247708000000001,8.334576,8.423505,8.513928,8.605359,8.697348,8.789526,8.881551,8.973135000000001,9.064079999999999,9.15408,9.24309,9.33084,9.417420000000002,9.502469999999999,9.586170000000001,9.668429999999999,9.74907,9.82818,9.905759999999999,9.98181,10.05624,10.12914,10.2006,10.27044,10.338930000000001,10.40589,10.4715,10.535670000000001,10.59849,10.66005,10.72035,10.779300000000001,10.83708,10.893690000000001,10.94913,11.003490000000001,11.05677,11.10897,11.16009,11.21031,11.259540000000001,11.30778,11.35521,11.40174,11.447370000000001,11.49219,11.5362,11.57949,11.62197,11.66373,11.70477,11.745090000000001,11.784780000000001,11.82375,11.86218,11.899980000000001,11.93715,11.97369,12.009780000000001,12.04524,12.08016,12.11463,12.14856,12.18195,12.21489,12.24738,12.27942,12.311010000000001,12.34224,12.37293,12.40326,12.43323,12.46275,12.492,12.520800000000001,12.549240000000001,12.57732,12.605039999999999,12.632489999999999,12.65958,12.6864,12.712860000000001,12.73905,12.76497,12.79053,12.81582,12.84093,12.86568,12.89016,12.91446,12.93849,12.962250000000001,12.98574,13.00905,13.03218,13.05504,13.07763,13.10013,13.122359999999999,13.14441,13.16628,13.18797,13.209389999999999,13.23072,13.25187,13.27284,13.29363,13.31433,13.33485,13.35519,13.37544,13.395510000000002,13.41549,13.43529,13.455,13.47462,13.49406,13.5135,13.532760000000001,13.55193,13.571010000000001,13.59,13.6089,13.6278,13.64652,13.66524,13.68387,13.7025,13.72104,13.73949,13.75794,13.776390000000001,13.79475,13.81311,13.83147,13.84983,13.8681,13.88646,13.90473,13.92309,13.94136,13.95972,13.97817,13.99653,14.014980000000001,14.033430000000001,14.05197,14.0706,14.08923,14.10795,14.12667,14.145480000000001,14.164470000000001,14.18346,14.20254,14.22171,14.24106,14.26041,14.27994,14.299560000000001,14.31927,14.33916,14.35923,14.37939,14.39964,14.42007,14.440680000000002,14.46147,14.48235,14.503499999999999,14.524740000000001,14.546160000000002,14.56785,14.58963,14.61168,14.633819999999998,14.65623,14.67891,14.701680000000001,14.724720000000001,14.748030000000002,14.77152,14.79519,14.81913,14.84334,14.86773,14.89239,14.91723,14.94243,14.96781,14.993460000000002,15.01929,15.04548,15.071850000000001,15.09858,15.125490000000001,15.152670000000002,15.18021,15.207930000000001,15.23592,15.264180000000001,15.292800000000002,15.321600000000002,15.350670000000001,15.380099999999999,15.40971,15.439680000000001,15.46992,15.50043,15.531210000000002,15.56226,15.593580000000001,15.62526,15.657119999999999,15.689340000000001,15.721739999999999,15.7545,15.787529999999999,15.82083,15.8544,15.888240000000001,15.922350000000002,15.956730000000002,15.991380000000001,16.0263,16.06158,16.09704,16.13277,16.16877,16.20504,16.24158,16.27839
15.329339999999998,15.25167,15.17364,15.095070000000002,15.01614,14.93667,14.85684,14.77638,14.695469999999998,14.61411,14.532119999999999,14.44959,14.36661,14.28291,14.198670000000002,14.113800000000001,14.0283,13.942079999999999,13.85523,13.76766,13.679369999999999,13.59036,13.50054,13.40991,13.31847,13.22622,13.13298,13.03893,12.94389,12.847859999999999,12.75084,12.65283,12.553740000000001,12.453479999999999,12.35214,12.24963,12.14586,12.04092,11.93472,11.82726,11.71836,11.6082,11.496690000000001,11.38374,11.26935,11.1537,11.036520000000001,10.91799,10.79811,10.67697,10.55448,10.43082,10.30617,10.18044,10.053989999999999,9.927,9.799560000000001,9.67221,9.54504,9.41859,9.293310000000002,9.169830000000001,9.0486,8.930420999999999,8.816049,8.706321,8.602137,8.504451,8.414235,8.332488,8.260146,8.1981,8.147133,8.107884,8.080812000000002,8.066178,8.064000000000002,8.074107,8.096076,8.129304000000001,8.173008000000001,8.226297,8.288163,8.357562,8.433423,8.514693000000001,8.600373000000001,8.689509000000001,8.781237,8.874765,8.969382,9.064440000000001,9.15948,9.25398,9.34749,9.43974,9.53055,9.61947,9.7065,9.79146,9.87426,9.95472,10.03293,10.10871,10.18215,10.253160000000001,10.32183,10.388069999999999,10.451970000000001,10.51353,10.572840000000001,10.629900000000001,10.684800000000001,10.73745,10.787939999999999,10.83636,10.882800000000001,10.92717,10.96956,11.01006,11.048760000000001,11.08548,11.12049,11.153609999999999,11.18511,11.2149,11.242980000000001,11.26944,11.29428,11.317499999999999,11.33919,11.359440000000001,11.378070000000001,11.39526,11.411010000000001,11.425320000000001,11.43819,11.44971,11.45979,11.468520000000002,11.4759,11.48193,11.48661,11.48994,11.49201,11.49273,11.49219,11.49039,11.48724,11.48283,11.47716,11.47023,11.46204,11.452589999999999,11.441790000000001,11.429730000000001,11.416500000000001,11.401919999999999,11.38599,11.36889,11.350439999999999,11.33064,11.30958,11.28726,11.2635,11.23848,11.212110000000001,11.1843,11.155140000000001,11.12463,11.092680000000001,11.05929,11.02446,10.9881,10.9503,10.91097,10.87011,10.82772,10.78371,10.73808,10.69083,10.641869999999999,10.5912,10.53891,10.484729999999999,10.428840000000001,10.37115,10.311480000000001,10.25001,10.18665,10.121400000000001,10.05408,9.98478,9.913590000000001,9.84024,9.76491,9.6876,9.608220000000001,9.526860000000001,9.44343,9.3582,9.27099,9.18207,9.09135,8.999199,8.905626,8.810874,8.715204,8.618913000000001,8.522352,8.425926,8.330121,8.235486,8.142633000000002,8.052237,7.965072,7.88193,7.803684,7.731216,7.665417,7.607160000000001,7.5572550000000005,7.516431,7.485291000000001,7.464258000000001,7.453584,7.453341,7.463367000000001,7.48332,7.512669,7.550738999999999,7.596729000000001,7.649766,7.708914,7.773245999999999,7.841817,7.913745,7.988193,8.064396,8.141661000000001,8.219358,8.296956,8.37396,8.449983000000001,8.524674,8.597745000000002,8.668962,8.738109,8.805051,8.869662000000002,8.931834,8.991504,9.0486,9.10314,9.15507,9.20439,9.25101,9.29511,9.3366,9.37539,9.41175,9.4455,9.47673,9.50553,9.53181,9.55566,9.57708,9.596070000000001,9.61272,9.62703,9.63891,9.648539999999999,9.65583,9.66087,9.66348,9.66393,9.661950000000001,9.65781,9.65133,9.642510000000001,9.63144,9.618030000000001,9.60237,9.584280000000001,9.56385,9.541080000000001,9.51597,9.48834,9.45837,9.425880000000001,9.39096,9.35361,9.313649999999999,9.27126,9.22626,9.17865,9.12861,9.07596,9.0207,8.963019,8.902809000000001,8.840178,8.775171,8.707905,8.638497000000001,8.567109,8.493921,8.419176,8.343171,8.26623,8.188758,8.111241,8.034201000000001,7.958259000000001,7.884108,7.812495,7.744274999999999,7.680303000000001,7.621506,7.568829,7.523181,7.485443999999999,7.456410000000001,7.436745,7.426989,7.427475000000001,7.438364999999999,7.4595959999999994,7.490933999999999,7.531947000000001,7.582041,7.640514,7.706556,7.779312,7.8579,7.9414560000000005,8.029125,8.120115,8.213688,8.309169,8.405955,8.503515,8.601381,8.699148000000001,8.796492,8.893107,8.988759,9.08325,9.1764,9.2682,9.35838,9.446940000000001,9.53388,9.619110000000001,9.70263,9.78435,9.86436,9.94275,10.01934,10.09431,10.16757,10.23921,10.309320000000001,10.3779,10.44495,10.51047,10.57455,10.63728,10.69866,10.75878,10.81755,10.87506,10.931400000000002,10.98648,11.04057,11.093490000000001,11.14533,11.196180000000002,11.24595,11.29482,11.3427,11.38977,11.43585,11.48112,11.525580000000001,11.56923,11.612070000000001,11.65419,11.6955,11.736180000000001,11.77614,11.81538,11.854080000000002,11.89206,11.929409999999999,11.96622,12.00249,12.03813,12.07323,12.10779,12.1419,12.17547,12.208499999999999,12.24108,12.27321,12.30489,12.33612,12.36699,12.39741,12.42738,12.456990000000001,12.48624,12.51504,12.54348,12.57165,12.59946,12.62682,12.654,12.68073,12.70719,12.73338,12.7593,12.78486,12.81015,12.83517,12.85992,12.884400000000001,12.908610000000001,12.93255,12.95631,12.979800000000001,13.003020000000001,13.02606,13.048919999999999,13.07151,13.09383,13.11606,13.13802,13.1598,13.181400000000002,13.202820000000001,13.224060000000001,13.24512,13.266,13.28679,13.30731,13.32774,13.348080000000001,13.36815,13.38822,13.40802,13.42782,13.44744,13.466880000000002,13.486320000000001,13.50558,13.524750000000001,13.54383,13.56282,13.58172,13.600530000000001,13.619340000000001,13.63797,13.6566,13.675139999999999,13.69359,13.71204,13.73049,13.74876,13.76712,13.78539,13.80366,13.82193,13.840110000000001,13.85838,13.87656,13.894739999999999,13.91301,13.93119,13.94946,13.967730000000001,13.98609,14.00436,14.02281,14.041170000000001,14.05971,14.07825,14.09679,14.11551,14.13423,14.15304,14.171940000000001,14.19093,14.2101,14.22927,14.24853,14.267970000000002,14.2875,14.307210000000001,14.327010000000001,14.346900000000002,14.36697,14.38722,14.407560000000002,14.42808,14.44869,14.469570000000001,14.490540000000001,14.511779999999998,14.53311,14.554710000000002,14.576400000000001,14.598360000000001,14.620500000000002,14.64282,14.66541,14.688180000000001,14.71113,14.734350000000001,14.757750000000001,14.78142,14.805269999999998,14.82939,14.853690000000002,14.878350000000001,14.90319,14.92821,14.953590000000002,14.97915,15.00498,15.031080000000001,15.05745,15.084090000000002,15.110999999999999,15.13818,15.16563,15.19326,15.221250000000001,15.249509999999999,15.27804,15.306840000000001,15.33591,15.365250000000001,15.39486,15.42483,15.45498,15.48549,15.516270000000002,15.547229999999999,15.57855,15.61023,15.64209,15.674220000000002,15.70671,15.739379999999999,15.772409999999999,15.805710000000001,15.83928,15.873120000000002,15.907230000000002,15.94161,15.97626,16.01118,16.04637,16.08183,16.11756,16.15356,16.18983,16.22637,16.263180000000002
15.325470000000001,15.247710000000001,15.169500000000001,15.090930000000002,15.01182,14.932170000000001,14.852160000000001,14.77152,14.690430000000001,14.6088,14.526629999999999,14.44392,14.36049,14.27661,14.19201,14.10678,14.02083,13.93425,13.846950000000001,13.75893,13.6701,13.58046,13.490100000000002,13.39875,13.30668,13.21362,13.11957,13.02462,12.92868,12.831660000000001,12.73365,12.63447,12.53412,12.4326,12.32982,12.22578,12.12048,12.01374,11.905650000000001,11.79621,11.68524,11.57274,11.45871,11.343150000000001,11.22606,11.10726,10.986930000000001,10.864980000000001,10.74132,10.61613,10.4895,10.36125,10.23165,10.10079,9.96885,9.835920000000002,9.70227,9.56817,9.43407,9.30024,9.16722,9.03564,8.906166,8.779482,8.656452,8.538048,8.425269,8.319231,8.221068,8.131959,8.053020000000002,7.985349,7.9298910000000005,7.887438000000001,7.858584,7.843635,7.842663,7.855434000000001,7.8814530000000005,7.919991,7.9700940000000005,8.030682,8.100558,8.178471,8.263188,8.353485000000001,8.448201,8.546292,8.646768,8.748774000000001,8.851536,8.954406,9.056790000000001,9.15831,9.25839,9.35685,9.45342,9.54774,9.63981,9.72945,9.81657,9.90117,9.98307,10.06236,10.13904,10.21302,10.28439,10.353240000000001,10.41957,10.48329,10.54467,10.603620000000001,10.66014,10.714409999999999,10.76643,10.8162,10.8639,10.909440000000002,10.952910000000001,10.994399999999999,11.03391,11.071530000000001,11.10726,11.1411,11.17323,11.20356,11.23218,11.25909,11.28438,11.308050000000001,11.3301,11.350620000000001,11.36961,11.387070000000001,11.403,11.41749,11.43054,11.44215,11.45232,11.46114,11.46861,11.474639999999999,11.47932,11.48274,11.48481,11.48544,11.4849,11.48301,11.47977,11.47527,11.46951,11.4624,11.45403,11.4444,11.43342,11.421180000000001,11.407680000000001,11.39283,11.37672,11.35935,11.34063,11.32056,11.299140000000001,11.27646,11.25234,11.22696,11.20014,11.17197,11.14236,11.111310000000001,11.07882,11.04489,11.00952,10.97253,10.934099999999999,10.89414,10.85256,10.809360000000002,10.76454,10.71801,10.66986,10.619909999999999,10.56825,10.51479,10.45944,10.40229,10.34325,10.28223,10.21923,10.154160000000001,10.087110000000001,10.017900000000001,9.94671,9.87327,9.79767,9.71982,9.63981,9.557640000000001,9.473130000000001,9.386550000000002,9.29772,9.20673,9.11367,9.01872,8.921889,8.823357,8.723322,8.622036000000001,8.519787,8.416935,8.313903,8.211195,8.109387,8.009145,7.911225000000001,7.816473,7.725807,7.640199,7.560701999999999,7.488359999999999,7.424217,7.369263,7.32438,7.290297,7.267563,7.256511,7.257194999999999,7.269462000000001,7.292862,7.326774,7.370361,7.422669000000001,7.482636,7.549155,7.621128,7.697493000000001,7.777206,7.859358000000001,7.943067,8.027586,8.112249,8.196480000000001,8.279766,8.361711,8.441964,8.520237,8.596305000000001,8.669979,8.741124000000001,8.809632,8.875413,8.938431,8.998632,9.055980000000002,9.11052,9.162270000000001,9.21114,9.25731,9.3006,9.34119,9.37908,9.41427,9.44685,9.47682,9.50418,9.52893,9.551250000000001,9.57096,9.58824,9.60309,9.61551,9.6255,9.63315,9.63837,9.641160000000001,9.64161,9.63972,9.6354,9.62874,9.61974,9.608310000000001,9.59445,9.57825,9.55953,9.53847,9.514890000000001,9.488790000000002,9.46017,9.429120000000001,9.39537,9.3591,9.32013,9.278550000000001,9.23427,9.18729,9.13761,9.08514,9.02988,8.971884,8.911125,8.84763,8.781426,8.712585,8.64117,8.567288999999999,8.491095,8.412759,8.332515,8.250633,8.167473000000001,8.083431000000001,7.999002,7.9147620000000005,7.831368,7.749576,7.670241,7.5942810000000005,7.522704000000001,7.45659,7.397028000000001,7.345107,7.301889000000001,7.268319000000001,7.2452250000000005,7.233245999999999,7.232805000000001,7.244082000000001,7.2670140000000005,7.301277,7.346331,7.401465000000001,7.465797,7.538355,7.618113,7.704027,7.795089000000001,7.890318000000001,7.988814,8.08974,8.192366999999999,8.296038,8.400195,8.504334,8.60805,8.711001000000001,8.812899,8.913501,9.012599999999999,9.11016,9.20592,9.29997,9.392040000000001,9.48222,9.57051,9.656910000000002,9.741330000000001,9.82386,9.9045,9.98325,10.060200000000002,10.13535,10.20879,10.280520000000001,10.35063,10.419030000000001,10.48599,10.55133,10.61523,10.67769,10.738800000000001,10.79847,10.85697,10.91412,10.9701,11.02482,11.07846,11.13093,11.182409999999999,11.23281,11.28222,11.33064,11.378160000000001,11.42469,11.47041,11.51523,11.55924,11.602440000000001,11.64483,11.6865,11.727450000000001,11.76768,11.80728,11.846070000000001,11.88432,11.921940000000001,11.958929999999999,11.995289999999999,12.03111,12.06639,12.101130000000001,12.135330000000002,12.16899,12.2022,12.23487,12.267090000000001,12.29886,12.33018,12.36105,12.39147,12.42153,12.45123,12.48048,12.50928,12.53781,12.56598,12.5937,12.62115,12.64833,12.67506,12.70152,12.72771,12.753540000000001,12.7791,12.80439,12.82932,12.85407,12.87846,12.90267,12.92661,12.950280000000001,12.97368,12.9969,13.01985,13.04262,13.06512,13.08744,13.109580000000001,13.131450000000001,13.153229999999999,13.17474,13.19607,13.217220000000001,13.23819,13.258980000000001,13.27968,13.3002,13.32054,13.3407,13.36077,13.38066,13.40046,13.420079999999999,13.43961,13.45896,13.47831,13.49748,13.51656,13.53555,13.55445,13.573260000000001,13.59198,13.61061,13.62915,13.647689999999999,13.66614,13.6845,13.702860000000001,13.72113,13.73931,13.757579999999999,13.77576,13.793849999999999,13.81203,13.830119999999999,13.848210000000002,13.86639,13.88448,13.90257,13.92066,13.93884,13.95702,13.975200000000001,13.99347,14.01174,14.030100000000001,14.04846,14.06691,14.08536,14.1039,14.122530000000001,14.141250000000001,14.16006,14.17896,14.197949999999999,14.21712,14.23629,14.255640000000001,14.27508,14.29461,14.31432,14.33412,14.3541,14.37426,14.39451,14.414940000000001,14.435550000000001,14.45625,14.477219999999999,14.498280000000001,14.51961,14.541030000000001,14.562720000000002,14.584590000000002,14.606640000000002,14.628960000000001,14.65137,14.674050000000001,14.697,14.72013,14.74344,14.767020000000002,14.79087,14.8149,14.8392,14.86368,14.88852,14.91354,14.938830000000001,14.96439,14.99013,15.01623,15.04251,15.069060000000002,15.09597,15.12306,15.15042,15.178139999999999,15.206040000000002,15.2343,15.26274,15.291540000000001,15.32052,15.34986,15.379470000000001,15.409350000000002,15.43959,15.47001,15.500789999999999,15.53175,15.563070000000002,15.594660000000001,15.626520000000001,15.65865,15.69114,15.72381,15.75684,15.790049999999999,15.823620000000002,15.85746,15.89157,15.92595,15.960600000000001,15.99552,16.030710000000003,16.06617,16.1019,16.137900000000002,16.17417,16.210710000000002,16.24752
15.32196,15.24411,15.16581,15.087060000000001,15.00786,14.92812,14.847929999999998,14.767110000000002,14.685839999999999,14.604030000000002,14.521590000000002,14.43861,14.355,14.270669999999999,14.1858,14.10021,14.01399,13.92696,13.83921,13.75065,13.66137,13.571190000000001,13.4802,13.38831,13.29552,13.20174,13.10688,13.01112,12.91428,12.81627,12.71718,12.61683,12.515310000000001,12.41244,12.30831,12.20283,12.09591,11.98746,11.87757,11.76606,11.653020000000001,11.53827,11.421809999999999,11.30364,11.18367,11.061900000000001,10.93824,10.81278,10.68543,10.55619,10.42515,10.29231,10.157670000000001,10.0215,9.88371,9.744660000000001,9.60444,9.463410000000001,9.32184,9.18018,9.03888,8.89866,8.760114,8.624088,8.491509,8.363430000000001,8.241012,8.125515,8.01828,7.920693,7.834113,7.759854,7.699104,7.652862000000001,7.621839,7.606476,7.606853999999999,7.622693999999999,7.6533929999999994,7.69806,7.7555250000000004,7.824483000000001,7.903485000000001,7.991046,8.085717,8.186085,8.290827,8.398746,8.50878,8.619975,8.731520999999999,8.842716000000001,8.952975,9.06183,9.16884,9.27378,9.376290000000001,9.47628,9.57357,9.66798,9.759599999999999,9.84825,9.93402,10.01682,10.09674,10.17369,10.24794,10.31931,10.387979999999999,10.45395,10.51731,10.578059999999999,10.636379999999999,10.69218,10.74564,10.79685,10.84572,10.892430000000001,10.936890000000002,10.97937,11.019779999999999,11.058209999999999,11.094660000000001,11.12922,11.161980000000002,11.19285,11.22201,11.24937,11.275110000000002,11.299140000000001,11.32155,11.34234,11.361600000000001,11.379330000000001,11.39544,11.41011,11.423340000000001,11.43504,11.44539,11.4543,11.461770000000001,11.46789,11.47257,11.47599,11.47797,11.47869,11.47797,11.47599,11.472750000000001,11.468160000000001,11.46222,11.455020000000001,11.44647,11.43666,11.42559,11.413170000000001,11.3994,11.38437,11.36799,11.35035,11.33136,11.31093,11.28924,11.266200000000001,11.241810000000001,11.21598,11.1888,11.16018,11.13012,11.09862,11.06568,11.03121,10.99521,10.95768,10.91862,10.87794,10.83564,10.79172,10.746089999999999,10.69884,10.649700000000001,10.59885,10.54611,10.49157,10.43514,10.37673,10.31634,10.25388,10.189350000000001,10.12275,10.0539,9.982890000000001,9.90963,9.83403,9.75618,9.6759,9.59319,9.508140000000001,9.42057,9.33057,9.23814,9.14337,9.04617,8.946738,8.845092000000001,8.741403,8.635851,8.528652,8.420103000000001,8.310555,8.200431,8.090262,7.980651000000001,7.872317999999999,7.766082000000001,7.662870000000001,7.563734999999999,7.469793000000001,7.382259,7.302383999999999,7.23141,7.170543,7.120863,7.083305999999999,7.0585379999999995,7.046982,7.048737,7.063596,7.091019,7.130232,7.1802090000000005,7.2397800000000005,7.307667000000001,7.382574,7.463178,7.548255000000001,7.636626,7.727256,7.819182,7.911585,8.003745,8.095068,8.185041,8.273241,8.359335,8.443035,8.524152,8.602506,8.677971,8.750475,8.819946,8.886348,8.949681,9.0099,9.06714,9.12132,9.17244,9.220590000000001,9.26577,9.30807,9.34749,9.384120000000001,9.417959999999999,9.449100000000001,9.477450000000001,9.503190000000002,9.52632,9.54684,9.56475,9.58023,9.593100000000002,9.60345,9.611369999999999,9.61677,9.61974,9.62028,9.6183,9.61398,9.60714,9.59778,9.586079999999999,9.57177,9.55503,9.53577,9.51399,9.489600000000001,9.46269,9.43308,9.40086,9.36585,9.32823,9.28773,9.24453,9.19845,9.1494,9.09756,9.04266,8.984844,8.924013,8.860176000000001,8.793333,8.723493,8.650701000000002,8.575011,8.496513,8.415324,8.331605999999999,8.245566,8.157483,8.067699,7.9766189999999995,7.8847380000000005,7.792677000000001,7.701120000000001,7.610912999999999,7.522965,7.438338000000001,7.3581840000000005,7.283745,7.216299,7.157151000000001,7.107570000000001,7.068726,7.0416360000000005,7.027074,7.025571,7.037343000000001,7.0623000000000005,7.100028,7.149852,7.210871999999999,7.282008,7.362072,7.44984,7.544060999999999,7.643565000000001,7.747218,7.8540030000000005,7.963002,8.073414,8.184528,8.29575,8.406567,8.516574,8.62542,8.732835000000001,8.838594,8.942535,9.044550000000001,9.14445,9.24228,9.338040000000001,9.43155,9.5229,9.61218,9.699209999999999,9.78426,9.86715,9.94806,10.02708,10.10403,10.17927,10.25253,10.32417,10.39401,10.462230000000002,10.528830000000001,10.593900000000001,10.657350000000001,10.71945,10.78011,10.839419999999999,10.89747,10.954170000000001,11.0097,11.063970000000001,11.11707,11.16918,11.22012,11.27007,11.31894,11.366909999999999,11.41389,11.45997,11.50524,11.549610000000001,11.59308,11.63583,11.67777,11.718990000000002,11.759490000000001,11.79927,11.838330000000001,11.876850000000001,11.91456,11.95173,11.98836,12.024270000000001,12.05973,12.09456,12.12885,12.1626,12.1959,12.228660000000001,12.26097,12.29283,12.32424,12.35511,12.38562,12.41577,12.44538,12.47472,12.50361,12.53214,12.560220000000001,12.588030000000002,12.615480000000002,12.642570000000001,12.66939,12.695760000000002,12.721950000000001,12.747779999999999,12.77325,12.79854,12.82347,12.848130000000001,12.87252,12.89664,12.92049,12.94416,12.96756,12.99069,13.01355,13.03623,13.05873,13.08096,13.10301,13.12479,13.14648,13.167900000000001,13.18914,13.2102,13.23117,13.25187,13.27239,13.29282,13.31307,13.33314,13.35312,13.37292,13.392629999999999,13.41216,13.4316,13.45086,13.47003,13.48911,13.5081,13.527,13.545810000000001,13.56453,13.58307,13.60161,13.62006,13.63851,13.656780000000001,13.67505,13.69332,13.7115,13.72959,13.74768,13.76577,13.78377,13.80186,13.81986,13.837860000000001,13.85586,13.87386,13.89186,13.90986,13.92786,13.94595,13.964039999999999,13.98213,14.000309999999999,14.01849,14.03676,14.05512,14.07348,14.09193,14.110470000000001,14.1291,14.14782,14.166630000000001,14.18553,14.20452,14.223600000000001,14.24277,14.26212,14.281649999999999,14.30118,14.32098,14.34078,14.360850000000001,14.38101,14.40135,14.42187,14.44248,14.46336,14.484329999999998,14.50557,14.5269,14.548499999999999,14.57028,14.59224,14.614469999999999,14.636880000000001,14.65947,14.68233,14.705370000000002,14.728680000000002,14.752170000000001,14.77593,14.799869999999999,14.82408,14.84856,14.87331,14.89824,14.923530000000001,14.949,14.97474,15.00075,15.02703,15.053579999999998,15.08031,15.107400000000002,15.134760000000002,15.162390000000002,15.190290000000001,15.218460000000002,15.2469,15.275699999999999,15.30468,15.33402,15.363539999999999,15.39342,15.42357,15.45399,15.48468,15.51573,15.54705,15.57855,15.61041,15.642540000000002,15.67503,15.707699999999999,15.74073,15.77394,15.80751,15.841350000000002,15.875459999999999,15.909840000000003,15.944490000000002,15.97941,16.0146,16.050060000000002,16.085790000000003,16.12179,16.15815,16.19469,16.23141
15.318810000000001,15.240870000000001,15.16248,15.083639999999999,15.004259999999999,14.92443,14.84406,14.763150000000001,14.6817,14.599620000000002,14.517,14.433750000000002,14.349870000000001,14.265360000000001,14.18013,14.09427,14.0076,13.92021,13.8321,13.74309,13.65327,13.56264,13.471020000000001,13.3785,13.28499,13.19049,13.095,12.99834,12.9006,12.80169,12.70152,12.60018,12.497399999999999,12.393360000000001,12.287790000000001,12.18087,12.072330000000001,11.96226,11.85057,11.73717,11.62197,11.50497,11.38608,11.2653,11.14254,11.01771,10.89081,10.76175,10.63062,10.49733,10.36188,10.22427,10.08459,9.94284,9.7992,9.65376,9.5067,9.35829,9.20898,9.058950000000001,8.908866,8.759286000000001,8.610939,8.464707,8.32158,8.182746,8.049492,7.923285,7.805673,7.698294000000001,7.602813000000001,7.5208319999999995,7.453827,7.403031,7.3693979999999994,7.353477,7.355376,7.374771000000001,7.4109240000000005,7.46271,7.528707000000001,7.607295000000001,7.696728000000001,7.795251000000001,7.901127000000001,8.012736,8.128575000000001,8.247303,8.367741,8.488871999999999,8.609832,8.729892000000001,8.848467000000001,8.96508,9.07938,9.19098,9.2997,9.40545,9.50805,9.60741,9.70353,9.79632,9.88596,9.97227,10.055430000000001,10.13544,10.212480000000001,10.28637,10.357380000000001,10.425510000000001,10.49085,10.55349,10.61352,10.670850000000002,10.725750000000001,10.77822,10.82835,10.87614,10.92168,10.965060000000001,11.00637,11.04561,11.08278,11.117970000000001,11.15136,11.18277,11.21238,11.24028,11.26638,11.29077,11.313540000000001,11.3346,11.354130000000001,11.37204,11.38842,11.40327,11.416590000000001,11.42847,11.43891,11.44782,11.45538,11.4615,11.46627,11.46969,11.47167,11.4723,11.47158,11.46951,11.46618,11.4615,11.455470000000002,11.44809,11.43945,11.42946,11.41821,11.405520000000001,11.391660000000002,11.37636,11.3598,11.341800000000001,11.32254,11.30193,11.27997,11.256570000000002,11.231819999999999,11.20563,11.178,11.14902,11.11851,11.08656,11.05317,11.01816,10.98171,10.94355,10.903950000000002,10.862639999999999,10.81962,10.774980000000001,10.72863,10.680480000000001,10.63044,10.57869,10.52496,10.469430000000001,10.41183,10.35216,10.29051,10.2267,10.16064,10.09242,10.02195,9.949050000000002,9.87381,9.796140000000001,9.715950000000001,9.63324,9.547920000000001,9.4599,9.36927,9.27594,9.17991,9.08118,8.979777,8.875746000000001,8.769159,8.660142,8.548839000000001,8.435457000000001,8.320275,8.203626,8.085942,7.967736,7.849665,7.732467000000001,7.6170420000000005,7.504416000000001,7.39575,7.292340000000001,7.195608,7.107012,7.028073000000001,6.960249,6.904908,6.8631839999999995,6.835967999999999,6.823773,6.826760999999999,6.844644,6.876792,6.922197,6.979617,7.047594,7.124589,7.209036,7.299405,7.3942380000000005,7.49223,7.5921840000000005,7.693074,7.794009,7.894233,7.993125,8.090163,8.184951000000002,8.277147000000001,8.366499000000001,8.452827000000001,8.535987,8.61588,8.692452,8.765667,8.835507,8.90199,8.965133999999999,9.02502,9.08154,9.134910000000001,9.185130000000001,9.23211,9.27612,9.31716,9.35514,9.39024,9.422550000000001,9.45198,9.478620000000001,9.50256,9.523800000000001,9.542340000000001,9.55827,9.571679999999999,9.58239,9.590580000000001,9.59625,9.599310000000001,9.59994,9.59796,9.59346,9.58644,9.5769,9.56484,9.55017,9.53298,9.51309,9.49059,9.465480000000001,9.43767,9.40707,9.37368,9.3375,9.29853,9.256590000000001,9.211680000000001,9.16371,9.11277,9.05868,9.00144,8.941023,8.877348000000001,8.810406,8.740169999999999,8.666640000000001,8.589816,8.509752,8.426484,8.340129,8.250812999999999,8.158725,8.064108000000001,7.967304,7.868709,7.768827000000001,7.668279,7.567821,7.468326,7.37082,7.276482,7.186626,7.102674,7.026165,6.958647000000001,6.901659,6.85665,6.824853,6.807267,6.804549,6.816951,6.8443380000000005,6.8862060000000005,6.941682,7.009623,7.088697000000001,7.177446000000001,7.274376,7.378029000000001,7.487019000000001,7.600068000000001,7.716015,7.833852000000001,7.952697000000001,8.071821,8.190593999999999,8.308503,8.425134,8.540154000000001,8.653302,8.764389000000001,8.873262,8.979822,9.083969999999999,9.18576,9.285120000000001,9.381960000000001,9.476460000000001,9.56853,9.65826,9.74574,9.830969999999999,9.91404,9.99495,10.073789999999999,10.150649999999999,10.225620000000001,10.29861,10.36989,10.43937,10.50714,10.573290000000002,10.637820000000001,10.70091,10.76247,10.82268,10.881450000000001,10.93887,10.99503,11.05002,11.10375,11.156400000000001,11.207880000000001,11.258280000000001,11.307690000000001,11.356110000000001,11.403450000000001,11.449980000000002,11.49552,11.54025,11.58408,11.6271,11.6694,11.7108,11.75157,11.79153,11.830860000000001,11.86947,11.907449999999999,11.9448,11.98152,12.01761,12.05316,12.088080000000001,12.12255,12.15639,12.18978,12.22263,12.25503,12.286890000000001,12.318299999999999,12.349350000000001,12.37986,12.41001,12.43971,12.468960000000001,12.49785,12.526380000000001,12.55455,12.58236,12.60981,12.6369,12.663630000000001,12.69,12.716099999999999,12.74193,12.7674,12.7926,12.81753,12.8421,12.866489999999999,12.89052,12.91437,12.93795,12.961260000000001,12.9843,13.00716,13.02975,13.05216,13.0743,13.09626,13.11804,13.139550000000002,13.16097,13.182120000000001,13.20309,13.22388,13.244580000000001,13.26501,13.28535,13.30551,13.32549,13.34529,13.365,13.38462,13.40406,13.42332,13.44258,13.46166,13.48065,13.49946,13.518270000000001,13.536900000000001,13.555530000000001,13.57398,13.59243,13.610790000000001,13.62906,13.64724,13.66542,13.683510000000002,13.701600000000001,13.7196,13.7376,13.75551,13.773420000000002,13.79133,13.80924,13.82715,13.84497,13.86288,13.880700000000001,13.89861,13.91652,13.93452,13.952430000000001,13.97052,13.98852,14.00661,14.02479,14.04297,14.06124,14.079600000000001,14.09805,14.1165,14.13513,14.15376,14.17257,14.19147,14.210460000000001,14.229540000000002,14.248800000000001,14.26815,14.28759,14.3073,14.327010000000001,14.34699,14.36706,14.387310000000001,14.407650000000002,14.428260000000002,14.448960000000001,14.46993,14.49099,14.51232,14.533830000000002,14.55552,14.57739,14.59953,14.621850000000002,14.64435,14.66712,14.690069999999999,14.713289999999999,14.73669,14.76045,14.7843,14.808510000000002,14.832900000000002,14.857560000000001,14.88249,14.9076,14.933070000000003,14.95872,14.984729999999999,15.010919999999999,15.037380000000002,15.0642,15.0912,15.11856,15.1461,15.174,15.202080000000002,15.230519999999999,15.259229999999999,15.28821,15.31755,15.347069999999999,15.37695,15.40701,15.437429999999999,15.468210000000001,15.49917,15.5304,15.56199,15.59385,15.625980000000002,15.65838,15.69105,15.72408,15.75729,15.79086,15.824699999999998,15.85881,15.893189999999999,15.927840000000002,15.96276,15.998040000000001,16.0335,16.06923,16.105230000000002,16.14159,16.17813,16.214940000000002
15.316020000000002,15.23808,15.159600000000001,15.08067,15.001199999999999,14.921190000000001,14.840729999999999,14.75964,14.678010000000002,14.59575,14.51295,14.429520000000002,14.345369999999999,14.26059,14.17509,14.08887,14.001840000000001,13.914090000000002,13.82553,13.73616,13.645890000000001,13.554630000000001,13.46256,13.36941,13.275360000000001,13.180140000000002,13.08384,12.98646,12.887820000000001,12.78801,12.686850000000002,12.58443,12.48057,12.37527,12.26844,12.15999,12.05001,11.938229999999999,11.82474,11.70945,11.59218,11.47302,11.3517,11.22831,11.10276,10.97496,10.84482,10.71234,10.57734,10.44,10.30005,10.157670000000001,10.01277,9.865440000000001,9.71577,9.56376,9.40959,9.253620000000002,9.09603,8.937288,8.777799,8.618219999999999,8.459289,8.301924000000001,8.147205000000001,7.99641,7.851006000000001,7.712649000000001,7.583148,7.464447,7.358562000000001,7.267464000000001,7.192998,7.136748,7.09992,7.0832429999999995,7.086888,7.11045,7.153002,7.213131000000001,7.289055,7.378785000000001,7.480188,7.591167,7.7096789999999995,7.8338339999999995,7.96194,8.092502999999999,8.224245,8.356068,8.487081,8.616546000000001,8.743878,8.868599999999999,8.990379,9.1089,9.2241,9.3357,9.4437,9.54801,9.64872,9.74574,9.83916,9.92907,10.01547,10.09854,10.17819,10.25469,10.32804,10.39824,10.46556,10.53,10.59165,10.6506,10.70685,10.760670000000001,10.81188,10.860750000000001,10.90737,10.95165,10.99377,11.03373,11.071620000000001,11.10744,11.14137,11.17341,11.20347,11.231819999999999,11.258280000000001,11.28303,11.30607,11.327490000000001,11.3472,11.36538,11.38194,11.39697,11.41038,11.42244,11.43288,11.441970000000001,11.449530000000001,11.45574,11.460420000000001,11.463840000000001,11.46582,11.466450000000002,11.46564,11.463569999999999,11.46006,11.45529,11.44917,11.441699999999999,11.43288,11.42271,11.41128,11.3985,11.38437,11.36889,11.35206,11.33388,11.314350000000001,11.29347,11.27115,11.24748,11.222370000000002,11.19591,11.16792,11.13849,11.107619999999999,11.07522,11.04129,11.00592,10.96884,10.93023,10.89,10.84806,10.804409999999999,10.75905,10.71198,10.66302,10.61217,10.55952,10.504890000000001,10.44828,10.389510000000001,10.32876,10.26585,10.20069,10.13319,10.06344,9.99126,9.91665,9.83943,9.759689999999999,9.677249999999999,9.59202,9.50409,9.41328,9.319500000000001,9.22284,9.12321,9.020520000000001,8.914797,8.806113,8.694486,8.579979,8.462736000000001,8.342928,8.220798,8.096661000000001,7.970922,7.844121,7.716897,7.590033,7.464483,7.341372000000001,7.221996000000001,7.1078399999999995,7.000533,6.90183,6.8135580000000004,6.737517,6.6753990000000005,6.62868,6.598476000000001,6.58548,6.589881,6.6113550000000005,6.649074,6.701796,6.767928,6.845688,6.933186,7.028541000000001,7.129935000000001,7.235712,7.344359999999999,7.454574,7.565219999999999,7.675362000000001,7.7842080000000005,7.891128,7.9956179999999994,8.097282000000002,8.195814,8.291007,8.38269,8.470764,8.555166,8.635851,8.712837,8.786133000000001,8.855766000000001,8.921799,8.984277,9.04329,9.09882,9.15102,9.19989,9.24552,9.28809,9.32742,9.36378,9.397170000000001,9.42759,9.455129999999999,9.479880000000001,9.501840000000001,9.52101,9.53748,9.551250000000001,9.56241,9.57087,9.57672,9.57996,9.580589999999999,9.57861,9.57402,9.56691,9.5571,9.54468,9.52965,9.51192,9.491489999999999,9.46836,9.44244,9.41373,9.38223,9.347760000000001,9.310410000000001,9.270090000000001,9.22662,9.180090000000002,9.13041,9.077490000000001,9.02124,8.961651,8.898615,8.832096,8.76204,8.688402,8.611137000000001,8.530245,8.445717,8.357579999999999,8.265915,8.170803000000001,8.072424,7.970976,7.866765,7.760187,7.651737,7.5420359999999995,7.4318670000000004,7.322175,7.2140580000000005,7.108839000000001,7.007985,6.913179,6.826212,6.748947,6.683283,6.630984,6.593634000000001,6.572466,6.568326,6.58152,6.611886,6.658731,6.720939,6.79707,6.885432,6.984252,7.091721000000001,7.206093,7.325757,7.449246,7.575291,7.702767000000001,7.830747,7.958448,8.085249000000001,8.210637,8.334198,8.455644000000001,8.574722999999999,8.691291000000001,8.805213,8.916417000000001,9.02484,9.13059,9.23355,9.333810000000001,9.431370000000001,9.52632,9.61866,9.70857,9.79605,9.88119,9.963989999999999,10.04463,10.123199999999999,10.19961,10.27413,10.34667,10.41741,10.48635,10.55358,10.61919,10.683090000000002,10.745550000000001,10.80657,10.86606,10.92429,10.98108,11.0367,11.09097,11.144160000000001,11.196180000000002,11.24703,11.29689,11.34567,11.39346,11.440349999999999,11.48625,11.53125,11.57544,11.618730000000001,11.661209999999999,11.70288,11.74383,11.78406,11.82357,11.86236,11.90052,11.93796,11.974860000000001,12.01104,12.04677,12.08178,12.116340000000001,12.150269999999999,12.18375,12.21669,12.249089999999999,12.28104,12.31254,12.3435,12.3741,12.404250000000001,12.433950000000001,12.46329,12.492180000000001,12.52071,12.548879999999999,12.576600000000001,12.60405,12.63114,12.657869999999999,12.68424,12.71034,12.73608,12.76146,12.78666,12.8115,12.83607,12.860370000000001,12.884400000000001,12.90816,12.93165,12.95487,12.97791,13.000680000000001,13.02318,13.045499999999999,13.06755,13.089419999999999,13.11111,13.13262,13.15386,13.17492,13.1958,13.2165,13.237110000000001,13.25745,13.277610000000001,13.29768,13.31757,13.33737,13.3569,13.376430000000001,13.39569,13.414950000000001,13.43403,13.45302,13.47183,13.490639999999999,13.50927,13.52781,13.54626,13.56462,13.582980000000001,13.60116,13.619340000000001,13.63743,13.655520000000001,13.67343,13.69143,13.70925,13.72716,13.74498,13.7628,13.78053,13.798350000000001,13.816080000000001,13.833810000000001,13.85154,13.86936,13.88709,13.90491,13.92273,13.94055,13.95846,13.97637,13.99437,14.01237,14.03046,14.04864,14.06682,14.085090000000001,14.10354,14.12199,14.14053,14.15925,14.17797,14.19687,14.215860000000001,14.23494,14.254199999999999,14.27364,14.29317,14.31279,14.332590000000001,14.35257,14.37273,14.392980000000001,14.4135,14.43411,14.45499,14.475959999999999,14.497200000000001,14.518529999999998,14.54022,14.562,14.58396,14.60628,14.62869,14.65137,14.674230000000001,14.697360000000002,14.72076,14.744340000000001,14.768189999999999,14.79231,14.8167,14.841270000000002,14.86611,14.89122,14.916600000000003,14.94225,14.96817,14.99427,15.020729999999999,15.047460000000001,15.074460000000002,15.101729999999998,15.129270000000002,15.15708,15.18525,15.2136,15.24231,15.27129,15.30054,15.330060000000001,15.359850000000002,15.390000000000002,15.420420000000002,15.45111,15.482070000000002,15.5133,15.544889999999999,15.57675,15.60888,15.641280000000002,15.673950000000001,15.706890000000001,15.74019,15.77376,15.8076,15.84171,15.876090000000001,15.91074,15.945750000000002,15.980939999999999,16.0164,16.05222,16.088220000000003,16.12458,16.16112,16.19793
15.31368,15.23565,15.15708,15.078059999999999,14.9985,14.9184,14.83776,14.756580000000001,14.674859999999999,14.592419999999999,14.509440000000001,14.425740000000001,14.341410000000002,14.25636,14.17059,14.08401,13.99671,13.90869,13.81968,13.72986,13.639140000000001,13.54752,13.45482,13.361220000000001,13.26645,13.1706,13.073670000000002,12.97548,12.87603,12.77532,12.67326,12.56976,12.46482,12.358260000000001,12.25017,12.140460000000001,12.028950000000002,11.91555,11.80035,11.683169999999999,11.563920000000001,11.4426,11.31894,11.19303,11.06478,10.934009999999999,10.80063,10.66464,10.52595,10.38447,10.240110000000001,10.09296,9.94284,9.78984,9.63387,9.475200000000001,9.31383,9.150030000000001,8.983899000000001,8.815914000000001,8.646498,8.476272,8.305965,8.136522000000001,7.969104,7.805061,7.64604,7.493904000000001,7.3507679999999995,7.218935999999999,7.100838,6.998922,6.91551,6.852645,6.811902000000001,6.794226,6.799887,6.828381,6.878511,6.948468,7.0360380000000005,7.13871,7.253901,7.379072999999999,7.511814,7.649964,7.791606,7.935093,8.079057,8.222337,8.364033,8.503397999999999,8.639874,8.773038000000001,8.902557000000002,9.02826,9.149849999999999,9.26748,9.38088,9.49023,9.59553,9.69678,9.79398,9.887400000000001,9.97704,10.063080000000001,10.145430000000001,10.22436,10.29996,10.37232,10.44153,10.50777,10.57095,10.63143,10.68903,10.744019999999999,10.79649,10.846350000000001,10.89387,10.93905,10.98198,11.02266,11.06127,11.09772,11.13219,11.16468,11.19528,11.22399,11.25081,11.275920000000001,11.29932,11.32092,11.340900000000001,11.359259999999999,11.376000000000001,11.39112,11.404800000000002,11.41686,11.427480000000001,11.43657,11.44422,11.45034,11.45511,11.45853,11.460420000000001,11.46105,11.460239999999999,11.458079999999999,11.45448,11.44962,11.44332,11.43576,11.42685,11.416500000000001,11.40489,11.39193,11.37762,11.36196,11.34486,11.326500000000001,11.306700000000001,11.28555,11.26296,11.23902,11.21364,11.18673,11.158470000000001,11.12868,11.09736,11.0646,11.030220000000002,10.99431,10.95678,10.917629999999999,10.87686,10.834290000000001,10.7901,10.744019999999999,10.69623,10.64655,10.59489,10.54134,10.48581,10.42821,10.368450000000001,10.30653,10.24236,10.17594,10.107090000000001,10.03581,9.96201,9.88569,9.80658,9.724770000000001,9.64008,9.552600000000002,9.461969999999999,9.36837,9.27153,9.17154,9.06822,8.961624,8.851626000000001,8.738244000000002,8.621487,8.501391,8.378055,8.251605,8.122239,7.990254,7.856019000000001,7.720047000000001,7.5829770000000005,7.44561,7.3089450000000005,7.174197,7.042797,6.916419,6.796962,6.686496,6.587235,6.501411,6.431175,6.378381,6.344514,6.3304920000000005,6.3365670000000005,6.362316,6.406695,6.4680930000000005,6.544512,6.633702,6.73335,6.841188000000001,6.955083,7.073091000000001,7.193547,7.314984000000001,7.4362140000000005,7.556229000000001,7.674246,7.789644000000001,7.901928000000001,8.010747,8.115831,8.217009000000001,8.314155,8.407206,8.496153,8.580978000000002,8.661744,8.738478,8.811252,8.880138,8.945208000000001,9.006570000000002,9.06426,9.118440000000001,9.169110000000002,9.21636,9.260370000000002,9.30105,9.33867,9.373140000000001,9.40455,9.43299,9.45846,9.48105,9.50085,9.51786,9.53208,9.54351,9.55224,9.55827,9.56169,9.56241,9.56043,9.55575,9.54837,9.53838,9.525689999999999,9.51021,9.49203,9.471060000000001,9.4473,9.42066,9.39114,9.35865,9.32319,9.28467,9.243,9.19818,9.150030000000001,9.098550000000001,9.043740000000001,8.985365999999999,8.923428000000001,8.857836,8.7885,8.715339,8.638299,8.557299,8.472303,8.383275000000001,8.290197000000001,8.193105000000001,8.092062,7.987167,7.878618,7.766658,7.651656,7.53408,7.414551000000001,7.293851999999999,7.172973,7.0531109999999995,6.935697,6.822414,6.71517,6.61608,6.52743,6.451506,6.390549,6.346557,6.321114000000001,6.315300000000001,6.3295200000000005,6.363522,6.416406,6.486714,6.572583000000001,6.671889,6.782436,6.90201,7.0285590000000004,7.160211,7.295310000000001,7.432434,7.570386000000001,7.708185,7.845039000000001,7.9803180000000005,8.113545,8.244324,8.372403,8.497575000000001,8.619723,8.738766,8.854668,8.967438,9.07713,9.18369,9.28728,9.3879,9.48564,9.580589999999999,9.67284,9.76257,9.84969,9.93447,10.01682,10.09692,10.17486,10.250729999999999,10.32462,10.39653,10.46655,10.53477,10.60137,10.666170000000001,10.72944,10.79118,10.85148,10.91034,10.96785,11.02392,11.07882,11.13255,11.18502,11.236320000000001,11.286629999999999,11.33577,11.38392,11.43117,11.47734,11.5227,11.56707,11.61063,11.65338,11.69532,11.73645,11.776860000000001,11.816550000000001,11.85552,11.89377,11.93139,11.96838,12.00474,12.04047,12.075660000000001,12.11022,12.14433,12.177810000000001,12.21075,12.24324,12.27528,12.306780000000002,12.33783,12.36843,12.398579999999999,12.42828,12.45762,12.48651,12.51504,12.54321,12.57093,12.59829,12.62538,12.65202,12.67839,12.70449,12.73014,12.75552,12.78063,12.805470000000001,12.82995,12.85416,12.8781,12.901860000000001,12.92526,12.94839,12.97134,12.994019999999999,13.01652,13.03875,13.06071,13.08249,13.104090000000001,13.12542,13.14666,13.167629999999999,13.18842,13.20903,13.229460000000001,13.24971,13.269779999999999,13.289760000000001,13.30956,13.329180000000001,13.34862,13.367970000000001,13.38723,13.40631,13.4253,13.44411,13.46292,13.48155,13.50009,13.51845,13.536810000000001,13.55508,13.573260000000001,13.59135,13.609440000000001,13.627350000000002,13.64526,13.663170000000001,13.680900000000001,13.698720000000002,13.716450000000002,13.73409,13.75182,13.76946,13.7871,13.80474,13.82229,13.83993,13.857569999999999,13.875210000000001,13.892850000000001,13.910580000000001,13.92831,13.94604,13.96386,13.98168,13.99959,14.01759,14.035590000000001,14.05368,14.071860000000001,14.09013,14.10849,14.126850000000001,14.14539,14.16411,14.18283,14.20173,14.22072,14.23989,14.25915,14.278500000000001,14.298119999999999,14.31783,14.33763,14.3577,14.37786,14.3982,14.41881,14.43951,14.46039,14.481539999999999,14.50287,14.52438,14.546069999999999,14.568029999999998,14.590170000000002,14.612490000000001,14.635079999999999,14.65794,14.680980000000002,14.70429,14.727780000000001,14.75154,14.775570000000002,14.799869999999999,14.82444,14.849189999999998,14.874300000000002,14.89959,14.92515,14.950980000000001,14.977170000000001,15.003540000000001,15.03018,15.05718,15.08436,15.1119,15.13971,15.167790000000002,15.19614,15.22476,15.253739999999999,15.282990000000002,15.31251,15.342300000000002,15.37236,15.40278,15.43347,15.46443,15.49566,15.527250000000002,15.55902,15.591149999999999,15.62364,15.656310000000001,15.689250000000001,15.72255,15.75612,15.78996,15.82407,15.85854,15.893189999999999,15.9282,15.963390000000002,15.99894,16.03467,16.07076,16.10712,16.14366,16.18056
15.311700000000002,15.233580000000002,15.155009999999999,15.0759,14.996250000000002,14.91615,14.83542,14.75406,14.67216,14.58963,14.506380000000002,14.4225,14.337990000000001,14.25267,14.16672,14.07987,13.9923,13.903830000000001,13.81455,13.72437,13.6332,13.54104,13.44798,13.35375,13.25844,13.16196,13.06431,12.96549,12.86523,12.763710000000001,12.66075,12.55626,12.45024,12.342600000000001,12.23325,12.12219,12.00924,11.8944,11.77749,11.658510000000001,11.537370000000001,11.41389,11.28798,11.15964,11.02869,10.89495,10.758510000000001,10.6191,10.47672,10.331190000000001,10.18251,10.0305,9.875160000000001,9.71649,9.5544,9.38889,9.22014,9.04815,8.873289,8.695728,8.515917,8.334423,8.151975,7.969518,7.788231,7.609581,7.435341,7.2676169999999995,7.10883,6.9617249999999995,6.829236000000001,6.7144140000000005,6.620202,6.5492550000000005,6.503643,6.484662,6.492681,6.52707,6.586254,6.6679200000000005,6.7692239999999995,6.887025,7.018119,7.159464,7.308234000000001,7.461954,7.618473,7.776009,7.933113,8.088597,8.241552,8.391285000000002,8.537256,8.679096,8.816544,8.949438,9.07767,9.20124,9.32022,9.43452,9.544319999999999,9.64971,9.750779999999999,9.847620000000001,9.94041,10.029330000000002,10.11438,10.19574,10.2735,10.34784,10.41894,10.486799999999999,10.5516,10.613430000000001,10.67238,10.72863,10.78209,10.83303,10.881450000000001,10.92744,10.97118,11.012490000000001,11.051730000000001,11.08881,11.12382,11.15676,11.18772,11.216880000000002,11.24406,11.26944,11.29311,11.31498,11.33523,11.353769999999999,11.37069,11.38599,11.39967,11.41182,11.422530000000002,11.43171,11.43936,11.44557,11.45034,11.45367,11.45565,11.4561,11.45529,11.45304,11.449440000000001,11.4444,11.4381,11.43036,11.421270000000002,11.410829999999999,11.39904,11.3859,11.371410000000001,11.35557,11.33829,11.31966,11.29968,11.27826,11.2554,11.2311,11.20545,11.17827,11.149650000000001,11.1195,11.08782,11.05461,11.019870000000001,10.98351,10.94553,10.90584,10.86453,10.82151,10.7766,10.729980000000001,10.68147,10.631070000000001,10.57869,10.52433,10.4679,10.40931,10.34856,10.28565,10.22031,10.15263,10.08243,10.00971,9.93438,9.85626,9.77544,9.69165,9.604800000000001,9.514890000000001,9.42183,9.32544,9.22563,9.122399999999999,9.01548,8.904933,8.790651,8.672562,8.550647999999999,8.424890999999999,8.295345000000001,8.162091,8.025264,7.885116000000001,7.741971,7.596297,7.448697,7.299981000000001,7.151175,7.003557,6.858693000000001,6.718437,6.5849850000000005,6.460803,6.348546,6.251022,6.1709309999999995,6.110721000000001,6.072318,6.056964000000001,6.0650189999999995,6.095952,6.148359,6.2201699999999995,6.308802,6.411429,6.525180000000001,6.647328,6.775344,6.907032,7.040502,7.174179,7.306812,7.437375,7.565085,7.689348000000001,7.8097319999999995,7.925922000000001,8.037711,8.144973,8.247645,8.345718000000002,8.439201,8.528166,8.612667,8.692803000000001,8.768664000000001,8.840358,8.907984,8.97165,9.031500000000001,9.087570000000001,9.13995,9.18882,9.23418,9.27621,9.31491,9.35046,9.38277,9.41202,9.4383,9.46161,9.481950000000001,9.499410000000001,9.51399,9.52578,9.534780000000001,9.541080000000001,9.544500000000001,9.54531,9.543330000000001,9.53856,9.53109,9.52083,9.50778,9.49203,9.4734,9.45189,9.4275,9.40014,9.36981,9.33642,9.29997,9.26028,9.21735,9.171180000000001,9.1215,9.0684,9.011610000000001,8.951211,8.886996,8.818884,8.746776,8.670573,8.590167,8.505459,8.416377,8.322831,8.224785,8.122203,8.015112,7.903557,7.787673,7.667658,7.543827,7.416603,7.286571,7.154523,7.0214490000000005,6.888618,6.757587,6.630219,6.508710000000001,6.395562,6.2935110000000005,6.20541,6.134067,6.082047,6.051438,6.043635,6.05916,6.097671,6.157953,6.238071,6.335604,6.4478610000000005,6.5720790000000004,6.705603,6.845985000000001,6.991065,7.138998,7.2882359999999995,7.437501,7.585803,7.73235,7.87653,8.017893,8.156124,8.290998,8.42238,8.550171,8.674371,8.79498,8.912034,9.02556,9.135720000000001,9.242640000000002,9.34623,9.44676,9.544229999999999,9.638819999999999,9.73062,9.81981,9.9063,9.99036,10.071990000000001,10.15137,10.22859,10.30365,10.37673,10.447830000000002,10.517040000000001,10.58445,10.650150000000002,10.71423,10.77669,10.83771,10.897110000000001,10.95525,11.01195,11.067300000000001,11.12148,11.1744,11.22615,11.27682,11.326319999999999,11.374830000000001,11.42235,11.46888,11.51442,11.55915,11.60298,11.64591,11.688030000000001,11.72934,11.76993,11.809800000000001,11.84886,11.88729,11.925,11.96208,11.99853,12.034440000000002,12.06963,12.10428,12.13839,12.17196,12.20499,12.237570000000002,12.26961,12.30111,12.332160000000002,12.36276,12.393,12.4227,12.45204,12.480929999999999,12.50937,12.53754,12.56526,12.59262,12.619620000000001,12.64626,12.672540000000001,12.698550000000001,12.7242,12.74958,12.774600000000001,12.79935,12.82374,12.847949999999999,12.8718,12.895470000000001,12.91878,12.94191,12.964680000000001,12.98736,13.00968,13.03182,13.053780000000001,13.07547,13.09689,13.118219999999999,13.13928,13.160160000000001,13.180860000000001,13.20129,13.22163,13.241790000000002,13.26177,13.28166,13.30128,13.32081,13.340160000000001,13.35942,13.3785,13.397490000000001,13.41639,13.43511,13.453740000000002,13.47219,13.490639999999999,13.50891,13.527180000000001,13.54527,13.56327,13.58127,13.59918,13.617,13.634820000000001,13.65255,13.67019,13.68783,13.70538,13.72302,13.740480000000002,13.75803,13.775490000000001,13.79304,13.810500000000001,13.827960000000001,13.84551,13.86297,13.88052,13.89807,13.91562,13.93326,13.95099,13.96863,13.98645,14.00427,14.02218,14.04009,14.05818,14.076270000000001,14.09454,14.11281,14.13126,14.14971,14.168429999999999,14.18715,14.20605,14.22504,14.24421,14.26347,14.28291,14.30253,14.32224,14.342130000000001,14.3622,14.38245,14.40297,14.42358,14.44437,14.465340000000001,14.48658,14.508000000000001,14.529599999999999,14.551469999999998,14.573519999999998,14.59575,14.61825,14.641020000000001,14.663969999999999,14.68719,14.710679999999998,14.734350000000001,14.758379999999999,14.78259,14.807070000000001,14.831730000000002,14.85675,14.88204,14.90751,14.933340000000001,14.95944,14.98572,15.01236,15.03927,15.066540000000002,15.093990000000002,15.12171,15.149790000000001,15.178139999999999,15.206760000000001,15.23565,15.264899999999999,15.29433,15.324120000000002,15.354270000000001,15.3846,15.41529,15.446250000000001,15.47748,15.50907,15.540930000000001,15.57297,15.60546,15.638129999999999,15.671160000000002,15.704460000000001,15.73803,15.77187,15.805980000000002,15.84045,15.8751,15.910110000000001,15.94539,15.980939999999999,16.016759999999998,16.052850000000003,16.08921,16.12575,16.162650000000003
15.31017,15.23205,15.15339,15.074279999999998,14.994539999999999,14.91426,14.833440000000001,14.751990000000001,14.670000000000002,14.587290000000001,14.503950000000001,14.419889999999999,14.3352,14.2497,14.16339,14.07636,13.98852,13.89978,13.81014,13.7196,13.628070000000001,13.53546,13.44186,13.34718,13.25133,13.15431,13.05603,12.95649,12.855509999999999,12.75318,12.649320000000001,12.54393,12.43692,12.32829,12.21777,12.10545,11.99115,11.874780000000001,11.75634,11.63565,11.51262,11.387070000000001,11.259,11.12832,10.994760000000001,10.85832,10.71873,10.576080000000001,10.430010000000001,10.280610000000001,10.12752,9.97083,9.81036,9.64602,9.47772,9.30546,9.12924,8.949087,8.765199,8.577774000000002,8.387163000000001,8.193861,7.9985610000000005,7.802163,7.605855000000001,7.411167,7.219989,7.034661000000001,6.857946,6.693048,6.543549,6.41322,6.305868,6.2249490000000005,6.173253,6.152553,6.163371,6.2048879999999995,6.275034000000001,6.370767000000001,6.4883880000000005,6.623919,6.773418,6.933204000000001,7.099992,7.270956,7.443738000000001,7.6164570000000005,7.787574,7.955946000000001,8.120691,8.281152,8.436888000000001,8.587584,8.733069,8.873253,9.0081,9.1377,9.262080000000001,9.38133,9.49554,9.604980000000001,9.70974,9.81,9.905850000000001,9.99756,10.085130000000001,10.16883,10.24875,10.32507,10.39788,10.46736,10.53369,10.596870000000001,10.65699,10.71432,10.76886,10.82079,10.87011,10.91691,10.96128,11.003309999999999,11.04309,11.08071,11.11617,11.149560000000001,11.18097,11.21049,11.23803,11.26368,11.28762,11.30976,11.3301,11.34882,11.365920000000001,11.38131,11.39517,11.407409999999999,11.41812,11.42739,11.43504,11.44125,11.44602,11.44935,11.451329999999999,11.45178,11.45088,11.44854,11.44485,11.439720000000001,11.43324,11.425410000000001,11.41623,11.4057,11.393730000000001,11.38041,11.36574,11.34972,11.33226,11.31336,11.2932,11.27151,11.248380000000001,11.2239,11.197890000000001,11.170440000000001,11.14146,11.11104,11.079,11.045430000000001,11.010330000000002,10.97352,10.93509,10.89495,10.8531,10.80954,10.764090000000001,10.716840000000001,10.6677,10.616670000000001,10.56357,10.5084,10.45116,10.391670000000001,10.330020000000001,10.26603,10.19961,10.13076,10.0593,9.98514,9.90837,9.82863,9.746010000000002,9.66033,9.5715,9.47934,9.38385,9.28476,9.18207,9.0756,8.965179,8.850789,8.732259,8.609508,8.482455000000002,8.351037000000002,8.215236,8.075079,7.930629,7.782075000000001,7.629669000000001,7.473807000000001,7.315056000000001,7.154172000000001,6.992181,6.830406,6.670494000000001,6.514533,6.3649890000000005,6.224760000000001,6.0970949999999995,5.98545,5.893326,5.823927,5.779854,5.7627809999999995,5.77323,5.810499,5.8727160000000005,5.957127000000001,6.060375,6.17886,6.309027,6.447564000000001,6.591528,6.7384260000000005,6.886188000000001,7.033131,7.177968000000001,7.319691,7.457553000000001,7.591032000000001,7.719740999999999,7.843464,7.962047999999999,8.075439,8.183646000000001,8.286705,8.384697000000001,8.477730000000001,8.565921,8.649386999999999,8.728263,8.802674999999999,8.872776,8.938683000000001,9.00054,9.05841,9.1125,9.162899999999999,9.209610000000001,9.2529,9.29268,9.329220000000001,9.36243,9.39258,9.419490000000001,9.44334,9.464220000000001,9.48222,9.497160000000001,9.50931,9.51858,9.52497,9.52857,9.529380000000002,9.5274,9.522540000000001,9.514980000000001,9.50445,9.49122,9.475019999999999,9.45594,9.43398,9.40896,9.38097,9.349920000000001,9.31563,9.27819,9.23751,9.19341,9.145800000000001,9.09468,9.03996,8.981379,8.918964,8.852544,8.781993000000002,8.707194,8.628003,8.544303,8.45595,8.362827000000001,8.264808,8.161802999999999,8.053722,7.940538,7.822223999999999,7.6988520000000005,7.5705480000000005,7.437546,7.300206,7.1590679999999995,7.014851999999999,6.8685659999999995,6.721497,6.575292,6.432021000000001,6.294168,6.164658,6.046785000000001,5.944086,5.86017,5.798358,5.761413,5.751207,5.768433,5.812596,5.882022,5.974128,6.0857280000000005,6.213357,6.353568,6.503139,6.65919,6.819273,6.981327,7.143714,7.305128999999999,7.464564,7.621272,7.774695,7.924455,8.070300000000001,8.212068,8.349696,8.483157,8.612487000000002,8.737749,8.859042,8.976455999999999,9.09009,9.20016,9.30672,9.40986,9.50985,9.60669,9.70047,9.79155,9.87975,9.96543,10.04859,10.12932,10.20771,10.283940000000001,10.3581,10.43019,10.5003,10.568610000000001,10.63512,10.69992,10.7631,10.82466,10.884780000000001,10.94337,11.00061,11.0565,11.11104,11.16441,11.21652,11.267550000000002,11.31741,11.366280000000001,11.41407,11.46087,11.50668,11.551590000000001,11.595600000000001,11.638710000000001,11.68101,11.72259,11.76327,11.80323,11.84247,11.88099,11.91888,11.95605,11.992590000000002,12.028500000000001,12.06387,12.09852,12.13272,12.16629,12.19941,12.231990000000001,12.26403,12.29553,12.32658,12.35727,12.38742,12.417119999999999,12.44637,12.47526,12.50379,12.531870000000001,12.55959,12.58686,12.61386,12.640410000000001,12.66669,12.69261,12.718259999999999,12.743549999999999,12.76848,12.793140000000001,12.81753,12.84165,12.86541,12.88899,12.91221,12.93525,12.958020000000001,12.98052,13.00275,13.024799999999999,13.04667,13.06827,13.0896,13.110750000000001,13.13172,13.15251,13.173119999999999,13.19355,13.21371,13.233780000000001,13.25367,13.273380000000001,13.292910000000001,13.31226,13.33152,13.35069,13.36968,13.38849,13.407210000000001,13.42584,13.44429,13.462650000000002,13.48092,13.4991,13.51719,13.53519,13.553099999999999,13.57092,13.58874,13.60638,13.62402,13.641660000000002,13.65921,13.676670000000001,13.69413,13.71159,13.72896,13.74633,13.7637,13.780980000000001,13.798350000000001,13.81572,13.83309,13.85046,13.86783,13.885200000000001,13.902660000000001,13.920119999999999,13.93767,13.95522,13.972859999999999,13.99059,14.00832,14.02614,14.04405,14.06205,14.08014,14.09832,14.11659,14.134950000000002,14.153490000000001,14.172120000000001,14.19084,14.20974,14.22873,14.2479,14.267249999999999,14.28669,14.30631,14.32611,14.34609,14.36625,14.38659,14.40711,14.42781,14.44869,14.469840000000001,14.491079999999998,14.51268,14.534370000000001,14.55633,14.57856,14.600969999999998,14.62365,14.646510000000001,14.669640000000001,14.693040000000002,14.71662,14.74056,14.76468,14.789070000000002,14.813730000000001,14.83866,14.86386,14.889330000000001,14.915069999999998,14.94108,14.967450000000001,14.994,15.020910000000002,15.048,15.07545,15.103170000000002,15.13125,15.159510000000001,15.18813,15.217020000000002,15.24618,15.275699999999999,15.30549,15.335550000000001,15.36588,15.396569999999999,15.42753,15.458760000000002,15.490350000000001,15.522210000000001,15.55434,15.58674,15.6195,15.65244,15.68574,15.719400000000002,15.75324,15.78744,15.821819999999999,15.856560000000002,15.89157,15.92685,15.96249,15.99831,16.034399999999998,16.07076,16.107480000000002,16.144379999999998
15.309090000000001,15.23088,15.15222,15.073020000000001,14.993279999999999,14.91291,14.832,14.750550000000002,14.66838,14.58558,14.502059999999998,14.417910000000001,14.33295,14.24727,14.16087,14.07357,13.985460000000002,13.89645,13.80645,13.71555,13.62366,13.53078,13.43673,13.3416,13.24521,13.14765,13.04883,12.94857,12.846960000000001,12.743910000000001,12.63924,12.53304,12.425040000000001,12.31533,12.20373,12.09024,11.97468,11.85696,11.73699,11.614680000000002,11.48985,11.36241,11.23227,11.09934,10.96326,10.82412,10.681740000000001,10.53585,10.38627,10.232999999999999,10.07586,9.91449,9.748980000000001,9.57906,9.40464,9.22563,9.04203,8.853642,8.660664,8.463194999999999,8.261496,8.055954,7.847181,7.636005000000001,7.423578,7.211421,7.001523,6.796404000000001,6.599178,6.413562,6.243876,6.094845,5.971347,5.8779900000000005,5.8185720000000005,5.795586,5.809788,5.86008,5.943672,6.05646,6.193593000000001,6.350013000000001,6.520815000000001,6.701589,6.888537,7.0785,7.268949000000001,7.457904,7.643862,7.825698000000001,8.002629,8.174097000000002,8.339760000000002,8.499393000000001,8.652932999999999,8.800362000000002,8.941761,9.07722,9.20691,9.33102,9.449639999999999,9.56304,9.67131,9.77481,9.87363,9.96795,10.05795,10.1439,10.2258,10.30401,10.378530000000001,10.44954,10.51722,10.581660000000001,10.64304,10.70145,10.75698,10.80972,10.85985,10.90737,10.95237,10.99503,11.03544,11.07351,11.10951,11.14326,11.175030000000001,11.20482,11.23272,11.258640000000002,11.28285,11.30517,11.32569,11.34459,11.36178,11.377350000000002,11.391210000000001,11.403540000000001,11.414340000000001,11.42361,11.43135,11.43756,11.44233,11.44566,11.447460000000001,11.44791,11.44692,11.44458,11.4408,11.435580000000002,11.42901,11.42109,11.41173,11.40102,11.38896,11.37546,11.36061,11.344410000000002,11.32677,11.307690000000001,11.28726,11.26539,11.24208,11.21724,11.19105,11.16333,11.13408,11.1033,11.0709,11.03697,11.001510000000001,10.964340000000002,10.925460000000001,10.884870000000001,10.84257,10.79847,10.75257,10.70478,10.65501,10.60326,10.54953,10.49364,10.435590000000001,10.37538,10.312740000000002,10.24785,10.18035,10.110420000000001,10.037700000000001,9.96237,9.884070000000001,9.80289,9.71865,9.631170000000001,9.540360000000002,9.44604,9.348210000000002,9.246599999999999,9.14103,9.031500000000001,8.917695,8.799552,8.6769,8.549586,8.417466000000001,8.280441,8.138403,7.991315999999999,7.839180000000001,7.682058,7.520130000000001,7.353702000000001,7.183242,7.009443,6.833268,6.656022,6.479442,6.305751,6.13773,5.978745,5.832702,5.7039480000000005,5.596983,5.516082000000001,5.464791000000001,5.445468,5.458869,5.5040130000000005,5.578371000000001,5.67819,5.799051,5.936337,6.0856200000000005,6.242913,6.4048229999999995,6.568551,6.731874,6.893064000000001,7.050834,7.204248000000001,7.352640000000001,7.495569,7.632765,7.764075,7.8894720000000005,8.008974,8.122653,8.230625999999999,8.333046000000001,8.430048000000001,8.521812,8.6085,8.690283,8.767323,8.8398,8.907849,8.971632,9.031320000000001,9.08694,9.13878,9.18684,9.23121,9.272070000000001,9.30951,9.34362,9.37449,9.40203,9.42651,9.44793,9.46629,9.48168,9.4941,9.50355,9.51012,9.5139,9.51471,9.51273,9.50778,9.50004,9.489419999999999,9.47583,9.45936,9.439919999999999,9.417420000000002,9.39186,9.363240000000001,9.33147,9.29646,9.25803,9.21627,9.17109,9.12222,9.06975,9.01341,8.953128,8.888805,8.82027,8.747379,8.669979,8.587917000000001,8.501022,8.409123000000001,8.312058,8.209656,8.101764000000001,7.988247,7.8689789999999995,7.743897,7.6129560000000005,7.476210000000001,7.333794,7.185969,7.033176,6.876072000000001,6.715584,6.55299,6.390009,6.228837,6.072273,5.923692,5.787054,5.666778000000001,5.5674719999999995,5.493546,5.448726000000001,5.4355590000000005,5.455017000000001,5.506353,5.587245,5.694147,5.822811,5.968755,6.127677,6.2956710000000005,6.469407,6.646122,6.823611,7.0001549999999995,7.174458,7.345575,7.512831,7.675758,7.834077000000001,7.987608000000001,8.136297,8.280144,8.419212,8.5536,8.683434,8.808849,8.930007000000002,9.047070000000001,9.160200000000001,9.26955,9.375210000000001,9.47754,9.57645,9.6723,9.765089999999999,9.855,9.94212,10.02663,10.10862,10.18827,10.26558,10.340729999999999,10.41372,10.484729999999999,10.55385,10.62108,10.6866,10.75041,10.81251,10.87317,10.9323,10.98999,11.04633,11.10132,11.155050000000001,11.20752,11.25882,11.30904,11.35818,11.40624,11.45322,11.4993,11.54439,11.58858,11.631960000000001,11.67444,11.716109999999999,11.75697,11.79702,11.836350000000001,11.87505,11.912939999999999,11.9502,11.98683,12.02283,12.0582,12.09294,12.12714,12.1608,12.19392,12.22641,12.25854,12.29004,12.321180000000002,12.35178,12.38193,12.411629999999999,12.44088,12.46977,12.49821,12.5262,12.55392,12.581190000000001,12.6081,12.63465,12.66084,12.68667,12.712230000000002,12.73743,12.762360000000001,12.786930000000002,12.81123,12.83526,12.859020000000001,12.882420000000002,12.905640000000002,12.9285,12.95118,12.973590000000002,12.99582,13.01778,13.039470000000001,13.06098,13.08222,13.103280000000002,13.12416,13.14477,13.16529,13.185540000000001,13.20561,13.22559,13.2453,13.26492,13.284360000000001,13.30362,13.322700000000001,13.34169,13.36059,13.37931,13.39785,13.4163,13.434660000000001,13.45293,13.471110000000001,13.48911,13.50702,13.52493,13.54266,13.56039,13.57803,13.59558,13.61304,13.6305,13.647870000000001,13.66524,13.68252,13.6998,13.71708,13.73427,13.75155,13.768740000000001,13.78593,13.80312,13.820310000000001,13.8375,13.85478,13.87206,13.88934,13.90671,13.92408,13.941450000000001,13.959,13.976460000000001,13.9941,14.01183,14.02956,14.04738,14.06538,14.08338,14.101560000000001,14.11983,14.13819,14.15664,14.17527,14.193990000000001,14.21289,14.23197,14.25114,14.27049,14.29002,14.30964,14.32953,14.34951,14.369760000000001,14.3901,14.410710000000002,14.4315,14.45256,14.47371,14.49513,14.51682,14.53869,14.56074,14.58306,14.60565,14.628419999999998,14.65146,14.674769999999999,14.69835,14.7222,14.746229999999999,14.77053,14.79519,14.82003,14.845139999999999,14.870610000000001,14.896260000000002,14.922270000000001,14.948550000000001,14.9751,15.001920000000002,15.02901,15.05646,15.084090000000002,15.11208,15.140430000000002,15.168959999999998,15.197850000000003,15.227010000000002,15.25653,15.28623,15.31629,15.34671,15.37731,15.40827,15.43959,15.471090000000002,15.50295,15.535079999999999,15.56757,15.600240000000001,15.633270000000001,15.66666,15.700230000000001,15.73416,15.76827,15.802739999999998,15.837570000000001,15.87258,15.90786,15.9435,15.97941,16.015500000000003,16.05195,16.08867,16.12566
15.30846,15.23025,15.15159,15.0723,14.99247,14.912099999999999,14.83119,14.74956,14.667300000000001,14.584409999999998,14.500799999999998,14.41647,14.33142,14.245560000000001,14.158890000000001,14.07141,13.98312,13.89384,13.80366,13.7124,13.620239999999999,13.526909999999999,13.432500000000001,13.33692,13.240169999999999,13.14207,13.04271,12.94191,12.83967,12.7359,12.63051,12.52341,12.4146,12.303989999999999,12.1914,12.07674,11.95992,11.84094,11.719529999999999,11.595690000000001,11.469240000000001,11.34009,11.207970000000001,11.072880000000001,10.93455,10.792800000000002,10.647630000000001,10.49868,10.34586,10.1889,10.02771,9.862020000000001,9.69156,9.51633,9.335970000000001,9.15039,8.959356000000001,8.762868000000001,8.560845,8.353287,8.140347,7.922295,7.69959,7.472943,7.243398000000001,7.012422,6.782013,6.554808,6.334227,6.1245270000000005,5.9308559999999995,5.759109,5.615604,5.506533,5.437206,5.411151,5.429529,5.490810000000001,5.5910969999999995,5.724801,5.885442,6.066504,6.261948,6.466509,6.675867,6.886584,7.096005,7.302159,7.5036059999999996,7.699356000000001,7.8887339999999995,8.071335,8.246934,8.415468,8.576964,8.731520999999999,8.879301,9.020520000000001,9.155339999999999,9.284040000000001,9.40689,9.52398,9.635760000000001,9.74232,9.84393,9.940769999999999,10.03311,10.121129999999999,10.204920000000001,10.28484,10.36098,10.433430000000001,10.50237,10.56807,10.63053,10.68984,10.74627,10.79991,10.850760000000001,10.899,10.94463,10.98783,11.02869,11.067300000000001,11.103660000000001,11.137860000000002,11.16999,11.20005,11.22822,11.25441,11.27871,11.301210000000001,11.322000000000001,11.340990000000001,11.358270000000001,11.373930000000001,11.387880000000001,11.4003,11.411100000000001,11.42037,11.42811,11.43441,11.43909,11.44242,11.44422,11.44458,11.44359,11.441070000000002,11.43729,11.43198,11.425320000000001,11.41722,11.407770000000001,11.39697,11.38473,11.37114,11.356110000000001,11.339730000000001,11.32191,11.30265,11.28195,11.2599,11.236320000000001,11.211300000000001,11.18484,11.15685,11.12733,11.09619,11.06361,11.02932,10.993500000000001,10.955969999999999,10.91673,10.87569,10.83303,10.78848,10.742040000000001,10.69371,10.643400000000002,10.591109999999999,10.53666,10.48014,10.42137,10.36035,10.296990000000001,10.231110000000001,10.16271,10.0917,10.017900000000001,9.94131,9.86175,9.77913,9.69327,9.60417,9.511470000000001,9.41517,9.31509,9.21105,9.102870000000001,8.99037,8.873352,8.751627000000001,8.624997,8.493264,8.356239,8.213724000000001,8.065575,7.911639000000001,7.751825999999999,7.586109,7.414533,7.237287,7.054713,6.86736,6.676092000000001,6.482142,6.287229,6.0936840000000005,5.90454,5.7236400000000005,5.555664,5.406021,5.28057,5.185071,5.124492,5.10219,5.1192720000000005,5.174397,5.263974,5.382855,5.525091,5.684724,5.8562460000000005,6.034923,6.216876,6.399063000000001,6.5791710000000005,6.75549,6.926814,7.092315,7.2514710000000004,7.403976,7.549677,7.688556,7.820676000000001,7.946172,8.065197000000001,8.177949,8.284635,8.385462,8.480655,8.570421000000001,8.654976000000001,8.734518,8.809227,8.87931,8.944920000000002,9.00621,9.06336,9.11655,9.165780000000002,9.21132,9.25317,9.29151,9.32634,9.357840000000001,9.3861,9.41112,9.43299,9.45171,9.467459999999999,9.48015,9.48987,9.49662,9.500399999999999,9.5013,9.49932,9.49437,9.48645,9.47565,9.46179,9.44505,9.42516,9.4023,9.376199999999999,9.34704,9.31455,9.27873,9.23958,9.19683,9.15057,9.100530000000001,9.046710000000001,8.988912,8.927028,8.860896,8.790363000000001,8.715258,8.635401,8.550594,8.460639,8.365338,8.264475000000001,8.157834000000001,8.04519,7.926354,7.801128,7.669341,7.530876,7.385651999999999,7.233696,7.075143000000001,6.910299,6.739686000000001,6.5641050000000005,6.38478,6.2033760000000004,6.022206000000001,5.844312,5.673528,5.514588,5.372973,5.254632,5.165496,5.110704,5.093829,5.116248000000001,5.176845,5.2722809999999996,5.397615,5.547114,5.714946,5.89572,6.084801,6.278346,6.473349000000001,6.667506,6.859107,7.046946,7.230168,7.408224000000001,7.580781,7.747686,7.908885,8.064414,8.214372,8.358921,8.498223000000001,8.632458000000002,8.761851,8.886591,9.00684,9.12294,9.2349,9.34308,9.447569999999999,9.54846,9.64611,9.74061,9.83205,9.92061,10.00638,10.08963,10.17027,10.24866,10.32471,10.39851,10.470329999999999,10.54017,10.60812,10.67427,10.738620000000001,10.801350000000001,10.86246,10.92204,10.98018,11.03688,11.09223,11.146320000000001,11.199150000000001,11.25072,11.301210000000001,11.350620000000001,11.39886,11.446110000000001,11.49237,11.53764,11.58201,11.62548,11.668140000000001,11.7099,11.75085,11.791080000000001,11.8305,11.869290000000001,11.90727,11.94462,11.981250000000001,12.01734,12.05271,12.08754,12.12174,12.1554,12.18852,12.221100000000002,12.25314,12.28473,12.31578,12.34638,12.37644,12.406139999999999,12.43539,12.46419,12.49263,12.52062,12.548250000000001,12.57543,12.60234,12.6288,12.65499,12.68073,12.7062,12.7314,12.756150000000002,12.780719999999999,12.80493,12.82887,12.852450000000001,12.87585,12.898890000000002,12.92175,12.94434,12.966660000000001,12.988710000000001,13.010580000000001,13.03218,13.05351,13.07466,13.095630000000002,13.11642,13.136940000000001,13.15728,13.17744,13.197420000000001,13.217220000000001,13.236839999999999,13.25628,13.27563,13.29471,13.313699999999999,13.332600000000001,13.35132,13.36986,13.38831,13.40667,13.42485,13.44294,13.46094,13.47885,13.49667,13.5144,13.53204,13.54959,13.56705,13.58442,13.60179,13.61907,13.63635,13.653540000000001,13.67064,13.68783,13.704930000000001,13.721940000000002,13.73904,13.75605,13.77315,13.79016,13.807260000000001,13.82427,13.841370000000001,13.85847,13.875660000000002,13.892850000000001,13.91004,13.92732,13.94469,13.962060000000001,13.97952,13.99707,14.01462,14.032350000000001,14.05017,14.06808,14.086079999999999,14.10417,14.122349999999999,14.14071,14.15925,14.17779,14.1966,14.2155,14.234490000000001,14.25375,14.2731,14.292629999999999,14.312429999999999,14.33232,14.352390000000002,14.37264,14.39316,14.41386,14.43474,14.455800000000002,14.477129999999999,14.49864,14.520420000000001,14.542470000000002,14.5647,14.58711,14.60988,14.632830000000002,14.656050000000002,14.679540000000001,14.70321,14.727240000000002,14.75154,14.77602,14.80086,14.825969999999998,14.85126,14.876910000000002,14.902830000000002,14.929110000000001,14.95557,14.982389999999999,15.00939,15.03684,15.06447,15.09246,15.120719999999999,15.14925,15.178139999999999,15.207299999999998,15.236730000000001,15.266520000000002,15.296580000000002,15.326910000000002,15.3576,15.388560000000002,15.419789999999999,15.451379999999999,15.483240000000002,15.51537,15.547770000000002,15.58053,15.613650000000002,15.64695,15.68061,15.71454,15.74874,15.78321,15.818040000000002,15.85305,15.88842,15.92406,15.95997,15.996239999999998,16.03269,16.06941,16.1064
15.30819,15.23007,15.151320000000002,15.072030000000002,14.992200000000002,14.91183,14.83083,14.749109999999998,14.666850000000002,14.583870000000001,14.50017,14.415659999999999,14.33052,14.24457,14.157720000000001,14.07006,13.9815,13.892040000000001,13.801590000000001,13.71015,13.61763,13.52403,13.429260000000001,13.33332,13.23612,13.13757,13.03767,12.93642,12.833549999999999,12.72915,12.623130000000002,12.515310000000001,12.40569,12.29418,12.18069,12.06504,11.94714,11.8269,11.70423,11.57904,11.45106,11.32011,11.18628,11.04912,10.90863,10.76463,10.616760000000001,10.46502,10.30905,10.148670000000001,9.9837,9.81378,9.638819999999999,9.45837,9.27234,9.08037,8.88228,8.677872,8.466966000000001,8.249454,8.025318,7.794666,7.557785999999999,7.315209,7.067781,6.816825000000001,6.564222000000001,6.312627,6.065667,5.828094,5.605938,5.40648,5.237928,5.108742,5.0264370000000005,4.996224,5.0198670000000005,5.095188,5.216589000000001,5.376204,5.565321000000001,5.775498000000001,5.9993099999999995,6.230637,6.464664,6.697764,6.927291,7.151373,7.36875,7.578612000000001,7.7804910000000005,7.974162,8.15958,8.336817,8.506053,8.667495,8.821422,8.968104,9.10782,9.24093,9.36774,9.488430000000001,9.60336,9.7128,9.81702,9.91629,10.010790000000002,10.100700000000002,10.18629,10.26783,10.34532,10.419120000000001,10.48932,10.556099999999999,10.61955,10.67976,10.73709,10.79136,10.84293,10.8918,10.93797,10.98171,11.02302,11.06208,11.0988,11.133270000000001,11.16576,11.19609,11.224440000000001,11.2509,11.27538,11.29806,11.31894,11.33802,11.35548,11.37114,11.38518,11.397689999999999,11.40849,11.417760000000001,11.42559,11.4318,11.436480000000001,11.439720000000001,11.44152,11.441880000000001,11.440710000000001,11.43819,11.434230000000001,11.42892,11.42217,11.41398,11.40444,11.39346,11.38104,11.36736,11.35215,11.33559,11.317590000000001,11.29815,11.27736,11.25504,11.23128,11.20608,11.17935,11.15109,11.1213,11.08998,11.05704,11.02248,10.986300000000002,10.948409999999999,10.90881,10.8675,10.8243,10.779390000000001,10.732500000000002,10.68372,10.63287,10.58004,10.52505,10.4679,10.4085,10.34676,10.28259,10.215900000000001,10.1466,10.07469,9.9999,9.92214,9.841410000000002,9.75744,9.67023,9.57942,9.4851,9.38691,9.28485,9.17847,9.06786,8.95257,8.832510000000001,8.707392,8.577,8.441063999999999,8.299341,8.151561000000001,7.997499,7.836903,7.669584,7.495371,7.314192,7.126056,6.931125,6.729795,6.522714000000001,6.31098,6.096177,5.880627,5.667516000000001,5.461137,5.2669619999999995,5.091705,4.942971,4.82868,4.755888000000001,4.729563,4.751397,4.819419000000001,4.928427,5.071131,5.239458,5.425668000000001,5.622975,5.8258350000000005,6.029955,6.23214,6.430086,6.6222270000000005,6.807519,6.985323,7.1553059999999995,7.317333,7.471422,7.6177079999999995,7.75638,7.887663000000001,8.011818,8.129133000000001,8.239878,8.344332000000001,8.442765000000001,8.535429,8.622585,8.704458,8.781273,8.853237,8.920548,8.983386000000001,9.04194,9.0963,9.146700000000001,9.193230000000002,9.23598,9.27513,9.31068,9.3429,9.3717,9.397170000000001,9.419490000000001,9.43857,9.454590000000001,9.467550000000001,9.477450000000001,9.48438,9.48834,9.48924,9.48717,9.48222,9.47421,9.46314,9.44919,9.43209,9.411930000000002,9.388620000000001,9.362070000000001,9.332370000000001,9.29925,9.26271,9.222750000000001,9.17919,9.13194,9.080820000000001,9.02574,8.966619000000001,8.903223,8.835426,8.76303,8.685846,8.603676,8.516304,8.423478000000001,8.324964,8.220500999999999,8.109819000000002,7.9926390000000005,7.868691000000001,7.737705,7.599402,7.453557,7.299963,7.138512,6.969168000000001,6.792057000000001,6.607512000000001,6.416154,6.219018,6.01767,5.8143780000000005,5.612337,5.4158219999999995,5.230341,5.062671,4.920534,4.811976,4.744296,4.722669000000001,4.749075,4.82184,4.936032,5.084586,5.259645,5.453613,5.659821,5.872806,6.088311,6.303168,6.515082,6.722469,6.9242669999999995,7.11981,7.308747,7.490907000000001,7.666299,7.834995000000001,7.997175,8.153055,8.30286,8.446850999999999,8.585289000000001,8.718444,8.846559000000001,8.969895,9.08865,9.20313,9.31356,9.42003,9.5229,9.62226,9.7182,9.81108,9.9009,9.98793,10.07217,10.15389,10.23318,10.31004,10.38474,10.45719,10.52775,10.59624,10.66293,10.727820000000001,10.791,10.85265,10.91259,10.97118,11.02824,11.08395,11.13831,11.191410000000001,11.24325,11.29401,11.34351,11.39202,11.43945,11.485890000000001,11.53134,11.57589,11.61945,11.6622,11.70414,11.745180000000001,11.7855,11.82501,11.863800000000001,11.90187,11.93922,11.97594,12.012030000000001,12.0474,12.08223,12.11652,12.15018,12.183300000000001,12.21588,12.24792,12.27942,12.31047,12.34107,12.371129999999999,12.40074,12.42999,12.4587,12.48714,12.51504,12.54258,12.56976,12.59658,12.62295,12.64905,12.67479,12.70017,12.725280000000001,12.75003,12.77442,12.79854,12.82239,12.84588,12.86919,12.892140000000001,12.91491,12.937320000000001,12.95955,12.98151,13.00329,13.02471,13.04604,13.06701,13.08789,13.1085,13.12893,13.149180000000001,13.169160000000002,13.18905,13.20867,13.228200000000001,13.24755,13.266720000000001,13.285710000000002,13.30452,13.32324,13.34187,13.36023,13.37859,13.396770000000002,13.414860000000001,13.43277,13.45068,13.46841,13.48605,13.5036,13.52106,13.53843,13.5558,13.573080000000001,13.59027,13.607370000000001,13.624469999999999,13.64148,13.65849,13.675500000000001,13.69242,13.70934,13.72626,13.74309,13.76001,13.77693,13.79376,13.81068,13.8276,13.84461,13.86153,13.878630000000001,13.89564,13.912740000000001,13.92993,13.94721,13.96449,13.98186,13.99932,14.016869999999999,14.03451,14.05224,14.07015,14.08806,14.106150000000001,14.12433,14.14269,14.161140000000001,14.17977,14.19858,14.21748,14.23656,14.25582,14.275170000000001,14.29479,14.314589999999999,14.33448,14.35464,14.375070000000001,14.39559,14.41638,14.43735,14.458590000000001,14.48001,14.5017,14.52357,14.54571,14.568120000000002,14.59071,14.613570000000001,14.636700000000001,14.660100000000002,14.68377,14.707709999999999,14.73192,14.756310000000001,14.781060000000002,14.80608,14.83137,14.85702,14.882850000000001,14.909040000000001,14.9355,14.962230000000002,14.989320000000001,15.016589999999999,15.044220000000001,15.07221,15.100470000000001,15.129,15.1578,15.186960000000001,15.21639,15.24618,15.276240000000001,15.30657,15.33726,15.36822,15.399449999999998,15.431040000000001,15.462900000000001,15.49512,15.52752,15.56037,15.5934,15.62679,15.66045,15.694379999999999,15.72867,15.763140000000002,15.797970000000001,15.833160000000001,15.86853,15.904169999999999,15.940170000000002,15.97644,16.012890000000002,16.049699999999998,16.086779999999997
15.30846,15.23025,15.15159,15.0723,14.99247,14.91201,14.83101,14.749290000000002,14.666940000000002,14.583870000000001,14.50008,14.415569999999999,14.33025,14.24421,14.15727,14.06943,13.980690000000001,13.89105,13.80042,13.70871,13.615920000000001,13.52205,13.427010000000001,13.33071,13.23315,13.13424,13.033890000000001,12.9321,12.828780000000002,12.723840000000001,12.61719,12.50874,12.3984,12.28608,12.17178,12.055140000000002,11.936340000000001,11.81502,11.69118,11.56464,11.435220000000001,11.30283,11.16729,11.02842,10.88595,10.739700000000001,10.58949,10.43514,10.276290000000001,10.11276,9.944280000000001,9.77049,9.59112,9.4059,9.21447,9.01656,8.811720000000001,8.599752,8.380314,8.153163000000001,7.91811,7.675047,7.424046,7.165386000000001,6.899643,6.627860999999999,6.351687,6.073605000000001,5.797251,5.527701,5.27184,5.038497,4.83831,4.682925,4.583268,4.547304,4.577805000000001,4.6715219999999995,4.820085,5.012181,5.235876,5.480334,5.736564,5.997618,6.258366,6.51519,6.765615,7.008021,7.241445,7.465356000000001,7.679537999999999,7.884,8.078895,8.264493,8.4411,8.609067000000001,8.768781,8.92062,9.06498,9.20214,9.33264,9.456570000000001,9.574560000000002,9.68661,9.79326,9.8946,9.99108,10.08279,10.170000000000002,10.25298,10.331819999999999,10.40679,10.47807,10.54584,10.61019,10.6713,10.72926,10.78425,10.83645,10.88577,10.93257,10.97676,11.01843,11.05785,11.094840000000001,11.12967,11.16234,11.19294,11.22156,11.24811,11.27277,11.295630000000001,11.3166,11.33586,11.35332,11.36907,11.3832,11.39562,11.40651,11.415780000000002,11.42352,11.429730000000001,11.43441,11.437650000000001,11.43936,11.43963,11.438460000000001,11.43585,11.4318,11.4264,11.41947,11.41119,11.40156,11.39049,11.37798,11.36412,11.34873,11.332080000000001,11.3139,11.29428,11.27331,11.25081,11.22687,11.2014,11.17449,11.14596,11.11599,11.0844,11.05119,11.016359999999999,10.97991,10.94175,10.90179,10.86012,10.81665,10.77129,10.72404,10.67481,10.623510000000001,10.57023,10.5147,10.45701,10.39698,10.334610000000001,10.26972,10.20231,10.132290000000001,10.05939,9.9837,9.90495,9.82314,9.738000000000001,9.64944,9.55728,9.461340000000002,9.36153,9.257489999999999,9.14913,9.03618,8.918361,8.795484,8.667234,8.533341000000002,8.393481000000001,8.247357,8.094627000000001,7.934958000000001,7.768026000000001,7.593489000000001,7.411077,7.220511000000001,7.021638,6.814404,6.598935000000001,6.3756450000000005,6.145326000000001,5.909328,5.669766,5.429844,5.1940800000000005,4.9687470000000005,4.761963000000001,4.583655,4.4447220000000005,4.355532,4.323645,4.351761,4.4368739999999995,4.571136,4.7439540000000004,4.944249,5.161968,5.388912,5.618790000000001,5.8470390000000005,6.070491,6.287058,6.495408,6.694794,6.884856,7.065495,7.236819000000001,7.399026,7.552413,7.697312999999999,7.834077000000001,7.963074000000001,8.084664,8.199198,8.307018,8.408448,8.503794000000001,8.593344,8.677359000000001,8.7561,8.829792,8.898651000000001,8.962884,9.02268,9.07821,9.1296,9.17703,9.220590000000001,9.26046,9.29673,9.32949,9.35883,9.38475,9.40743,9.42696,9.44325,9.456389999999999,9.466470000000001,9.47349,9.47754,9.478530000000001,9.476460000000001,9.47133,9.46323,9.45216,9.43785,9.42057,9.40005,9.376380000000001,9.34947,9.31923,9.28557,9.24849,9.20781,9.16344,9.11529,9.063180000000001,9.00702,8.94663,8.881866,8.81253,8.738433,8.659359,8.575065,8.485317,8.389835999999999,8.288343000000001,8.180532,8.066079,7.9446509999999995,7.815888,7.679439,7.5349260000000005,7.381998,7.2203219999999995,7.04961,6.8696280000000005,6.680295,6.481683,6.274143,6.058431,5.835843000000001,5.608476,5.379462,5.153355,4.936401,4.736808,4.564584,4.430799,4.346019,4.3181009999999995,4.350042,4.439169,4.577931,4.756014,4.962528,5.187609,5.423139,5.662899,5.902362,6.138387,6.368859,6.592437,6.808338,7.016184,7.21584,7.407368999999999,7.59096,7.766864999999999,7.9353810000000005,8.09685,8.251614,8.400006,8.542359,8.679006000000001,8.810253000000001,8.936397000000001,9.057690000000001,9.17451,9.28692,9.39528,9.499770000000002,9.600660000000001,9.69804,9.79218,9.883260000000002,9.97128,10.05651,10.139130000000002,10.21923,10.2969,10.37223,10.4454,10.5165,10.58553,10.652759999999999,10.718100000000002,10.78173,10.84374,10.90413,10.9629,11.02032,11.0763,11.13093,11.1843,11.23641,11.28735,11.33712,11.385720000000001,11.43333,11.47995,11.525490000000001,11.57013,11.61387,11.65671,11.69865,11.73978,11.780190000000001,11.8197,11.85858,11.896650000000001,11.93409,11.97081,12.0069,12.04236,12.07719,12.11139,12.145050000000001,12.17817,12.21075,12.24279,12.27429,12.30525,12.33576,12.365820000000001,12.395430000000001,12.42459,12.4533,12.48165,12.50955,12.537,12.56409,12.59082,12.61719,12.6432,12.668849999999999,12.694139999999999,12.71907,12.743730000000001,12.76812,12.79215,12.81582,12.839310000000001,12.862440000000001,12.8853,12.90798,12.9303,12.952350000000001,12.97422,12.99582,13.01724,13.03839,13.059270000000001,13.079970000000001,13.10049,13.12074,13.1409,13.16079,13.1805,13.20003,13.219380000000001,13.23855,13.25763,13.276440000000001,13.29516,13.313790000000001,13.33215,13.35051,13.368599999999999,13.38669,13.4046,13.42242,13.44006,13.457699999999999,13.47516,13.49262,13.5099,13.527180000000001,13.54428,13.56138,13.578479999999999,13.5954,13.61232,13.62924,13.64607,13.662899999999999,13.679640000000001,13.69638,13.71312,13.72986,13.746599999999999,13.763340000000001,13.77999,13.79673,13.81356,13.830300000000001,13.84713,13.86396,13.88088,13.89789,13.914900000000001,13.93191,13.949100000000001,13.96629,13.98357,14.00103,14.01849,14.03604,14.05377,14.07159,14.0895,14.107500000000002,14.12577,14.14404,14.16249,14.18112,14.19993,14.21883,14.237910000000001,14.25726,14.2767,14.29632,14.316120000000002,14.33619,14.35644,14.37687,14.39748,14.41836,14.43951,14.46084,14.48235,14.50413,14.52618,14.548499999999999,14.571000000000002,14.59377,14.616810000000001,14.64012,14.6637,14.687550000000002,14.71167,14.73606,14.760720000000001,14.78574,14.810940000000002,14.8365,14.86233,14.88843,14.91489,14.941530000000002,14.96853,14.99589,15.02352,15.05142,15.07959,15.10812,15.13692,15.16608,15.19551,15.225300000000002,15.25536,15.285690000000002,15.31638,15.347340000000003,15.37857,15.41016,15.442110000000001,15.47424,15.506820000000001,15.53958,15.572700000000001,15.60609,15.639750000000001,15.67377,15.70806,15.742620000000002,15.77754,15.812640000000002,15.848100000000002,15.883830000000001,15.919830000000001,15.9561,15.99273,16.02954,16.06671
15.309180000000001,15.231060000000001,15.15231,15.073110000000002,14.993189999999998,14.912820000000002,14.831730000000002,14.75001,14.66757,14.584499999999998,14.50071,14.416110000000002,14.3307,14.24457,14.157540000000001,14.069609999999999,13.980690000000001,13.890870000000001,13.80006,13.708169999999999,13.6152,13.52115,13.42575,13.329180000000001,13.231349999999999,13.13208,13.03137,12.92922,12.82545,12.71997,12.61278,12.50379,12.39282,12.27978,12.16467,12.04731,11.927610000000001,11.8053,11.680470000000001,11.55276,11.42217,11.28834,11.15136,11.01078,10.86651,10.71837,10.566,10.40931,10.24785,10.081439999999999,9.90972,9.732420000000001,9.549180000000002,9.35955,9.163170000000001,8.959689,8.748657,8.529651,8.302221000000001,8.06598,7.820532,7.5655529999999995,7.300854,7.02639,6.742386,6.449463000000001,6.148863,5.842656,5.534199,5.228568,4.933224,4.658535,4.418073000000001,4.227939,4.104477,4.060314,4.1000939999999995,4.218642,4.402863000000001,4.636017000000001,4.9016969999999995,5.186142,5.47884,5.772267,6.06132,6.342669,6.614253,6.87492,7.124085,7.361604000000001,7.587585,7.802289,8.00613,8.19954,8.383005,8.55702,8.722062,8.878626,9.027180000000001,9.16812,9.30186,9.42885,9.54945,9.66393,9.772739999999999,9.87606,9.97425,10.06758,10.15623,10.24047,10.32048,10.39653,10.4688,10.53738,10.60254,10.66437,10.72296,10.77858,10.831230000000001,10.88118,10.92834,10.97289,11.01501,11.05461,11.09196,11.12706,11.15991,11.190690000000002,11.21949,11.24622,11.27097,11.29392,11.31498,11.334240000000001,11.35179,11.36763,11.38176,11.39427,11.40516,11.414430000000001,11.422080000000001,11.42829,11.432970000000001,11.436119999999999,11.43783,11.43801,11.43675,11.43405,11.42991,11.42442,11.4174,11.409030000000001,11.399310000000002,11.38806,11.37546,11.361419999999999,11.34594,11.32911,11.31084,11.29104,11.26989,11.24721,11.223090000000001,11.19744,11.170350000000001,11.14164,11.1114,11.079630000000002,11.04615,11.011140000000001,10.97442,10.9359,10.895760000000001,10.85373,10.80999,10.76427,10.716660000000001,10.66698,10.61532,10.561589999999999,10.50561,10.447470000000001,10.3869,10.3239,10.25847,10.19043,10.1196,10.04607,9.969479999999999,9.88992,9.80703,9.7209,9.631170000000001,9.53775,9.44046,9.33903,9.23337,9.12312,9.0081,8.888022,8.762598,8.631513,8.494443,8.351019,8.200863,8.04357,7.878735,7.7058990000000005,7.524639,7.334478,7.135011,6.925833,6.706647,6.477282,6.237792000000001,5.988564,5.7305340000000005,5.465402999999999,5.196051,4.926978,4.664925,4.419441,4.203207,4.031388000000001,3.919536,3.879729,3.916476,4.024917,4.192668,4.403916,4.6433159999999996,4.898061,5.158548000000001,5.417991,5.671908,5.9174370000000005,6.152913,6.377454,6.590691,6.792642000000001,6.9835139999999996,7.163658,7.333506,7.493526000000001,7.644213000000001,7.786044000000001,7.919478,8.044983,8.162973,8.273862,8.378001,8.475768,8.567469000000001,8.653410000000001,8.733879,8.809119,8.879363999999999,8.944848,9.00576,9.062280000000001,9.11457,9.16281,9.207180000000001,9.24768,9.28449,9.31779,9.34758,9.37395,9.3969,9.416699999999999,9.43326,9.44667,9.45693,9.464039999999999,9.46809,9.46908,9.4671,9.461969999999999,9.453780000000002,9.44244,9.428040000000001,9.41049,9.38979,9.36576,9.33849,9.3078,9.27369,9.23598,9.19467,9.14958,9.100620000000001,9.0477,8.990541,8.929062,8.863083000000001,8.792379,8.716761,8.635977,8.549775,8.457885000000001,8.36001,8.255817,8.144964,8.027073,7.901757000000001,7.768566000000001,7.627068,7.476795000000001,7.3172429999999995,7.147953,6.968430000000001,6.778251,6.577047,6.364611,6.140925,5.906331000000001,5.661702,5.408712,5.150169,4.890555,4.636629,4.397976,4.187349,4.0201020000000005,3.912003,3.8754269999999997,3.915261,4.0269960000000005,4.19859,4.414536,4.659696,4.921434,5.190228,5.459364,5.724360000000001,5.982381,6.2317350000000005,6.471495,6.701283,6.921063,7.1310150000000005,7.331454000000001,7.522767,7.705404000000001,7.879815,8.046459,8.205768,8.358183,8.504109,8.643924,8.778006,8.906679,9.030240000000001,9.14904,9.263340000000001,9.37341,9.47943,9.58167,9.68031,9.775530000000002,9.867600000000001,9.956610000000001,10.04274,10.126080000000002,10.2069,10.285200000000001,10.36116,10.43487,10.50651,10.576080000000001,10.64367,10.70946,10.77345,10.83573,10.89648,10.95561,11.01321,11.069460000000001,11.124360000000001,11.17791,11.2302,11.28123,11.33118,11.379959999999999,11.42775,11.47437,11.520090000000001,11.564820000000001,11.60865,11.651489999999999,11.693520000000001,11.73474,11.775150000000002,11.81475,11.85363,11.89179,11.92923,11.965950000000001,12.00204,12.0375,12.072330000000001,12.106530000000001,12.14019,12.17322,12.2058,12.23775,12.269250000000001,12.30021,12.33063,12.36069,12.39021,12.41928,12.447989999999999,12.47616,12.50397,12.53142,12.55842,12.58506,12.61134,12.63726,12.662820000000002,12.68802,12.712950000000001,12.73752,12.76173,12.785670000000001,12.80925,12.83265,12.855690000000001,12.87846,12.900960000000001,12.92319,12.94515,12.966840000000001,12.98835,13.00959,13.030650000000001,13.05144,13.07196,13.09239,13.11255,13.13244,13.15224,13.17186,13.19121,13.21047,13.229460000000001,13.24836,13.26708,13.28562,13.30407,13.32234,13.340520000000001,13.35852,13.37634,13.394160000000001,13.4118,13.42935,13.44672,13.46409,13.48137,13.498470000000001,13.51557,13.53258,13.5495,13.56633,13.58316,13.599900000000002,13.61664,13.63329,13.64994,13.666590000000001,13.68315,13.69971,13.71627,13.73283,13.749390000000002,13.76595,13.78251,13.79907,13.81572,13.832370000000001,13.849020000000001,13.86576,13.88259,13.89942,13.91634,13.93326,13.950360000000002,13.967459999999999,13.98474,14.00202,14.01948,14.036940000000001,14.05458,14.0724,14.09031,14.108310000000001,14.12649,14.14476,14.163210000000001,14.181840000000001,14.20065,14.21964,14.23872,14.25807,14.277600000000001,14.29731,14.3172,14.33727,14.35761,14.37813,14.39883,14.419889999999999,14.441040000000001,14.462550000000002,14.48415,14.50611,14.528340000000002,14.55075,14.573429999999998,14.59638,14.6196,14.643089999999999,14.666850000000002,14.69097,14.71527,14.739840000000001,14.76477,14.78997,14.81544,14.841180000000001,14.867280000000001,14.893650000000001,14.92029,14.94729,14.97456,15.0021,15.03,15.05826,15.086700000000002,15.115500000000003,15.144660000000002,15.17409,15.20388,15.23385,15.26427,15.29496,15.32592,15.357240000000001,15.38883,15.42069,15.45291,15.48549,15.51834,15.551459999999999,15.584850000000001,15.618599999999999,15.65262,15.687,15.72156,15.756480000000002,15.791759999999998,15.827219999999999,15.86304,15.899040000000001,15.9354,15.97203,16.008930000000003,16.046100000000003
15.310350000000001,15.232230000000001,15.15357,15.074370000000002,14.994539999999999,14.914080000000002,14.832990000000002,14.75127,14.66892,14.585759999999999,14.50197,14.417280000000002,14.33187,14.24565,14.15853,14.07051,13.98159,13.89159,13.80069,13.70862,13.61547,13.52115,13.42566,13.32882,13.23072,13.13118,13.03011,12.927600000000002,12.82347,12.71754,12.6099,12.50037,12.38895,12.27537,12.15954,12.04155,11.92104,11.797920000000001,11.6721,11.54349,11.41173,11.27682,11.13849,10.99647,10.850670000000001,10.70082,10.546650000000001,10.3878,10.22409,10.05516,9.880560000000001,9.70011,9.51336,9.31986,9.11907,8.910666,8.694036,8.468667,8.233992,7.989435,7.73442,7.468388999999999,7.190838,6.901362000000001,6.599763,6.2861400000000005,5.961087,5.626017,5.283576,4.938318000000001,4.597650000000001,4.27302,3.9811140000000003,3.7440360000000004,3.5867880000000003,3.530484,3.58344,3.736737,3.9687569999999996,4.254057,4.570245,4.900437,5.233068,5.5606860000000005,5.878728000000001,6.184584,6.4768859999999995,6.755103,7.0191989999999995,7.269471,7.506378,7.730514000000001,7.9425,8.143002,8.33265,8.512083,8.681894999999999,8.842662,8.994924000000001,9.139140000000001,9.27585,9.40554,9.52839,9.64503,9.755730000000002,9.86076,9.96048,10.05516,10.14507,10.230390000000002,10.311480000000001,10.38843,10.46151,10.5309,10.59669,10.65915,10.71828,10.77444,10.82754,10.877849999999999,10.925370000000001,10.97028,11.01258,11.05254,11.09007,11.12535,11.158470000000001,11.189430000000002,11.21823,11.245140000000001,11.26998,11.29302,11.31417,11.333430000000002,11.35107,11.366909999999999,11.38104,11.39346,11.40435,11.413620000000002,11.421270000000002,11.427480000000001,11.43207,11.435130000000001,11.43675,11.43693,11.435580000000002,11.43288,11.42865,11.42298,11.41596,11.4075,11.3976,11.38626,11.37348,11.35935,11.34378,11.32677,11.30832,11.28843,11.267100000000001,11.244330000000001,11.22003,11.1942,11.16693,11.13804,11.107619999999999,11.07558,11.042010000000001,11.00673,10.96974,10.93104,10.89063,10.848329999999999,10.80423,10.75824,10.71036,10.66041,10.60839,10.554210000000001,10.49787,10.43919,10.37826,10.314810000000001,10.248840000000001,10.18017,10.1088,10.03455,9.957239999999999,9.87687,9.79326,9.70614,9.61542,9.52092,9.42237,9.31968,9.21249,9.100710000000001,8.983872,8.861805,8.734158,8.60058,8.460702,8.314119,8.16039,7.999046999999999,7.829577,7.6514489999999995,7.464078,7.266869999999999,7.059213,6.840495000000001,6.610104000000001,6.367536,6.112422,5.844645,5.5645109999999995,5.273046,4.972428,4.666581,4.362138,4.069602,3.8045790000000004,3.587985,3.443742,3.392181,3.441375,3.5828640000000003,3.795939,4.0564350000000005,4.343229,4.640625,4.938057,5.228892,5.509197,5.776857000000001,6.030882,6.271002,6.497388,6.710472,6.910820999999999,7.099074,7.275879000000001,7.441910999999999,7.5978,7.744167,7.881561,8.01054,8.131581,8.245161,8.351703,8.451585000000001,8.545167000000001,8.632800000000001,8.714763000000001,8.791352999999999,8.862804,8.929377,8.991261,9.04869,9.10179,9.15066,9.19566,9.2367,9.27405,9.3078,9.337950000000001,9.364680000000002,9.38799,9.40797,9.4248,9.4383,9.44874,9.45594,9.460080000000001,9.46116,9.45909,9.45396,9.445680000000001,9.43425,9.41967,9.40194,9.38097,9.35676,9.329130000000001,9.29808,9.26352,9.22536,9.183510000000002,9.13779,9.0882,9.03447,8.976465000000001,8.914041,8.846991000000001,8.775098999999999,8.698149,8.61588,8.528022000000002,8.43426,8.334279,8.22771,8.114175000000001,7.993251,7.864470000000001,7.7273369999999995,7.581321000000001,7.425854999999999,7.260318,7.084071000000001,6.896466,6.696828,6.484509,6.258941999999999,6.0196950000000005,5.766579,5.4998640000000005,5.220504,4.930614,4.6341,4.337568,4.051557000000001,3.791727,3.579174,3.4380450000000002,3.389022,3.440565,3.584646,3.800952,4.065624000000001,4.357764,4.661829,4.967352,5.267718,5.5590209999999995,5.839119,6.1069949999999995,6.362361,6.605343,6.8363190000000005,7.055811,7.264431000000001,7.462791,7.65153,7.8312420000000005,8.002502999999999,8.165871000000001,8.321859000000002,8.470935,8.61354,8.750106,8.880993,9.006570000000002,9.12717,9.243,9.354510000000001,9.46179,9.5652,9.66492,9.761220000000002,9.8541,9.94392,10.03077,10.11483,10.19628,10.275120000000001,10.35162,10.42578,10.49787,10.567800000000002,10.635750000000002,10.7019,10.766160000000001,10.828800000000001,10.88973,10.94913,11.007000000000001,11.06343,11.11842,11.17215,11.22462,11.275830000000001,11.32587,11.374740000000001,11.42262,11.469420000000001,11.51514,11.55996,11.60379,11.64672,11.68884,11.73006,11.770470000000001,11.810160000000002,11.84904,11.88711,11.92455,11.96136,11.997359999999999,12.03282,12.06765,12.10185,12.13542,12.16845,12.20094,12.232890000000001,12.2643,12.29517,12.32559,12.35556,12.38508,12.414060000000001,12.442680000000001,12.47085,12.49857,12.52584,12.55284,12.57939,12.60558,12.63141,12.65679,12.68199,12.706740000000002,12.73122,12.75534,12.7791,12.802679999999999,12.825899999999999,12.84885,12.871440000000002,12.89385,12.91599,12.93777,12.95946,12.98079,13.001850000000001,13.02282,13.043429999999999,13.06386,13.08411,13.104090000000001,13.123980000000001,13.1436,13.16304,13.182210000000001,13.20129,13.22019,13.238909999999999,13.25754,13.2759,13.294170000000001,13.31235,13.33026,13.348170000000001,13.365900000000002,13.38345,13.401000000000002,13.41837,13.43565,13.45275,13.469850000000001,13.48686,13.50378,13.52061,13.53735,13.554,13.57065,13.587299999999999,13.603769999999999,13.62033,13.636709999999999,13.653179999999999,13.66956,13.68594,13.70232,13.7187,13.73508,13.751460000000002,13.76784,13.78431,13.80069,13.81725,13.83372,13.850280000000001,13.86684,13.88358,13.90032,13.917060000000001,13.93398,13.950899999999999,13.968,13.9851,14.00238,14.01975,14.03721,14.05485,14.07258,14.0904,14.1084,14.126579999999999,14.14485,14.16339,14.18202,14.200830000000002,14.21982,14.23899,14.258339999999999,14.27787,14.29767,14.31765,14.33781,14.35824,14.37885,14.39964,14.42079,14.442120000000001,14.463719999999999,14.4855,14.507549999999998,14.52996,14.55255,14.575410000000002,14.598540000000002,14.62194,14.64561,14.66955,14.69385,14.71842,14.74326,14.768370000000003,14.793750000000001,14.819490000000002,14.845500000000001,14.871870000000001,14.89851,14.92542,14.95269,14.98023,15.00804,15.03621,15.064740000000002,15.093540000000003,15.122700000000002,15.15213,15.181830000000001,15.21189,15.24231,15.273,15.30396,15.335280000000001,15.36687,15.39882,15.431040000000001,15.463619999999999,15.49647,15.529679999999999,15.563160000000002,15.59691,15.63102,15.6654,15.700050000000001,15.73506,15.77025,15.805800000000001,15.84171,15.8778,15.914250000000001,15.95088,15.98787,16.02513
15.31197,15.23394,15.155280000000001,15.076170000000001,14.996340000000002,14.91597,14.83488,14.75325,14.67081,14.58774,14.503860000000001,14.419170000000001,14.33376,14.24745,14.16033,14.07222,13.98321,13.89321,13.80213,13.70997,13.61673,13.52223,13.42656,13.329630000000002,13.23126,13.131450000000001,13.0302,12.92742,12.82293,12.71673,12.608730000000001,12.49875,12.38679,12.27276,12.15648,12.03786,11.916630000000001,11.79288,11.66634,11.53683,11.40426,11.268270000000001,11.12886,10.98567,10.83861,10.687230000000001,10.53144,10.37088,10.20519,10.034099999999999,9.85716,9.674100000000001,9.48429,9.28746,9.08289,8.870211000000001,8.648739,8.417844,8.176851000000001,7.925013,7.661574,7.385715,7.096653,6.793587,6.475824,6.142860000000001,5.794515,5.431221000000001,5.0544720000000005,4.667562,4.276791,3.893409,3.5363160000000002,3.2347710000000003,3.0275100000000004,2.952216,3.025125,3.229317,3.5265600000000004,3.8776500000000005,4.253058,4.633686,5.008212,5.3702820000000004,5.716629,6.045795,6.357419999999999,6.651738,6.929352,7.191027,7.4376359999999995,7.6700610000000005,7.889184,8.095851000000001,8.290863000000002,8.474967,8.648874,8.81325,8.968679999999999,9.11574,9.25497,9.38682,9.51174,9.630090000000001,9.74241,9.84888,9.949860000000001,10.04571,10.136610000000001,10.22292,10.30482,10.382579999999999,10.456290000000001,10.52631,10.592640000000001,10.655640000000002,10.71522,10.771740000000001,10.8252,10.87587,10.92366,10.96884,11.01141,11.05155,11.089260000000001,11.12472,11.15793,11.18898,11.21796,11.24487,11.2698,11.29284,11.314079999999999,11.333430000000002,11.35098,11.36682,11.38095,11.39337,11.40426,11.41344,11.42109,11.42721,11.4318,11.43477,11.436390000000001,11.436390000000001,11.43504,11.432160000000001,11.42793,11.42217,11.41497,11.40642,11.396429999999999,11.385,11.37213,11.35791,11.34216,11.325059999999999,11.306519999999999,11.28645,11.265030000000001,11.24208,11.217600000000001,11.19168,11.16423,11.13516,11.104560000000001,11.07243,11.038590000000001,11.00313,10.96596,10.92708,10.8864,10.84392,10.79955,10.75329,10.70514,10.65492,10.60254,10.54809,10.49139,10.43244,10.37106,10.307250000000002,10.24083,10.171710000000001,10.0998,10.02501,9.94716,9.86607,9.781740000000001,9.693900000000001,9.60228,9.50688,9.407340000000001,9.30357,9.195210000000001,9.081990000000001,8.963676000000001,8.839935,8.710407,8.574732000000001,8.432478,8.283222,8.126451,7.961633999999999,7.788194999999999,7.605495,7.412841,7.209486000000001,6.994638,6.767450999999999,6.527043,6.272532,6.0030719999999995,5.717943,5.4167130000000006,5.099445,4.7671470000000005,4.422474,4.070916,3.722679,3.395385,3.116826,2.924262,2.854215,2.922552,3.112956,3.3885,3.7116540000000002,4.054446,4.399155,4.7355480000000005,5.058126000000001,5.364279,5.653044,5.924385,6.178815,6.417108,6.640146,6.848892,7.044255000000001,7.2271350000000005,7.398369,7.558749,7.709004,7.849782,7.9817219999999995,8.105364,8.22123,8.329779,8.431452,8.526627000000001,8.615673,8.698896000000001,8.776611,8.849079,8.916552000000001,8.979255,9.03735,9.09117,9.14067,9.186119999999999,9.2277,9.265410000000001,9.299520000000001,9.33003,9.35703,9.38061,9.40086,9.41778,9.43146,9.44199,9.44937,9.45351,9.454590000000001,9.452520000000002,9.44739,9.439020000000001,9.4275,9.412830000000001,9.39492,9.37377,9.34929,9.321390000000001,9.29007,9.25515,9.21663,9.17433,9.128160000000001,9.077940000000002,9.023579999999999,8.964855,8.90163,8.833698,8.760816,8.68275,8.599239,8.509977,8.41464,8.312886,8.20431,8.088507,7.964991,7.833267,7.692759000000001,7.542864,7.382916,7.212186000000001,7.029882,6.835167,6.62715,6.404885999999999,6.167439,5.9139,5.643485999999999,5.3556930000000005,5.050512,4.728906,4.393476,4.049667,3.7076939999999996,3.38526,3.110265,2.920239,2.852055,2.922057,3.114396,3.392613,3.7194749999999996,4.067271,4.418406,4.762701000000001,5.094711,5.411799,5.712975,5.998185,6.267888,6.522804,6.763796999999999,6.9917489999999995,7.2075510000000005,7.412067,7.60608,7.790364,7.965593999999999,8.132427,8.291447999999999,8.443197,8.588169,8.726823,8.859582,8.986815,9.1089,9.226080000000001,9.33876,9.44721,9.55161,9.652140000000001,9.74925,9.84285,9.933300000000001,10.02078,10.10538,10.187280000000001,10.266660000000002,10.343520000000002,10.41813,10.490490000000001,10.56078,10.62909,10.69542,10.76004,10.82286,10.88397,10.94355,11.0016,11.05812,11.113290000000001,11.1672,11.21976,11.27106,11.321190000000001,11.37015,11.41803,11.46492,11.51073,11.55555,11.59938,11.6424,11.68452,11.725740000000002,11.76615,11.80584,11.84463,11.88279,11.92023,11.95695,11.99295,12.02832,12.06315,12.09726,12.13083,12.16386,12.196259999999999,12.22812,12.259530000000002,12.290310000000002,12.320730000000001,12.35052,12.37995,12.40893,12.43737,12.46545,12.49317,12.52035,12.54726,12.573720000000002,12.599730000000001,12.62547,12.65085,12.675870000000002,12.70053,12.72483,12.74886,12.772620000000002,12.79602,12.81906,12.84192,12.864419999999999,12.886650000000001,12.9087,12.930390000000001,12.9519,12.97305,12.994110000000001,13.01481,13.03533,13.05567,13.075740000000001,13.095630000000002,13.11525,13.134780000000001,13.15404,13.173119999999999,13.19202,13.21083,13.22937,13.247819999999999,13.266,13.28418,13.30209,13.31991,13.33764,13.35519,13.37265,13.389930000000001,13.40712,13.424220000000002,13.44123,13.45815,13.47498,13.49172,13.50837,13.52493,13.5414,13.55787,13.57434,13.59063,13.60701,13.62321,13.6395,13.6557,13.6719,13.6881,13.7043,13.7205,13.7367,13.7529,13.76919,13.78539,13.801680000000001,13.818060000000001,13.834349999999999,13.850819999999999,13.867289999999999,13.88385,13.900500000000001,13.91715,13.93398,13.95081,13.96782,13.98492,14.00202,14.01939,14.03676,14.0544,14.072040000000001,14.08986,14.10786,14.126040000000001,14.144309999999999,14.16285,14.181479999999999,14.20029,14.219370000000001,14.23854,14.25798,14.277600000000001,14.2974,14.31747,14.33772,14.35824,14.37894,14.39991,14.421149999999999,14.44266,14.464350000000001,14.486310000000001,14.50854,14.531040000000003,14.55381,14.57685,14.60016,14.62383,14.647680000000001,14.67189,14.69637,14.72112,14.746139999999999,14.77152,14.79717,14.823179999999999,14.849460000000002,14.876100000000001,14.902920000000002,14.93019,14.957730000000002,14.98554,15.01371,15.04215,15.07095,15.100109999999999,15.12954,15.159239999999999,15.1893,15.219719999999999,15.25041,15.28146,15.31278,15.34446,15.376410000000002,15.408719999999999,15.4413,15.47415,15.50736,15.540930000000001,15.574679999999999,15.60888,15.64326,15.678000000000003,15.71301,15.748380000000001,15.784020000000002,15.819930000000001,15.85611,15.892560000000001,15.92937,15.966360000000002,16.00371
15.314129999999999,15.236099999999999,15.15753,15.07842,14.998679999999998,14.9184,14.8374,14.75568,14.67333,14.59026,14.506380000000002,14.42178,14.33637,14.25006,14.16285,14.07483,13.98573,13.89564,13.80456,13.71231,13.618979999999999,13.52439,13.42863,13.33152,13.23297,13.13307,13.03164,12.92859,12.82383,12.71745,12.60909,12.498840000000001,12.386610000000001,12.27213,12.1554,12.03633,11.91465,11.790360000000002,11.66319,11.53296,11.39967,11.26296,11.12265,10.97847,10.83033,10.67787,10.52073,10.358730000000001,10.191510000000001,10.01871,9.83979,9.65457,9.46233,9.26271,9.05517,8.838972,8.613549,8.378136,8.131941,7.8741,7.603659,7.319601,7.020846,6.7062420000000005,6.374601,6.024780000000001,5.655744,5.266773,4.8578399999999995,4.430178,3.9876210000000003,3.538863,3.1019579999999998,2.7116100000000003,2.4265260000000004,2.3188410000000004,2.4249870000000002,2.707785,3.094443,3.52584,3.9669660000000007,4.399641,4.815062999999999,5.2094249999999995,5.581485,5.931342,6.259788,6.567921,6.856992,7.128252,7.3829519999999995,7.622253000000001,7.847253,8.058978000000002,8.258364,8.446284,8.623521,8.790813,8.948817,9.09819,9.2394,9.373050000000001,9.4995,9.61938,9.73287,9.84051,9.94248,10.03923,10.13103,10.218060000000001,10.30068,10.37898,10.453320000000001,10.5237,10.590570000000001,10.65384,10.71387,10.77066,10.824390000000001,10.875240000000002,10.923300000000001,10.96866,11.01141,11.051730000000001,11.08953,11.12508,11.15838,11.18952,11.2185,11.2455,11.270520000000001,11.293560000000001,11.31471,11.334060000000001,11.35161,11.36745,11.381580000000001,11.394,11.404800000000002,11.41398,11.42154,11.427570000000001,11.43207,11.43504,11.436480000000001,11.436480000000001,11.43504,11.43207,11.42775,11.4219,11.41461,11.40597,11.395890000000001,11.38437,11.371410000000001,11.35701,11.34117,11.32398,11.30526,11.28519,11.26359,11.24046,11.21589,11.18979,11.16225,11.133090000000001,11.102310000000001,11.07,11.03598,11.00034,10.962990000000001,10.92393,10.88307,10.84041,10.79595,10.749509999999999,10.70109,10.6506,10.598040000000001,10.543320000000001,10.48635,10.42713,10.36539,10.30122,10.234440000000001,10.16496,10.092690000000001,10.01745,9.93915,9.85761,9.77265,9.68418,9.59193,9.49581,9.39555,9.290790000000001,9.18144,9.06723,8.947692,8.82261,8.691588000000001,8.55423,8.410095,8.258679,8.099469,7.931862,7.75521,7.568802,7.371837,7.163451,6.942672,6.708465,6.4596599999999995,6.1950330000000005,5.91327,5.6130390000000006,5.293062,4.952286,4.59018,4.207401000000001,3.80691,3.39633,2.992275,2.627694,2.359296,2.257542,2.3581890000000003,2.624949,2.986929,3.387159,3.79251,4.186287,4.560876,4.913316,5.242995,5.550489,5.836914,6.103602,6.3519570000000005,6.583347,6.799059,7.000290000000001,7.188147000000001,7.363629,7.527654,7.68105,7.8245640000000005,7.958871,8.084601,8.202294,8.312454,8.415557999999999,8.512002,8.602164,8.686395000000001,8.76501,8.838279,8.906471999999999,8.969814,9.028530000000002,9.0828,9.132750000000001,9.17865,9.220590000000001,9.25866,9.29304,9.32382,9.351,9.37485,9.39528,9.41229,9.42615,9.436770000000001,9.444149999999999,9.44838,9.44946,9.44748,9.442260000000001,9.433890000000002,9.42228,9.40752,9.389520000000001,9.36819,9.343530000000001,9.31545,9.28386,9.24867,9.20979,9.16713,9.120600000000001,9.069930000000001,9.015030000000001,8.955783,8.891937,8.823294,8.749629,8.670681,8.58618,8.495802000000001,8.399213999999999,8.296038,8.185869,8.068239,7.9426619999999994,7.808562,7.6653270000000004,7.5123,7.348706999999999,7.173738,6.986466,6.7858920000000005,6.570909,6.340311,6.092802,5.827014,5.541534,5.235021000000001,4.906332,4.5549,4.1813009999999995,3.7884510000000002,3.383964,2.98449,2.623095,2.3567310000000004,2.256237,2.357919,2.626029,2.990205,3.393774,3.803859,4.203873,4.586247,4.948038,5.288616,5.60853,5.908833,6.19083,6.455862000000001,6.705243,6.940224,7.161957,7.371504,7.569828000000001,7.757811,7.936253999999999,8.105877,8.267337000000001,8.421228000000001,8.568081,8.708409,8.842635000000001,8.971191000000001,9.094410000000002,9.212670000000001,9.32634,9.4356,9.54072,9.64206,9.73971,9.83394,9.92493,10.012860000000002,10.09782,10.18017,10.259820000000001,10.33704,10.41192,10.48455,10.55511,10.6236,10.6902,10.75491,10.817820000000001,10.879199999999999,10.93887,10.99701,11.05371,11.10897,11.16288,11.215530000000001,11.26692,11.31705,11.3661,11.41398,11.46087,11.50668,11.551590000000001,11.59542,11.63844,11.680560000000002,11.72178,11.76219,11.80179,11.84067,11.87874,11.91609,11.952810000000001,11.98881,12.02409,12.05883,12.09294,12.126420000000001,12.159360000000001,12.19167,12.22353,12.254850000000001,12.285540000000001,12.31587,12.34566,12.375,12.4038,12.43224,12.46023,12.48777,12.51495,12.54168,12.56796,12.59397,12.619620000000001,12.64482,12.66975,12.69432,12.718530000000001,12.74238,12.76596,12.78927,12.81222,12.8349,12.85731,12.87945,12.90132,12.922920000000001,12.94425,12.96531,12.98619,13.0068,13.027140000000001,13.0473,13.06728,13.08699,13.10652,13.125779999999999,13.14495,13.16385,13.18266,13.2012,13.21965,13.23792,13.25601,13.27392,13.291739999999999,13.30938,13.32684,13.3443,13.36149,13.37868,13.39569,13.41261,13.42944,13.446180000000002,13.46283,13.47939,13.49586,13.51224,13.52862,13.54482,13.56111,13.57722,13.59333,13.609440000000001,13.62555,13.64157,13.65759,13.67361,13.68954,13.70556,13.72158,13.7376,13.753620000000002,13.76973,13.78584,13.80195,13.818150000000001,13.834349999999999,13.85064,13.86702,13.88349,13.89996,13.91661,13.93326,13.95009,13.96692,13.983929999999999,14.00112,14.018310000000001,14.035680000000001,14.05323,14.07087,14.08869,14.10669,14.12487,14.14314,14.16168,14.18031,14.199209999999999,14.21829,14.23755,14.256990000000002,14.2767,14.29659,14.31675,14.33709,14.3577,14.378580000000001,14.39964,14.420969999999999,14.44257,14.46444,14.48658,14.508989999999999,14.53167,14.554620000000002,14.577840000000002,14.60133,14.62518,14.649300000000002,14.673689999999999,14.698440000000002,14.723370000000001,14.74875,14.774310000000002,14.80023,14.82651,14.85306,14.879880000000002,14.907150000000001,14.934600000000001,14.96241,14.99058,15.01902,15.04782,15.076979999999999,15.10641,15.136110000000002,15.166260000000001,15.196590000000002,15.22737,15.258420000000001,15.289740000000002,15.321420000000002,15.35346,15.385770000000003,15.41835,15.45129,15.484590000000003,15.51816,15.552000000000001,15.586200000000002,15.62067,15.6555,15.690600000000002,15.725969999999998,15.76161,15.79761,15.83388,15.870420000000001,15.907320000000002,15.944400000000002,15.98184
15.31674,15.2388,15.16032,15.081300000000002,15.001650000000001,14.92137,14.84046,14.758830000000001,14.676480000000002,14.5935,14.50971,14.42511,14.3397,14.25339,14.166269999999999,14.07816,13.98915,13.89906,13.80789,13.71564,13.62231,13.52763,13.431780000000002,13.33458,13.23603,13.13595,13.03443,12.9312,12.82635,12.7197,12.61125,12.500729999999999,12.38823,12.273480000000001,12.15648,12.037049999999999,11.915009999999999,11.790270000000001,11.662650000000001,11.53206,11.39814,11.260800000000001,11.11986,10.97505,10.8261,10.67274,10.5147,10.35162,10.18323,10.00908,9.82872,9.64179,9.447840000000001,9.24615,9.03627,8.817525,8.589132000000001,8.350326,8.100225,7.837848,7.562124,7.271846999999999,6.965694,6.6422159999999995,6.2998199999999995,5.936787,5.551281,5.141466,4.705641,4.242636,3.752613,3.239001,2.713095,2.2056299999999998,1.7934569999999999,1.6224120000000002,1.79262,2.2030920000000003,2.707335,3.228084,3.7343070000000003,4.214601000000001,4.665483,5.086773000000001,5.4796949999999995,5.846004000000001,6.187617,6.506451,6.804306,7.082874,7.3437030000000005,7.588179,7.817607000000001,8.033121,8.235783,8.426537999999999,8.606259,8.77572,8.935641,9.08667,9.22941,9.36432,9.49203,9.6129,9.72738,9.83583,9.93861,10.03599,10.12833,10.215990000000001,10.29897,10.37781,10.45242,10.52325,10.59039,10.65393,10.71414,10.7712,10.82511,10.87614,10.92429,10.969830000000002,11.01267,11.052990000000001,11.09088,11.126520000000001,11.159820000000002,11.19096,11.22003,11.24694,11.27196,11.295000000000002,11.31615,11.335500000000001,11.35305,11.3688,11.382840000000002,11.39517,11.40597,11.41506,11.42262,11.42856,11.432970000000001,11.43585,11.43729,11.4372,11.435580000000002,11.43261,11.42811,11.42217,11.41488,11.406060000000002,11.395890000000001,11.38428,11.37123,11.35674,11.34081,11.32344,11.304720000000001,11.28447,11.26269,11.23956,11.2149,11.18871,11.1609,11.131649999999999,11.10078,11.06838,11.034270000000001,10.99845,10.96101,10.92177,10.88082,10.83798,10.79334,10.74672,10.69812,10.647450000000001,10.594710000000001,10.539810000000001,10.48266,10.42317,10.36125,10.296809999999999,10.22985,10.1601,10.08747,10.01187,9.933209999999999,9.85131,9.76599,9.67707,9.58437,9.48771,9.38682,9.28152,9.17145,9.05643,8.936036999999999,8.809992000000001,8.67789,8.539308,8.393787,8.240814,8.079813,7.9101539999999995,7.731153000000001,7.542009,7.341858,7.129728,6.90453,6.66504,6.40989,6.137541000000001,5.846301,5.534280000000001,5.1994169999999995,4.839561000000001,4.452552,4.036635,3.591162,3.118455,2.628288,2.149434,1.7562330000000002,1.5919740000000002,1.755621,2.1475890000000004,2.624157,3.110715,3.5783460000000002,4.017204,4.4249849999999995,4.802346,5.151114000000001,5.473476000000001,5.771673,6.047811,6.303852,6.541551,6.762492000000001,6.968106000000001,7.159662000000001,7.338294,7.50501,7.660719,7.806231000000001,7.942284,8.069535,8.18856,8.299908,8.404038000000002,8.501408999999999,8.59239,8.67735,8.756613000000002,8.830466999999999,8.899182000000001,8.962992000000002,9.02214,9.07677,9.12708,9.173340000000001,9.21546,9.2538,9.28845,9.31932,9.346770000000001,9.370709999999999,9.39123,9.40842,9.42237,9.43299,9.44046,9.44478,9.44586,9.44379,9.43857,9.4302,9.41859,9.40374,9.38565,9.364230000000001,9.33939,9.31113,9.279449999999999,9.24408,9.204930000000001,9.162,9.1152,9.06417,9.009,8.949302999999999,8.885007,8.81586,8.741619000000002,8.662041,8.576811000000001,8.485623,8.388126,8.283923999999999,8.172585,8.053632,7.926525,7.790687999999999,7.6454640000000005,7.490115,7.323840000000001,7.14573,6.954759,6.749802000000001,6.529581,6.292674,6.037488,5.76225,5.465007,5.143626,4.795866,4.419513,4.01274,3.574836,3.108105,2.62233,2.146392,1.754829,1.591344,1.7554859999999999,2.1483630000000002,2.6267400000000003,3.116376,3.5885520000000004,4.03353,4.449015,4.835691,5.195349,5.530131,5.842233,6.133707,6.406461,6.662196000000001,6.902451,7.128612,7.341902999999999,7.543413,7.734132,7.914923999999999,8.08659,8.249823000000001,8.405271,8.553501,8.695026,8.830332,8.959833,9.08388,9.202950000000001,9.31725,9.427140000000001,9.5328,9.63459,9.73269,9.82728,9.91863,10.006920000000001,10.09224,10.17477,10.25469,10.33209,10.40724,10.48005,10.5507,10.61937,10.686060000000001,10.75086,10.81395,10.87533,10.93509,10.99332,11.05002,11.10537,11.15928,11.21202,11.26341,11.313540000000001,11.36259,11.41056,11.45736,11.50326,11.54808,11.59191,11.63493,11.67696,11.71818,11.7585,11.7981,11.83689,11.87496,11.912310000000002,11.94885,11.98485,12.02013,12.05478,12.0888,12.12219,12.15504,12.18735,12.21903,12.25026,12.28095,12.3111,12.3408,12.37005,12.398760000000001,12.42711,12.455010000000001,12.482460000000001,12.50946,12.536100000000001,12.56238,12.58821,12.61368,12.63879,12.663630000000001,12.68802,12.71214,12.7359,12.75939,12.78252,12.80538,12.82788,12.850200000000001,12.872160000000001,12.89385,12.915360000000002,12.93651,12.95748,12.97818,12.99861,13.01886,13.03884,13.05864,13.07817,13.09752,13.11669,13.13568,13.15449,13.173029999999999,13.19148,13.20975,13.22784,13.24575,13.26348,13.28112,13.29858,13.31595,13.33314,13.350240000000001,13.36725,13.38408,13.40082,13.417470000000002,13.43403,13.450410000000002,13.466790000000001,13.48308,13.49928,13.51548,13.531500000000001,13.54752,13.563540000000001,13.57947,13.5954,13.61124,13.62708,13.64292,13.658669999999999,13.67451,13.690349999999999,13.7061,13.721940000000002,13.73778,13.75371,13.76955,13.78548,13.8015,13.81752,13.83363,13.84983,13.86603,13.88232,13.89879,13.91526,13.93191,13.94856,13.96539,13.98231,13.999410000000001,14.0166,14.03397,14.05143,14.069070000000002,14.08689,14.104890000000001,14.12298,14.14134,14.159880000000001,14.17851,14.197410000000001,14.21658,14.23593,14.25546,14.275170000000001,14.29515,14.3154,14.335920000000002,14.356620000000001,14.37759,14.39883,14.420250000000001,14.44203,14.464080000000001,14.486310000000001,14.508899999999999,14.53176,14.55489,14.578380000000001,14.602139999999999,14.62617,14.650470000000002,14.675130000000001,14.70006,14.72526,14.750820000000001,14.776740000000002,14.802930000000002,14.82948,14.856300000000001,14.883479999999999,14.910929999999999,14.938740000000001,14.96691,14.99535,15.02415,15.05322,15.082650000000001,15.11244,15.1425,15.17292,15.203700000000001,15.234749999999998,15.26616,15.297839999999999,15.329880000000001,15.362279999999998,15.39495,15.42789,15.461189999999998,15.49485,15.528780000000001,15.562980000000001,15.59754,15.63246,15.66756,15.70302,15.738840000000001,15.77484,15.811200000000001,15.84783,15.88473,15.92199,15.959430000000001
15.319799999999999,15.241950000000001,15.163650000000002,15.08463,15.00507,14.924970000000002,14.84406,14.76252,14.680349999999999,14.597370000000002,14.513670000000001,14.42907,14.34375,14.25753,14.17041,14.08239,13.99338,13.90329,13.81221,13.71996,13.62663,13.53195,13.4361,13.3389,13.24026,13.140179999999999,13.03857,12.93534,12.830400000000001,12.72366,12.61503,12.504420000000001,12.39174,12.2769,12.15972,12.04002,11.917800000000002,11.79279,11.664900000000001,11.53395,11.39967,11.262060000000002,11.120669999999999,10.975320000000002,10.82592,10.67193,10.51326,10.349549999999999,10.18035,10.00539,9.82413,9.63621,9.441,9.23805,9.02673,8.806284,8.576001000000002,8.335035000000001,8.082441,7.817184,7.538094,7.243857000000001,6.932997,6.603858000000001,6.254559,5.882994,5.486751000000001,5.063166000000001,4.609224,4.121685,3.5972190000000004,3.033045,2.428875,1.7940960000000001,1.181637,0.8533493999999999,1.181268,1.792413,2.424258,3.02346,3.580389,4.095216,4.570677,5.010102,5.416785,5.793804000000001,6.143904,6.469587000000001,6.773049,7.056252,7.3209599999999995,7.568721,7.800939,8.018856000000001,8.223588000000001,8.416143,8.59743,8.768268,8.929395,9.08145,9.22518,9.3609,9.489329999999999,9.61092,9.72594,9.83493,9.938160000000002,10.03599,10.128689999999999,10.21662,10.29996,10.37898,10.453859999999999,10.52487,10.59219,10.65591,10.71621,10.77336,10.82736,10.87848,10.926720000000001,10.97217,11.0151,11.05542,11.0934,11.128950000000001,11.16225,11.193389999999999,11.222370000000002,11.24937,11.2743,11.29725,11.3184,11.337660000000001,11.35512,11.37087,11.384820000000001,11.397150000000002,11.407770000000001,11.41677,11.424240000000001,11.43018,11.4345,11.43729,11.438550000000001,11.43837,11.43675,11.43369,11.4291,11.42307,11.4156,11.406780000000001,11.39652,11.38473,11.37159,11.35701,11.34108,11.32362,11.304720000000001,11.28438,11.262599999999999,11.23929,11.21454,11.18826,11.160359999999999,11.131020000000001,11.10006,11.06748,11.03328,10.99746,10.95984,10.92051,10.879470000000001,10.83654,10.79172,10.74501,10.69632,10.64556,10.592730000000001,10.537650000000001,10.48032,10.42074,10.358640000000001,10.294110000000002,10.226880000000001,10.15695,10.08414,10.00845,9.92952,9.847439999999999,9.76185,9.67266,9.57969,9.48267,9.38142,9.27576,9.16524,9.04968,8.928828000000001,8.802189,8.66943,8.530119,8.383761,8.229834,8.067744,7.896851999999999,7.7164019999999995,7.525584,7.3234889999999995,7.109055000000001,6.88113,6.638364,6.379263,6.102081,5.804856,5.485311,5.140836,4.768452,4.364739,3.925863,3.44772,2.926449,2.360268,1.7565030000000001,1.165257,0.8447994,1.164987,1.755279,2.356947,2.919645,3.435912,3.9074940000000002,4.338252000000001,4.732335,5.093631,5.425605,5.731308,6.013422,6.274268999999999,6.515901,6.7401,6.948423,7.142256,7.322814,7.491186,7.648308,7.795053,7.932168000000001,8.060346000000001,8.18019,8.292249,8.397018,8.494938,8.586423,8.671833,8.751491999999999,8.825706,8.894736,8.958834,9.018180000000001,9.073080000000001,9.12366,9.170010000000001,9.2124,9.25092,9.28557,9.31662,9.34416,9.36819,9.3888,9.406080000000001,9.42003,9.43074,9.4383,9.44253,9.4437,9.44163,9.43641,9.427950000000001,9.41634,9.401489999999999,9.38331,9.361799999999999,9.33696,9.30861,9.27675,9.241290000000001,9.202050000000002,9.159030000000001,9.11196,9.06084,9.0054,8.945459999999999,8.880885,8.811432,8.736858,8.656884,8.571222,8.479548000000001,8.381493,8.276660999999999,8.164611,8.044839000000001,7.916814,7.779915,7.633467,7.476696,7.3087740000000005,7.12872,6.935472,6.727797,6.504327,6.263478,6.003468,5.722254,5.417487,5.086503,4.726215000000001,4.33314,3.903381,3.4327710000000002,2.9174040000000003,2.3555159999999997,1.754496,1.164654,0.8446275,1.1649420000000001,1.75581,2.359071,2.924694,3.445407,3.923037,4.361481,4.76487,5.137047000000001,5.48145,5.801076,6.098544,6.37614,6.635835,6.879366,7.108263,7.323849000000001,7.527312,7.719705000000001,7.901937,8.074836,8.239149,8.395533,8.544582,8.686836,8.822780999999999,8.95284,9.0774,9.19692,9.31158,9.42183,9.527849999999999,9.62991,9.728190000000001,9.82305,9.914579999999999,10.00305,10.08855,10.17126,10.25127,10.32885,10.404,10.4769,10.54764,10.61631,10.683090000000002,10.74798,10.81107,10.87245,10.932210000000001,10.990530000000001,11.047229999999999,11.10258,11.156490000000002,11.20914,11.26053,11.31075,11.35971,11.40759,11.45448,11.500200000000001,11.545020000000001,11.58885,11.631780000000001,11.673810000000001,11.71494,11.755260000000002,11.79477,11.83347,11.871450000000001,11.90871,11.945250000000001,11.98107,12.01635,12.050910000000002,12.08484,12.11814,12.1509,12.18312,12.21471,12.24585,12.27645,12.30651,12.33612,12.36519,12.3939,12.422070000000001,12.44979,12.47715,12.50406,12.530610000000001,12.55671,12.58245,12.60783,12.632850000000001,12.65751,12.68181,12.70575,12.729420000000001,12.752730000000001,12.77568,12.798449999999999,12.82086,12.843,12.86478,12.886379999999999,12.907710000000002,12.92868,12.94947,12.97008,12.99033,13.0104,13.030289999999999,13.04991,13.06926,13.08852,13.107510000000001,13.12632,13.14495,13.16331,13.18158,13.19967,13.21758,13.23531,13.25295,13.27032,13.28769,13.304789999999999,13.32189,13.33872,13.35555,13.372200000000001,13.388760000000001,13.405230000000001,13.421520000000001,13.437809999999999,13.45401,13.47012,13.48614,13.50207,13.51791,13.53375,13.54959,13.56525,13.581,13.59666,13.61232,13.627889999999999,13.64355,13.65912,13.67469,13.690349999999999,13.70592,13.72158,13.73724,13.75299,13.768740000000001,13.78449,13.80033,13.81626,13.83219,13.848210000000002,13.86432,13.88052,13.89681,13.91328,13.92975,13.9464,13.96314,13.979970000000002,13.996979999999999,14.014170000000002,14.031450000000001,14.04891,14.066550000000001,14.08437,14.10237,14.12046,14.138819999999999,14.15736,14.17608,14.19507,14.21424,14.23359,14.253210000000001,14.2731,14.29317,14.31351,14.33412,14.35491,14.37606,14.39739,14.41899,14.44095,14.463090000000001,14.485589999999998,14.50836,14.531400000000001,14.5548,14.578380000000001,14.602410000000003,14.626619999999999,14.65119,14.67612,14.70132,14.72679,14.75262,14.77881,14.805269999999998,14.83209,14.859180000000002,14.886630000000002,14.91444,14.942610000000002,14.97105,14.99985,15.02892,15.05835,15.088140000000001,15.118290000000002,15.148710000000001,15.17949,15.210540000000002,15.241950000000001,15.27372,15.30585,15.33825,15.370920000000002,15.403950000000002,15.43734,15.471000000000002,15.505019999999998,15.539309999999999,15.573960000000001,15.60888,15.644070000000001,15.679620000000002,15.715530000000001,15.751619999999999,15.788070000000001,15.824790000000002,15.86178,15.899040000000001,15.93666
15.3234,15.24564,15.16743,15.08859,15.009120000000001,14.929020000000001,14.84829,14.766929999999999,14.684760000000002,14.60187,14.51826,14.433840000000002,14.34861,14.262480000000002,14.175450000000001,14.08743,13.998510000000001,13.908510000000001,13.81752,13.72527,13.63194,13.53744,13.44159,13.34439,13.24584,13.145760000000001,13.04415,12.94092,12.835980000000001,12.729239999999999,12.620610000000001,12.509910000000001,12.39723,12.282300000000001,12.16503,12.04533,11.92302,11.797920000000001,11.66994,11.53881,11.40444,11.26656,11.12499,10.979550000000001,10.829880000000001,10.67571,10.51677,10.3527,10.18323,10.00782,9.8262,9.637830000000001,9.44217,9.23859,9.02664,8.805537,8.574489,8.33265,8.079075,7.812693000000001,7.532298000000001,7.2365580000000005,6.923925,6.59268,6.240843,5.866164,5.4660329999999995,5.037453,4.576931999999999,4.080393,3.5430390000000003,2.959191,2.322045,1.6234560000000002,0.8534916,0.0,0.8533017,1.622079,2.317824,2.950065,3.526713,4.054446,4.538907,4.984902,5.396571000000001,5.777451,6.130638,6.458823000000001,6.764346,7.049268,7.315434,7.564437000000001,7.7977170000000005,8.016552,8.222085,8.415341999999999,8.59725,8.768628,8.930232,9.08271,9.2268,9.36288,9.49158,9.61344,9.72864,9.83781,9.94122,10.03923,10.132109999999999,10.220130000000001,10.30356,10.382579999999999,10.457550000000001,10.528649999999999,10.59588,10.65969,10.72008,10.777140000000001,10.831230000000001,10.88226,10.93041,10.97595,11.018790000000001,11.05911,11.097,11.13246,11.16576,11.19681,11.22579,11.25261,11.27745,11.3004,11.32146,11.34063,11.357999999999999,11.37357,11.38752,11.39967,11.410290000000002,11.4192,11.42658,11.43234,11.43657,11.43927,11.44053,11.44026,11.438460000000001,11.43531,11.430629999999999,11.42451,11.417040000000002,11.40804,11.397689999999999,11.3859,11.372670000000001,11.357999999999999,11.341890000000001,11.32434,11.30535,11.28501,11.26305,11.23974,11.2149,11.18853,11.160630000000001,11.131110000000001,11.10006,11.06748,11.033190000000001,10.997280000000002,10.959570000000001,10.92024,10.879109999999999,10.83609,10.79118,10.74438,10.69569,10.64484,10.59192,10.53684,10.479420000000001,10.41975,10.35765,10.29294,10.225710000000001,10.15569,10.082880000000001,10.007010000000001,9.92808,9.84582,9.76014,9.670860000000001,9.5778,9.480690000000001,9.37935,9.27351,9.162899999999999,9.04716,8.92611,8.799282,8.666307,8.526753000000001,8.380116,8.225883,8.063442,7.892127000000001,7.711208999999999,7.519842000000001,7.31709,7.1019000000000005,6.873057,6.629202,6.368769,6.089949,5.79069,5.468571000000001,5.120793,4.744044000000001,4.334436,3.8873070000000003,3.397104,2.857059,2.258901,1.5924330000000002,0.8448651,0.0,0.8447229,1.591425,2.255859,2.8505700000000003,3.385647,3.8693160000000004,4.308336000000001,4.708323,5.073984,5.40927,5.717547,6.001695,6.264189,6.507153000000001,6.732441,6.941682,7.13628,7.317495,7.486415999999999,7.644015,7.791174,7.928648999999999,8.057142,8.177256,8.289558000000001,8.394543,8.492661,8.584317,8.669880000000001,8.749683,8.824014,8.893161000000001,8.957358,9.01683,9.07182,9.122399999999999,9.16884,9.21132,9.24984,9.28458,9.31572,9.343259999999999,9.36738,9.38799,9.40527,9.41931,9.43002,9.43758,9.4419,9.44298,9.441,9.43569,9.42732,9.41571,9.40077,9.38259,9.361170000000001,9.33624,9.30789,9.27603,9.240480000000002,9.20124,9.158130000000002,9.11106,9.05976,9.00423,8.944281,8.879616,8.810055,8.735363999999999,8.655264,8.569458000000001,8.477613,8.379368999999999,8.27433,8.162037,8.041995,7.913646,7.776387000000001,7.629525,7.472277000000001,7.303788000000001,7.123086,6.929055,6.720462,6.495876,6.253686,5.99202,5.708754000000001,5.401403999999999,5.067081,4.70241,4.303413000000001,3.8653830000000005,3.382677,2.848491,2.254581,1.590804,0.8445519,0.0,0.844704,1.591884,2.257839,2.85543,3.394935,3.8846430000000005,4.33134,4.740642,5.117193,5.464926,5.787135,6.086655,6.365889,6.626925,6.871554000000001,7.101369,7.317729000000001,7.52184,7.714773,7.897481999999999,8.070786,8.235441,8.392131000000001,8.541440999999999,8.68392,8.820054,8.950284,9.075059999999999,9.19458,9.30942,9.41976,9.52578,9.62793,9.72639,9.82125,9.91287,10.00125,10.08675,10.16946,10.24956,10.32714,10.40229,10.47519,10.54593,10.614600000000001,10.68129,10.74618,10.809270000000001,10.87065,10.93032,10.98855,11.045250000000001,11.10051,11.15442,11.20698,11.25837,11.3085,11.357460000000001,11.40525,11.452050000000002,11.49777,11.5425,11.58624,11.62908,11.67102,11.712060000000001,11.75229,11.79171,11.83032,11.86821,11.90538,11.941830000000001,11.97765,12.01275,12.04722,12.08106,12.114270000000001,12.14694,12.17898,12.21057,12.24153,12.27204,12.302010000000001,12.331439999999999,12.36051,12.38904,12.417119999999999,12.44475,12.47193,12.49875,12.525120000000001,12.55113,12.576690000000001,12.601980000000001,12.62682,12.651390000000001,12.675510000000001,12.69936,12.72285,12.745980000000001,12.76893,12.79143,12.81375,12.83571,12.8574,12.87882,12.89997,12.920850000000002,12.941460000000001,12.96189,12.98196,13.001940000000001,13.021560000000001,13.041,13.06026,13.07934,13.09815,13.11678,13.13523,13.153500000000001,13.17159,13.18941,13.20714,13.22478,13.24215,13.25943,13.27653,13.29354,13.31037,13.327020000000001,13.34367,13.36014,13.376520000000001,13.39272,13.40892,13.424940000000001,13.44096,13.4568,13.47264,13.48839,13.504050000000001,13.51971,13.53528,13.55085,13.56633,13.58172,13.5972,13.61259,13.62798,13.64337,13.65876,13.674150000000001,13.68963,13.705020000000001,13.7205,13.73598,13.751460000000002,13.76712,13.78269,13.79844,13.81419,13.83003,13.84587,13.86189,13.878,13.894200000000001,13.91049,13.92696,13.943520000000001,13.96017,13.977,13.993920000000001,14.01102,14.0283,14.045760000000001,14.0634,14.08113,14.099129999999999,14.11731,14.135670000000001,14.154300000000001,14.17302,14.19201,14.21127,14.23071,14.25042,14.2704,14.29056,14.31099,14.33169,14.35266,14.3739,14.39541,14.417280000000002,14.439330000000002,14.46174,14.484329999999998,14.50728,14.53059,14.55417,14.57802,14.602229999999999,14.62671,14.651549999999999,14.676660000000002,14.70213,14.72796,14.75406,14.78052,14.807250000000002,14.834340000000001,14.861790000000001,14.889600000000002,14.917679999999999,14.94612,14.974920000000001,15.00408,15.033510000000001,15.063299999999998,15.093449999999999,15.123870000000002,15.15465,15.18579,15.217290000000002,15.24906,15.281189999999999,15.313590000000001,15.346440000000001,15.379470000000001,15.412949999999999,15.4467,15.480720000000002,15.5151,15.54984,15.584850000000001,15.62013,15.655769999999999,15.691679999999998,15.727860000000002,15.764399999999998,15.80121,15.838379999999999,15.87573,15.91344
15.32745,15.24987,15.171750000000001,15.093,15.01371,14.93379,14.85315,14.77188,14.68989,14.607090000000001,14.52357,14.439330000000002,14.35419,14.26815,14.18121,14.09337,14.00454,13.914629999999999,13.823730000000001,13.731660000000002,13.63842,13.54392,13.448250000000002,13.351140000000001,13.25259,13.152600000000001,13.05108,12.94794,12.84309,12.73644,12.6279,12.51729,12.4047,12.28977,12.17259,12.052980000000002,11.93067,11.80566,11.677679999999999,11.54664,11.412360000000001,11.27457,11.133,10.98765,10.83798,10.683900000000001,10.52505,10.36107,10.19169,10.01646,9.83493,9.646650000000001,9.451170000000001,9.24795,9.03618,8.815401000000001,8.584722,8.343342,8.090316000000001,7.824600000000001,7.5450420000000005,7.25031,6.938946,6.609285000000001,6.259455,5.887341,5.490549,5.066415,4.611924,4.123845,3.598866,3.034215,2.429631,1.794501,1.181817,0.8534421000000001,1.181448,1.792827,2.425005,3.0246210000000002,3.582018,4.0973310000000005,4.573305,5.013243,5.4204479999999995,5.797962,6.148566,6.474717,6.7786290000000005,7.062273,7.327386000000001,7.575534000000001,7.808112,8.026362,8.231409000000001,8.424252,8.6058,8.776872,8.938215,9.09054,9.23436,9.37026,9.49878,9.62046,9.73557,9.84465,9.947880000000001,10.045800000000002,10.1385,10.22643,10.30977,10.3887,10.46358,10.5345,10.60173,10.665360000000002,10.725660000000001,10.782630000000001,10.83654,10.887480000000002,10.935630000000002,10.98099,11.02374,11.063880000000001,11.10168,11.137139999999999,11.17026,11.201220000000001,11.23002,11.25675,11.281500000000001,11.304359999999999,11.32524,11.34432,11.361600000000001,11.37708,11.39085,11.403,11.41344,11.42226,11.42955,11.435220000000001,11.43936,11.441970000000001,11.44305,11.44269,11.4408,11.43756,11.432789999999999,11.42658,11.41893,11.40993,11.3994,11.38752,11.3742,11.359530000000001,11.34333,11.32569,11.306700000000001,11.28618,11.26422,11.240820000000001,11.21589,11.189430000000002,11.16153,11.132010000000001,11.10096,11.068200000000001,11.03391,10.997910000000001,10.96029,10.92087,10.87965,10.83663,10.79172,10.74492,10.696140000000002,10.64529,10.592369999999999,10.53729,10.47987,10.4202,10.3581,10.29348,10.22625,10.15623,10.08342,10.00764,9.92871,9.846540000000001,9.76095,9.671759999999999,9.578790000000001,9.48177,9.38052,9.27477,9.164340000000001,9.04878,8.92791,8.801289,8.668548,8.529237,8.382906,8.228997000000001,8.066934,7.896069000000001,7.715646,7.524864000000001,7.322796,7.108407,6.8805179999999995,6.637797,6.378741,6.101604,5.804424000000001,5.484924,5.140503,4.768164,4.364496000000001,3.9256649999999995,3.4475759999999998,2.9263500000000002,2.360205,1.756467,1.1652390000000001,0.8447913,1.1649779999999998,1.7552429999999999,2.356884,2.919546,3.4357860000000002,3.907332,4.338063,4.7321100000000005,5.093379,5.425317,5.731002,6.013089,6.273927,6.515541,6.7397219999999995,6.948036,7.141859999999999,7.322418000000001,7.490781000000001,7.6479029999999995,7.794648,7.931772,8.05995,8.179803000000001,8.291871,8.396649,8.494587000000001,8.58609,8.671509,8.751186,8.825418,8.894466,8.958582,9.018,9.0729,9.12348,9.169830000000001,9.21222,9.25074,9.28548,9.31662,9.34407,9.36819,9.3888,9.406080000000001,9.42003,9.43083,9.4383,9.44262,9.44379,9.44181,9.436589999999999,9.42813,9.41652,9.401670000000001,9.38358,9.362070000000001,9.337230000000002,9.30888,9.27702,9.24156,9.20241,9.1593,9.11232,9.06111,9.00567,8.945775000000001,8.8812,8.811747,8.737164,8.65719,8.571528,8.479845000000001,8.38179,8.276958,8.164890000000002,8.045118,7.917084000000001,7.780176000000001,7.63371,7.476939000000001,7.308999,7.1289359999999995,6.93567,6.727977,6.504489,6.263631,6.003603,5.722371,5.4175949999999995,5.086584,4.726287,4.333194,3.903426,3.432798,2.917431,2.355525,1.754505,1.164654,0.8446293,1.1649420000000001,1.755819,2.359071,2.924694,3.445407,3.923037,4.361472,4.764861000000001,5.137029,5.481423,5.801031,6.09849,6.376059,6.635727,6.879231,7.1081010000000004,7.323659999999999,7.527087,7.719435,7.901631000000001,8.074494,8.238762000000001,8.395092,8.544096,8.686295999999999,8.822178,8.952183000000002,9.076680000000001,9.196110000000001,9.31077,9.42084,9.52677,9.62883,9.727020000000001,9.82179,9.913319999999999,10.00161,10.08702,10.16964,10.24956,10.32696,10.40202,10.47483,10.54548,10.61406,10.68075,10.74546,10.80846,10.869750000000002,10.92942,10.98747,11.044080000000001,11.09925,11.153070000000001,11.20563,11.25684,11.30688,11.35575,11.403450000000001,11.45016,11.49579,11.54034,11.58399,11.62674,11.66859,11.70954,11.74968,11.789010000000001,11.827530000000001,11.86533,11.90241,11.93877,11.97441,12.00942,12.04371,12.07746,12.11058,12.14316,12.17511,12.20652,12.23739,12.26772,12.2976,12.32694,12.355830000000001,12.384179999999999,12.41217,12.43971,12.466800000000001,12.493440000000001,12.51972,12.54555,12.57102,12.59613,12.62088,12.64518,12.66921,12.692879999999999,12.716280000000001,12.73932,12.762,12.784410000000001,12.80655,12.828330000000001,12.84993,12.87117,12.892140000000001,12.912840000000001,12.93336,12.95352,12.9735,12.9933,13.012830000000001,13.03209,13.05117,13.06998,13.0887,13.107149999999999,13.12542,13.14342,13.16133,13.17906,13.196610000000002,13.21398,13.23117,13.24827,13.26519,13.28202,13.298670000000001,13.315140000000001,13.33152,13.34781,13.36401,13.38003,13.39596,13.411890000000001,13.42764,13.443299999999999,13.45896,13.474440000000001,13.48992,13.5054,13.5207,13.536090000000002,13.551300000000001,13.5666,13.581809999999999,13.597019999999999,13.61214,13.627350000000002,13.642560000000001,13.657680000000001,13.67289,13.6881,13.70331,13.71861,13.73391,13.7493,13.76469,13.78017,13.79574,13.81131,13.827060000000001,13.84281,13.858740000000001,13.87467,13.890780000000001,13.906979999999999,13.92336,13.93983,13.956479999999999,13.973220000000001,13.99014,14.00724,14.02443,14.04189,14.05944,14.07726,14.095260000000001,14.11344,14.13189,14.15043,14.16933,14.188410000000001,14.20767,14.2272,14.247,14.26707,14.287410000000001,14.30793,14.32881,14.349870000000001,14.37129,14.392980000000001,14.414940000000001,14.43717,14.459760000000001,14.482619999999999,14.50575,14.52924,14.553090000000001,14.57721,14.601600000000001,14.62635,14.65146,14.67684,14.702580000000001,14.728680000000002,14.75505,14.78187,14.80896,14.83632,14.86413,14.89221,14.920649999999998,14.949449999999999,14.978520000000001,15.00804,15.037830000000001,15.06798,15.09849,15.129270000000002,15.160499999999999,15.192,15.223769999999998,15.25599,15.288480000000002,15.321330000000001,15.354450000000002,15.38802,15.42177,15.45597,15.490350000000001,15.52518,15.56028,15.59565,15.631380000000002,15.667380000000001,15.70365,15.74028,15.777180000000001,15.814440000000001,15.85188,15.88968
15.331949999999999,15.25455,15.17661,15.098040000000001,15.01884,14.9391,14.85864,14.77746,14.695559999999999,14.61303,14.529690000000002,14.44545,14.36049,14.27463,14.18787,14.10012,14.011470000000001,13.92174,13.83093,13.73904,13.645890000000001,13.55157,13.45599,13.359060000000001,13.26069,13.16088,13.05954,12.95649,12.85182,12.74526,12.6369,12.52656,12.414060000000001,12.2994,12.18231,12.06288,11.94084,11.81601,11.6883,11.55744,11.42343,11.28591,11.1447,10.99962,10.85031,10.69659,10.53819,10.37466,10.205820000000001,10.03113,9.850320000000002,9.66285,9.46818,9.26595,9.05535,8.835822,8.606655000000002,8.367021,8.116064999999999,7.852788,7.576118999999999,7.284870000000001,6.977727,6.653214,6.309765,5.945652,5.559066,5.148171,4.7112750000000005,4.247217,3.7562040000000003,3.241683,2.714976,2.206881,1.7942760000000002,1.6230870000000002,1.793439,2.2043340000000002,2.709207,3.2307300000000003,3.7378530000000003,4.219101,4.670973,5.093271,5.487201000000001,5.854491,6.197076000000001,6.516846,6.815601,7.0950239999999996,7.356654000000001,7.601895000000001,7.832034000000001,8.048214000000002,8.251496999999999,8.442819,8.623062000000001,8.792991,8.953335000000001,9.10476,9.24777,9.38304,9.51102,9.632069999999999,9.746730000000001,9.85527,9.95814,10.05561,10.14795,10.23561,10.31859,10.39725,10.471860000000001,10.54251,10.60947,10.672920000000001,10.73295,10.78974,10.84347,10.89423,10.94211,10.98729,11.02986,11.06991,11.10753,11.14281,11.17575,11.20653,11.23524,11.26179,11.28645,11.30913,11.32983,11.34882,11.365920000000001,11.38131,11.3949,11.40696,11.41722,11.42595,11.433060000000001,11.43864,11.44269,11.445210000000001,11.446200000000001,11.44566,11.443769999999999,11.440349999999999,11.43549,11.42919,11.42145,11.412360000000001,11.40183,11.38986,11.37645,11.361600000000001,11.3454,11.32776,11.308589999999999,11.28807,11.26602,11.24262,11.217600000000001,11.19114,11.16315,11.13363,11.10249,11.06982,11.03544,10.99944,10.961820000000001,10.9224,10.88118,10.83816,10.79334,10.74654,10.69776,10.647,10.59408,10.539090000000002,10.48176,10.422179999999999,10.36017,10.29564,10.2285,10.15866,10.08594,10.010340000000001,9.93159,9.84969,9.76428,9.675360000000001,9.58257,9.48591,9.385019999999999,9.279630000000001,9.169649999999999,9.054540000000001,8.93421,8.808183000000001,8.676108,8.537552999999999,8.392068,8.23914,8.078184,7.908588,7.729641,7.540559999999999,7.3404810000000005,7.128423,6.903306000000001,6.663897,6.408828,6.136578,5.845428,5.533497,5.198733,4.838966999999999,4.452057,4.036230000000001,3.590847,3.118212,2.628117,2.149326,1.756161,1.591911,1.755549,2.14749,2.6240040000000002,3.110508,3.5780670000000003,4.016871,4.42458,4.801878,5.1505920000000005,5.4729090000000005,5.771052,6.047154,6.30315,6.540813,6.761736,6.967332,7.15887,7.337484000000001,7.504199999999999,7.659909000000001,7.805430000000001,7.941492000000001,8.068752,8.187795,8.299152000000001,8.403309,8.500707,8.591715,8.676711000000001,8.756001,8.829891,8.898642,8.962488,9.021690000000001,9.076319999999999,9.12672,9.17298,9.215190000000002,9.253620000000002,9.28818,9.31923,9.34668,9.37062,9.39123,9.40842,9.42237,9.43308,9.44064,9.44496,9.44604,9.44406,9.43884,9.430470000000001,9.41895,9.4041,9.38601,9.364680000000002,9.339839999999999,9.31167,9.2799,9.244620000000001,9.20556,9.16263,9.11574,9.0648,9.009540000000001,8.949924,8.885628,8.816481,8.742249,8.662662000000001,8.577432000000002,8.486235,8.388729,8.284518,8.173161,8.05419,7.927065000000001,7.79121,7.6459589999999995,7.4905919999999995,7.3242899999999995,7.146153,6.955155,6.750171,6.529914000000001,6.292980000000001,6.037758,5.762493,5.4652140000000005,5.143797,4.79601,4.419639,4.0128390000000005,3.5749079999999998,3.10815,2.6223660000000004,2.14641,1.754847,1.591353,1.755495,2.148372,2.626758,3.116394,3.58857,4.033539,4.449015,4.835673,5.1953130000000005,5.5300769999999995,5.842143,6.1335809999999995,6.40629,6.66198,6.90219,7.128288,7.341516,7.542962999999999,7.733601000000001,7.914321,8.085897000000001,8.249039999999999,8.404389,8.552520000000001,8.693937,8.829126,8.95851,9.08244,9.201329999999999,9.31554,9.42525,9.53082,9.632430000000001,9.730350000000001,9.82485,9.91602,10.004040000000002,10.08918,10.17153,10.25127,10.32849,10.40337,10.476,10.54647,10.61487,10.68129,10.74591,10.80873,10.86984,10.92933,10.98729,11.043809999999999,11.0988,11.15253,11.20491,11.25594,11.30589,11.35458,11.402190000000001,11.448720000000002,11.49426,11.53872,11.582279999999999,11.62485,11.66661,11.70747,11.74743,11.786669999999999,11.825099999999999,11.86272,11.89962,11.93589,11.971440000000001,12.006269999999999,12.04047,12.07413,12.10707,12.139470000000001,12.17133,12.20265,12.23334,12.263580000000001,12.293280000000001,12.32253,12.351239999999999,12.3795,12.40731,12.43467,12.46167,12.48813,12.51423,12.53997,12.565349999999999,12.59028,12.61485,12.63906,12.66291,12.686490000000001,12.709710000000001,12.732569999999999,12.75507,12.77739,12.79926,12.82095,12.842369999999999,12.863430000000001,12.88422,12.90483,12.925080000000001,12.94515,12.96495,12.984570000000001,13.00392,13.023000000000001,13.0419,13.06053,13.07907,13.09734,13.11543,13.13325,13.15098,13.16853,13.1859,13.20309,13.2201,13.236930000000001,13.25367,13.27032,13.2867,13.30308,13.319280000000001,13.3353,13.35123,13.36707,13.38282,13.398480000000001,13.414050000000001,13.42953,13.444920000000002,13.46031,13.47552,13.49073,13.50585,13.52097,13.536090000000002,13.551120000000001,13.56606,13.58109,13.59603,13.61097,13.625910000000001,13.64085,13.65588,13.67082,13.68585,13.70088,13.716000000000001,13.73112,13.74633,13.76154,13.776840000000002,13.79232,13.8078,13.82328,13.83903,13.85478,13.87062,13.886640000000002,13.90275,13.91904,13.93542,13.95198,13.96872,13.98564,14.002650000000001,14.01984,14.0373,14.05485,14.07267,14.09067,14.10894,14.12739,14.14602,14.16492,14.18409,14.203439999999999,14.22306,14.24295,14.26311,14.28354,14.30424,14.32521,14.346540000000001,14.36805,14.38992,14.41206,14.43456,14.45733,14.480370000000002,14.503770000000001,14.52753,14.551559999999998,14.57586,14.60061,14.62563,14.651010000000001,14.676660000000002,14.702670000000001,14.729040000000001,14.75577,14.78286,14.810220000000001,14.83803,14.86611,14.894549999999999,14.92335,14.952510000000002,14.98194,15.01182,15.041970000000001,15.07248,15.10335,15.13458,15.16608,15.198030000000001,15.23025,15.262830000000001,15.29568,15.32889,15.362460000000002,15.39639,15.43059,15.46515,15.49998,15.535169999999999,15.57063,15.606449999999999,15.642540000000002,15.678989999999999,15.71571,15.7527,15.790049999999999,15.827670000000001,15.86556
15.33699,15.259770000000001,15.18192,15.103530000000001,15.0246,14.94495,14.864670000000002,14.78367,14.70195,14.6196,14.536349999999999,14.45238,14.367600000000001,14.281920000000001,14.195250000000001,14.10777,14.019210000000001,13.92975,13.83912,13.74741,13.65453,13.56039,13.46499,13.36824,13.27014,13.17051,13.06935,12.966569999999999,12.86208,12.75579,12.6477,12.53754,12.4254,12.311010000000001,12.194280000000001,12.07512,11.953439999999999,11.82897,11.70162,11.571299999999999,11.437650000000001,11.30067,11.16,11.015460000000001,10.86678,10.71378,10.556099999999999,10.393469999999999,10.225620000000001,10.052010000000001,9.87237,9.68616,9.49311,9.2925,9.08388,8.866602,8.640018000000001,8.40339,8.155926,7.896753,7.624925999999999,7.339437,7.039206,6.723081,6.389892,6.038496,5.667876000000001,5.2773390000000004,4.866849,4.437693,3.993723,3.543678,3.1056570000000003,2.714445,2.4287850000000004,2.320911,2.4272460000000002,2.710593,3.098106,3.5305920000000004,3.9729690000000004,4.406994,4.823847,5.219658,5.593176000000001,5.944473,6.274332,6.583833,6.874218,7.146738000000001,7.402626,7.643043,7.869096,8.081802,8.282106,8.470854000000001,8.648856,8.81685,8.975484,9.12537,9.26712,9.40113,9.528030000000001,9.64818,9.761940000000001,9.869760000000001,9.971910000000001,10.06875,10.16055,10.247580000000001,10.330020000000001,10.40832,10.48248,10.552679999999999,10.619280000000002,10.68237,10.742040000000001,10.79856,10.852020000000001,10.90242,10.95012,10.99503,11.03733,11.077110000000001,11.11446,11.149560000000001,11.182319999999999,11.21292,11.24136,11.26773,11.29221,11.31471,11.33523,11.354040000000001,11.37096,11.386170000000002,11.39976,11.411550000000002,11.42172,11.43027,11.43729,11.44269,11.44665,11.44899,11.44989,11.449259999999999,11.447280000000001,11.443769999999999,11.43882,11.43243,11.424600000000002,11.41542,11.404710000000001,11.39274,11.37924,11.36439,11.3481,11.33037,11.3112,11.29059,11.26854,11.24505,11.22003,11.193570000000001,11.16549,11.13597,11.10483,11.07216,11.03787,11.00187,10.96425,10.92483,10.883700000000001,10.84077,10.79595,10.74924,10.70055,10.64988,10.59714,10.54215,10.485000000000001,10.4256,10.36368,10.29942,10.232460000000001,10.162889999999999,10.090440000000001,10.01511,9.936720000000001,9.85509,9.770040000000002,9.68157,9.58923,9.49311,9.39276,9.28809,9.178740000000001,9.064440000000001,8.944938,8.819892,8.688906,8.551593,8.407503,8.256159,8.097021,7.929494999999999,7.752933,7.566615,7.369758,7.16148,6.940818,6.706728,6.458049,6.193557,5.911929,5.611833,5.292,4.951350000000001,4.589388,4.206735,3.806379,3.395907,2.9919510000000002,2.627442,2.3591070000000003,2.257371,2.358,2.624715,2.986632,3.386781,3.792042,4.185738000000001,4.560237,4.912587,5.242185,5.549607,5.83596,6.102594,6.3508949999999995,6.5822400000000005,6.797907,6.999111,7.18695,7.362414,7.526439,7.679835,7.823349,7.957674000000001,8.083421999999999,8.201133,8.311329,8.41446,8.51094,8.601156,8.685432,8.764092000000002,8.837415,8.905662,8.969058,9.02781,9.082170000000001,9.13221,9.1782,9.22014,9.2583,9.29277,9.323550000000001,9.35091,9.37476,9.39519,9.41238,9.42624,9.43695,9.444420000000001,9.44865,9.44982,9.447840000000001,9.44271,9.43434,9.42282,9.408150000000001,9.39015,9.368910000000001,9.34425,9.31617,9.28467,9.24948,9.21069,9.16803,9.121410000000001,9.070829999999999,9.015929999999999,8.956710000000001,8.892873,8.824239,8.750574,8.671626,8.587107000000001,8.49672,8.400123,8.296929,8.186742,8.069085000000001,7.943472,7.8093449999999995,7.666083,7.51302,7.349391000000001,7.174377,6.987069000000001,6.78645,6.571422,6.3407789999999995,6.093225,5.827383,5.5418579999999995,5.2353000000000005,4.906575,4.555098,4.1814540000000004,3.7885680000000006,3.3840540000000003,2.984553,2.6231400000000002,2.356767,2.256264,2.357946,2.626065,2.9902320000000002,3.39381,3.803886,4.203891,4.586247,4.948011,5.288562,5.608440000000001,5.908698,6.190641,6.45561,6.704928,6.939828,7.161471,7.370928000000001,7.569153000000001,7.757019,7.935345,8.104842000000001,8.266158,8.419905,8.566605,8.706771,8.840826,8.969202000000001,9.09225,9.21033,9.323730000000001,9.43281,9.53775,9.638819999999999,9.7362,9.83016,9.92088,10.00854,10.09332,10.17531,10.25469,10.33164,10.40616,10.47852,10.548720000000001,10.61685,10.683090000000002,10.74744,10.810080000000001,10.871010000000002,10.93023,10.988010000000001,11.04435,11.09916,11.15262,11.20482,11.25576,11.305530000000001,11.354040000000001,11.40156,11.44791,11.49327,11.53764,11.58102,11.62341,11.66499,11.70567,11.74554,11.7846,11.82285,11.860380000000001,11.89719,11.93328,11.96865,12.00339,12.0375,12.07089,12.10374,12.136050000000001,12.16773,12.19887,12.229470000000001,12.259530000000002,12.28914,12.31821,12.34674,12.37491,12.40254,12.42981,12.45654,12.48291,12.50892,12.53448,12.55968,12.58443,12.60882,12.63294,12.65661,12.680010000000001,12.70305,12.72573,12.748140000000001,12.77028,12.792060000000001,12.81348,12.83472,12.8556,12.8763,12.89664,12.9168,12.93669,12.95631,12.975750000000001,12.99483,13.013819999999999,13.032540000000001,13.050989999999999,13.06926,13.087349999999999,13.105260000000001,13.12299,13.140450000000001,13.15782,13.17501,13.191930000000001,13.20876,13.2255,13.24197,13.25835,13.27464,13.290750000000001,13.30668,13.32261,13.33836,13.35393,13.3695,13.38489,13.40028,13.41558,13.4307,13.44582,13.46085,13.47588,13.49073,13.50567,13.520520000000001,13.53528,13.550040000000001,13.5648,13.57956,13.59423,13.60899,13.62366,13.63842,13.653179999999999,13.66803,13.682789999999999,13.69764,13.71258,13.72752,13.742550000000001,13.757670000000001,13.77279,13.78809,13.80339,13.81887,13.834349999999999,13.85001,13.86585,13.881780000000001,13.8978,13.914000000000001,13.93029,13.94685,13.963500000000002,13.98033,13.99734,14.01453,14.03199,14.04954,14.06736,14.08545,14.103720000000001,14.12217,14.14089,14.159880000000001,14.17914,14.19858,14.21829,14.23836,14.258610000000001,14.27913,14.30001,14.32116,14.34258,14.36436,14.38632,14.408729999999998,14.431410000000001,14.454360000000001,14.477670000000002,14.50134,14.525279999999999,14.54958,14.574150000000001,14.599169999999999,14.624460000000001,14.65011,14.67612,14.70249,14.729130000000001,14.75622,14.783580000000002,14.811300000000001,14.83938,14.86782,14.89662,14.92578,14.955300000000001,14.985180000000001,15.015330000000002,15.04593,15.076799999999999,15.10812,15.13971,15.17166,15.20388,15.236550000000001,15.269490000000001,15.30279,15.336450000000001,15.37047,15.40476,15.439320000000002,15.47433,15.50961,15.545160000000001,15.58107,15.61725,15.65379,15.690600000000002,15.727770000000001,15.76521,15.802920000000002,15.8409
15.34248,15.265440000000002,15.187859999999999,15.10965,15.03081,14.95134,14.871239999999998,14.790510000000001,14.708969999999999,14.6268,14.54382,14.460030000000001,14.37543,14.289930000000002,14.20353,14.11623,14.027940000000001,13.938659999999999,13.848210000000002,13.75677,13.66407,13.5702,13.47507,13.37859,13.280759999999999,13.181400000000002,13.0806,12.97809,12.87396,12.76803,12.660210000000001,12.550500000000001,12.43863,12.32469,12.20841,12.0897,11.96847,11.84454,11.717730000000001,11.587950000000001,11.455020000000001,11.318670000000001,11.17881,11.03508,10.88739,10.735380000000001,10.578780000000002,10.41741,10.25082,10.078740000000002,9.90081,9.71658,9.5256,9.32742,9.1215,8.90739,8.684397,8.451918,8.209251,7.9556759999999995,7.690419,7.412706,7.121709,6.8166720000000005,6.496911000000001,6.161913,5.811534,5.446224,5.0675040000000005,4.678704,4.286160000000001,3.901185,3.542742,3.240144,3.032226,2.956698,3.029823,3.234663,3.532923,3.885327,4.262265,4.6445940000000006,5.020893,5.3848080000000005,5.733009,6.064029,6.3774630000000005,6.673545,6.952851,7.2161550000000005,7.4643120000000005,7.698195,7.918685999999999,8.126631000000001,8.322822,8.508024,8.68293,8.848206000000001,9.0045,9.152280000000001,9.29214,9.42453,9.549900000000001,9.668700000000001,9.78129,9.88794,9.9891,10.085040000000001,10.176029999999999,10.26234,10.344149999999999,10.42173,10.49526,10.56501,10.631070000000001,10.69371,10.75293,10.809,10.86201,10.912139999999999,10.959389999999999,11.00403,11.04597,11.08548,11.12256,11.15739,11.18988,11.220210000000002,11.248470000000001,11.27457,11.29878,11.321100000000001,11.34144,11.36007,11.37681,11.39184,11.40516,11.41686,11.42685,11.43531,11.44215,11.447460000000001,11.45115,11.4534,11.454210000000002,11.45349,11.451329999999999,11.44773,11.44269,11.436209999999999,11.42829,11.41902,11.40831,11.39616,11.38266,11.36772,11.35134,11.33352,11.314350000000001,11.293740000000001,11.271690000000001,11.24811,11.223090000000001,11.19663,11.16864,11.13912,11.10798,11.07531,11.04102,11.00511,10.96749,10.92816,10.88712,10.844280000000001,10.79955,10.753020000000001,10.70451,10.65393,10.60137,10.546560000000001,10.489680000000002,10.43037,10.36881,10.304730000000001,10.23813,10.16883,10.09683,10.02186,9.94392,9.86274,9.77832,9.6903,9.59868,9.50328,9.40374,9.29988,9.19152,9.0783,8.960004,8.83629,8.706807,8.571186,8.429013,8.279829,8.123156999999999,7.958448,7.785126000000001,7.602543,7.410024,7.206822000000001,6.992127,6.765093,6.524856,6.270507,6.001227,5.716278,5.4152190000000004,5.0981309999999995,4.766004000000001,4.421502,4.0700970000000005,3.721995,3.3948270000000003,3.116358,2.9238570000000004,2.853837,2.9221649999999997,3.1125149999999997,3.3879960000000002,3.711051,4.053744,4.398345000000001,4.734621000000001,5.0571,5.363154,5.65182,5.92308,6.1774379999999995,6.415659000000001,6.638643,6.847335,7.042662,7.225523999999999,7.39674,7.557120000000001,7.7073659999999995,7.848161999999999,7.980111,8.10378,8.219682,8.328276,8.429994,8.525223,8.614323,8.697609,8.775395999999999,8.847936,8.915481000000002,8.978256,9.03645,9.09027,9.13995,9.18549,9.22707,9.26496,9.29916,9.32967,9.35676,9.38043,9.40077,9.41778,9.43164,9.44217,9.449639999999999,9.45387,9.45504,9.453059999999999,9.44793,9.43965,9.42831,9.413640000000001,9.39582,9.37467,9.350280000000001,9.322470000000001,9.29115,9.25623,9.2178,9.175500000000001,9.129330000000001,9.07911,9.024750000000001,8.966106,8.902899000000001,8.834967,8.762085,8.684019000000001,8.60049,8.51121,8.415864000000001,8.314083,8.205480000000001,8.089641,7.966098,7.834329,7.693785,7.543845,7.383843,7.213058999999999,7.0307010000000005,6.835932000000001,6.627852,6.405525000000001,6.168015,5.914413000000001,5.6439449999999995,5.356089,5.050854,4.729185,4.393701,4.049847000000001,3.7078379999999997,3.385368,3.110355,2.920302,2.8521180000000004,2.922111,3.11445,3.392667,3.719529,4.067316,4.418433,4.762701000000001,5.0946750000000005,5.411727,5.712849,5.998005000000001,6.2676359999999995,6.522471,6.763365,6.991218,7.206912000000001,7.411293,7.6051709999999995,7.789302000000001,7.964378999999999,8.131041,8.289873,8.441433,8.586207,8.724645,8.85717,8.984160000000001,9.106020000000001,9.22293,9.33534,9.44343,9.54756,9.64782,9.74457,9.8379,9.927990000000001,10.01511,10.099350000000001,10.18089,10.259820000000001,10.33632,10.41048,10.48248,10.55232,10.620090000000001,10.685970000000001,10.75005,10.81242,10.873080000000002,10.932120000000001,10.98963,11.04561,11.100240000000001,11.15352,11.20554,11.25621,11.3058,11.354130000000001,11.401380000000001,11.44755,11.49273,11.53692,11.580119999999999,11.62242,11.66382,11.70432,11.74401,11.78289,11.82105,11.8584,11.89503,11.930940000000001,11.96613,12.00069,12.03462,12.067919999999999,12.10068,12.13272,12.16431,12.19527,12.22569,12.25566,12.285,12.31398,12.34242,12.37032,12.39786,12.42495,12.451590000000001,12.477780000000001,12.50361,12.52899,12.55401,12.57858,12.60288,12.62673,12.65031,12.67353,12.696390000000001,12.71898,12.74121,12.76308,12.78468,12.80601,12.82707,12.84777,12.86829,12.888449999999999,12.908430000000001,12.928139999999999,12.94758,12.966750000000001,12.98574,13.004460000000002,13.023000000000001,13.041269999999999,13.059360000000002,13.07727,13.095,13.11246,13.12983,13.14693,13.16394,13.18068,13.197330000000001,13.2138,13.23009,13.24629,13.262310000000001,13.27824,13.29399,13.309650000000001,13.32513,13.340610000000002,13.35591,13.37112,13.38624,13.40127,13.416210000000001,13.43106,13.44591,13.46067,13.475340000000001,13.49001,13.50459,13.51917,13.53375,13.54824,13.56273,13.57722,13.59171,13.606200000000001,13.62069,13.63518,13.64976,13.664340000000001,13.67892,13.69359,13.708350000000001,13.72311,13.737960000000001,13.7529,13.767930000000002,13.783050000000001,13.79826,13.81356,13.82895,13.84452,13.86018,13.87602,13.892040000000001,13.908150000000001,13.92444,13.94091,13.95747,13.9743,13.99131,14.0085,14.025960000000001,14.04351,14.06142,14.07951,14.09778,14.11632,14.13513,14.15421,14.17347,14.19309,14.21289,14.23305,14.25348,14.274180000000001,14.29515,14.31648,14.338080000000001,14.360040000000001,14.38227,14.404860000000001,14.427719999999999,14.45094,14.47452,14.498370000000001,14.52258,14.54715,14.57208,14.597280000000001,14.622929999999998,14.64885,14.675220000000001,14.70186,14.728860000000001,14.75622,14.783940000000001,14.812109999999999,14.84055,14.86935,14.89851,14.928030000000001,14.957910000000002,14.988150000000001,15.01875,15.049710000000001,15.081029999999998,15.11262,15.144660000000002,15.177059999999999,15.20973,15.242759999999999,15.276150000000001,15.309899999999999,15.34392,15.3783,15.413039999999999,15.44805,15.48342,15.519150000000002,15.555150000000001,15.59151,15.62814,15.66504,15.7023,15.739830000000001,15.77772,15.81588
15.34851,15.27165,15.19425,15.11622,15.037650000000001,14.95836,14.878530000000001,14.79798,14.71671,14.63463,14.55192,14.4684,14.383980000000001,14.29875,14.212620000000001,14.12559,14.03748,13.94847,13.85838,13.76712,13.67478,13.58118,13.48641,13.3902,13.29273,13.19373,13.0932,12.99114,12.88737,12.7818,12.674430000000001,12.56517,12.45384,12.340349999999999,12.22461,12.106530000000001,11.98593,11.86263,11.73663,11.607569999999999,11.47545,11.34009,11.201130000000001,11.058480000000001,10.91196,10.7613,10.60614,10.446299999999999,10.28142,10.111320000000001,9.935550000000001,9.75366,9.56538,9.37026,9.167850000000001,8.957682,8.739189,8.511867,8.275149,8.028477,7.771256999999999,7.5029580000000005,7.223076,6.931224,6.627204,6.311142,5.983659,5.646186,5.301414,4.9539420000000005,4.611213,4.284756,3.9913109999999996,3.753063,3.595068,3.5385120000000003,3.591693,3.7457100000000003,3.9788550000000003,4.26564,4.583565,4.91571,5.25042,5.580198,5.900436,6.2084790000000005,6.50295,6.783282,7.049421000000001,7.301646,7.5404160000000005,7.766316,7.979967000000001,8.182017,8.373105,8.553861,8.724897,8.886762000000001,9.040049999999999,9.185130000000001,9.32265,9.45288,9.57645,9.69354,9.80451,9.9099,10.0098,10.10457,10.19448,10.279800000000002,10.360800000000001,10.437570000000001,10.510380000000001,10.57941,10.64484,10.70685,10.76553,10.821060000000001,10.873619999999999,10.923300000000001,10.9701,11.014289999999999,11.05596,11.09502,11.13183,11.166210000000001,11.19843,11.22849,11.25639,11.28231,11.30625,11.3283,11.348460000000001,11.36682,11.383379999999999,11.39823,11.41137,11.4228,11.4327,11.44089,11.44764,11.452770000000001,11.45637,11.458440000000001,11.45907,11.458260000000001,11.45601,11.45223,11.447099999999999,11.44053,11.43252,11.42316,11.412360000000001,11.40021,11.38662,11.37159,11.35521,11.33739,11.31822,11.29752,11.27547,11.251890000000001,11.22687,11.200410000000002,11.17242,11.142900000000001,11.11185,11.07927,11.045069999999999,11.00916,10.97172,10.93248,10.89153,10.84878,10.80423,10.75788,10.70946,10.65915,10.60677,10.55232,10.49562,10.43667,10.37538,10.31175,10.245510000000001,10.17666,10.10502,10.03059,9.953190000000001,9.87264,9.78885,9.701640000000001,9.61092,9.51633,9.41778,9.315,9.2079,9.09603,8.979246000000002,8.857215,8.729621999999999,8.596125,8.456337,8.309853,8.156241000000001,7.995024,7.825698000000001,7.647714000000001,7.460514,7.263485999999999,7.056009,6.83748,6.607287,6.364935,6.110028,5.842458000000001,5.56254,5.271291,4.970871,4.665222,4.360959,4.068594,3.803697,3.5872110000000004,3.4430400000000003,3.391515,3.4407,3.582135,3.795138,4.055535,4.342221,4.6395,4.936806,5.227515,5.507712,5.775264000000001,6.02919,6.26922,6.495534,6.708555,6.90885,7.0970580000000005,7.273835999999999,7.439859,7.595739,7.742106,7.879518,8.008524000000001,8.129601000000001,8.243226000000002,8.349813000000001,8.449758,8.543412,8.631108000000001,8.713152,8.789823,8.861373,8.928036,8.990019,9.04752,9.100710000000001,9.14976,9.19485,9.23598,9.27351,9.307260000000001,9.33759,9.36441,9.38781,9.40797,9.4248,9.43848,9.449010000000001,9.456389999999999,9.460619999999999,9.4617,9.45972,9.45468,9.44649,9.43524,9.42075,9.403020000000001,9.38214,9.357930000000001,9.330390000000001,9.299430000000001,9.26487,9.2268,9.18495,9.13932,9.089730000000001,9.036,8.978049,8.915634,8.848583999999999,8.776701,8.699742,8.617464000000002,8.529588,8.435799000000001,8.335791,8.229194999999999,8.115624,7.9946459999999995,7.865820000000001,7.728633,7.582563,7.427034,7.261425000000001,7.085115,6.897438,6.697728,6.485337,6.259689,6.020370000000001,5.767182,5.500386,5.220963,4.931001,4.634424,4.3378380000000005,4.051773,3.791907,3.579318,3.438171,3.3891299999999998,3.4406640000000004,3.584736,3.8010330000000003,4.065696,4.357827,4.661874,4.967361,5.267682,5.558931,5.838966,6.10677,6.362045999999999,6.60492,6.835779,7.055145,7.2636210000000005,7.461828,7.650387,7.82991,8.000982,8.164134,8.319888,8.468721,8.611082999999999,8.74737,8.877978,9.00324,9.12348,9.23904,9.35019,9.4572,9.56025,9.659519999999999,9.75537,9.84789,9.93726,10.02366,10.10727,10.188180000000001,10.26657,10.34253,10.41624,10.48779,10.55718,10.62459,10.69011,10.75383,10.81575,10.87614,10.93482,10.99206,11.04777,11.102129999999999,11.155140000000001,11.20689,11.257380000000001,11.306610000000001,11.35476,11.40183,11.44782,11.49273,11.53674,11.57967,11.62179,11.66301,11.703330000000001,11.74284,11.78154,11.81943,11.8566,11.893049999999999,11.928780000000001,11.963880000000001,11.99826,12.03201,12.06513,12.097710000000001,12.12966,12.16098,12.19176,12.22209,12.25179,12.28104,12.30984,12.3381,12.365910000000001,12.393270000000001,12.42009,12.44655,12.47265,12.4983,12.5235,12.548340000000001,12.57282,12.59685,12.620610000000001,12.64401,12.667050000000001,12.68973,12.71205,12.7341,12.75588,12.7773,12.798449999999999,12.81933,12.83985,12.86019,12.88017,12.89997,12.919410000000001,12.93867,12.95775,12.97647,12.9951,13.01337,13.031460000000001,13.04937,13.0671,13.08456,13.101840000000001,13.11903,13.13595,13.152690000000002,13.16925,13.185630000000002,13.20192,13.21803,13.23396,13.2498,13.265460000000001,13.281030000000001,13.29642,13.311810000000001,13.32693,13.34205,13.357080000000002,13.371929999999999,13.38678,13.40145,13.416120000000001,13.4307,13.44519,13.45968,13.47408,13.48839,13.502790000000001,13.517100000000001,13.531320000000001,13.545539999999999,13.559849999999999,13.57407,13.58829,13.6026,13.61682,13.63113,13.64544,13.65984,13.674240000000001,13.68873,13.70331,13.71789,13.73256,13.74732,13.76226,13.7772,13.79223,13.80744,13.82274,13.83822,13.85379,13.86954,13.88547,13.901489999999999,13.91778,13.93416,13.95072,13.967550000000001,13.98456,14.00175,14.019120000000001,14.036850000000001,14.054670000000002,14.07276,14.09121,14.10975,14.12865,14.14782,14.16717,14.18688,14.206859999999999,14.2272,14.247720000000001,14.2686,14.28975,14.31126,14.33304,14.35518,14.37768,14.40045,14.42358,14.44707,14.470830000000001,14.49495,14.51952,14.54436,14.569560000000001,14.59512,14.62104,14.647319999999999,14.673960000000001,14.700959999999998,14.72832,14.756040000000002,14.78412,14.812560000000001,14.841450000000002,14.870610000000001,14.900130000000003,14.9301,14.960339999999999,14.99103,15.021989999999999,15.05331,15.08508,15.117120000000002,15.149519999999999,15.182369999999999,15.215489999999999,15.248880000000002,15.28272,15.31692,15.351389999999999,15.386220000000002,15.42132,15.456869999999999,15.4926,15.528780000000001,15.56523,15.60195,15.63903,15.67638,15.71409,15.752070000000002,15.79032
15.35499,15.2784,15.20118,15.12342,15.04503,14.966010000000002,14.886360000000002,14.805990000000001,14.72499,14.64318,14.56074,14.4774,14.39334,14.30838,14.22252,14.135670000000001,14.04801,13.95918,13.86945,13.778550000000001,13.686480000000001,13.59324,13.49883,13.403070000000001,13.30587,13.20732,13.10724,13.00554,12.90231,12.79728,12.69045,12.58164,12.47094,12.35808,12.242970000000001,12.12561,12.005730000000002,11.88324,11.758140000000001,11.63007,11.498940000000001,11.36457,11.22687,11.08557,10.94049,10.791269999999999,10.637910000000002,10.47996,10.31724,10.14939,9.97623,9.79722,9.61218,9.42075,9.22239,9.01692,8.803674,8.582382,8.352576000000001,8.11386,7.865855999999999,7.608249,7.340841,7.063623,6.776838,6.481134000000001,6.177753,5.868837,5.557752,5.249646,4.9520159999999995,4.67532,4.433184000000001,4.2417810000000005,4.117527,4.073076,4.113099,4.232394,4.4178120000000005,4.652559,4.920147,5.206725,5.501717999999999,5.797566000000001,6.089085,6.372909,6.646959,6.910029,7.161543,7.401312,7.629435,7.846182000000001,8.051931000000002,8.247141,8.432271,8.607816,8.774271,8.932113,9.081809999999999,9.22374,9.35847,9.486180000000001,9.60741,9.72252,9.83169,9.93537,10.03374,10.12716,10.21581,10.30005,10.379880000000002,10.45575,10.527660000000001,10.59588,10.6605,10.72179,10.77984,10.83474,10.886759999999999,10.93581,10.98216,11.0259,11.067029999999999,11.105730000000001,11.142090000000001,11.17611,11.207970000000001,11.23767,11.2653,11.29095,11.31462,11.336310000000001,11.35629,11.37438,11.39067,11.40525,11.41821,11.42946,11.43918,11.447189999999999,11.45367,11.45871,11.46213,11.46411,11.46456,11.463659999999999,11.46123,11.45736,11.45214,11.44548,11.43738,11.42793,11.417040000000002,11.404800000000002,11.39112,11.376090000000001,11.35971,11.341890000000001,11.32263,11.30193,11.27988,11.2563,11.23137,11.20491,11.176919999999999,11.147490000000001,11.11653,11.08395,11.04984,11.01411,10.97667,10.937610000000001,10.89684,10.85427,10.809899999999999,10.76373,10.715580000000001,10.66554,10.613430000000001,10.55925,10.50291,10.44432,10.38348,10.320210000000001,10.254420000000001,10.18611,10.115100000000002,10.0413,9.96453,9.88479,9.80181,9.7155,9.625680000000001,9.53217,9.43488,9.333450000000001,9.2277,9.11754,9.00252,8.882478,8.757126000000001,8.626122,8.489151,8.345844000000001,8.195823,8.038683,7.874010000000001,7.701363,7.520283,7.330329,7.1310780000000005,6.922125,6.703173,6.474042000000001,6.234795,5.98581,5.728023,5.463135,5.1940170000000006,4.925169,4.663314000000001,4.41801,4.20192,4.030218,3.9184470000000005,3.878676,3.9154229999999997,4.0238190000000005,4.191498,4.402647,4.64193,4.896558,5.15691,5.416227,5.670018,5.915439,6.150807,6.375249,6.588405,6.790284000000001,6.981102,7.161201,7.331022000000001,7.491033000000001,7.641711000000001,7.783550999999999,7.917012000000001,8.042553000000002,8.160588,8.271522000000001,8.375733,8.473572,8.565354000000001,8.651385000000001,8.731944,8.807292,8.877645000000001,8.943246,9.00432,9.06093,9.1134,9.16173,9.206190000000001,9.246870000000001,9.28377,9.31716,9.34713,9.37359,9.39681,9.416699999999999,9.43335,9.44685,9.4572,9.46449,9.46872,9.469800000000001,9.46791,9.46287,9.45477,9.443610000000001,9.429300000000001,9.41184,9.39114,9.367289999999999,9.34002,9.30942,9.2754,9.23778,9.19647,9.15147,9.102509999999999,9.04959,8.992467000000001,8.931006,8.865027000000001,8.794332,8.718696000000001,8.637903000000001,8.551683,8.459766,8.361855,8.257626,8.146728000000001,8.028783,7.903404000000001,7.770159,7.628589,7.478235000000001,7.31862,7.14924,6.969636,6.779367000000001,6.578082,6.365547,6.141771,5.907096,5.662377,5.409297,5.150682,4.890996,4.636998,4.398291,4.187619000000001,4.020327,3.9121919999999997,3.8756070000000005,3.915414,4.02714,4.1987250000000005,4.414653,4.6597859999999995,4.921488,5.190237000000001,5.459328,5.724261,5.982201,6.2314560000000006,6.471108,6.700779,6.920415,7.1302140000000005,7.3304730000000005,7.521606000000001,7.704036000000001,7.878222,8.044623000000001,8.20368,8.355825000000001,8.501463000000001,8.640972,8.774730000000002,8.903061,9.02628,9.14472,9.25866,9.36828,9.47385,9.57564,9.67383,9.7686,9.86013,9.9486,10.03419,10.11708,10.19727,10.275030000000001,10.35036,10.42344,10.49436,10.5633,10.630260000000002,10.69533,10.758600000000001,10.82016,10.8801,10.93851,10.9953,11.050740000000001,11.10483,11.15748,11.20896,11.25909,11.30814,11.356020000000001,11.40282,11.44854,11.49318,11.53692,11.57976,11.62161,11.66256,11.7027,11.74194,11.78046,11.81817,11.85516,11.89143,11.92698,11.961810000000002,11.996010000000002,12.02958,12.06252,12.09492,12.12669,12.157829999999999,12.18852,12.218580000000001,12.24819,12.277260000000002,12.30579,12.333870000000001,12.3615,12.38868,12.41541,12.44169,12.46752,12.49299,12.5181,12.542760000000001,12.566970000000001,12.590910000000001,12.61449,12.63762,12.66048,12.68307,12.70521,12.727079999999999,12.74868,12.76992,12.7908,12.8115,12.83184,12.852,12.8718,12.89142,12.910680000000001,12.92976,12.94857,12.9672,12.985470000000001,13.00365,13.021560000000001,13.03929,13.056750000000001,13.07403,13.09113,13.10805,13.1247,13.14126,13.15764,13.17384,13.189860000000001,13.20579,13.221540000000001,13.237110000000001,13.25259,13.267890000000001,13.283100000000001,13.29813,13.313160000000002,13.328009999999999,13.34277,13.35744,13.371929999999999,13.38642,13.40082,13.41522,13.42944,13.443660000000001,13.457880000000001,13.47192,13.48605,13.50009,13.514130000000002,13.528080000000001,13.542119999999999,13.55607,13.57011,13.584060000000001,13.5981,13.61214,13.62627,13.640400000000001,13.65453,13.668750000000001,13.683060000000001,13.697370000000001,13.71186,13.72635,13.741019999999999,13.755690000000001,13.77054,13.78548,13.800510000000001,13.81572,13.83111,13.846589999999999,13.86225,13.87809,13.894110000000001,13.91031,13.92669,13.94325,13.959990000000001,13.977,13.99419,14.011650000000001,14.029290000000001,14.04729,14.06547,14.08383,14.102549999999999,14.12154,14.1408,14.16033,14.18013,14.2002,14.220630000000002,14.24142,14.26239,14.28381,14.3055,14.32746,14.349870000000001,14.37255,14.39559,14.4189,14.44266,14.466780000000002,14.491169999999999,14.51592,14.541120000000001,14.56659,14.592509999999999,14.618789999999999,14.645340000000001,14.672340000000002,14.699699999999998,14.727420000000002,14.75559,14.784030000000001,14.81283,14.84208,14.871690000000001,14.901570000000001,14.9319,14.96259,14.993640000000001,15.025050000000002,15.05691,15.089039999999999,15.12153,15.154380000000002,15.18759,15.221160000000001,15.254999999999999,15.28929,15.323849999999998,15.358770000000002,15.394050000000002,15.429690000000003,15.465600000000002,15.50187,15.53841,15.575310000000002,15.612480000000001,15.65001,15.68781,15.725879999999998,15.764309999999998
15.36201,15.285600000000002,15.208559999999999,15.131070000000001,15.052950000000001,14.97411,14.894730000000001,14.81463,14.733899999999998,14.65245,14.57019,14.487210000000001,14.403329999999999,14.31873,14.23314,14.146740000000001,14.05926,13.97088,13.88142,13.79088,13.699259999999999,13.60647,13.51233,13.41702,13.32027,13.22217,13.122630000000001,13.021469999999999,12.918690000000002,12.81429,12.708,12.599910000000001,12.48984,12.3777,12.263399999999999,12.146849999999999,12.02787,11.90637,11.78217,11.65527,11.52531,11.39229,11.25594,11.11617,10.972710000000001,10.825380000000001,10.674,10.51821,10.357920000000002,10.192770000000001,10.022580000000001,9.846900000000002,9.66555,9.47826,9.28458,9.08433,8.877033,8.662482,8.440362,8.210421,7.972479,7.726464000000001,7.472439,7.210700999999999,6.941871,6.667002,6.387768,6.106707,5.8275,5.555268,5.296959,5.061474,4.859523,4.702806,4.6023119999999995,4.566042,4.5967769999999994,4.6912590000000005,4.841064,5.034807,5.260509000000001,5.5072350000000005,5.765931,6.029577000000001,6.293007,6.55254,6.805656,7.050717000000001,7.286733000000001,7.513137,7.729704,7.936434,8.13348,8.321076,8.499546,8.669241000000001,8.83053,8.9838,9.129420000000001,9.26775,9.39924,9.52407,9.64269,9.75546,9.86256,9.964260000000001,10.060920000000001,10.15272,10.239930000000001,10.32282,10.40148,10.476180000000001,10.54701,10.614329999999999,10.67805,10.738529999999999,10.795770000000001,10.85004,10.901340000000001,10.94976,10.99557,11.038680000000001,11.07936,11.11761,11.15352,11.18709,11.21859,11.24784,11.275110000000002,11.3004,11.32371,11.345220000000001,11.36484,11.38266,11.39868,11.41308,11.42577,11.43684,11.446200000000001,11.454120000000001,11.460420000000001,11.465190000000002,11.468520000000002,11.47032,11.470680000000002,11.4696,11.46699,11.46312,11.45772,11.45097,11.44278,11.43324,11.42235,11.41002,11.39634,11.381219999999999,11.364749999999999,11.34693,11.32767,11.30697,11.28492,11.26143,11.23641,11.210040000000001,11.18214,11.1528,11.121929999999999,11.08944,11.05542,11.019870000000001,10.98261,10.94373,10.90305,10.860750000000001,10.81665,10.77066,10.72278,10.67301,10.62126,10.56744,10.511550000000002,10.45341,10.392930000000002,10.3302,10.26504,10.19727,10.12698,10.0539,9.97794,9.89901,9.81702,9.7317,9.643049999999999,9.5508,9.45486,9.35487,9.25092,9.142560000000001,9.02961,8.911845,8.789031,8.66088,8.527095000000001,8.387379,8.241399,8.088840000000001,7.92936,7.762626,7.588314,7.406127,7.215803999999999,7.017192,6.8102100000000005,6.595011,6.3719909999999995,6.141942,5.906214,5.666922,5.427243,5.191731,4.9666049999999995,4.760019,4.581873000000001,4.443066000000001,4.353966000000001,4.322115,4.350239999999999,4.435317,4.569507000000001,4.742235,4.942413,5.160015,5.386833,5.616576,5.844699,6.068034,6.284484,6.492744,6.692049,6.882039,7.0626240000000005,7.233903000000001,7.396083,7.549461,7.694361,7.831142999999999,7.960167,8.081802,8.196399000000001,8.304281999999999,8.405793,8.501229,8.590869000000001,8.674992000000001,8.75385,8.827659,8.896653,8.961021,9.02097,9.076590000000001,9.128160000000001,9.17577,9.21951,9.25956,9.295919999999999,9.328859999999999,9.35829,9.38439,9.407250000000001,9.42687,9.44334,9.456660000000001,9.46692,9.47412,9.47826,9.47934,9.477450000000001,9.4725,9.46449,9.45351,9.439380000000002,9.4221,9.401760000000001,9.37818,9.35136,9.32121,9.28764,9.25056,9.20988,9.1656,9.11745,9.06543,9.00927,8.948925000000001,8.88417,8.814843,8.740737000000001,8.661645,8.577324,8.487549,8.392023,8.290485,8.18262,8.068113,7.946613,7.817787,7.681257,7.536663,7.3836450000000005,7.221879,7.051059,6.870987,6.681546,6.482835,6.275196,6.059385,5.836698,5.6092319999999996,5.380128,5.153931,4.936905,4.737249,4.564962,4.431123,4.346316000000001,4.3183620000000005,4.350276,4.439376,4.57812,4.756176,4.962654,5.18769,5.423166,5.662863,5.902254,6.13818,6.3685350000000005,6.5919870000000005,6.8077440000000005,7.015428,7.214904000000001,7.406225999999999,7.589601000000001,7.765262999999999,7.933518,8.094717000000001,8.249175,8.397252,8.539272,8.675559,8.806428,8.932176,9.053099999999999,9.16938,9.28143,9.389249999999999,9.49329,9.593639999999999,9.69048,9.78408,9.87453,9.96201,10.046610000000001,10.1286,10.207980000000001,10.28493,10.359630000000001,10.432080000000001,10.50237,10.570680000000001,10.6371,10.701630000000002,10.76445,10.82556,10.88505,10.94301,10.99944,11.05452,11.10816,11.160540000000001,11.21166,11.26152,11.310210000000001,11.35782,11.40426,11.44971,11.49417,11.53764,11.580119999999999,11.62179,11.662469999999999,11.702430000000001,11.741489999999999,11.77974,11.81727,11.85399,11.89008,11.925360000000001,11.96001,11.99403,12.02742,12.06018,12.092310000000001,12.1239,12.15486,12.185279999999999,12.21525,12.24459,12.273480000000001,12.301829999999999,12.32973,12.35718,12.384179999999999,12.410730000000001,12.43683,12.462480000000001,12.48777,12.51261,12.53709,12.561209999999999,12.58497,12.60828,12.63132,12.654,12.67632,12.69828,12.71997,12.74139,12.762450000000001,12.783150000000001,12.80367,12.82383,12.84372,12.86334,12.88278,12.901860000000001,12.92067,12.939300000000001,12.95775,12.97584,12.99375,13.01148,13.02894,13.04622,13.06332,13.08024,13.09689,13.11336,13.12974,13.145850000000001,13.16187,13.177620000000001,13.19328,13.208850000000002,13.22424,13.23945,13.254480000000001,13.26951,13.284360000000001,13.29903,13.313699999999999,13.328190000000001,13.342590000000001,13.3569,13.37121,13.385340000000001,13.399469999999999,13.41342,13.42746,13.44132,13.45518,13.46904,13.48281,13.49658,13.51035,13.52403,13.5378,13.55157,13.56525,13.57902,13.592789999999999,13.60665,13.620510000000001,13.63437,13.64841,13.662360000000001,13.67649,13.690710000000001,13.704930000000001,13.719330000000001,13.733730000000001,13.74831,13.763069999999999,13.77783,13.79277,13.80789,13.82319,13.83858,13.85415,13.8699,13.88592,13.90203,13.91841,13.93497,13.95171,13.96872,13.98591,14.00337,14.0211,14.039100000000001,14.05737,14.07582,14.09463,14.113710000000001,14.13306,14.15277,14.17266,14.193,14.21352,14.234490000000001,14.255640000000001,14.27724,14.29911,14.32134,14.34393,14.36688,14.39019,14.41386,14.437800000000001,14.46219,14.486939999999999,14.512050000000002,14.537519999999999,14.56335,14.58954,14.616180000000002,14.64318,14.67045,14.69826,14.72634,14.754780000000002,14.78367,14.81292,14.842530000000002,14.872499999999999,14.902920000000002,14.93361,14.964750000000002,14.996250000000002,15.028110000000002,15.060329999999999,15.09291,15.12585,15.159149999999999,15.192810000000001,15.226740000000001,15.261120000000002,15.295860000000001,15.330870000000003,15.36624,15.401969999999999,15.438060000000002,15.47442,15.511140000000001,15.54813,15.58548,15.623100000000003,15.66108,15.69933,15.73785
15.369390000000001,15.29325,15.21648,15.13926,15.06132,14.982840000000001,14.90373,14.82399,14.74344,14.66226,14.580359999999999,14.49765,14.41413,14.3298,14.244660000000001,14.15853,14.0715,13.98339,13.89438,13.804290000000002,13.713030000000002,13.620600000000001,13.527,13.43214,13.335930000000001,13.238370000000002,13.13937,13.03875,12.9366,12.83283,12.727260000000001,12.61989,12.51063,12.3993,12.28581,12.170250000000001,12.05226,11.931840000000001,11.808810000000001,11.68308,11.55447,11.42298,11.288160000000001,11.1501,11.00853,10.86327,10.71414,10.56087,10.40328,10.2411,10.074150000000001,9.90225,9.72504,9.54225,9.353700000000002,9.15921,8.958375,8.751123000000002,8.537247,8.316666000000001,8.089371,7.855479000000001,7.615296,7.369371000000001,7.118595,6.8643,6.6084119999999995,6.3536399999999995,6.1036470000000005,5.863239,5.638518,5.436819000000001,5.26644,5.135877,5.052708,5.022171,5.0460389999999995,5.122116,5.244768,5.406066,5.597235,5.8097520000000005,6.036137999999999,6.270192,6.507054,6.743025,6.975432,7.202358,7.422516,7.635078000000001,7.839549000000001,8.035677,8.223426,8.402849999999999,8.574111,8.737434,8.893071,9.04131,9.18243,9.3168,9.44469,9.56628,9.68202,9.79218,9.896849999999999,9.996390000000002,10.09116,10.18116,10.26675,10.34811,10.42533,10.49877,10.568520000000001,10.63467,10.69749,10.75698,10.813410000000001,10.86678,10.91736,10.965150000000001,11.01024,11.052810000000001,11.09286,11.13057,11.165939999999999,11.199060000000001,11.23011,11.259,11.28582,11.31075,11.3337,11.35485,11.37411,11.391660000000002,11.407409999999999,11.42154,11.43396,11.44476,11.45403,11.461680000000001,11.4678,11.47239,11.47545,11.47716,11.47734,11.476080000000001,11.47338,11.469330000000001,11.463840000000001,11.457,11.448720000000002,11.43909,11.42811,11.415780000000002,11.40201,11.386890000000001,11.370420000000001,11.352509999999999,11.33325,11.31264,11.29059,11.267100000000001,11.24226,11.21589,11.188080000000001,11.15883,11.12796,11.095650000000001,11.061810000000001,11.02635,10.989270000000001,10.950569999999999,10.910250000000001,10.868129999999999,10.8243,10.77858,10.731060000000001,10.68165,10.630260000000002,10.57689,10.521360000000001,10.46376,10.403910000000002,10.34172,10.277190000000001,10.21014,10.14057,10.068299999999999,9.99324,9.9153,9.8343,9.750240000000002,9.66285,9.571950000000001,9.47754,9.37935,9.2772,9.17091,9.060210000000001,8.945046000000001,8.825058,8.700048,8.569782,8.43399,8.292438,8.144847,7.990992,7.830621,7.663536000000001,7.489584,7.308666,7.120809,6.926166,6.725124,6.51834,6.306894,6.092388,5.877117,5.6642850000000005,5.458158,5.2642169999999995,5.089158,4.940604,4.826448,4.753755,4.727475,4.749327,4.817322,4.926267,5.068890000000001,5.237118000000001,5.423202,5.6203829999999995,5.823117,6.0271110000000006,6.229179,6.427017,6.619059,6.80427,6.982011,7.151940000000001,7.313931,7.468001999999999,7.614287999999999,7.75296,7.884270000000001,8.00847,8.125848,8.236656,8.341191,8.439714,8.532486,8.619759,8.701758000000002,8.778708,8.850816,8.918271,8.981271,9.03996,9.0945,9.14508,9.191790000000001,9.23472,9.27405,9.309780000000002,9.34218,9.37116,9.39681,9.41931,9.438659999999999,9.45477,9.46791,9.47799,9.4851,9.48915,9.49023,9.48834,9.48348,9.47565,9.464760000000002,9.450899999999999,9.433890000000002,9.41382,9.390690000000001,9.364230000000001,9.334620000000001,9.301590000000001,9.26514,9.22527,9.18171,9.13446,9.083430000000002,9.02844,8.969283,8.905905,8.838108,8.765703,8.68851,8.606313,8.518905,8.426034,8.327466,8.222949,8.112195,7.994943,7.8709229999999994,7.739838,7.601445,7.4554920000000005,7.301799000000001,7.14024,6.970788000000001,6.79356,6.608898,6.417432000000001,6.220179000000001,6.018714,5.815323,5.613183,5.416569,5.231007,5.063256,4.921047000000001,4.812435,4.744692000000001,4.723029,4.749408,4.822137,4.936284,5.084802,5.259816,5.45373,5.659875,5.872779,6.0881940000000005,6.3029340000000005,6.514722,6.7219560000000005,6.923583,7.118946,7.307667000000001,7.4896020000000005,7.664733,7.833159,7.995051,8.150606999999999,8.300070000000002,8.443701,8.581761,8.714502,8.842185,8.965071,9.083430000000002,9.197370000000001,9.307260000000001,9.41319,9.51543,9.61416,9.70956,9.80181,9.891,9.977310000000001,10.060920000000001,10.14183,10.22031,10.29645,10.37034,10.441980000000001,10.511640000000002,10.57932,10.64511,10.70901,10.77129,10.831859999999999,10.8909,10.948409999999999,11.00439,11.05902,11.1123,11.16423,11.21499,11.26449,11.31291,11.36016,11.40633,11.45142,11.495610000000001,11.53881,11.58102,11.62233,11.662830000000001,11.702430000000001,11.74131,11.779290000000001,11.816550000000001,11.85309,11.88891,11.92401,11.95848,11.992230000000001,12.02544,12.05793,12.089879999999999,12.1212,12.15207,12.18231,12.21201,12.24117,12.26988,12.29805,12.32577,12.35295,12.37977,12.406139999999999,12.43197,12.45753,12.48255,12.50721,12.53151,12.55545,12.57894,12.60216,12.624929999999999,12.64743,12.66957,12.69135,12.712860000000001,12.73401,12.754890000000001,12.77541,12.79575,12.81573,12.83544,12.85479,12.87396,12.89295,12.91158,12.92994,12.94812,12.96612,12.98376,13.00131,13.01859,13.0356,13.052520000000001,13.06917,13.08564,13.101930000000001,13.11795,13.13388,13.14963,13.16529,13.18068,13.19598,13.2111,13.226130000000001,13.24098,13.255650000000001,13.27032,13.28472,13.29912,13.31343,13.32756,13.34169,13.355640000000001,13.36959,13.38336,13.39713,13.4109,13.42449,13.438080000000001,13.451670000000002,13.465259999999999,13.47876,13.492170000000002,13.50567,13.51917,13.53258,13.54608,13.55958,13.573080000000001,13.58667,13.60026,13.613850000000001,13.62753,13.641300000000001,13.65516,13.669110000000002,13.683060000000001,13.697189999999999,13.71132,13.72572,13.740120000000001,13.7547,13.76937,13.78422,13.79925,13.81437,13.82976,13.84524,13.86099,13.87683,13.892940000000001,13.909320000000001,13.925880000000001,13.94262,13.95963,13.97691,13.99437,14.01219,14.030190000000001,14.04855,14.06718,14.08599,14.10525,14.124690000000001,14.144490000000001,14.16465,14.185080000000001,14.20587,14.226930000000001,14.24835,14.27013,14.29227,14.314770000000001,14.33763,14.36076,14.38434,14.40828,14.432580000000002,14.45724,14.48235,14.507730000000002,14.53356,14.55975,14.586300000000001,14.613299999999999,14.640569999999999,14.66838,14.69646,14.72499,14.75388,14.78313,14.812740000000002,14.8428,14.87322,14.904,14.93523,14.96673,14.998679999999998,15.030990000000001,15.06366,15.09669,15.13008,15.16383,15.197940000000001,15.232410000000002,15.26724,15.302430000000001,15.337890000000002,15.373800000000001,15.40998,15.446430000000001,15.483330000000002,15.520410000000002,15.55794,15.595740000000001,15.633809999999999,15.672239999999999,15.710940000000003
15.37731,15.301350000000001,15.22494,15.1479,15.070320000000002,14.992110000000002,14.91327,14.8338,14.753610000000002,14.67279,14.591159999999999,14.508809999999999,14.425650000000001,14.34168,14.25681,14.17113,14.08446,13.99689,13.90824,13.8186,13.72779,13.6359,13.54275,13.44843,13.35276,13.25583,13.15737,13.05747,12.95595,12.8529,12.748140000000001,12.641580000000001,12.533130000000002,12.4227,12.31029,12.195630000000001,12.07881,11.95956,11.83779,11.713500000000002,11.58642,11.45646,11.32344,11.18736,11.04786,10.904760000000001,10.75815,10.607579999999999,10.452960000000001,10.294110000000002,10.13076,9.96282,9.79002,9.61218,9.429210000000001,9.24075,9.0468,8.847216,8.64198,8.431119,8.214768000000001,7.993233000000001,7.766991,7.53678,7.3036710000000005,7.069167,6.835293,6.604749,6.381,6.168356999999999,5.972040000000001,5.797998,5.652612,5.542146,5.471919,5.445531,5.464107,5.526126,5.627655000000001,5.763033,5.925753,6.1092,6.307263,6.514632,6.726915,6.94062,7.153056,7.362198,7.56657,7.765164,7.957287000000001,8.142498,8.320580999999999,8.491437,8.655093,8.811657,8.961273,9.104130000000001,9.240480000000002,9.37053,9.49446,9.61263,9.72513,9.83241,9.93447,10.03167,10.12419,10.212299999999999,10.29609,10.37574,10.45152,10.52352,10.59192,10.6569,10.718639999999999,10.777140000000001,10.83258,10.88505,10.93482,10.9818,11.02617,11.06811,11.10753,11.14461,11.17944,11.212110000000001,11.24253,11.27097,11.29743,11.32191,11.3445,11.36529,11.38419,11.401380000000001,11.41686,11.430629999999999,11.44287,11.4534,11.4624,11.46978,11.47572,11.480129999999999,11.48301,11.48454,11.48454,11.48319,11.480310000000001,11.476170000000002,11.470590000000001,11.463569999999999,11.45529,11.44557,11.4345,11.422080000000001,11.40831,11.39319,11.37663,11.35881,11.339550000000001,11.31894,11.29689,11.27349,11.24865,11.222370000000002,11.19465,11.16549,11.1348,11.10267,11.06901,11.03373,10.996830000000001,10.958400000000001,10.91826,10.87641,10.83285,10.78758,10.74042,10.691370000000001,10.64043,10.58751,10.53252,10.47537,10.41615,10.35459,10.290780000000002,10.22454,10.15578,10.08441,10.010340000000001,9.933480000000001,9.85374,9.770940000000001,9.684899999999999,9.59562,9.50292,9.40653,9.30645,9.20241,9.09423,8.981811,8.864874,8.743266,8.616771,8.485191,8.348346000000001,8.206047,8.058114,7.904421000000001,7.744869,7.579422000000001,7.408143000000001,7.231194,7.048917,6.861879,6.670926,6.477291,6.282693,6.089445,5.900589,5.71995,5.552226,5.402799000000001,5.277519,5.182173000000001,5.121693,5.099454,5.116563,5.171679,5.261211,5.380011,5.522157,5.6816819999999995,5.853087,6.031638,6.213483,6.395553,6.575562000000001,6.751791,6.923034,7.088481,7.247592,7.400060999999999,7.5457529999999995,7.684632,7.8167789999999995,7.942311,8.061390000000001,8.174214,8.280981,8.381907000000002,8.477217,8.5671,8.65179,8.731475999999999,8.806347,8.876592,8.942373,9.003870000000001,9.0612,9.11457,9.16398,9.209700000000002,9.25173,9.29034,9.32535,9.35712,9.38556,9.41076,9.43281,9.4518,9.467730000000001,9.4806,9.4905,9.49743,9.50148,9.502469999999999,9.500670000000001,9.4959,9.48816,9.477450000000001,9.46377,9.44712,9.42741,9.40464,9.37872,9.34965,9.31725,9.28152,9.24237,9.1998,9.153540000000001,9.1035,9.04977,8.991981000000001,8.930106,8.863983,8.793441000000001,8.718318,8.638425,8.553582,8.463582,8.368227000000001,8.267301000000002,8.160579,8.047863,7.9289369999999995,7.803603,7.671717,7.533135000000001,7.387803,7.235721000000001,7.077051,6.912081,6.741333000000001,6.565634999999999,6.386175,6.204654,6.023367,5.845356,5.674473,5.515434,5.373729,5.255307,5.166099,5.111244,5.094324,5.116689,5.177232,5.272622999999999,5.397912,5.5473479999999995,5.715108000000001,5.895810000000001,6.084792,6.27822,6.473097,6.667101000000001,6.85854,7.046181,7.229187,7.407009,7.579314,7.745931000000001,7.906815,8.062011,8.211618,8.355789,8.494677000000001,8.628489,8.757423000000001,8.881677,9.00144,9.117,9.22842,9.335970000000001,9.43983,9.54018,9.63711,9.730889999999999,9.821610000000002,9.909450000000001,9.9945,10.07685,10.15677,10.234259999999999,10.30941,10.3824,10.45323,10.52208,10.589039999999999,10.65411,10.71747,10.77912,10.83915,10.89765,10.95462,11.01015,11.06424,11.11707,11.16864,11.218950000000001,11.268089999999999,11.31615,11.36304,11.408850000000001,11.45367,11.4975,11.54034,11.582279999999999,11.62332,11.66355,11.70288,11.7414,11.7792,11.816189999999999,11.85246,11.8881,11.922930000000001,11.957130000000001,11.9907,12.02364,12.055950000000001,12.08763,12.11877,12.14937,12.17934,12.208860000000001,12.23784,12.266280000000002,12.29427,12.32181,12.34881,12.37536,12.40155,12.42729,12.45258,12.47742,12.501900000000001,12.52593,12.54969,12.573,12.59595,12.61863,12.640860000000002,12.662820000000002,12.68442,12.70566,12.72663,12.74733,12.767669999999999,12.787740000000001,12.807540000000001,12.82698,12.84624,12.86523,12.88386,12.90231,12.92049,12.93849,12.95622,12.97368,12.990960000000001,13.00806,13.02489,13.041540000000001,13.057920000000001,13.074209999999999,13.09023,13.10607,13.121820000000001,13.1373,13.152690000000002,13.167900000000001,13.18293,13.19778,13.21254,13.22712,13.24161,13.25601,13.27023,13.284360000000001,13.2984,13.31226,13.326120000000001,13.33989,13.35348,13.36707,13.38057,13.393979999999999,13.40739,13.42071,13.43403,13.44735,13.46058,13.47372,13.48695,13.50018,13.51332,13.52655,13.53978,13.55301,13.56624,13.57956,13.592970000000001,13.60638,13.61988,13.633379999999999,13.64706,13.66074,13.674600000000002,13.688550000000001,13.702589999999999,13.71672,13.73103,13.74543,13.76001,13.77477,13.78971,13.80474,13.82004,13.83552,13.851180000000001,13.86702,13.883130000000001,13.89942,13.91598,13.93272,13.94982,13.9671,13.98465,14.002469999999999,14.02065,14.039010000000001,14.05773,14.07672,14.096070000000001,14.11569,14.135670000000001,14.15592,14.17653,14.1975,14.21883,14.240520000000002,14.262480000000002,14.28489,14.30757,14.3307,14.35419,14.37804,14.402250000000002,14.426910000000001,14.45193,14.47731,14.50305,14.52924,14.555790000000002,14.582699999999999,14.61006,14.63778,14.66595,14.694480000000002,14.723370000000001,14.75271,14.78241,14.812470000000001,14.84298,14.873759999999999,14.90508,14.93667,14.968710000000002,15.00111,15.03387,15.06699,15.100470000000001,15.13431,15.1686,15.203159999999999,15.23808,15.273360000000002,15.309000000000001,15.345,15.381359999999999,15.41799,15.45498,15.49224,15.529860000000001,15.56784,15.60609,15.6447,15.683580000000001
15.385679999999999,15.309989999999999,15.23385,15.15717,15.079860000000002,15.001920000000002,14.923440000000001,14.844240000000001,14.764410000000002,14.683860000000001,14.602680000000001,14.52069,14.437890000000001,14.35428,14.26986,14.18454,14.09832,14.01111,13.923,13.833810000000001,13.74354,13.652190000000001,13.55958,13.4658,13.37076,13.27446,13.176720000000001,13.07745,12.97674,12.874410000000001,12.77046,12.6648,12.55734,12.4479,12.33657,12.223080000000001,12.10743,11.98953,11.869200000000001,11.746350000000001,11.620890000000001,11.49273,11.361690000000001,11.22759,11.09034,10.94976,10.80576,10.65807,10.506689999999999,10.35135,10.19187,10.02816,9.86013,9.68751,9.51021,9.32814,9.141300000000001,8.94969,8.753309999999999,8.552322,8.347014,8.1378,7.925301,7.710381000000001,7.494219,7.278372,7.0648919999999995,6.856317,6.655824,6.467202,6.294816,6.143454,6.018048,5.923269,5.862951,5.839596,5.853969,5.904981,5.989770000000001,6.104214000000001,6.2434080000000005,6.402204,6.5756429999999995,6.759261,6.949179,7.142202,7.335738,7.527771,7.716762,7.901559000000001,8.081343,8.255538,8.423775000000001,8.585838,8.741646,8.891172000000001,9.03447,9.17172,9.302940000000001,9.428400000000002,9.54819,9.66258,9.77175,9.87588,9.975240000000001,10.069830000000001,10.1601,10.24596,10.327770000000001,10.40571,10.47978,10.55034,10.6173,10.68102,10.74141,10.79883,10.853280000000002,10.90485,10.95363,10.9998,11.04336,11.08458,11.12328,11.15973,11.19393,11.22606,11.25603,11.28393,11.309849999999999,11.33388,11.356110000000001,11.37645,11.39499,11.41182,11.42703,11.44053,11.45232,11.462670000000001,11.471400000000001,11.47851,11.48427,11.488410000000002,11.491200000000001,11.49246,11.49228,11.49075,11.487870000000001,11.48355,11.47779,11.47077,11.46231,11.4525,11.44143,11.42892,11.41515,11.39994,11.38347,11.36556,11.346390000000001,11.32578,11.30382,11.28042,11.25567,11.22948,11.20194,11.172870000000001,11.14236,11.110410000000002,11.07684,11.041830000000001,11.0052,10.966949999999999,10.92717,10.88559,10.84239,10.79748,10.750680000000001,10.70208,10.65159,10.59921,10.54476,10.488330000000001,10.42974,10.368900000000002,10.305900000000001,10.24047,10.172609999999999,10.10223,10.029330000000002,9.95364,9.875160000000001,9.79371,9.709290000000001,9.62163,9.53073,9.43641,9.33849,9.23688,9.131400000000001,9.02187,8.908155,8.790129,8.667621,8.540478,8.408556,8.271747,8.129952,7.983117,7.831259999999999,7.6744259999999995,7.5128129999999995,7.3467,7.176564,7.003089,6.827247,6.650334,6.4740779999999996,6.300702,6.1329780000000005,5.974272000000001,5.8284899999999995,5.699961,5.593185,5.512437,5.461263,5.442012,5.455449,5.500593,5.574915,5.67468,5.79546,5.932647,6.081831,6.239016,6.400818,6.564447,6.72768,6.888789,7.046496,7.199865000000001,7.348221000000001,7.491123000000001,7.628319000000001,7.7596560000000006,7.88508,8.004636000000001,8.118378,8.226441,8.32896,8.426079000000001,8.517969,8.604801,8.686737,8.763948,8.836596,8.904834,8.968815000000001,9.02871,9.08451,9.13653,9.184859999999999,9.229500000000002,9.27063,9.30825,9.34254,9.37359,9.401489999999999,9.42615,9.447840000000001,9.466380000000001,9.481950000000001,9.49464,9.50436,9.51111,9.51507,9.51606,9.51426,9.50958,9.50202,9.491489999999999,9.47808,9.46179,9.44244,9.420119999999999,9.394739999999999,9.36621,9.33453,9.299520000000001,9.26127,9.2196,9.17442,9.12564,9.073170000000001,9.01683,8.956620000000001,8.892297000000001,8.823762,8.750853,8.673426000000001,8.591328,8.504379,8.412417,8.315280000000001,8.212797,8.104815,7.991199000000001,7.871823000000001,7.746624,7.615566000000001,7.478693999999999,7.336143000000001,7.188192,7.035264,6.878016000000001,6.717393,6.554664,6.391539,6.230241,6.073551,5.924853,5.788116,5.667741,5.5683359999999995,5.494329,5.449437,5.436198,5.455593,5.506866,5.587695,5.694534,5.823117,5.968989,6.127803,6.295698,6.469299,6.645861,6.8231790000000005,6.999525,7.173621000000001,7.344495000000001,7.51149,7.674129,7.832124,7.985321999999999,8.133633,8.277093,8.415738000000001,8.549676,8.679024,8.803935,8.924553,9.04104,9.153540000000001,9.26226,9.36738,9.468990000000002,9.56718,9.662310000000002,9.754290000000001,9.84339,9.929789999999999,10.013399999999999,10.09458,10.17324,10.24965,10.32381,10.39581,10.46574,10.53378,10.59993,10.66428,10.72692,10.787939999999999,10.84734,10.90521,10.961640000000001,11.016630000000001,11.07027,11.12265,11.173680000000001,11.223630000000002,11.27232,11.319930000000001,11.366370000000002,11.41191,11.456280000000001,11.49984,11.54232,11.58399,11.62467,11.664629999999999,11.70369,11.74194,11.779380000000002,11.8161,11.8521,11.88747,11.922030000000001,11.95605,11.98935,12.02202,12.05406,12.085560000000001,12.11643,12.14676,12.17664,12.20589,12.2346,12.262860000000002,12.29067,12.31794,12.34476,12.371129999999999,12.39705,12.42252,12.44763,12.472290000000001,12.49659,12.52044,12.54393,12.56706,12.58983,12.61224,12.63429,12.655980000000001,12.6774,12.69846,12.71925,12.739680000000002,12.75984,12.77964,12.79926,12.818520000000001,12.83751,12.85632,12.874770000000002,12.89304,12.91095,12.92868,12.94623,12.963510000000001,12.98052,12.997349999999999,13.014000000000001,13.03038,13.04658,13.0626,13.078439999999999,13.0941,13.109490000000001,13.12479,13.13991,13.15485,13.169699999999999,13.184280000000001,13.19877,13.21317,13.227390000000002,13.24152,13.25547,13.26933,13.283100000000001,13.29678,13.31037,13.32378,13.337190000000001,13.35051,13.36374,13.376880000000002,13.390020000000002,13.403070000000001,13.416120000000001,13.42908,13.44204,13.455,13.46787,13.480830000000001,13.4937,13.50666,13.51953,13.53249,13.545539999999999,13.5585,13.57164,13.58478,13.59792,13.61124,13.62456,13.63797,13.65156,13.66524,13.67892,13.69287,13.706819999999999,13.72104,13.73535,13.74984,13.76442,13.77927,13.7943,13.80951,13.824900000000001,13.84047,13.856309999999999,13.87242,13.888710000000001,13.90527,13.9221,13.9392,13.956570000000001,13.97412,13.99203,14.0103,14.02884,14.047649999999999,14.06673,14.086260000000001,14.106060000000001,14.12613,14.146650000000001,14.167440000000001,14.188590000000001,14.210189999999999,14.23206,14.254290000000001,14.27697,14.30001,14.32332,14.34717,14.37129,14.39586,14.42079,14.446170000000002,14.47191,14.498009999999999,14.524560000000001,14.551559999999998,14.57883,14.606640000000002,14.63472,14.66334,14.69223,14.72157,14.75136,14.78151,14.812019999999999,14.84298,14.874300000000002,14.905980000000001,14.93802,14.97051,15.00336,15.03666,15.070230000000002,15.104249999999999,15.13863,15.173280000000002,15.20838,15.24384,15.27957,15.31575,15.3522,15.38901,15.42609,15.463619999999999,15.501420000000001,15.539490000000002,15.577920000000002,15.616620000000001,15.65568
15.3945,15.31917,15.243300000000001,15.16689,15.08985,15.01227,14.934149999999999,14.855310000000001,14.77584,14.695649999999999,14.614740000000001,14.53311,14.45076,14.367600000000001,14.28363,14.19876,14.112990000000002,14.02632,13.938659999999999,13.849920000000001,13.76028,13.66947,13.577490000000001,13.48434,13.389930000000001,13.29426,13.19724,13.09878,12.99888,12.897450000000001,12.7944,12.68964,12.583169999999999,12.474810000000002,12.364650000000001,12.252419999999999,12.13803,12.02157,11.90277,11.78154,11.65788,11.53161,11.40255,11.2707,11.135790000000002,10.997819999999999,10.8567,10.71216,10.56411,10.41246,10.25703,10.09782,9.934650000000001,9.767430000000001,9.596070000000001,9.42066,9.241109999999999,9.05751,8.870040000000001,8.678934,8.484561,8.287425,8.088246000000002,7.8879600000000005,7.6878,7.489314,7.294455000000001,7.105599,6.925563,6.757614,6.605379,6.47271,6.363441000000001,6.2810820000000005,6.228459,6.207363,6.218325,6.260517,6.3318330000000005,6.429177,6.548805,6.686685,6.838803,7.001424,7.171191,7.345233,7.521147000000001,7.696979999999999,7.871193000000001,8.04258,8.210241000000002,8.373501000000001,8.531892,8.68509,8.832906,8.975241,9.11205,9.243450000000001,9.36936,9.49005,9.60552,9.715950000000001,9.821610000000002,9.922500000000001,10.0188,10.11069,10.19844,10.28205,10.36179,10.437750000000001,10.51011,10.57896,10.64448,10.706760000000001,10.76589,10.82214,10.87542,10.925910000000002,10.97379,11.01906,11.061810000000001,11.102129999999999,11.14011,11.175930000000001,11.2095,11.240910000000001,11.270340000000001,11.2977,11.323170000000001,11.34675,11.368440000000001,11.388330000000002,11.40651,11.42298,11.43783,11.45097,11.46258,11.47257,11.48094,11.487870000000001,11.493360000000001,11.49732,11.49984,11.50101,11.50065,11.498940000000001,11.49588,11.491380000000001,11.485619999999999,11.47842,11.46996,11.46006,11.4489,11.436390000000001,11.422530000000002,11.40732,11.39085,11.37294,11.353769999999999,11.33325,11.31129,11.28807,11.26341,11.23731,11.209859999999999,11.18097,11.15064,11.118780000000001,11.08548,11.05065,11.014289999999999,10.9764,10.936890000000002,10.895669999999999,10.85283,10.80828,10.762020000000001,10.71387,10.663920000000001,10.61208,10.55826,10.50246,10.44459,10.38456,10.322280000000001,10.257840000000002,10.19097,10.12167,10.049940000000001,9.97551,9.898380000000001,9.81846,9.73566,9.649799999999999,9.56079,9.46863,9.373050000000001,9.273959999999999,9.171270000000002,9.0648,8.954550000000001,8.840277,8.721900000000002,8.599329000000001,8.472483,8.34129,8.205741,8.065845,7.9217010000000005,7.773444,7.621362,7.465833,7.307415000000001,7.146882,6.985242,6.8238,6.664239,6.508602,6.359363999999999,6.219423,6.0920190000000005,5.9806170000000005,5.888691,5.8194539999999995,5.775507,5.758515,5.769018,5.806305,5.868504,5.95287,6.056055000000001,6.174468,6.304545,6.442992,6.586875,6.7336920000000005,6.881364,7.028244000000001,7.173027,7.3147139999999995,7.452558000000001,7.586028,7.714754999999999,7.838514,7.957143,8.070606,8.178894,8.282061,8.380179,8.473347,8.561682000000001,8.64531,8.724357000000001,8.798967000000001,8.869266,8.935389,8.997444,9.05562,9.10989,9.16047,9.207540000000002,9.25101,9.29106,9.32787,9.36135,9.391680000000001,9.41886,9.44307,9.46413,9.48231,9.49761,9.50994,9.51948,9.52614,9.52992,9.531,9.5292,9.524610000000001,9.517140000000001,9.50688,9.49374,9.477810000000002,9.45891,9.43704,9.4122,9.3843,9.35334,9.31923,9.281880000000001,9.241200000000001,9.197189999999999,9.14967,9.098550000000001,9.04383,8.985320999999999,8.922906,8.856477,8.785908,8.711082,8.631846,8.548092,8.459676,8.366472,8.268363,8.165268000000001,8.057079000000002,7.943778000000001,7.825347,7.701840000000001,7.573401,7.440255,7.302771000000001,7.161489,7.017129,6.870690000000001,6.7234679999999996,6.577119,6.433704,6.295716,6.166080000000001,6.048081,5.945283000000001,5.86125,5.799348,5.762322,5.752026,5.769171,5.813262,5.882607,5.974632000000001,6.086142000000001,6.213672000000001,6.353766,6.503202000000001,6.659109,6.819012,6.9808769999999996,7.143048,7.30422,7.463385000000001,7.619796000000001,7.772904,7.922322000000001,8.067789,8.209152000000001,8.346339,8.479341,8.608176,8.732916,8.853642,8.97048,9.08352,9.19287,9.298800000000002,9.40122,9.500399999999999,9.596520000000002,9.68958,9.779670000000001,9.86706,9.95184,10.03401,10.113840000000001,10.19124,10.26639,10.33947,10.41048,10.479510000000001,10.546650000000001,10.6119,10.67544,10.73736,10.79766,10.85634,10.913580000000001,10.96947,11.02383,11.07693,11.12877,11.17944,11.22885,11.27709,11.32425,11.37033,11.41542,11.45943,11.50254,11.54475,11.58606,11.626470000000001,11.66598,11.70477,11.74266,11.77992,11.816370000000001,11.852010000000002,11.88711,11.9214,11.95515,11.98818,12.020579999999999,12.05244,12.08367,12.114270000000001,12.14442,12.17394,12.203009999999999,12.23154,12.259530000000002,12.28707,12.31416,12.34071,12.3669,12.392550000000002,12.41784,12.442770000000001,12.46716,12.49119,12.51486,12.538170000000001,12.561119999999999,12.58362,12.60585,12.62772,12.649230000000001,12.670380000000002,12.69126,12.711780000000001,12.73203,12.75192,12.77154,12.79089,12.80997,12.828780000000002,12.847320000000002,12.86559,12.88359,12.90132,12.91887,12.93615,12.95316,12.96999,12.986550000000001,13.00293,13.01913,13.03506,13.0509,13.06647,13.081859999999999,13.09707,13.112100000000002,13.12695,13.141710000000002,13.1562,13.1706,13.18482,13.19895,13.2129,13.22676,13.240530000000001,13.25412,13.267619999999999,13.281030000000001,13.29426,13.30749,13.320630000000001,13.33359,13.34655,13.35951,13.372290000000001,13.385069999999999,13.39785,13.410540000000001,13.42323,13.43583,13.44852,13.46112,13.47372,13.486320000000001,13.49901,13.5117,13.52439,13.53708,13.54986,13.56273,13.5756,13.58856,13.6017,13.61484,13.628070000000001,13.64139,13.65489,13.66848,13.682250000000002,13.696110000000001,13.71015,13.72437,13.73868,13.75326,13.76802,13.78296,13.79808,13.81347,13.82904,13.84488,13.8609,13.87719,13.89384,13.910670000000001,13.92777,13.94523,13.96287,13.98087,13.99923,14.01786,14.036850000000001,14.05611,14.07573,14.09571,14.11605,14.136660000000001,14.157720000000001,14.17914,14.20092,14.22306,14.245560000000001,14.26851,14.29182,14.31558,14.33961,14.364180000000001,14.38902,14.414309999999999,14.44005,14.466149999999999,14.492700000000001,14.51961,14.54697,14.574689999999999,14.602860000000002,14.631480000000002,14.66046,14.6898,14.71959,14.749830000000001,14.780429999999999,14.811390000000001,14.8428,14.87466,14.906789999999999,14.93937,14.9724,15.0057,15.03945,15.07356,15.10803,15.142859999999999,15.178139999999999,15.21369,15.2496,15.285870000000001,15.3225,15.35949,15.396750000000003,15.434370000000001,15.472350000000002,15.510600000000002,15.549210000000002,15.58818,15.627330000000002
15.403680000000001,15.328710000000001,15.253110000000001,15.177059999999999,15.10038,15.023159999999999,14.94531,14.86683,14.787720000000002,14.70798,14.62752,14.54634,14.464350000000001,14.381639999999999,14.298119999999999,14.2137,14.12838,14.04225,13.955129999999999,13.86702,13.77792,13.687650000000001,13.596390000000001,13.503870000000001,13.41018,13.315230000000001,13.21902,13.12137,13.02228,12.92175,12.81969,12.71601,12.610619999999999,12.50343,12.39444,12.283560000000001,12.17061,12.05559,11.938410000000001,11.81898,11.69712,11.572830000000002,11.44602,11.31642,11.18412,11.04894,10.9107,10.7694,10.62495,10.477079999999999,10.32597,10.17135,10.01313,9.85149,9.68625,9.51741,9.34524,9.169649999999999,8.991072,8.809695000000001,8.625996,8.440542,8.254107,8.067663,7.882434,7.699914000000001,7.521929999999999,7.350624000000001,7.188498,7.038315000000001,6.903081,6.785901,6.689781,6.617385,6.570837,6.551442,6.559569,6.59457,6.654861,6.738084000000001,6.8413319999999995,6.961419,7.0950869999999995,7.239222000000001,7.390944000000001,7.547724,7.7073659999999995,7.868034,8.028234000000001,8.18676,8.342667,8.495217,8.643879,8.788248000000001,8.928063000000002,9.063180000000001,9.19341,9.31878,9.43929,9.55503,9.66609,9.77247,9.87426,9.971820000000001,10.064969999999999,10.154069999999999,10.23921,10.32048,10.39797,10.471860000000001,10.54233,10.60947,10.67337,10.73412,10.79199,10.84689,10.89891,10.94832,10.99521,11.03949,11.08134,11.12085,11.15802,11.19303,11.22597,11.25675,11.28555,11.31237,11.337299999999999,11.36034,11.381580000000001,11.40102,11.418750000000001,11.434859999999999,11.449259999999999,11.46213,11.47338,11.48301,11.491200000000001,11.49786,11.50308,11.50677,11.509110000000002,11.51001,11.50956,11.507670000000001,11.504430000000001,11.49984,11.493900000000002,11.48661,11.47806,11.468160000000001,11.45691,11.44431,11.43045,11.41524,11.39877,11.38086,11.36178,11.34126,11.31939,11.29617,11.271690000000001,11.24577,11.21841,11.1897,11.15955,11.12796,11.094840000000001,11.060279999999999,11.02419,10.98657,10.947420000000001,10.906649999999999,10.864170000000001,10.82007,10.77426,10.72665,10.67724,10.62603,10.572840000000001,10.51776,10.460609999999999,10.401390000000001,10.340100000000001,10.27656,10.21077,10.14264,10.07208,9.999,9.9234,9.84501,9.76392,9.67995,9.59301,9.5031,9.40995,9.31347,9.213750000000001,9.11052,9.003689999999999,8.893296,8.779157999999999,8.661258,8.539551000000001,8.414037,8.284752000000001,8.151777000000001,8.015265,7.875432,7.73262,7.587288,7.440048,7.291691999999999,7.143246,6.995979,6.851457,6.711543000000001,6.578415000000001,6.454521,6.342543,6.245262,6.165378,6.105339,6.06708,6.051825,6.059952,6.090912,6.143328,6.215112,6.303699,6.406272,6.519969000000001,6.642036,6.76998,6.901605,7.035012,7.1686440000000005,7.301240999999999,7.431786000000001,7.559487000000001,7.683768000000001,7.804188,7.920423,8.032283999999999,8.139636000000001,8.242416,8.340606000000001,8.434233,8.523351,8.608023000000001,8.688348,8.764407,8.836317000000001,8.904168,8.968068,9.028080000000001,9.08442,9.137070000000001,9.186209999999999,9.23193,9.274230000000001,9.3132,9.349020000000001,9.3816,9.411209999999999,9.43767,9.46125,9.48186,9.49959,9.51453,9.52659,9.53586,9.542340000000001,9.54612,9.547110000000002,9.54531,9.54081,9.533520000000001,9.52353,9.510750000000002,9.495090000000001,9.47664,9.45531,9.431099999999999,9.403830000000001,9.37368,9.34038,9.30402,9.26442,9.22167,9.175410000000001,9.12582,9.07272,9.01602,8.955621,8.891397,8.823276,8.751132,8.674884,8.594415000000001,8.509644,8.420472,8.326836,8.228691,8.125992,8.018775000000002,7.907094,7.791075000000001,7.670916,7.546932,7.419546,7.289361,7.15716,7.023924,6.890931,6.759738,6.632217000000001,6.510564,6.3972809999999996,6.295095000000001,6.206859000000001,6.135399,6.083271000000001,6.052563,6.044652,6.060096,6.098508,6.158691,6.23871,6.336135,6.448266,6.572349,6.70572,6.845931,6.990822,7.138539,7.287534000000001,7.436538,7.584543,7.730766000000001,7.874594999999999,8.01558,8.153397,8.287830000000001,8.418735000000002,8.546022,8.669682,8.789715,8.906166,9.01908,9.12861,9.23472,9.33759,9.437310000000002,9.53406,9.627839999999999,9.71874,9.806939999999999,9.89253,9.9756,10.05624,10.134540000000001,10.21068,10.28457,10.35648,10.42632,10.49436,10.56051,10.62495,10.68768,10.7487,10.80828,10.866240000000001,10.92285,10.97802,11.03184,11.0844,11.13561,11.18574,11.234610000000002,11.282399999999999,11.32911,11.374740000000001,11.41938,11.463030000000002,11.50578,11.547540000000001,11.58849,11.628540000000001,11.66778,11.70612,11.74374,11.780640000000002,11.81682,11.85219,11.886930000000001,11.92104,11.95443,11.98719,12.019319999999999,12.050910000000002,12.08187,12.11229,12.14217,12.17142,12.20022,12.228570000000001,12.25629,12.28365,12.31047,12.33684,12.36276,12.38823,12.413250000000001,12.43791,12.46212,12.48597,12.50937,12.532409999999999,12.555090000000002,12.5775,12.59946,12.62106,12.6423,12.66327,12.68397,12.704220000000001,12.72429,12.744,12.76335,12.78252,12.80133,12.81996,12.83823,12.856230000000002,12.87405,12.8916,12.90888,12.92589,12.942720000000001,12.959280000000001,12.975660000000001,12.99177,13.0077,13.02345,13.03902,13.05432,13.06944,13.08447,13.09923,13.11381,13.1283,13.14261,13.156740000000001,13.17069,13.18455,13.19823,13.211820000000001,13.225320000000002,13.23864,13.25187,13.26501,13.27797,13.29093,13.30371,13.31649,13.329180000000001,13.34178,13.35429,13.366800000000001,13.37931,13.39164,13.40406,13.41639,13.42872,13.44105,13.453380000000001,13.46571,13.47804,13.49046,13.502790000000001,13.51521,13.52772,13.540230000000001,13.55292,13.565520000000001,13.5783,13.59117,13.604130000000001,13.617180000000001,13.630320000000001,13.64364,13.65705,13.67064,13.68441,13.69836,13.7124,13.726709999999999,13.741109999999999,13.75578,13.77072,13.78575,13.80114,13.81671,13.832460000000001,13.84857,13.86486,13.88151,13.898430000000001,13.91562,13.93308,13.950899999999999,13.968990000000002,13.987440000000001,14.006160000000001,14.02533,14.04477,14.06457,14.08473,14.10525,14.12613,14.14746,14.16906,14.19111,14.21352,14.236379999999999,14.259599999999999,14.28327,14.3073,14.33169,14.356530000000001,14.38182,14.407469999999998,14.43357,14.460120000000002,14.487029999999999,14.514389999999999,14.542200000000001,14.57037,14.59899,14.62797,14.6574,14.68728,14.717519999999999,14.74821,14.779259999999999,14.810759999999998,14.842620000000002,14.874929999999999,14.9076,14.94072,14.974200000000002,15.00804,15.04233,15.076889999999999,15.1119,15.14727,15.183000000000002,15.21909,15.255450000000002,15.292259999999999,15.329429999999999,15.36687,15.40467,15.44283,15.48126,15.52005,15.5592,15.598530000000002
15.413400000000001,15.3387,15.263459999999998,15.18777,15.111450000000001,15.034590000000001,14.9571,14.87898,14.800320000000001,14.72094,14.640840000000003,14.560110000000002,14.47857,14.396310000000001,14.31324,14.22936,14.144670000000001,14.05899,13.97241,13.88493,13.79637,13.706819999999999,13.61619,13.52448,13.43151,13.33737,13.24188,13.14513,13.047030000000001,12.94749,12.84642,12.743820000000001,12.639510000000001,12.53358,12.42594,12.316410000000001,12.20499,12.09159,11.97603,11.8584,11.73861,11.61639,11.49183,11.36466,11.23506,11.10267,10.96758,10.82961,10.68876,10.54494,10.398060000000001,10.24812,10.09512,9.938970000000001,9.77985,9.61776,9.45288,9.285300000000001,9.11538,8.943470999999999,8.770076999999999,8.595801000000002,8.421435,8.247950999999999,8.076519000000001,7.90857,7.7457780000000005,7.590051,7.443549,7.308648000000001,7.187814,7.0835490000000005,6.998220000000001,6.933906,6.892200000000001,6.874083000000001,6.8798070000000004,6.908868,6.960033,7.031466,7.1208990000000005,7.225785000000001,7.343469,7.4713590000000005,7.606989,7.748145,7.8928650000000005,8.039457,8.186499,8.332803,8.477433000000001,8.619624,8.758782,8.894475,9.02637,9.15417,9.27783,9.397170000000001,9.51228,9.62298,9.72936,9.8316,9.92961,10.02357,10.11357,10.1997,10.28214,10.360890000000001,10.43604,10.50786,10.57635,10.64169,10.70388,10.7631,10.81944,10.87299,10.92384,10.97208,11.017800000000001,11.06109,11.10195,11.140559999999999,11.177010000000001,11.21121,11.24334,11.27349,11.30157,11.32776,11.35215,11.37465,11.39544,11.414430000000001,11.43171,11.447370000000001,11.46141,11.47392,11.48481,11.49417,11.501999999999999,11.50839,11.513340000000001,11.51685,11.51892,11.51964,11.51892,11.51694,11.51352,11.50884,11.50272,11.49534,11.4867,11.476709999999999,11.46537,11.452770000000001,11.43891,11.4237,11.40723,11.38941,11.370239999999999,11.349810000000002,11.32812,11.30499,11.28051,11.25477,11.22759,11.199060000000001,11.16909,11.13777,11.104920000000002,11.070630000000001,11.0349,10.99755,10.95876,10.91835,10.87632,10.83267,10.787400000000002,10.74033,10.691550000000001,10.64097,10.588500000000002,10.534139999999999,10.4778,10.41957,10.35918,10.29663,10.23201,10.165049999999999,10.095749999999999,10.02411,9.95004,9.87336,9.794070000000001,9.71199,9.62721,9.53955,9.44892,9.35523,9.25848,9.15849,9.05535,8.948808000000001,8.838972,8.725779,8.609238000000001,8.489394,8.366318999999999,8.240157,8.111115,7.979454,7.84557,7.709949000000001,7.573239,7.436249999999999,7.2999540000000005,7.165566,7.034526,6.908499000000001,6.789366,6.679206,6.580223999999999,6.494661,6.424632000000001,6.3720360000000005,6.338322,6.324408,6.330564000000001,6.356376,6.400773,6.462171,6.538572,6.627726,6.7273380000000005,6.8351310000000005,6.948963,7.066935,7.187355,7.308765000000001,7.429977,7.550001,7.668036,7.783461,7.895799000000001,8.00469,8.109864000000002,8.21115,8.308422,8.401626,8.490726,8.575740000000001,8.656695000000001,8.733645000000001,8.806644,8.875764,8.941095,9.0027,9.06066,9.115110000000001,9.16605,9.213659999999999,9.25794,9.29898,9.33687,9.37161,9.40338,9.43209,9.457920000000001,9.480780000000001,9.50094,9.51822,9.532710000000002,9.544410000000001,9.5535,9.559800000000001,9.56349,9.564390000000001,9.56268,9.55827,9.551250000000001,9.54144,9.52893,9.513720000000001,9.49572,9.47493,9.451260000000001,9.4248,9.39546,9.363059999999999,9.32769,9.28926,9.24768,9.202950000000001,9.15489,9.1035,9.0486,8.990271000000002,8.928333,8.862722999999999,8.793351000000001,8.720153999999999,8.643051,8.561979000000001,8.476893,8.387766,8.294580000000002,8.197371,8.096193000000001,7.991163,7.882461000000001,7.770348,7.655184,7.537446000000001,7.417746,7.296885,7.175835,7.055802,6.938217,6.824763,6.717357,6.618123,6.52932,6.4532609999999995,6.392178,6.348051000000001,6.322491,6.31656,6.330672000000001,6.364557,6.417324,6.487515,6.573249,6.672420000000001,6.782805000000001,6.902208000000001,7.028568,7.160004000000001,7.29486,7.431714,7.569369000000001,7.706853,7.843356000000001,7.978257,8.111061000000001,8.241399,8.368992,8.493651000000002,8.61525,8.733708,8.848998,8.961111,9.07011,9.17595,9.27873,9.378540000000001,9.47547,9.569609999999999,9.660960000000001,9.7497,9.83583,9.91953,10.00089,10.07991,10.15668,10.23138,10.30401,10.37466,10.44342,10.510290000000001,10.57545,10.6389,10.70073,10.76094,10.81971,10.87695,10.93284,10.98729,11.04048,11.09241,11.14308,11.19258,11.241,11.288250000000001,11.33451,11.37969,11.423879999999999,11.46708,11.50938,11.55078,11.591280000000001,11.63097,11.66985,11.70783,11.745180000000001,11.78172,11.81754,11.852640000000001,11.887020000000001,11.920860000000001,11.95389,11.986379999999999,12.01833,12.049560000000001,12.08025,12.1104,12.14001,12.169080000000001,12.19761,12.2256,12.25314,12.280230000000001,12.306780000000002,12.332970000000001,12.35862,12.38382,12.40866,12.433050000000001,12.457080000000001,12.48066,12.50388,12.52674,12.549150000000001,12.57129,12.59298,12.6144,12.63546,12.65616,12.676590000000001,12.69666,12.716460000000001,12.73599,12.75516,12.77406,12.79269,12.810960000000001,12.82905,12.846870000000001,12.864419999999999,12.8817,12.898800000000001,12.91554,12.9321,12.94848,12.96459,12.98052,12.99618,13.011660000000001,13.026959999999999,13.04208,13.05693,13.07169,13.08618,13.10058,13.11471,13.12875,13.14261,13.15638,13.169970000000001,13.18338,13.1967,13.20984,13.22289,13.235850000000001,13.24872,13.26141,13.2741,13.28661,13.29912,13.31145,13.32378,13.33602,13.34826,13.360410000000002,13.37247,13.384530000000002,13.39659,13.40865,13.42071,13.432680000000001,13.44474,13.456710000000001,13.46877,13.48092,13.492980000000001,13.505220000000001,13.51737,13.5297,13.54203,13.554540000000001,13.56705,13.57965,13.59243,13.605300000000002,13.618350000000001,13.631490000000001,13.64472,13.65822,13.671809999999999,13.685580000000002,13.699530000000001,13.713750000000001,13.728150000000001,13.74273,13.757579999999999,13.77261,13.78791,13.80348,13.81923,13.83534,13.85172,13.86837,13.885380000000001,13.902660000000001,13.92021,13.938120000000001,13.9563,13.97493,13.99383,14.01309,14.032710000000002,14.05278,14.07312,14.093910000000001,14.115060000000001,14.13657,14.15844,14.180850000000001,14.20353,14.226659999999999,14.250240000000002,14.274180000000001,14.29857,14.323409999999999,14.34861,14.37426,14.40036,14.426820000000001,14.45373,14.48109,14.508899999999999,14.53716,14.56578,14.594850000000001,14.624279999999999,14.65425,14.684579999999999,14.71527,14.746500000000001,14.778090000000002,14.81004,14.842439999999998,14.87529,14.908410000000002,14.94207,14.976,15.010380000000001,15.045209999999999,15.08031,15.115860000000001,15.15168,15.187949999999999,15.22458,15.26148,15.29883,15.336450000000001,15.37443,15.41277,15.451469999999999,15.490440000000001,15.529679999999999,15.56928
15.42357,15.34914,15.27426,15.198929999999999,15.12297,15.04647,14.96934,14.89167,14.813369999999999,14.734440000000001,14.654790000000002,14.57451,14.49351,14.411700000000002,14.329170000000001,14.24583,14.16159,14.07654,13.99059,13.903649999999999,13.815809999999999,13.726980000000001,13.636980000000001,13.54599,13.45383,13.3605,13.26591,13.17006,13.072949999999999,12.974400000000001,12.874410000000001,12.77298,12.66993,12.56526,12.458969999999999,12.35088,12.24099,12.1293,12.01554,11.899799999999999,11.78199,11.66202,11.5398,11.41524,11.288250000000001,11.15883,11.02698,10.892430000000001,10.755270000000001,10.6155,10.47303,10.327860000000001,10.17999,10.02951,9.876420000000001,9.72099,9.56322,9.40347,9.24201,9.07929,8.915723999999999,8.752041,8.589006000000001,8.427555000000002,8.268813,8.114094000000001,7.96491,7.822962,7.690113,7.568352000000001,7.459749,7.366311,7.289937000000001,7.232229,7.194429,7.177275000000001,7.180938,7.205004,7.2485100000000005,7.3100249999999996,7.387722,7.479558,7.583364,7.696962,7.8182730000000005,7.945362,8.076474000000001,8.21007,8.344827,8.479629000000001,8.613531,8.745777,8.875755,9.00297,9.12708,9.24777,9.36486,9.47826,9.58779,9.69345,9.79524,9.89316,9.9873,10.07766,10.16433,10.24749,10.327050000000002,10.40319,10.476,10.54557,10.61208,10.67544,10.73592,10.793520000000001,10.848329999999999,10.90044,10.949940000000002,10.99701,11.04156,11.083770000000001,11.12364,11.16135,11.19681,11.23029,11.261610000000001,11.29104,11.31849,11.34405,11.36781,11.38977,11.41002,11.42847,11.445300000000001,11.4606,11.47419,11.48625,11.496780000000001,11.50587,11.513340000000001,11.51946,11.524140000000001,11.527379999999999,11.52927,11.529810000000001,11.528910000000002,11.52666,11.52315,11.51829,11.512080000000001,11.50461,11.49588,11.485800000000001,11.47446,11.461770000000001,11.44791,11.4327,11.41623,11.39841,11.379330000000001,11.35899,11.337299999999999,11.314350000000001,11.290049999999999,11.2644,11.237400000000001,11.20905,11.17935,11.14821,11.11563,11.081700000000001,11.046240000000001,11.00934,10.97091,10.930860000000001,10.88937,10.846169999999999,10.80144,10.754999999999999,10.706760000000001,10.6569,10.60515,10.5516,10.49616,10.43874,10.379430000000001,10.31796,10.25451,10.18881,10.12086,10.05066,9.97812,9.90324,9.825750000000001,9.74574,9.663120000000001,9.57789,9.48978,9.39897,9.30519,9.20862,9.10899,9.00648,8.900928,8.792433,8.681022,8.566775999999999,8.449803,8.330301,8.208486,8.084691,7.959312000000001,7.832871,7.706015999999999,7.57953,7.4543669999999995,7.331625000000001,7.212618000000001,7.098813000000001,6.991839,6.893451000000001,6.805467,6.729696,6.6678120000000005,6.621291,6.591258,6.578397,6.582897,6.604443,6.6422159999999995,6.694947,6.761088,6.838839,6.9263189999999994,7.021656,7.123032,7.228782000000001,7.337421,7.447635,7.5582899999999995,7.66845,7.777341,7.884315000000001,7.988886000000001,8.09064,8.189298,8.284617,8.376453,8.464698,8.54928,8.630181,8.707383,8.780922,8.850807,8.917101,8.979858,9.03915,9.094949999999999,9.14751,9.19665,9.242640000000002,9.28548,9.32526,9.36189,9.39564,9.42642,9.45432,9.47934,9.50166,9.52119,9.53793,9.55206,9.56349,9.57231,9.578429999999999,9.58203,9.582930000000001,9.58122,9.5769,9.57006,9.56052,9.54828,9.533520000000001,9.51597,9.49572,9.47277,9.447030000000002,9.4185,9.38709,9.3528,9.31554,9.27531,9.23193,9.18549,9.135810000000001,9.08289,9.02673,8.967087000000001,8.904042,8.837487000000001,8.767386,8.693676,8.616339,8.535357,8.450721,8.362476,8.270685,8.175438,8.076906,7.975305,7.870932000000001,7.764183,7.655562000000001,7.545681000000001,7.435332000000001,7.325451000000001,7.217162999999999,7.1117550000000005,7.010739,6.915762,6.8286240000000005,6.751197,6.68538,6.632937,6.595434,6.57414,6.569856,6.582924,6.613155,6.659865,6.721938,6.797907,6.8861159999999995,6.984756,7.092018,7.206174,7.325595,7.448823,7.574571000000001,7.701723,7.829352,7.956675,8.083062,8.208,8.331084,8.452008000000001,8.570537999999999,8.686503,8.799795,8.910342,9.018089999999999,9.12303,9.22527,9.324629999999999,9.42138,9.51543,9.60687,9.69579,9.78219,9.866340000000001,9.94806,10.02753,10.104840000000001,10.18008,10.25334,10.324530000000001,10.39392,10.46151,10.5273,10.591380000000001,10.65384,10.714680000000001,10.77408,10.83195,10.88838,10.94346,10.997280000000002,11.04975,11.10105,11.15118,11.20005,11.24784,11.29464,11.34036,11.385,11.428740000000001,11.471490000000001,11.513340000000001,11.554290000000002,11.594430000000001,11.633759999999999,11.672189999999999,11.7099,11.7468,11.78298,11.81853,11.85327,11.88738,11.920860000000001,11.95362,11.985840000000001,12.017430000000001,12.048390000000001,12.07881,12.108690000000001,12.13803,12.166830000000001,12.19509,12.22281,12.25008,12.2769,12.30327,12.3291,12.35457,12.37959,12.404160000000001,12.42828,12.45204,12.475439999999999,12.49839,12.52098,12.54321,12.56508,12.58659,12.60774,12.628530000000001,12.64905,12.66921,12.6891,12.70863,12.72789,12.74688,12.765509999999999,12.78387,12.80196,12.819870000000002,12.83742,12.8547,12.87171,12.88854,12.905100000000001,12.92148,12.93759,12.953429999999999,12.96909,12.98448,12.999780000000001,13.01481,13.02957,13.04424,13.05873,13.072949999999999,13.08708,13.10103,13.114799999999999,13.12839,13.1418,13.15512,13.16826,13.18131,13.19418,13.20696,13.21965,13.23216,13.244670000000001,13.257000000000001,13.269240000000002,13.28139,13.29345,13.30551,13.31748,13.32936,13.341149999999999,13.35303,13.36473,13.376520000000001,13.38822,13.39992,13.41162,13.42332,13.43502,13.44681,13.4586,13.47039,13.48218,13.49415,13.506120000000001,13.518180000000001,13.530240000000001,13.542480000000001,13.55481,13.56723,13.57983,13.59252,13.605300000000002,13.61826,13.631400000000001,13.64472,13.65822,13.6719,13.68576,13.69989,13.7142,13.72869,13.743450000000001,13.75848,13.77378,13.78935,13.80519,13.821299999999999,13.837769999999999,13.854420000000001,13.87152,13.88889,13.90653,13.92453,13.94298,13.9617,13.980780000000001,14.00022,14.02011,14.040270000000001,14.060880000000001,14.08194,14.10327,14.12514,14.14737,14.169960000000001,14.193,14.21649,14.24043,14.26473,14.289480000000001,14.314680000000001,14.34024,14.366340000000001,14.392800000000001,14.419799999999999,14.447159999999998,14.47497,14.50323,14.53185,14.56101,14.590530000000001,14.620500000000002,14.650920000000001,14.68179,14.71302,14.7447,14.776740000000002,14.80932,14.84226,14.875560000000002,14.90931,14.94342,14.97789,15.012810000000002,15.048179999999999,15.08382,15.11991,15.15627,15.19308,15.23025,15.267689999999998,15.30558,15.34374,15.38226,15.42105,15.46029,15.499800000000002,15.53958
15.4341,15.360030000000002,15.285509999999999,15.210540000000002,15.134940000000002,15.0588,14.98212,14.9049,14.82705,14.74848,14.669369999999999,14.58954,14.508989999999999,14.427719999999999,14.34573,14.26293,14.17932,14.09481,14.009490000000001,13.92327,13.83606,13.74786,13.65876,13.56849,13.47714,13.38471,13.29102,13.19616,13.10004,13.00257,12.90366,12.803400000000002,12.70161,12.59838,12.493440000000001,12.38688,12.2787,12.16863,12.05676,11.943,11.827350000000001,11.70954,11.58975,11.4678,11.34369,11.21724,11.08854,10.957590000000001,10.824209999999999,10.68849,10.55043,10.41003,10.26729,10.12239,9.975330000000001,9.82638,9.67563,9.52344,9.370170000000002,9.21618,9.062009999999999,8.908299000000001,8.75583,8.605503,8.458353,8.315595,8.178579000000001,8.048799,7.927866000000001,7.817454,7.719282000000001,7.6349789999999995,7.566065999999999,7.513821,7.479197999999999,7.4627550000000005,7.464618,7.484445000000001,7.521470999999999,7.5745439999999995,7.642206,7.722783000000001,7.814501999999999,7.915527000000001,8.024094000000002,8.13852,8.257257000000001,8.378919,8.502291,8.626311,8.750079000000001,8.872857,8.994015,9.11304,9.22959,9.343259999999999,9.45387,9.56133,9.665370000000001,9.76599,9.8631,9.95679,10.04697,10.13373,10.21707,10.296990000000001,10.37376,10.44729,10.51758,10.5849,10.64925,10.71072,10.769309999999999,10.8252,10.87848,10.92915,10.9773,11.02302,11.0664,11.10753,11.14641,11.18304,11.217690000000001,11.25018,11.28078,11.3094,11.33613,11.36106,11.38419,11.405610000000001,11.425229999999999,11.443230000000002,11.459610000000001,11.47437,11.4876,11.49921,11.50938,11.51811,11.52531,11.53116,11.53548,11.538540000000001,11.54016,11.540429999999999,11.53935,11.53692,11.53323,11.52828,11.52198,11.51433,11.50551,11.49534,11.484,11.47131,11.45736,11.44215,11.42568,11.40795,11.38896,11.36871,11.34711,11.32425,11.300040000000001,11.27457,11.24784,11.21967,11.190150000000001,11.15928,11.12706,11.0934,11.058300000000001,11.02176,10.983690000000001,10.94418,10.90314,10.86048,10.81629,10.770480000000001,10.72296,10.67373,10.62279,10.57005,10.515509999999999,10.45908,10.40076,10.34046,10.278179999999999,10.21383,10.14732,10.07865,10.00773,9.93456,9.85896,9.781020000000002,9.70065,9.61776,9.532350000000001,9.44433,9.353700000000002,9.26046,9.164520000000001,9.06588,8.964639,8.860797000000002,8.754444,8.645679000000001,8.534655,8.421579,8.30673,8.190423,8.073099000000001,7.955271000000001,7.837578000000001,7.720767,7.605729000000001,7.493481000000001,7.385192999999999,7.282143,7.185753,7.097481,7.018839,6.951294,6.896196000000001,6.854688,6.8276520000000005,6.815619000000001,6.8187240000000005,6.8367059999999995,6.868926,6.914376,6.9718230000000005,7.039827,7.116831,7.201287,7.291656,7.386498,7.484508,7.5844890000000005,7.685415000000001,7.786404,7.886691000000001,7.985664000000001,8.08281,8.177715,8.270055000000001,8.359569,8.446077,8.529435,8.609544,8.686350000000001,8.759808,8.829918,8.89668,8.960121000000001,9.02025,9.07713,9.13086,9.18135,9.22878,9.27315,9.31446,9.35289,9.38835,9.42093,9.45072,9.477810000000002,9.50211,9.52371,9.54261,9.558900000000001,9.57258,9.58374,9.5922,9.598230000000001,9.60165,9.602549999999999,9.60084,9.5967,9.58995,9.580680000000001,9.56889,9.55449,9.53748,9.51777,9.49554,9.47052,9.44289,9.412469999999999,9.37926,9.34317,9.304290000000002,9.262440000000002,9.21753,9.16974,9.1188,9.06471,9.00747,8.947016999999999,8.883306000000001,8.816319,8.746020000000001,8.672409,8.595495,8.515323,8.431938,8.345448,8.255988,8.163738,8.068968,7.971993,7.873209000000001,7.773147,7.6724190000000005,7.571763,7.47207,7.374375,7.279848,7.189803,7.105671,7.028982,6.961293,6.904134,6.858963,6.8270040000000005,6.809265,6.806394,6.818643,6.845886,6.887592,6.942906,7.010667,7.089552,7.178094000000001,7.274807999999999,7.3782179999999995,7.486947000000001,7.599690000000001,7.7153220000000005,7.832808,7.951275,8.069984999999999,8.188308,8.305731000000002,8.42184,8.536311000000001,8.648865,8.759313,8.86752,8.973369,9.07677,9.17775,9.27621,9.372240000000001,9.46584,9.55692,9.64566,9.73206,9.81621,9.898109999999999,9.97785,10.055520000000001,10.131120000000001,10.20474,10.276380000000001,10.346219999999999,10.41426,10.48059,10.54521,10.60821,10.669590000000001,10.72953,10.787939999999999,10.844909999999999,10.90062,10.95489,11.0079,11.059740000000001,11.11032,11.15973,11.20806,11.255310000000001,11.30148,11.34666,11.39085,11.43405,11.47635,11.51775,11.55825,11.59794,11.63682,11.67489,11.712240000000001,11.74878,11.7846,11.8197,11.85417,11.887920000000001,11.92104,11.95353,11.98539,12.016710000000002,12.0474,12.07755,12.10707,12.136140000000001,12.16467,12.19266,12.22011,12.247110000000001,12.27366,12.29976,12.325410000000002,12.35052,12.37527,12.39966,12.42351,12.44709,12.470130000000001,12.4929,12.51522,12.537270000000001,12.55887,12.58011,12.601080000000001,12.621599999999999,12.64194,12.66183,12.68145,12.700800000000001,12.719790000000001,12.73851,12.756870000000001,12.77505,12.79287,12.81051,12.82779,12.84489,12.861720000000002,12.87828,12.89457,12.910680000000001,12.92652,12.94209,12.95748,12.97269,12.98763,13.00248,13.01697,13.03137,13.04559,13.05954,13.0734,13.08708,13.10058,13.1139,13.12704,13.140089999999999,13.15296,13.165740000000001,13.17834,13.19085,13.20318,13.21542,13.22757,13.23963,13.2516,13.26348,13.27518,13.28697,13.29858,13.31019,13.32171,13.33314,13.344660000000001,13.356,13.36743,13.37886,13.3902,13.40163,13.41297,13.4244,13.43583,13.44735,13.458870000000001,13.47039,13.482090000000001,13.49379,13.50558,13.51746,13.52943,13.541580000000002,13.55382,13.56615,13.578660000000001,13.59135,13.604130000000001,13.617090000000001,13.630320000000001,13.64364,13.65723,13.671,13.68504,13.699259999999999,13.713750000000001,13.72851,13.74354,13.75884,13.77441,13.79025,13.80645,13.82292,13.83966,13.85685,13.874310000000001,13.892130000000002,13.91031,13.92885,13.947750000000001,13.96701,13.986720000000002,14.0067,14.027220000000002,14.0481,14.06934,14.091030000000002,14.11317,14.135670000000001,14.15862,14.18202,14.20587,14.23008,14.25483,14.27994,14.30559,14.3316,14.35815,14.38506,14.412420000000001,14.44023,14.468580000000001,14.497290000000001,14.52645,14.55606,14.586120000000001,14.61654,14.647499999999999,14.67882,14.710679999999998,14.7429,14.775480000000002,14.808510000000002,14.84199,14.87592,14.910120000000001,14.94486,14.979960000000002,15.015420000000002,15.051240000000002,15.08742,15.12405,15.161040000000002,15.19839,15.236009999999998,15.27408,15.31251,15.35121,15.390270000000001,15.429599999999999,15.469289999999999,15.509340000000002
15.44499,15.37137,15.29721,15.222600000000002,15.14736,15.071670000000001,14.99544,14.91858,14.841180000000001,14.763150000000001,14.684489999999998,14.605110000000002,14.5251,14.44437,14.36292,14.280660000000001,14.19768,14.113800000000001,14.0292,13.943610000000001,13.85712,13.76973,13.68126,13.591890000000001,13.50144,13.409820000000002,13.31712,13.22325,13.128210000000001,13.03182,12.93417,12.835080000000001,12.73464,12.632760000000001,12.52935,12.42441,12.317760000000002,12.20958,12.0996,11.987820000000001,11.87433,11.75886,11.6415,11.52225,11.40093,11.27763,11.15217,11.024730000000002,10.89522,10.76355,10.629900000000001,10.49418,10.356570000000001,10.21716,10.07604,9.933390000000001,9.789480000000001,9.644580000000001,9.49914,9.35343,9.208079999999999,9.06372,8.921097000000001,8.780994,8.64441,8.512443000000001,8.386289999999999,8.267265,8.156745,8.056152,7.966907999999999,7.890354000000001,7.827713999999999,7.780005000000001,7.747974,7.7320530000000005,7.732332,7.7485230000000005,7.780005000000001,7.825851,7.884864000000001,7.955685000000001,8.036829000000001,8.126766,8.223993,8.327043,8.434557,8.545293000000001,8.658135000000001,8.772102,8.886357,9.00018,9.112860000000001,9.2241,9.33327,9.440190000000001,9.544500000000001,9.64602,9.744660000000001,9.84033,9.93276,10.02213,10.108350000000002,10.19142,10.271429999999999,10.34829,10.42209,10.49283,10.56069,10.625670000000001,10.68786,10.747349999999999,10.80405,10.85823,10.90989,10.95903,11.005740000000001,11.0502,11.09232,11.13228,11.16999,11.20572,11.23938,11.27106,11.30076,11.328570000000001,11.35458,11.37888,11.401290000000001,11.422080000000001,11.44116,11.45862,11.47446,11.48877,11.50155,11.5128,11.52261,11.53089,11.537820000000002,11.543310000000002,11.54736,11.55015,11.5515,11.551590000000001,11.55033,11.54772,11.543849999999999,11.53872,11.532330000000002,11.52459,11.51568,11.505419999999999,11.49399,11.4813,11.46735,11.45214,11.43576,11.41803,11.39913,11.37888,11.357460000000001,11.33469,11.31066,11.28537,11.25882,11.230830000000001,11.20158,11.17098,11.13903,11.105730000000001,11.07099,11.0349,10.997280000000002,10.95822,10.917629999999999,10.8756,10.83195,10.78677,10.73997,10.691460000000001,10.64133,10.58949,10.53585,10.4805,10.42317,10.36404,10.303020000000002,10.239930000000001,10.17486,10.10781,10.03851,9.96714,9.89352,9.81774,9.73962,9.65916,9.57645,9.49122,9.40374,9.31374,9.221400000000001,9.12672,9.0297,8.930475000000001,8.829063,8.725626,8.620362,8.513478,8.405253,8.296056,8.18631,8.076519000000001,7.967295000000001,7.859358000000001,7.753509,7.6506929999999995,7.551927000000001,7.458363,7.371180000000001,7.291638,7.220970000000001,7.160391,7.110981,7.07364,7.049079,7.0377030000000005,7.039602,7.054578,7.0821,7.121385,7.171425,7.231041,7.298973000000001,7.373907,7.454556,7.539669,7.6280850000000004,7.718768999999999,7.810758000000001,7.9032420000000005,7.99551,8.086941000000001,8.177049,8.265393000000001,8.351658,8.435556,8.51688,8.595459,8.671167,8.743932,8.813682,8.88039,8.944029,9.00459,9.062100000000001,9.11664,9.16812,9.21663,9.26226,9.304920000000001,9.344790000000001,9.381780000000001,9.41598,9.44748,9.47628,9.502469999999999,9.525960000000001,9.54684,9.5652,9.58095,9.59427,9.604980000000001,9.61326,9.619019999999999,9.622349999999999,9.62325,9.62163,9.61758,9.61101,9.602010000000002,9.59049,9.57654,9.56007,9.54099,9.51939,9.49527,9.46845,9.439020000000001,9.40689,9.372150000000001,9.33453,9.29421,9.25101,9.204930000000001,9.156060000000002,9.104130000000001,9.04932,8.99145,8.930583,8.866700999999999,8.799786000000001,8.729873999999999,8.656983,8.581185,8.502561,8.421228000000001,8.337357,8.251164000000001,8.16291,8.072946,7.981677,7.889607000000001,7.7973479999999995,7.7055929999999995,7.6151789999999995,7.527033,7.442199,7.361847000000001,7.28721,7.2195659999999995,7.160229,7.110468,7.0714440000000005,7.044174,7.029441,7.027767,7.039368,7.064145,7.101693,7.151337,7.21215,7.283079,7.362909000000001,7.450425,7.544385,7.643592,7.746921,7.853355,7.961985,8.071973999999999,8.182647,8.293383,8.403687,8.513136,8.621388,8.728164,8.833248,8.936469,9.03771,9.1368,9.23382,9.32868,9.4212,9.511650000000001,9.59985,9.68589,9.76977,9.85149,9.931230000000001,10.0089,10.08468,10.15848,10.230390000000002,10.30059,10.368900000000002,10.435590000000001,10.50057,10.564020000000001,10.62585,10.68624,10.7451,10.802520000000001,10.858680000000001,10.9134,10.966949999999999,11.01915,11.07027,11.120130000000001,11.16891,11.21661,11.26323,11.30877,11.35341,11.39706,11.439720000000001,11.481570000000001,11.52252,11.562570000000001,11.60181,11.64024,11.67786,11.71485,11.75094,11.7864,11.82123,11.85525,11.88873,11.92149,11.95362,11.98521,12.01617,12.0465,12.07638,12.10563,12.13434,12.1626,12.19032,12.2175,12.24423,12.270510000000002,12.296339999999999,12.32172,12.34665,12.371129999999999,12.395159999999999,12.41883,12.44205,12.46491,12.48741,12.50955,12.53124,12.55266,12.573630000000001,12.594330000000001,12.61467,12.63474,12.65436,12.673800000000002,12.69279,12.7116,12.73005,12.74823,12.76614,12.78378,12.80106,12.81816,12.834990000000001,12.851550000000001,12.86784,12.88386,12.899700000000001,12.915360000000002,12.93066,12.945780000000001,12.96072,12.97548,12.98997,13.00428,13.018410000000001,13.03227,13.04604,13.05954,13.072949999999999,13.08618,13.09923,13.112100000000002,13.12488,13.137480000000002,13.1499,13.162230000000001,13.17438,13.186440000000001,13.198409999999999,13.21029,13.22199,13.233690000000001,13.24521,13.256639999999999,13.26807,13.27941,13.29066,13.30191,13.31307,13.324140000000002,13.33521,13.34628,13.35735,13.36842,13.37949,13.390559999999999,13.40163,13.412700000000001,13.42386,13.43502,13.44627,13.45761,13.468950000000001,13.48038,13.49199,13.5036,13.51539,13.527270000000001,13.53933,13.55148,13.56381,13.576319999999999,13.58901,13.601880000000001,13.614930000000001,13.628160000000001,13.641660000000002,13.655339999999999,13.66929,13.683510000000002,13.69791,13.712670000000001,13.72761,13.74291,13.75857,13.77441,13.790700000000001,13.807260000000001,13.82409,13.841370000000001,13.85892,13.87692,13.89528,13.914000000000001,13.93308,13.952520000000002,13.97241,13.99275,14.013449999999999,14.0346,14.0562,14.07816,14.10057,14.123520000000001,14.14683,14.17059,14.1948,14.21946,14.24457,14.27013,14.296140000000001,14.3226,14.3496,14.37696,14.404860000000001,14.433209999999999,14.46192,14.491169999999999,14.52087,14.55102,14.581529999999999,14.612580000000001,14.64399,14.67594,14.708250000000001,14.741010000000001,14.774220000000001,14.807789999999999,14.84181,14.87628,14.911110000000003,14.94639,14.98203,15.01803,15.05448,15.09129,15.12846,15.165989999999999,15.20388,15.242130000000001,15.280650000000001,15.319619999999999,15.35886,15.398460000000002,15.43842,15.47865
15.456330000000001,15.383070000000002,15.309270000000001,15.235020000000002,15.16032,15.08499,15.00921,14.932799999999999,14.85585,14.778270000000001,14.70015,14.62131,14.541839999999999,14.46165,14.380740000000001,14.29911,14.21676,14.133510000000001,14.04954,13.96467,13.87899,13.79232,13.704749999999999,13.61619,13.52655,13.435920000000001,13.34421,13.251420000000001,13.15737,13.06215,12.96567,12.867930000000001,12.76884,12.6684,12.56652,12.46311,12.358260000000001,12.251880000000002,12.14388,12.03417,11.92284,11.809800000000001,11.69496,11.578320000000001,11.45997,11.339640000000001,11.217600000000001,11.09367,10.96785,10.84032,10.71099,10.58004,10.44738,10.31337,10.17801,10.04148,9.90423,9.76635,9.62829,9.49041,9.35343,9.2178,9.084150000000001,8.953443000000002,8.826452999999999,8.704196999999999,8.587737,8.478216,8.376822,8.284743,8.203185,8.133237,8.075898,8.031978,8.00208,7.986537,7.985403,7.998444,8.025146999999999,8.064738,8.116263,8.17857,8.250444000000002,8.33058,8.417691,8.510517,8.607861,8.708616000000001,8.811755999999999,8.916399,9.021690000000001,9.12708,9.23184,9.33552,9.43767,9.53802,9.63612,9.73197,9.8253,9.91602,10.003950000000001,10.089,10.17126,10.250729999999999,10.32723,10.40094,10.471770000000001,10.539900000000001,10.60515,10.66779,10.727820000000001,10.78515,10.84005,10.892430000000001,10.942380000000002,10.98999,11.035260000000001,11.078280000000001,11.11914,11.15793,11.19456,11.22921,11.26188,11.29266,11.32155,11.348550000000001,11.373840000000001,11.39733,11.419110000000002,11.43927,11.45772,11.474639999999999,11.49003,11.5038,11.51613,11.52693,11.53629,11.5443,11.550870000000002,11.556000000000001,11.559780000000002,11.5623,11.56338,11.5632,11.56176,11.55897,11.554920000000001,11.5497,11.54313,11.535300000000001,11.5263,11.51604,11.50452,11.49174,11.47779,11.462670000000001,11.446200000000001,11.42856,11.40975,11.38959,11.36826,11.34567,11.32182,11.296710000000001,11.270340000000001,11.24262,11.21364,11.18331,11.151720000000001,11.11869,11.0844,11.048670000000001,11.0115,10.97298,10.93293,10.89144,10.84842,10.803870000000002,10.75779,10.710090000000001,10.66077,10.60983,10.55718,10.502730000000001,10.446570000000001,10.38861,10.32885,10.267199999999999,10.203570000000001,10.13805,10.07055,10.00098,9.92934,9.85563,9.77985,9.70182,9.62172,9.53946,9.45495,9.36837,9.279630000000001,9.18873,9.09594,9.001080000000002,8.904492,8.806220999999999,8.706474,8.605503,8.503587,8.401095,8.298432,8.196111,8.09469,7.994853,7.897338,7.802973,7.712694000000001,7.627464,7.548327,7.476336000000001,7.412516999999999,7.35786,7.3132470000000005,7.279416000000001,7.256907000000001,7.2460439999999995,7.246899000000001,7.259309999999999,7.2828360000000005,7.316856,7.360532999999999,7.412922,7.472961000000001,7.539542999999999,7.611587999999999,7.688025,7.767819,7.850052,7.9338690000000005,8.018496,8.103294,8.187660000000001,8.271117,8.353242,8.433702,8.512191000000001,8.588502,8.662437,8.733852,8.802657,8.868753,8.932095,8.992638000000001,9.0504,9.105300000000002,9.157409999999999,9.20664,9.25317,9.29691,9.337950000000001,9.376290000000001,9.41184,9.444870000000002,9.475200000000001,9.50301,9.52821,9.55098,9.571140000000002,9.58887,9.604080000000002,9.61695,9.6273,9.63531,9.64089,9.64413,9.64494,9.643320000000001,9.63945,9.63306,9.62433,9.61317,9.59967,9.58365,9.565290000000001,9.544410000000001,9.52101,9.495180000000001,9.46674,9.43578,9.40221,9.36603,9.32724,9.28566,9.24147,9.19458,9.14481,9.09234,9.03717,8.979102,8.918298,8.85474,8.788455,8.719515,8.647983,8.573976,8.497638,8.419148999999999,8.338734,8.256681,8.173332,8.089092,8.004465000000001,7.920018,7.836417,7.754409,7.674858,7.598682,7.526898,7.460567999999999,7.400799,7.348680000000001,7.305255,7.2714870000000005,7.248195,7.236027,7.235388,7.246476000000001,7.269201000000001,7.303266,7.348113,7.403022000000001,7.467111,7.539416999999999,7.6188959999999994,7.704522,7.795260000000001,7.890137999999999,7.988247,8.088768,8.190954000000001,8.294139,8.397774,8.501364,8.604486,8.706798000000001,8.808021,8.907903,9.0063,9.10296,9.19791,9.29106,9.38223,9.47142,9.558629999999999,9.64395,9.7272,9.80856,9.88794,9.96543,10.041030000000001,10.11483,10.18683,10.25712,10.325700000000001,10.392570000000001,10.45782,10.52145,10.58364,10.6443,10.70352,10.76139,10.81791,10.87299,10.9269,10.979550000000001,11.031030000000001,11.08134,11.13048,11.17854,11.22561,11.2716,11.3166,11.36061,11.40372,11.445839999999999,11.487150000000002,11.527560000000001,11.56716,11.60595,11.64393,11.68119,11.717640000000001,11.75346,11.78847,11.82285,11.8566,11.88963,11.922030000000001,11.95389,11.98512,12.01572,12.04578,12.0753,12.10428,12.13272,12.16062,12.18807,12.21498,12.241439999999999,12.26745,12.293009999999999,12.31803,12.342690000000001,12.3669,12.39075,12.41415,12.437100000000001,12.45969,12.48192,12.50379,12.5253,12.54636,12.56715,12.58758,12.60765,12.62745,12.646889999999999,12.66606,12.68487,12.703320000000001,12.721589999999999,12.7395,12.75714,12.77451,12.79161,12.808440000000001,12.825000000000001,12.84129,12.85731,12.87315,12.888720000000001,12.90402,12.91914,12.93399,12.94866,12.96306,12.97737,12.99132,13.005180000000001,13.01886,13.03227,13.04559,13.05864,13.0716,13.08438,13.09698,13.1094,13.121730000000001,13.13388,13.145850000000001,13.15773,13.16952,13.18113,13.19274,13.204170000000001,13.21542,13.22667,13.23783,13.2489,13.25988,13.27086,13.28175,13.29255,13.30335,13.31415,13.324860000000001,13.33557,13.34628,13.356990000000001,13.3677,13.37841,13.38921,13.40001,13.41081,13.421700000000001,13.432680000000001,13.443660000000001,13.45482,13.46598,13.47732,13.488750000000001,13.50027,13.51197,13.523850000000001,13.53582,13.547970000000001,13.5603,13.57281,13.585500000000001,13.598460000000001,13.611600000000001,13.62501,13.6386,13.65255,13.66668,13.68108,13.695839999999999,13.71087,13.726170000000002,13.74183,13.757760000000001,13.77405,13.790700000000001,13.80771,13.82508,13.84281,13.8609,13.87944,13.898340000000001,13.91769,13.9374,13.95756,13.97817,13.99914,14.02056,14.042430000000001,14.06484,14.087610000000002,14.11083,14.134500000000001,14.15871,14.18328,14.208390000000001,14.23395,14.259960000000001,14.28642,14.31342,14.34078,14.36868,14.39703,14.425920000000001,14.455169999999999,14.484960000000001,14.51511,14.5458,14.57694,14.60853,14.640569999999999,14.672970000000001,14.705910000000001,14.73921,14.772960000000001,14.807160000000001,14.84181,14.876820000000002,14.912189999999999,14.948009999999998,14.98428,15.020910000000002,15.057900000000002,15.095250000000002,15.132959999999999,15.17112,15.20955,15.248339999999999,15.28749,15.327000000000002,15.36687,15.40701,15.447510000000001
15.468120000000003,15.395219999999998,15.32178,15.24798,15.17364,15.098759999999999,15.02343,14.947470000000001,14.87106,14.79393,14.716260000000002,14.63796,14.55903,14.479470000000001,14.39919,14.318190000000001,14.23647,14.15394,14.0706,13.98645,13.901489999999999,13.81572,13.72896,13.641210000000001,13.552560000000001,13.46292,13.372200000000001,13.2804,13.18752,13.09347,12.99834,12.901860000000001,12.804210000000001,12.70521,12.60486,12.503160000000001,12.40002,12.29553,12.18942,12.08187,11.972790000000002,11.86209,11.74986,11.63592,11.52036,11.40327,11.28447,11.164050000000001,11.042010000000001,10.91853,10.793520000000001,10.66707,10.53936,10.41057,10.28079,10.15029,10.019250000000001,9.88803,9.756990000000002,9.62667,9.49734,9.36981,9.24453,9.122399999999999,9.00414,8.890605,8.782794,8.681679,8.588277,8.503623000000001,8.428689,8.364393,8.311554000000001,8.270828999999999,8.242695,8.227413,8.22501,8.235288,8.257833,8.291997,8.336988,8.391852,8.455554000000001,8.527004999999999,8.605089000000001,8.688717,8.776845000000002,8.868473999999999,8.962704,9.05868,9.1557,9.25308,9.350280000000001,9.44685,9.54225,9.6363,9.72855,9.81882,9.906930000000001,9.99279,10.076130000000001,10.15704,10.235430000000001,10.311209999999999,10.38429,10.45485,10.52271,10.58805,10.650870000000001,10.711079999999999,10.76886,10.82412,10.87704,10.927620000000001,10.975859999999999,11.021849999999999,11.06568,11.10735,11.14695,11.184479999999999,11.21994,11.25351,11.28519,11.31498,11.342970000000001,11.36916,11.39364,11.41641,11.43756,11.457,11.474910000000001,11.491290000000001,11.50605,11.51937,11.53125,11.5416,11.5506,11.558159999999999,11.56437,11.56923,11.57274,11.574900000000001,11.575800000000001,11.57535,11.573640000000001,11.57067,11.56653,11.56104,11.55438,11.54646,11.537370000000001,11.52702,11.5155,11.50272,11.48877,11.47356,11.457180000000001,11.43963,11.42082,11.40084,11.3796,11.35719,11.33352,11.308589999999999,11.282399999999999,11.25495,11.226239999999999,11.19627,11.164950000000001,11.132370000000002,11.09835,11.06307,11.026440000000001,10.988370000000002,10.94886,10.908,10.86561,10.82178,10.776420000000002,10.72953,10.68102,10.630980000000001,10.57932,10.52595,10.47087,10.41417,10.35567,10.29537,10.233270000000001,10.16937,10.103580000000001,10.03581,9.96624,9.89469,9.82107,9.74565,9.66816,9.58869,9.50724,9.4239,9.33867,9.25164,9.16281,9.07236,8.98038,8.887068000000001,8.792604,8.697258,8.6013,8.505099000000001,8.409051,8.313642,8.219403,8.126946,8.036964,7.950195000000001,7.867449,7.78959,7.717491,7.652052000000001,7.594128,7.544547000000001,7.504011,7.4731320000000006,7.452342,7.441893,7.441839000000001,7.452036,7.472142,7.501626000000001,7.539822,7.585929,7.639074,7.6983299999999995,7.762752,7.831430999999999,7.9034759999999995,7.97805,8.054388000000001,8.131797,8.209665000000001,8.287434,8.364645000000001,8.440884,8.515808999999999,8.589132000000001,8.660618999999999,8.730063000000001,8.797320000000001,8.862255,8.924778,8.984808,9.042300000000001,9.0972,9.14958,9.199259999999999,9.24633,9.29088,9.33273,9.37206,9.40887,9.44307,9.47475,9.504000000000001,9.53073,9.55503,9.57699,9.59643,9.613529999999999,9.628200000000001,9.64062,9.65061,9.65835,9.66375,9.66681,9.66762,9.66609,9.66222,9.6561,9.64764,9.636930000000001,9.62379,9.608310000000001,9.590580000000001,9.57042,9.547830000000001,9.5229,9.49554,9.46566,9.43335,9.39861,9.361260000000001,9.321480000000001,9.27909,9.23418,9.18666,9.13653,9.08388,9.02862,8.970894000000001,8.910621,8.8479,8.782794,8.715411,8.645877,8.574336,8.500986,8.42607,8.349876,8.272746000000001,8.195076,8.117343,8.040087,7.963929,7.889553000000001,7.817724000000001,7.749270000000001,7.685073000000001,7.626051,7.573149,7.527285,7.489331999999999,7.460073000000001,7.440201,7.430229000000001,7.430499,7.441173,7.462188000000001,7.493292,7.534071000000001,7.583913,7.642116,7.707879000000001,7.780329,7.858592999999999,7.941798,8.029089,8.119665000000001,8.212797,8.307801000000001,8.404065,8.501076,8.598348,8.695485,8.792154,8.888049,8.982945,9.076590000000001,9.16893,9.259830000000001,9.349020000000001,9.436589999999999,9.522540000000001,9.6066,9.68895,9.7695,9.84834,9.92538,10.000620000000001,10.074150000000001,10.14597,10.21617,10.28466,10.35162,10.416960000000001,10.480770000000001,10.543140000000001,10.60407,10.66347,10.72161,10.778400000000001,10.83384,10.88802,10.941030000000001,10.99278,11.04345,11.09295,11.14137,11.18871,11.23506,11.28042,11.32479,11.36817,11.41065,11.45232,11.49309,11.53296,11.57211,11.61036,11.64789,11.684700000000001,11.72079,11.756160000000001,11.79081,11.82474,11.858130000000001,11.8908,11.92284,11.95434,11.98521,12.015450000000001,12.04524,12.0744,12.10302,12.13119,12.15882,12.18591,12.21255,12.23874,12.26439,12.28968,12.314430000000002,12.33882,12.36276,12.38634,12.40947,12.43215,12.45447,12.47643,12.49803,12.51927,12.54015,12.56067,12.58083,12.60063,12.62016,12.63933,12.65823,12.676770000000001,12.69504,12.713040000000001,12.730680000000001,12.748050000000001,12.76515,12.781979999999999,12.79854,12.81483,12.830850000000002,12.84669,12.86226,12.87756,12.89259,12.90744,12.92202,12.93642,12.95055,12.96459,12.97827,12.991859999999999,13.005180000000001,13.018410000000001,13.03137,13.04415,13.056840000000001,13.06926,13.08159,13.09374,13.10571,13.117590000000002,13.129290000000001,13.1409,13.15233,13.163670000000002,13.17492,13.18599,13.19697,13.20795,13.21875,13.229460000000001,13.240169999999999,13.25079,13.26132,13.27176,13.2822,13.29264,13.30308,13.31343,13.32378,13.33413,13.344479999999999,13.35483,13.36527,13.37571,13.38615,13.39668,13.407300000000001,13.418009999999999,13.42872,13.43961,13.4505,13.46157,13.47282,13.484070000000001,13.495590000000002,13.5072,13.51908,13.53105,13.5432,13.55562,13.56822,13.581,13.59405,13.607370000000001,13.62096,13.634820000000001,13.64895,13.66335,13.678020000000002,13.69305,13.708440000000001,13.72419,13.74021,13.756590000000001,13.77333,13.79052,13.80798,13.82589,13.84425,13.86297,13.88205,13.901670000000001,13.921650000000001,13.942079999999999,13.96287,13.984200000000001,14.005980000000001,14.02821,14.05089,14.07402,14.09769,14.12181,14.14638,14.1714,14.19696,14.22297,14.24943,14.276430000000001,14.303880000000001,14.33178,14.36022,14.38911,14.418449999999998,14.44833,14.47857,14.509350000000001,14.540579999999999,14.572260000000002,14.60448,14.637060000000002,14.67009,14.70357,14.7375,14.77188,14.806619999999999,14.84181,14.87745,14.91345,14.949900000000001,14.986710000000002,15.023880000000002,15.0615,15.099480000000002,15.137820000000001,15.17652,15.215489999999999,15.25491,15.29469,15.33474,15.375150000000001,15.41583
15.480179999999999,15.407639999999999,15.33474,15.2613,15.18741,15.112980000000002,15.0381,14.96268,14.886630000000002,14.810130000000001,14.733,14.655240000000001,14.57685,14.497829999999999,14.41818,14.33781,14.25672,14.17491,14.09238,14.00895,13.9248,13.83975,13.75389,13.66713,13.57938,13.49073,13.40109,13.31037,13.21866,13.125779999999999,13.031910000000002,12.93678,12.840480000000001,12.74301,12.64428,12.54429,12.44295,12.340259999999999,12.236220000000001,12.13083,12.024,11.91564,11.80593,11.69478,11.5821,11.46807,11.352509999999999,11.2356,11.11734,10.997819999999999,10.87704,10.755090000000001,10.63215,10.5084,10.384020000000001,10.25919,10.134179999999999,10.00935,9.884970000000001,9.76149,9.63954,9.51939,9.401850000000001,9.28755,9.17712,9.07146,8.971398,8.877735000000001,8.79138,8.713188,8.643996000000001,8.584578,8.535582000000002,8.497548,8.470872,8.455752,8.452206,8.460054,8.478954000000002,8.508366,8.547624,8.595927000000001,8.652411,8.716131,8.786151,8.861508,8.941275,9.02457,9.11061,9.198630000000001,9.28791,9.37782,9.46791,9.55773,9.646740000000001,9.73467,9.82116,9.90612,9.98919,10.07028,10.1493,10.22607,10.300500000000001,10.37268,10.44243,10.50984,10.57482,10.63737,10.69758,10.75536,10.81089,10.86408,10.91511,10.9638,11.010330000000002,11.054789999999999,11.09709,11.13732,11.175569999999999,11.21184,11.24622,11.27862,11.30931,11.33811,11.3652,11.39058,11.41425,11.436209999999999,11.45664,11.47545,11.49273,11.50848,11.5227,11.53557,11.54691,11.55681,11.56536,11.57256,11.57841,11.58291,11.58606,11.587950000000001,11.58858,11.587950000000001,11.58606,11.58291,11.5785,11.57292,11.566080000000001,11.55807,11.54889,11.53845,11.52693,11.51415,11.500110000000001,11.484990000000002,11.4687,11.45115,11.43243,11.41254,11.39148,11.36916,11.34567,11.32092,11.295000000000002,11.26782,11.23938,11.20968,11.17872,11.1465,11.11293,11.0781,11.041920000000001,11.00439,10.96551,10.925189999999999,10.88343,10.84032,10.79568,10.749600000000001,10.70199,10.652940000000001,10.60218,10.549980000000001,10.49607,10.44054,10.38339,10.324530000000001,10.263869999999999,10.201590000000001,10.13751,10.07163,10.004040000000002,9.93456,9.863370000000002,9.79029,9.71541,9.63873,9.56034,9.48024,9.398430000000001,9.31509,9.230220000000001,9.14391,9.05643,8.967852,8.878428,8.788401,8.698059,8.607744,8.517843000000001,8.428815,8.341155,8.25543,8.172252,8.092296000000001,8.016264,7.944912000000001,7.8789869999999995,7.819254,7.766442,7.721216999999999,7.684182,7.655804999999999,7.636463999999999,7.626339000000001,7.625483999999999,7.633773000000001,7.650918000000001,7.676487,7.709913,7.750548,7.797654,7.850439,7.908102,7.96986,8.034921,8.102556000000002,8.172072,8.242848,8.314308,8.385939,8.4573,8.527995,8.597682,8.666082000000001,8.732952,8.798085,8.861310000000001,8.922492,8.981532000000001,9.03834,9.092789999999999,9.14499,9.19476,9.2421,9.28701,9.32949,9.36954,9.407250000000001,9.44244,9.475290000000001,9.50571,9.53379,9.55953,9.582840000000001,9.6039,9.622620000000001,9.639090000000001,9.65331,9.66519,9.67491,9.68229,9.68751,9.69048,9.6912,9.689760000000001,9.68598,9.68004,9.671940000000001,9.6615,9.648900000000001,9.63396,9.61677,9.597330000000001,9.57564,9.55161,9.52524,9.49662,9.465570000000001,9.43218,9.396360000000001,9.3582,9.3177,9.27477,9.22941,9.18162,9.131580000000001,9.07902,9.0243,8.967222000000001,8.907957,8.846586,8.783208,8.717967,8.651016,8.582571,8.512866,8.442189,8.370873,8.299314,8.227962,8.157312,8.08794,8.020467,7.955585999999999,7.894026000000001,7.8365610000000006,7.7839920000000005,7.737102000000001,7.696682999999999,7.663473,7.638120000000001,7.6211910000000005,7.613118000000001,7.6141890000000005,7.62453,7.644096,7.672698,7.709985,7.755471000000001,7.80858,7.868628,7.934913000000001,8.00667,8.083161,8.163648,8.247411000000001,8.333811,8.422218,8.512091999999999,8.602929,8.694297,8.7858,8.877105,8.967933,9.058050000000001,9.14724,9.23526,9.32211,9.4077,9.491760000000001,9.57429,9.65538,9.73485,9.812700000000001,9.88893,9.96354,10.03662,10.10808,10.17792,10.24623,10.31301,10.37835,10.44216,10.504529999999999,10.56546,10.62513,10.68336,10.74033,10.79595,10.850399999999999,10.90359,10.9557,11.00655,11.056320000000001,11.10501,11.15271,11.19933,11.24496,11.2896,11.33334,11.37618,11.41803,11.45907,11.4993,11.53872,11.57733,11.61513,11.65221,11.68848,11.72412,11.75904,11.793330000000001,11.8269,11.85984,11.89215,11.92383,11.954880000000001,11.98539,12.015360000000001,12.04479,12.073590000000001,12.10194,12.12975,12.15702,12.18384,12.21021,12.23604,12.26142,12.28644,12.310920000000001,12.335040000000001,12.35871,12.38193,12.40479,12.427200000000001,12.44934,12.47103,12.49227,12.513240000000001,12.533850000000001,12.5541,12.57399,12.59361,12.612870000000001,12.63177,12.6504,12.66867,12.68667,12.7044,12.721770000000001,12.73887,12.75579,12.77235,12.788640000000001,12.80466,12.820409999999999,12.835980000000001,12.85119,12.86622,12.881070000000001,12.89556,12.90996,12.924,12.93795,12.951630000000002,12.96513,12.97836,12.99141,13.00428,13.01697,13.02948,13.0419,13.05405,13.06602,13.077900000000001,13.0896,13.101120000000002,13.11255,13.123800000000001,13.134870000000001,13.145940000000001,13.156830000000001,13.167629999999999,13.17825,13.18887,13.19931,13.20975,13.2201,13.230360000000001,13.240530000000001,13.2507,13.26078,13.27086,13.280850000000001,13.29084,13.300920000000001,13.31091,13.3209,13.33089,13.34088,13.35096,13.361130000000001,13.3713,13.38147,13.39182,13.40217,13.41261,13.42323,13.433940000000002,13.44474,13.45572,13.466880000000002,13.47813,13.48956,13.50117,13.51305,13.52502,13.53735,13.54977,13.56255,13.57551,13.58874,13.60224,13.6161,13.63014,13.644630000000001,13.6593,13.67442,13.689810000000001,13.70565,13.72176,13.73823,13.75515,13.77243,13.79016,13.80825,13.8267,13.845690000000001,13.86504,13.88484,13.905180000000001,13.925880000000001,13.947030000000002,13.96872,13.990860000000001,14.013449999999999,14.03649,14.06007,14.0841,14.10867,14.133690000000001,14.15916,14.185170000000001,14.211720000000001,14.23863,14.26617,14.294160000000002,14.3226,14.35158,14.38101,14.41089,14.44131,14.472180000000002,14.503499999999999,14.53536,14.56767,14.60043,14.63355,14.66721,14.70132,14.735880000000002,14.7708,14.80626,14.84208,14.878260000000001,14.91489,14.95197,14.989320000000001,15.02721,15.06537,15.10389,15.142859999999999,15.18219,15.22179,15.26175,15.302070000000002,15.34275,15.383700000000001
15.4926,15.42051,15.34797,15.274980000000001,15.20154,15.12765,15.05322,14.97825,14.90274,14.82678,14.75019,14.672970000000001,14.59521,14.51682,14.43771,14.35806,14.277690000000002,14.19651,14.114700000000001,14.03208,13.94874,13.86459,13.77954,13.69368,13.60692,13.519260000000001,13.4307,13.341149999999999,13.25061,13.158990000000001,13.06638,12.9726,12.87783,12.78189,12.68469,12.58641,12.48687,12.38616,12.284099999999999,12.18078,12.0762,11.97036,11.86317,11.75472,11.64492,11.53395,11.42163,11.30823,11.193570000000001,11.07792,10.96128,10.84374,10.725389999999999,10.60659,10.48734,10.36791,10.24866,10.12977,10.01169,9.894779999999999,9.77949,9.666269999999999,9.55584,9.44865,9.34542,9.246780000000001,9.15363,9.0666,8.98641,8.913879000000001,8.849691,8.794467000000001,8.748765,8.713026,8.687565000000001,8.672526,8.667936000000001,8.673633,8.68932,8.714547,8.748747,8.791263,8.841330000000001,8.898165,8.96094,9.0288,9.10107,9.176760000000002,9.25524,9.335880000000001,9.417959999999999,9.50094,9.58437,9.66771,9.75069,9.83277,9.91386,9.993599999999999,10.07181,10.14831,10.22301,10.29573,10.366380000000001,10.43496,10.501380000000001,10.56564,10.627740000000001,10.68759,10.745190000000001,10.80063,10.85391,10.90503,10.95399,11.00088,11.0457,11.08845,11.12922,11.168009999999999,11.20491,11.23992,11.27313,11.30445,11.334060000000001,11.36187,11.38806,11.41254,11.4354,11.45664,11.47626,11.494439999999999,11.511090000000001,11.52621,11.539890000000002,11.55222,11.56302,11.57256,11.58066,11.58741,11.5929,11.59704,11.599920000000001,11.60154,11.6019,11.601,11.598840000000001,11.59551,11.59092,11.58525,11.578320000000001,11.57013,11.56086,11.55042,11.53872,11.52594,11.51199,11.496870000000001,11.48058,11.46312,11.444490000000002,11.42469,11.40372,11.381580000000001,11.358270000000001,11.33379,11.308050000000001,11.281139999999999,11.25306,11.22372,11.19312,11.16126,11.12814,11.09376,11.05803,11.02104,10.9827,10.94301,10.90197,10.859580000000001,10.81575,10.770480000000001,10.72377,10.67553,10.62585,10.57473,10.52199,10.467720000000002,10.41183,10.35441,10.29537,10.234620000000001,10.17234,10.108350000000002,10.04265,9.975330000000001,9.9063,9.83574,9.76347,9.68958,9.61407,9.53712,9.45864,9.3789,9.29781,9.21555,9.1323,9.04833,8.963649,8.878644,8.793567000000001,8.708751,8.624556,8.541405,8.459774999999999,8.38017,8.303139,8.229294000000001,8.159256,8.093664,8.033175000000002,7.978437,7.930062,7.888608,7.85457,7.8283439999999995,7.810218,7.800363000000001,7.798797000000001,7.805421,7.819983,7.842141000000001,7.871427,7.907265,7.949052000000001,7.996122,8.047782,8.103339,8.162118,8.223462000000001,8.286768,8.351450999999999,8.416989,8.482923000000001,8.548821,8.614296000000001,8.679051000000001,8.742771000000001,8.80524,8.866233,8.925588000000001,8.983152,9.03879,9.09243,9.144,9.1935,9.24075,9.28575,9.3285,9.369,9.407250000000001,9.44325,9.47691,9.50832,9.53757,9.56448,9.58914,9.611550000000001,9.6318,9.649799999999999,9.66564,9.67923,9.69075,9.70002,9.707130000000001,9.71217,9.71496,9.715679999999999,9.71424,9.71064,9.704880000000001,9.69705,9.686969999999999,9.67482,9.66042,9.64395,9.62523,9.60435,9.58122,9.55593,9.52839,9.4986,9.46665,9.43236,9.39591,9.35712,9.31617,9.27297,9.22752,9.17991,9.13014,9.07821,9.0243,8.968419,8.910648,8.851131,8.789994,8.727426,8.663625000000001,8.598834,8.533341000000002,8.467461,8.401581,8.336106000000001,8.271512999999999,8.208333,8.147115000000001,8.088489,8.033094,7.981614,7.934733,7.893134999999999,7.857486,7.828397999999999,7.806447,7.7920739999999995,7.785657,7.787421,7.797492000000001,7.815834000000001,7.842294000000001,7.876575,7.918298999999999,7.9669620000000005,8.022024000000002,8.082873,8.14887,8.219376,8.293743000000001,8.371350000000001,8.451612,8.533989,8.617958999999999,8.703072,8.788923,8.875125,8.961381000000001,9.04743,9.13293,9.2178,9.301770000000001,9.38475,9.46665,9.54729,9.62667,9.704699999999999,9.78129,9.85644,9.93024,10.00251,10.07334,10.14264,10.21059,10.27701,10.34208,10.40571,10.46799,10.528920000000001,10.588500000000002,10.64682,10.703790000000001,10.75959,10.81413,10.8675,10.919699999999999,10.97082,11.02077,11.06973,11.11761,11.1645,11.21031,11.255220000000001,11.299230000000001,11.34225,11.38446,11.42577,11.46627,11.50587,11.54475,11.58282,11.62008,11.65671,11.69253,11.72772,11.76219,11.79603,11.82915,11.861640000000001,11.89359,11.92491,11.9556,11.985750000000001,12.015360000000001,12.04443,12.07296,12.10095,12.128400000000001,12.1554,12.18186,12.20787,12.23343,12.25854,12.2832,12.307409999999999,12.33126,12.35457,12.37752,12.400110000000002,12.42234,12.44412,12.46554,12.486600000000001,12.50721,12.52755,12.547530000000002,12.56715,12.5865,12.60549,12.62412,12.64248,12.66048,12.67821,12.69567,12.712860000000001,12.72969,12.74625,12.76254,12.77856,12.79431,12.80988,12.82509,12.84012,12.854880000000001,12.86937,12.883680000000002,12.89772,12.91149,12.92517,12.93849,12.95172,12.964680000000001,12.97746,12.990060000000001,13.00248,13.01472,13.02669,13.03857,13.05027,13.06179,13.073220000000001,13.08438,13.09554,13.10643,13.117230000000001,13.12794,13.13847,13.14891,13.15926,13.16952,13.17969,13.189770000000001,13.19967,13.209660000000001,13.21947,13.22928,13.239,13.24872,13.25835,13.267980000000001,13.277610000000001,13.28724,13.29687,13.3065,13.316130000000001,13.32585,13.33557,13.34538,13.35519,13.365179999999999,13.37517,13.385250000000001,13.395420000000001,13.40577,13.416210000000001,13.426829999999999,13.43754,13.44843,13.4595,13.470839999999999,13.48227,13.49397,13.50585,13.518,13.53033,13.54293,13.55589,13.569030000000001,13.58253,13.5963,13.610430000000001,13.62492,13.63968,13.654800000000002,13.67028,13.686119999999999,13.70241,13.719059999999999,13.73607,13.753530000000001,13.77144,13.7898,13.808520000000001,13.82769,13.8474,13.86747,13.88808,13.909139999999999,13.93065,13.9527,13.975200000000001,13.99815,14.02164,14.04567,14.07015,14.09508,14.12064,14.146650000000001,14.17311,14.20011,14.22765,14.255640000000001,14.28417,14.31324,14.34276,14.37273,14.403239999999998,14.43429,14.4657,14.49774,14.530140000000001,14.562990000000001,14.59638,14.630220000000001,14.664510000000002,14.69925,14.734350000000001,14.769990000000002,14.805990000000001,14.842439999999998,14.87934,14.916600000000003,14.954220000000001,14.99229,15.03072,15.069510000000001,15.108660000000002,15.148259999999999,15.18813,15.22836,15.268949999999998,15.309899999999999,15.35112
15.50547,15.433739999999998,15.361650000000001,15.28911,15.21612,15.142679999999999,15.0687,14.99427,14.919300000000002,14.843789999999998,14.76774,14.69115,14.61402,14.536259999999999,14.45787,14.37876,14.29911,14.21874,14.13765,14.05584,13.97331,13.88997,13.80591,13.72095,13.63518,13.5486,13.46112,13.37265,13.28328,13.19301,13.101659999999999,13.00932,12.91599,12.82158,12.726090000000001,12.629430000000001,12.531780000000001,12.43287,12.332880000000001,12.23172,12.129480000000001,12.02598,11.92131,11.81556,11.70864,11.60064,11.49156,11.381490000000001,11.270520000000001,11.15865,11.04597,10.93266,10.818900000000001,10.70469,10.59039,10.476180000000001,10.36233,10.2492,10.13697,10.02609,9.917010000000001,9.81027,9.706230000000001,9.60552,9.50877,9.41661,9.32958,9.2484,9.1737,9.106110000000001,9.04626,8.994726,8.951859,8.918073,8.893611,8.878599,8.873055,8.876826,8.88966,8.911179,8.940906,8.978274,9.022590000000001,9.073260000000001,9.1296,9.190710000000001,9.25605,9.324810000000001,9.39645,9.470250000000002,9.54567,9.62217,9.6993,9.7767,9.85383,9.93042,10.0062,10.08099,10.15452,10.22661,10.297080000000001,10.36584,10.4328,10.49787,10.561050000000002,10.622250000000001,10.68138,10.738529999999999,10.793610000000001,10.84662,10.89765,10.946610000000002,10.99368,11.038680000000001,11.081700000000001,11.12283,11.16207,11.19951,11.23497,11.26872,11.30067,11.330910000000001,11.359440000000001,11.38626,11.41146,11.435130000000001,11.45709,11.47761,11.496509999999999,11.51397,11.52999,11.54448,11.55762,11.56932,11.57967,11.58876,11.59641,11.6028,11.607840000000001,11.61162,11.614230000000001,11.615490000000001,11.61558,11.61441,11.612070000000001,11.60856,11.60379,11.59794,11.59083,11.58264,11.57328,11.562750000000001,11.55105,11.53818,11.524230000000001,11.509110000000002,11.49291,11.47554,11.457,11.43729,11.416500000000001,11.394540000000001,11.371410000000001,11.34711,11.32164,11.295000000000002,11.26719,11.23821,11.207970000000001,11.17647,11.1438,11.10987,11.074679999999999,11.03823,11.00052,10.961459999999999,10.92105,10.879380000000001,10.83636,10.7919,10.746089999999999,10.69884,10.65024,10.60011,10.548630000000001,10.49553,10.441080000000001,10.38501,10.3275,10.26837,10.2078,10.14561,10.08198,10.01673,9.95004,9.88173,9.81198,9.74088,9.66825,9.59436,9.519210000000001,9.442800000000002,9.365400000000001,9.28701,9.2079,9.128160000000001,9.04806,8.967762,8.887608,8.807904,8.728992000000002,8.651259000000001,8.575146,8.501103,8.429634,8.361279,8.296587,8.236107,8.180415,8.13006,8.085555000000001,8.047368,8.015931,7.99155,7.974468,7.964811000000001,7.962615,7.9677810000000004,7.980093000000001,7.999272,8.024913,8.056539,8.093637,8.135631,8.181936,8.23194,8.285058,8.340714,8.39835,8.457453,8.517546,8.578187999999999,8.638983,8.699589,8.759682,8.818983000000001,8.877267000000002,8.934318000000001,8.989956,9.04401,9.096390000000001,9.14706,9.19575,9.242550000000001,9.287370000000001,9.330119999999999,9.370709999999999,9.409320000000001,9.445770000000001,9.48006,9.51228,9.54225,9.57015,9.59598,9.61956,9.641070000000001,9.66051,9.67779,9.69291,9.70605,9.71703,9.72594,9.73278,9.737639999999999,9.74034,9.74097,9.73953,9.73611,9.73053,9.72297,9.71334,9.701550000000001,9.68778,9.67185,9.65385,9.63378,9.611640000000001,9.58734,9.560970000000001,9.53244,9.501840000000001,9.46908,9.43425,9.39735,9.35829,9.31716,9.27405,9.22887,9.18171,9.13266,9.08172,9.029069999999999,8.974791,8.918955,8.861742,8.803332000000001,8.743932,8.683767000000001,8.623125000000002,8.562312,8.501688,8.44164,8.3826,8.325045,8.269497000000001,8.216505,8.166627,8.120475,8.078634000000001,8.041707,8.010243000000001,7.984782000000001,7.965783000000001,7.953651,7.9486740000000005,7.951067999999999,7.960923000000001,7.978221,8.002827,8.034507,8.072955,8.117748,8.168427,8.224479,8.285355,8.350506000000001,8.419374000000001,8.49141,8.566101,8.642943,8.721477,8.801289,8.881992,8.963235,9.04473,9.12618,9.20736,9.28809,9.36819,9.44739,9.52578,9.60309,9.67932,9.754380000000001,9.82827,9.90081,9.972,10.04202,10.1106,10.17792,10.2438,10.30842,10.371780000000001,10.4337,10.49445,10.55385,10.61208,10.66905,10.72476,10.779390000000001,10.83285,10.88514,10.936350000000001,10.98639,11.03553,11.083499999999999,11.13057,11.17665,11.22174,11.265929999999999,11.30922,11.35161,11.3931,11.43378,11.473650000000001,11.51271,11.55105,11.58858,11.62539,11.66139,11.69676,11.7315,11.76552,11.79891,11.83158,11.863710000000001,11.89521,11.92617,11.9565,11.98629,12.01554,12.044160000000002,12.072330000000001,12.09996,12.12714,12.153780000000001,12.17997,12.20562,12.23091,12.25566,12.280050000000001,12.303989999999999,12.327480000000001,12.35052,12.373199999999999,12.395520000000001,12.417390000000001,12.4389,12.46005,12.48075,12.50118,12.52125,12.54096,12.56031,12.57939,12.59811,12.61647,12.63456,12.65229,12.66975,12.68694,12.70377,12.720329999999999,12.73671,12.752730000000001,12.76848,12.78396,12.79917,12.81411,12.82887,12.84336,12.857579999999999,12.87153,12.8853,12.898890000000002,12.91221,12.92526,12.93822,12.95091,12.963330000000001,12.975660000000001,12.98772,12.999690000000001,13.01139,13.022910000000001,13.03434,13.045499999999999,13.05657,13.067459999999999,13.07826,13.088880000000001,13.09932,13.10967,13.11993,13.13001,13.14,13.1499,13.15971,13.16943,13.17906,13.188600000000001,13.19805,13.207500000000001,13.21686,13.22622,13.23549,13.244760000000001,13.25403,13.26321,13.27248,13.28175,13.29102,13.30029,13.309650000000001,13.3191,13.32855,13.338090000000001,13.34763,13.35735,13.36716,13.37715,13.387139999999999,13.3974,13.407750000000002,13.418280000000001,13.4289,13.43979,13.450949999999999,13.462200000000001,13.47372,13.48551,13.49748,13.50981,13.52232,13.53519,13.54833,13.56183,13.5756,13.589730000000001,13.60422,13.61907,13.63428,13.649849999999999,13.665780000000002,13.682250000000002,13.69899,13.71627,13.73391,13.751999999999999,13.77054,13.789530000000001,13.80906,13.82895,13.84938,13.87035,13.89177,13.913640000000001,13.936050000000002,13.959,13.9824,14.00634,14.03082,14.05575,14.08122,14.10723,14.13378,14.160779999999999,14.18832,14.2164,14.24502,14.27409,14.303700000000001,14.333850000000002,14.36445,14.39559,14.427180000000002,14.45931,14.49189,14.52492,14.558490000000003,14.592509999999999,14.62698,14.661900000000001,14.697270000000001,14.73309,14.76927,14.805990000000001,14.84307,14.8806,14.91849,14.956740000000002,14.99544,15.0345,15.07401,15.11379,15.153930000000003,15.19443,15.23529,15.27651,15.318
15.518609999999999,15.44733,15.37569,15.303600000000001,15.231060000000001,15.158070000000002,15.08463,15.01065,14.93622,14.86134,14.785829999999999,14.70987,14.633280000000001,14.55615,14.47839,14.40009,14.32107,14.24151,14.161140000000001,14.08014,13.998510000000001,13.916070000000001,13.83282,13.748940000000001,13.664159999999999,13.578570000000001,13.492170000000002,13.404869999999999,13.31676,13.22766,13.13775,13.046759999999999,12.95496,12.86208,12.76821,12.673350000000001,12.57741,12.48048,12.38256,12.283560000000001,12.183480000000001,12.08241,11.980260000000001,11.87721,11.77308,11.66805,11.56212,11.45538,11.34783,11.239650000000001,11.13093,11.02167,10.912230000000001,10.802520000000001,10.69299,10.583730000000001,10.47501,10.3671,10.26036,10.155240000000001,10.051919999999999,9.95103,9.852929999999999,9.75816,9.66726,9.580860000000001,9.49932,9.42336,9.35352,9.29034,9.23436,9.18594,9.14553,9.1134,9.08982,9.07479,9.06831,9.07038,9.08064,9.09891,9.12465,9.157409999999999,9.19665,9.24183,9.29223,9.34722,9.40635,9.46881,9.53406,9.601560000000001,9.670860000000001,9.741330000000001,9.81252,9.88425,9.95589,10.027260000000002,10.098090000000001,10.16811,10.23705,10.30491,10.37133,10.43622,10.49958,10.56123,10.62117,10.679310000000001,10.73565,10.7901,10.84266,10.89333,10.94211,10.989,11.034,11.0772,11.11851,11.15802,11.195640000000001,11.23155,11.26575,11.29815,11.32893,11.357999999999999,11.385449999999999,11.41128,11.435580000000002,11.458260000000001,11.47941,11.49912,11.5173,11.534040000000001,11.549339999999999,11.56329,11.575800000000001,11.58696,11.596860000000001,11.605410000000001,11.61261,11.618549999999999,11.62323,11.62674,11.6289,11.629890000000001,11.629710000000001,11.62836,11.62575,11.62197,11.61711,11.61108,11.60388,11.59551,11.58606,11.57544,11.56374,11.550870000000002,11.53692,11.521889999999999,11.505690000000001,11.48832,11.46987,11.45034,11.429730000000001,11.40786,11.385,11.360880000000002,11.33568,11.30931,11.28186,11.253150000000002,11.22327,11.19222,11.16,11.126520000000001,11.09187,11.05596,11.01888,10.98045,10.94076,10.89981,10.857510000000001,10.81395,10.76904,10.72278,10.67517,10.62621,10.57581,10.52406,10.47087,10.41624,10.36026,10.30275,10.24389,10.183589999999999,10.12185,10.05867,9.99414,9.92826,9.86103,9.79245,9.722700000000001,9.65178,9.57978,9.5067,9.43281,9.35811,9.282869999999999,9.20727,9.131400000000001,9.055530000000001,8.980001999999999,8.905050000000001,8.831025,8.758269,8.687196,8.618219999999999,8.551782,8.488358999999999,8.428446000000001,8.37252,8.321067000000001,8.274564000000002,8.233452,8.198127000000001,8.16894,8.146152,8.129961,8.120475,8.117703,8.121582,8.131923,8.148483,8.170911,8.198829,8.231769,8.269254,8.310771,8.355798,8.403813,8.454294,8.506772999999999,8.560755,8.615826,8.671581,8.727642000000001,8.783676,8.839395,8.894529,8.948844000000001,9.00216,9.05427,9.104940000000001,9.15426,9.20187,9.24786,9.292050000000001,9.33444,9.37494,9.41355,9.45018,9.48492,9.51759,9.54828,9.5769,9.60354,9.628200000000001,9.65079,9.6714,9.68994,9.7065,9.72099,9.73359,9.74412,9.75267,9.75924,9.763829999999999,9.76644,9.76698,9.76563,9.7623,9.756990000000002,9.7497,9.74034,9.729090000000001,9.715860000000001,9.70056,9.68328,9.66402,9.64278,9.61956,9.59427,9.56709,9.537840000000001,9.50652,9.47331,9.438120000000001,9.40104,9.36198,9.32103,9.27819,9.233640000000001,9.18729,9.13932,9.08982,9.03879,8.986509000000002,8.933031,8.878554,8.823303000000001,8.767485,8.711378999999999,8.655282,8.599518000000002,8.544456,8.490501,8.438085000000001,8.387667,8.339751,8.294832000000001,8.253432,8.216073000000002,8.183268,8.155503,8.133219,8.11683,8.106651,8.102952,8.105895,8.11557,8.131959,8.154972,8.184393,8.219979,8.26137,8.308188000000001,8.359992,8.416314,8.476677,8.540595,8.607591000000001,8.677197,8.748972,8.822511,8.897409000000001,8.973324,9.04995,9.126900000000001,9.204120000000001,9.28116,9.357930000000001,9.43425,9.50994,9.58491,9.658980000000001,9.73224,9.80433,9.87543,9.94545,10.0143,10.08189,10.14831,10.21356,10.27755,10.34037,10.40193,10.462230000000002,10.521360000000001,10.57932,10.63611,10.69173,10.74627,10.79964,10.851930000000001,10.90314,10.953360000000002,11.0025,11.050559999999999,11.09772,11.143889999999999,11.18916,11.23353,11.276909999999999,11.31948,11.36115,11.40201,11.44206,11.48139,11.51982,11.55753,11.59452,11.63079,11.66643,11.701260000000001,11.735460000000002,11.76903,11.80197,11.834280000000001,11.865960000000001,11.89701,11.927520000000001,11.95749,11.98692,12.01572,12.044070000000001,12.07188,12.09915,12.12597,12.15225,12.17808,12.20346,12.22839,12.25287,12.2769,12.300569999999999,12.3237,12.34647,12.36888,12.39084,12.41244,12.43368,12.45456,12.47499,12.49515,12.51495,12.5343,12.55347,12.572189999999999,12.59064,12.608730000000001,12.62655,12.64401,12.6612,12.67812,12.69468,12.710970000000001,12.72699,12.74274,12.758220000000001,12.773430000000001,12.78837,12.803040000000001,12.81753,12.831750000000001,12.8457,12.85938,12.87288,12.88611,12.89916,12.911940000000001,12.92454,12.93687,12.949110000000001,12.961079999999999,12.97287,12.98448,12.99591,13.007069999999999,13.01814,13.029029999999999,13.03983,13.050360000000001,13.0608,13.071060000000001,13.081230000000001,13.09122,13.101120000000002,13.110840000000001,13.120470000000001,13.13001,13.13946,13.14882,13.158090000000001,13.16727,13.17636,13.18545,13.194450000000002,13.203360000000002,13.21227,13.22118,13.23,13.238909999999999,13.24773,13.25655,13.265460000000001,13.27437,13.28328,13.29228,13.30137,13.31046,13.31973,13.329,13.33845,13.3479,13.357619999999999,13.36743,13.37733,13.387500000000001,13.39776,13.40829,13.419,13.42989,13.44105,13.452390000000001,13.46409,13.47597,13.48812,13.500630000000001,13.5135,13.52655,13.540049999999999,13.55382,13.56804,13.58253,13.59747,13.61277,13.62843,13.644540000000001,13.661100000000001,13.67811,13.69557,13.71339,13.73175,13.75056,13.76991,13.78971,13.80996,13.83075,13.85199,13.87377,13.89609,13.91895,13.942350000000001,13.9662,13.99059,14.01552,14.04099,14.067,14.09355,14.12064,14.14827,14.176350000000001,14.205060000000001,14.23422,14.26392,14.294160000000002,14.324940000000002,14.35617,14.38794,14.420160000000001,14.452920000000002,14.486130000000001,14.519879999999999,14.554079999999999,14.588730000000002,14.62392,14.65947,14.695469999999998,14.73201,14.76891,14.80626,14.843970000000002,14.882129999999998,14.920740000000002,14.959620000000001,14.998950000000002,15.038730000000001,15.078780000000002,15.11919,15.16005,15.20118,15.24267,15.284430000000002
15.53202,15.461189999999998,15.390000000000002,15.318359999999998,15.24627,15.173820000000001,15.10092,15.027479999999999,14.953590000000002,14.879249999999999,14.80437,14.728950000000001,14.652989999999999,14.576490000000002,14.49945,14.42187,14.343570000000001,14.26473,14.185170000000001,14.10507,14.02416,13.94262,13.86036,13.777379999999999,13.69368,13.60917,13.523850000000001,13.437809999999999,13.35087,13.26312,13.17447,13.08492,12.99456,12.9033,12.811050000000002,12.7179,12.623850000000001,12.52881,12.43287,12.33603,12.2382,12.139470000000001,12.03984,11.939400000000001,11.83806,11.73591,11.633130000000001,11.52954,11.425500000000001,11.320829999999999,11.21589,11.11059,11.0052,10.8999,10.79478,10.6902,10.586340000000002,10.48347,10.38186,10.28196,10.18404,10.08855,9.995940000000001,9.90657,9.82098,9.73971,9.663120000000001,9.591840000000001,9.52632,9.46701,9.41436,9.368730000000001,9.330390000000001,9.2997,9.27675,9.26172,9.254430000000001,9.25497,9.262979999999999,9.27819,9.30042,9.32904,9.36369,9.403920000000001,9.449010000000001,9.498510000000001,9.55188,9.60858,9.66807,9.72981,9.79326,9.85815,9.92385,9.990179999999999,10.05669,10.123199999999999,10.18926,10.25469,10.31931,10.38303,10.44549,10.506689999999999,10.566540000000002,10.62486,10.68165,10.73682,10.790370000000001,10.84212,10.892249999999999,10.94058,10.987110000000001,11.031930000000001,11.074950000000001,11.11626,11.15586,11.193660000000001,11.229840000000001,11.26431,11.297070000000001,11.32821,11.35773,11.38563,11.412,11.43684,11.46015,11.48193,11.502270000000001,11.52108,11.538540000000001,11.55456,11.56923,11.582460000000001,11.594430000000001,11.60505,11.61441,11.62242,11.62926,11.63475,11.63907,11.642130000000002,11.64402,11.644739999999999,11.64429,11.64258,11.63979,11.63583,11.63079,11.62458,11.6172,11.60883,11.5992,11.58858,11.576789999999999,11.563920000000001,11.54997,11.534939999999999,11.518830000000001,11.50155,11.48328,11.463840000000001,11.44332,11.42172,11.39895,11.3751,11.35017,11.32407,11.29689,11.26854,11.23911,11.20842,11.17665,11.14371,11.1096,11.07423,11.03769,10.99998,10.96101,10.92078,10.879290000000001,10.83654,10.79262,10.74726,10.70073,10.652849999999999,10.603620000000001,10.55313,10.501290000000001,10.4481,10.39356,10.337670000000001,10.280520000000001,10.222019999999999,10.16217,10.10106,10.03869,9.97506,9.910260000000001,9.84429,9.77733,9.709200000000001,9.64026,9.57042,9.49986,9.42876,9.35721,9.28539,9.21348,9.14184,9.07056,9.00009,8.930546999999999,8.862372,8.795907,8.731539,8.669654999999999,8.610678,8.555049,8.503173,8.455491,8.41239,8.374266,8.341443,8.314209,8.292807000000002,8.277381,8.268021000000001,8.264754,8.267481,8.276085,8.290323,8.309925,8.33454,8.363799,8.397261,8.434494,8.475039,8.518446,8.564247,8.61201,8.661312,8.711766,8.762984999999999,8.814645,8.866431,8.918046,8.969256,9.0198,9.069569999999999,9.11826,9.165780000000002,9.21204,9.25686,9.30015,9.34191,9.381960000000001,9.420300000000001,9.45693,9.491670000000001,9.524610000000001,9.55566,9.58491,9.61218,9.637559999999999,9.661050000000001,9.68265,9.70236,9.72009,9.73593,9.74979,9.76185,9.77193,9.78012,9.78642,9.790740000000001,9.79326,9.7938,9.79245,9.789209999999999,9.78408,9.77706,9.76815,9.75735,9.74457,9.72999,9.71343,9.69498,9.67464,9.65241,9.62829,9.60228,9.57438,9.544590000000001,9.512910000000002,9.47952,9.44424,9.407160000000001,9.36837,9.32787,9.28575,9.2421,9.19692,9.15039,9.1026,9.05364,9.003689999999999,8.952939,8.901585,8.849844,8.797968000000001,8.746236,8.694972,8.6445,8.595198,8.547462000000001,8.501706,8.458362000000001,8.417898000000001,8.380746,8.347383,8.318241,8.293743000000001,8.274276,8.260173,8.251722000000001,8.249148,8.252585999999999,8.262117,8.277732,8.299341,8.3268,8.359866,8.398269,8.441667,8.489691,8.541945,8.598015,8.657469,8.719902,8.784882,8.852031,8.920962,8.991324,9.06282,9.13509,9.2079,9.280980000000001,9.35415,9.427140000000001,9.49986,9.57213,9.64386,9.71487,9.78507,9.854460000000001,9.92286,9.99036,10.056780000000002,10.12212,10.18638,10.24965,10.31166,10.37259,10.43244,10.49112,10.548720000000001,10.60524,10.660590000000001,10.71495,10.76814,10.820340000000002,10.87146,10.92159,10.97073,11.01888,11.066040000000001,11.1123,11.15766,11.20203,11.245590000000002,11.288250000000001,11.3301,11.37105,11.41128,11.450700000000001,11.48931,11.5272,11.56437,11.60073,11.63646,11.671560000000001,11.70594,11.739690000000001,11.77272,11.805209999999999,11.83707,11.8683,11.89899,11.92905,11.95866,11.987639999999999,12.01608,12.044070000000001,12.07143,12.09843,12.124889999999999,12.15081,12.17628,12.20139,12.22596,12.25008,12.273840000000002,12.29715,12.32001,12.34251,12.36456,12.38625,12.40758,12.428460000000001,12.44898,12.46923,12.48903,12.508560000000001,12.527640000000002,12.54645,12.56499,12.583079999999999,12.6009,12.618450000000001,12.63564,12.652560000000001,12.66921,12.685500000000001,12.70152,12.717270000000001,12.732750000000001,12.74787,12.76281,12.77748,12.79188,12.806099999999999,12.81996,12.83364,12.84705,12.86019,12.87315,12.88593,12.89844,12.910680000000001,12.92274,12.93462,12.94632,12.95775,12.96909,12.98016,12.99105,13.001850000000001,13.01238,13.02282,13.03299,13.04307,13.05306,13.06287,13.0725,13.082040000000001,13.0914,13.100760000000001,13.10985,13.11894,13.12794,13.13685,13.145669999999999,13.1544,13.16304,13.17159,13.18023,13.18869,13.19724,13.2057,13.21407,13.22253,13.23099,13.23945,13.248000000000001,13.25655,13.2651,13.27374,13.28247,13.291200000000002,13.30011,13.30911,13.318200000000001,13.32747,13.33683,13.34637,13.35609,13.36599,13.37607,13.38642,13.39695,13.40766,13.41864,13.42989,13.441500000000001,13.45329,13.465440000000001,13.477860000000002,13.490639999999999,13.50378,13.51719,13.53105,13.54527,13.559849999999999,13.57488,13.59027,13.606110000000001,13.622399999999999,13.639140000000001,13.65633,13.67397,13.69215,13.71078,13.72986,13.74948,13.76964,13.79025,13.8114,13.83309,13.85532,13.87809,13.9014,13.92525,13.94955,13.974480000000002,13.99995,14.025960000000001,14.05251,14.07969,14.10732,14.135489999999999,14.16429,14.19354,14.223329999999999,14.25366,14.28453,14.31594,14.34789,14.38029,14.413230000000002,14.446620000000001,14.480550000000001,14.514930000000001,14.54985,14.58522,14.62104,14.657310000000003,14.69403,14.73111,14.768730000000001,14.806800000000003,14.845139999999999,14.884020000000001,14.923259999999999,14.96286,15.002909999999998,15.043230000000001,15.084000000000001,15.125039999999998,15.166530000000002,15.20829,15.25041
15.54579,15.47541,15.40467,15.33348,15.26193,15.18993,15.11748,15.04467,14.971319999999999,14.897520000000002,14.823270000000003,14.74848,14.67315,14.597370000000002,14.52096,14.44401,14.36652,14.2884,14.20974,14.13036,14.05044,13.969800000000001,13.88844,13.80645,13.72374,13.640310000000001,13.55616,13.47129,13.38561,13.29912,13.211820000000001,13.123709999999999,13.034880000000001,12.94515,12.85452,12.76317,12.670919999999999,12.577770000000001,12.48381,12.38904,12.29346,12.19707,12.09996,12.00204,11.903400000000001,11.80413,11.70432,11.60397,11.50317,11.40201,11.30058,11.199150000000001,11.09772,10.99647,10.895669999999999,10.795499999999999,10.696140000000002,10.597949999999999,10.501199999999999,10.40616,10.31319,10.22274,10.13508,10.05066,9.969840000000001,9.89325,9.82116,9.75402,9.69237,9.63648,9.58671,9.54351,9.50706,9.47763,9.45522,9.440100000000001,9.43209,9.431099999999999,9.43704,9.44973,9.46863,9.49365,9.52416,9.55989,9.60021,9.644670000000001,9.69291,9.7443,9.798390000000001,9.85473,9.91296,9.97254,10.0332,10.09449,10.156139999999999,10.21788,10.27944,10.34055,10.40112,10.460790000000001,10.51947,10.57716,10.63359,10.68867,10.7424,10.7946,10.84536,10.89459,10.9422,10.98819,11.03256,11.07531,11.116439999999999,11.15586,11.19375,11.229930000000001,11.26449,11.29752,11.32893,11.35872,11.387070000000001,11.4138,11.43909,11.46285,11.48517,11.50605,11.525490000000001,11.54358,11.56023,11.57553,11.58957,11.60217,11.61351,11.62359,11.63241,11.63997,11.646270000000001,11.6514,11.65527,11.65806,11.65959,11.65995,11.65923,11.657250000000001,11.65428,11.65014,11.64483,11.63844,11.63097,11.62242,11.61279,11.602079999999999,11.59029,11.57742,11.56347,11.54844,11.532330000000002,11.51523,11.49696,11.4777,11.45727,11.43585,11.41335,11.38977,11.365020000000001,11.33928,11.31237,11.28438,11.255310000000001,11.22516,11.19375,11.16135,11.127690000000001,11.09295,11.05704,11.019960000000001,10.98171,10.9422,10.90152,10.85967,10.81656,10.77228,10.72674,10.67994,10.63197,10.58265,10.532160000000001,10.480410000000001,10.42731,10.373040000000001,10.3176,10.260810000000001,10.202940000000002,10.14381,10.08351,10.02213,9.95976,9.89622,9.83187,9.76653,9.70047,9.633690000000001,9.566370000000001,9.4986,9.430560000000002,9.36243,9.2943,9.22653,9.1593,9.09288,9.02754,8.963541000000001,8.901297000000001,8.841114000000001,8.783352,8.728389,8.676594000000001,8.628354,8.58402,8.543943,8.508447,8.477820000000001,8.452314000000001,8.432109,8.417340000000001,8.408088000000001,8.404353,8.406081,8.413128,8.425314,8.442405,8.464095,8.490060000000001,8.519931,8.553321,8.589834,8.629065,8.670609,8.714079,8.759096999999999,8.805294,8.852337,8.899911000000001,8.947719000000001,8.9955,9.04302,9.09,9.13635,9.18189,9.22635,9.26973,9.311850000000002,9.35262,9.39195,9.42975,9.46602,9.500580000000001,9.533520000000001,9.56475,9.59427,9.62208,9.648000000000001,9.67221,9.69462,9.715140000000002,9.73395,9.75087,9.76599,9.77922,9.790740000000001,9.800370000000001,9.8082,9.81414,9.81837,9.82071,9.82125,9.8199,9.816840000000001,9.811890000000002,9.805140000000002,9.79659,9.786150000000001,9.774,9.759960000000001,9.74412,9.72657,9.707130000000001,9.68589,9.66285,9.63801,9.61146,9.58311,9.55305,9.52128,9.4878,9.4527,9.41598,9.377730000000001,9.338040000000001,9.29682,9.254430000000001,9.21069,9.16596,9.12015,9.07362,9.02637,8.978661,8.930727000000001,8.882793000000001,8.835120000000002,8.788005,8.741763,8.696718,8.653248,8.611713,8.572509,8.536040999999999,8.502714,8.472915,8.447040000000001,8.42544,8.408457,8.396388,8.389458,8.387874,8.391762,8.401167000000001,8.416107,8.436501,8.462223,8.493075000000001,8.528832000000001,8.569197,8.613864,8.662482,8.714691,8.770121999999999,8.828396999999999,8.889174,8.952075,9.01674,9.08289,9.1503,9.218520000000002,9.287370000000001,9.356670000000001,9.42606,9.49554,9.56484,9.63387,9.70245,9.77049,9.83781,9.9045,9.97029,10.035359999999999,10.099440000000001,10.16253,10.22472,10.28592,10.34613,10.40526,10.4634,10.52046,10.57644,10.63152,10.68552,10.73844,10.790370000000001,10.8414,10.89135,10.9404,10.98846,11.03562,11.08188,11.12715,11.171610000000001,11.215259999999999,11.25792,11.29986,11.340900000000001,11.381219999999999,11.42073,11.45952,11.4975,11.53476,11.571299999999999,11.60721,11.6424,11.67687,11.7108,11.74401,11.77659,11.80854,11.83995,11.87082,11.90106,11.93076,11.95983,11.98845,12.01653,12.044070000000001,12.07116,12.097710000000001,12.12381,12.14946,12.174570000000001,12.19932,12.22353,12.24738,12.27078,12.293730000000002,12.31632,12.338460000000001,12.36024,12.38166,12.40263,12.42324,12.44349,12.46338,12.48291,12.50217,12.52098,12.539520000000001,12.5577,12.57552,12.59307,12.61035,12.627270000000001,12.643830000000001,12.660210000000001,12.67623,12.691980000000001,12.707370000000001,12.72258,12.73752,12.7521,12.7665,12.78063,12.794490000000001,12.80808,12.82149,12.83454,12.8475,12.8601,12.87252,12.88476,12.896730000000002,12.908520000000001,12.92004,12.93138,12.94254,12.95352,12.96432,12.97485,12.98529,12.99546,13.00554,13.015440000000002,13.025160000000001,13.034790000000001,13.04424,13.05351,13.06269,13.07178,13.08069,13.08951,13.09815,13.10679,13.11525,13.123709999999999,13.131990000000002,13.140270000000001,13.14855,13.156649999999999,13.16475,13.17285,13.180950000000001,13.188960000000002,13.19697,13.205070000000001,13.213080000000001,13.22118,13.22928,13.23747,13.245659999999999,13.25394,13.262310000000001,13.27077,13.27932,13.28805,13.29687,13.30578,13.31487,13.32423,13.333680000000001,13.34331,13.35321,13.363290000000001,13.37364,13.38426,13.39515,13.40631,13.41774,13.42944,13.441500000000001,13.45392,13.4667,13.479840000000001,13.49334,13.5072,13.52151,13.53618,13.551300000000001,13.56687,13.58289,13.59936,13.616370000000002,13.63374,13.65165,13.6701,13.689000000000002,13.708440000000001,13.72842,13.748940000000001,13.770000000000001,13.79151,13.813649999999999,13.83633,13.85955,13.88331,13.9077,13.932540000000001,13.958010000000002,13.984110000000001,14.01066,14.037840000000001,14.06556,14.093820000000001,14.122620000000001,14.151959999999999,14.18193,14.212349999999999,14.243400000000001,14.2749,14.30703,14.33961,14.37273,14.406300000000002,14.440500000000002,14.475060000000001,14.510159999999999,14.5458,14.581800000000001,14.61834,14.65533,14.69277,14.73066,14.76891,14.80761,14.846760000000002,14.88627,14.926139999999998,14.966460000000001,15.007140000000001,15.048179999999999,15.089580000000002,15.13134,15.17346,15.215850000000001
15.55983,15.489899999999999,15.41961,15.348960000000002,15.27786,15.2064,15.13449,15.062220000000002,14.989410000000001,14.91624,14.842530000000002,14.768370000000003,14.69376,14.61852,14.54292,14.466690000000002,14.38992,14.312610000000001,14.23467,14.15619,14.07708,13.99743,13.917060000000001,13.83606,13.754340000000001,13.672080000000001,13.58901,13.505310000000001,13.420800000000002,13.335659999999999,13.24971,13.16304,13.07565,12.987540000000001,12.89853,12.808890000000002,12.718440000000001,12.627180000000001,12.535290000000002,12.442590000000001,12.349169999999999,12.25512,12.16035,12.06495,11.96901,11.872530000000001,11.7756,11.67831,11.58066,11.482920000000002,11.385,11.28708,11.189430000000002,11.09214,10.99539,10.89936,10.804409999999999,10.710540000000002,10.61829,10.52784,10.43946,10.35351,10.27035,10.19043,10.11411,10.04166,9.97362,9.91017,9.85194,9.79911,9.75195,9.71091,9.675989999999999,9.64764,9.625680000000001,9.610470000000001,9.60174,9.599490000000001,9.60354,9.613800000000001,9.62991,9.65151,9.67833,9.70992,9.74592,9.78588,9.82935,9.87588,9.92502,9.976500000000001,10.02978,10.0845,10.1403,10.19691,10.25406,10.311300000000001,10.36863,10.4256,10.48212,10.53801,10.59318,10.647269999999999,10.70046,10.75239,10.80315,10.85256,10.90062,10.94724,10.992510000000001,11.036249999999999,11.07846,11.11914,11.15829,11.19591,11.232000000000001,11.26665,11.29968,11.33118,11.36124,11.38977,11.41686,11.44242,11.46663,11.4894,11.51073,11.53071,11.54925,11.56653,11.582370000000001,11.596950000000001,11.61027,11.622240000000001,11.63304,11.64249,11.65077,11.65788,11.66373,11.66841,11.67192,11.67426,11.67552,11.67552,11.67453,11.67237,11.66904,11.66472,11.65923,11.65275,11.645100000000001,11.63646,11.62674,11.61594,11.60406,11.59119,11.57724,11.5623,11.546280000000001,11.52918,11.511090000000001,11.49192,11.47167,11.45043,11.42811,11.404800000000002,11.380320000000001,11.35485,11.3283,11.30067,11.27196,11.242170000000002,11.211300000000001,11.17935,11.146320000000001,11.11212,11.07684,11.04039,11.002770000000002,10.96407,10.92429,10.88325,10.841040000000001,10.79775,10.753200000000001,10.70757,10.660680000000001,10.61262,10.56348,10.51308,10.46151,10.40877,10.35495,10.29996,10.24389,10.18674,10.12851,10.06938,10.00917,9.94815,9.88632,9.823680000000001,9.76041,9.69651,9.63225,9.56763,9.50292,9.43821,9.37368,9.30951,9.24606,9.18342,9.121860000000002,9.06174,9.00342,8.947026000000001,8.893008,8.841663,8.793324,8.748324,8.706978,8.669583000000001,8.636427000000001,8.607744,8.583741,8.564589,8.550405000000001,8.541234,8.537076,8.537894999999999,8.543565000000001,8.553933,8.568783,8.587863,8.610885000000001,8.637525,8.667468000000001,8.700345,8.735796,8.773479,8.813025,8.85411,8.896392,8.939574,8.983350000000002,9.02745,9.07164,9.11574,9.15939,9.202589999999999,9.24498,9.28665,9.32724,9.366750000000001,9.405,9.442079999999999,9.47772,9.51192,9.544590000000001,9.57573,9.60534,9.633329999999999,9.6597,9.684360000000002,9.70731,9.72864,9.74817,9.76608,9.78219,9.79659,9.809280000000001,9.820260000000001,9.82944,9.836820000000001,9.84258,9.846540000000001,9.84879,9.84924,9.84798,9.84501,9.84024,9.83376,9.825569999999999,9.81567,9.80397,9.79056,9.77544,9.758610000000001,9.740070000000001,9.71982,9.69786,9.67428,9.64899,9.62199,9.59346,9.56331,9.53163,9.498420000000001,9.46368,9.42759,9.39024,9.35154,9.31167,9.27063,9.22878,9.18603,9.14265,9.098640000000001,9.05445,9.01008,8.965782,8.92188,8.878599,8.836236,8.795097,8.755506,8.717805,8.682354,8.649495,8.619588,8.592984000000001,8.570016,8.551008000000001,8.536239,8.525961,8.520399,8.519696999999999,8.523972,8.533287,8.547633000000001,8.566956000000001,8.591148,8.620047000000001,8.653446,8.691111000000001,8.732772,8.778123,8.826858,8.878644,8.933166,8.990091,9.049140000000001,9.10989,9.17217,9.235710000000001,9.30015,9.365310000000001,9.43101,9.496979999999999,9.56304,9.6291,9.69498,9.76059,9.825750000000001,9.89037,9.95436,10.01772,10.08036,10.142100000000001,10.20312,10.263240000000001,10.322460000000001,10.38078,10.43811,10.49454,10.549980000000001,10.60452,10.65807,10.71063,10.76229,10.81296,10.862729999999999,10.9116,10.95948,11.00655,11.052719999999999,11.09799,11.14236,11.185920000000001,11.228670000000001,11.27061,11.31174,11.35206,11.391660000000002,11.43045,11.468520000000002,11.50587,11.54259,11.5785,11.61378,11.648430000000001,11.68245,11.71575,11.748510000000001,11.78055,11.81214,11.84301,11.87343,11.90322,11.93247,11.96118,11.98935,12.01707,12.04425,12.07089,12.09708,12.122819999999999,12.148109999999999,12.17286,12.19725,12.22119,12.24468,12.26772,12.2904,12.31263,12.3345,12.35592,12.37698,12.39768,12.41802,12.43791,12.45753,12.47679,12.49569,12.51423,12.5325,12.550410000000001,12.56796,12.585239999999999,12.60216,12.61881,12.6351,12.65112,12.66687,12.68235,12.697470000000001,12.71241,12.72699,12.7413,12.75543,12.769200000000001,12.78279,12.79611,12.80916,12.821940000000001,12.83454,12.846870000000001,12.859020000000001,12.8709,12.8826,12.89403,12.90528,12.91626,12.927150000000001,12.93777,12.948210000000001,12.95847,12.96855,12.97845,12.98817,12.997710000000001,13.007069999999999,13.01634,13.02543,13.03434,13.04316,13.0518,13.06035,13.06881,13.07709,13.08528,13.09338,13.10148,13.1094,13.117230000000001,13.12506,13.132800000000001,13.14054,13.14819,13.15584,13.1634,13.17105,13.178609999999999,13.18626,13.19391,13.20156,13.2093,13.217130000000001,13.22496,13.232880000000002,13.24089,13.248990000000001,13.25727,13.26564,13.27419,13.282829999999999,13.291739999999999,13.300740000000001,13.31001,13.319460000000001,13.32909,13.338989999999999,13.34925,13.359689999999999,13.3704,13.38147,13.39281,13.40451,13.41657,13.4289,13.44168,13.45482,13.46841,13.48236,13.49676,13.51152,13.52682,13.54257,13.55877,13.57551,13.5927,13.61034,13.62861,13.64733,13.666590000000001,13.686390000000001,13.70673,13.72761,13.74912,13.77108,13.79367,13.81689,13.84056,13.86486,13.88979,13.91526,13.94127,13.96791,13.995090000000001,14.0229,14.051250000000001,14.08014,14.10966,14.13963,14.17032,14.20146,14.23314,14.265360000000001,14.298119999999999,14.33151,14.36526,14.39964,14.43447,14.469840000000001,14.50566,14.542020000000003,14.57874,14.616,14.65371,14.691870000000002,14.730390000000002,14.769449999999999,14.80887,14.848650000000001,14.888879999999999,14.92956,14.97051,15.01191,15.053579999999998,15.09561,15.13809,15.18075
15.574140000000002,15.50475,15.434909999999999,15.36471,15.294150000000002,15.22314,15.15177,15.080040000000002,15.00786,14.93523,14.862150000000002,14.78862,14.71464,14.64012,14.56515,14.48973,14.413680000000001,14.33718,14.26014,14.18247,14.10426,14.02542,13.94604,13.86603,13.78548,13.704210000000002,13.62231,13.53978,13.45653,13.37265,13.28814,13.202910000000001,13.11696,13.03038,12.94308,12.85506,12.76641,12.67704,12.58713,12.4965,12.405240000000001,12.31344,12.221010000000001,12.12813,12.0348,11.94102,11.84688,11.75256,11.65797,11.56338,11.46879,11.374469999999999,11.28033,11.18682,11.09385,11.00178,10.91079,10.821150000000001,10.73295,10.646730000000002,10.56258,10.48086,10.40193,10.32615,10.2537,10.185120000000001,10.12068,10.06065,10.00539,9.95526,9.91044,9.8712,9.83772,9.81027,9.78876,9.77328,9.76392,9.7605,9.76293,9.770940000000001,9.784440000000002,9.80307,9.82647,9.854460000000001,9.8865,9.922229999999999,9.96138,10.00341,10.04814,10.09494,10.14363,10.19385,10.245239999999999,10.29744,10.35027,10.40337,10.45656,10.50966,10.5624,10.614690000000001,10.66626,10.71711,10.76706,10.81602,10.86381,10.91052,10.955969999999999,11.000160000000001,11.043,11.08449,11.12454,11.163240000000002,11.2005,11.236320000000001,11.2707,11.30364,11.33523,11.36529,11.39391,11.421180000000001,11.44701,11.471490000000001,11.494620000000001,11.51631,11.53665,11.55573,11.573369999999999,11.589839999999999,11.60496,11.618820000000001,11.63142,11.64276,11.65293,11.66184,11.669580000000002,11.67615,11.68155,11.68578,11.688930000000001,11.69091,11.69172,11.691450000000001,11.690190000000001,11.68776,11.68425,11.67966,11.67399,11.66733,11.65959,11.65077,11.64096,11.63016,11.61828,11.60532,11.591460000000001,11.57643,11.560500000000001,11.54349,11.525490000000001,11.5065,11.48643,11.46537,11.443230000000002,11.42019,11.39598,11.37078,11.34459,11.31732,11.289060000000001,11.25972,11.2293,11.1978,11.165310000000002,11.131649999999999,11.097,11.06118,11.02437,10.98639,10.947330000000001,10.90719,10.86597,10.82358,10.78011,10.735470000000001,10.68984,10.64295,10.59507,10.54611,10.495980000000001,10.44477,10.392570000000001,10.33929,10.28502,10.22976,10.1736,10.11654,10.05858,9.9999,9.9405,9.880379999999999,9.81981,9.75879,9.697410000000001,9.63585,9.5742,9.51273,9.45153,9.390780000000001,9.33075,9.27162,9.213659999999999,9.15705,9.10224,9.04932,8.99874,8.950671,8.905446,8.863353,8.824679999999999,8.789679000000001,8.758593,8.731629,8.708967,8.690742,8.677053,8.667945,8.663409000000001,8.663418,8.667855000000001,8.676594000000001,8.689437,8.706185999999999,8.726571,8.750322,8.777151,8.806733999999999,8.838765,8.87292,8.908893,8.946369,8.98506,9.02466,9.06498,9.10557,9.146429999999999,9.18729,9.22779,9.26802,9.30753,9.34641,9.38439,9.42138,9.45738,9.49212,9.525689999999999,9.55791,9.58878,9.61821,9.6462,9.67275,9.69768,9.72108,9.74286,9.76311,9.781740000000001,9.79875,9.81405,9.827820000000001,9.839879999999999,9.85023,9.85896,9.86607,9.87156,9.87534,9.87741,9.87786,9.8766,9.87372,9.86922,9.863010000000001,9.85518,9.845640000000001,9.83448,9.8217,9.8073,9.79119,9.77355,9.754199999999999,9.73332,9.71091,9.68688,9.66123,9.63423,9.60561,9.57564,9.544229999999999,9.511560000000001,9.47754,9.442260000000001,9.4059,9.368549999999999,9.330119999999999,9.29097,9.251100000000001,9.21069,9.169830000000001,9.12879,9.08775,9.04689,9.00648,8.966736,8.927937000000002,8.890371,8.854335,8.820126,8.788059,8.758458,8.731638,8.707896,8.687538,8.670843000000001,8.658045000000001,8.649369,8.645004,8.645094,8.649729,8.658954,8.672778,8.691156000000001,8.713998,8.741151,8.772462,8.807724,8.846685,8.889102000000001,8.934696,8.983188,9.03429,9.087660000000001,9.1431,9.20034,9.259020000000001,9.31896,9.37998,9.44163,9.504000000000001,9.56664,9.62955,9.69255,9.75546,9.818190000000001,9.880560000000001,9.94248,10.004040000000002,10.06488,10.12518,10.18476,10.24362,10.301760000000002,10.35909,10.41552,10.47114,10.52586,10.57977,10.63269,10.684800000000001,10.73601,10.78632,10.83582,10.88433,10.93203,10.97892,11.02482,11.07,11.11428,11.157750000000002,11.2005,11.24235,11.28348,11.3238,11.3634,11.402190000000001,11.440349999999999,11.47779,11.514510000000001,11.550510000000001,11.585880000000001,11.62062,11.65464,11.688120000000001,11.72088,11.7531,11.78469,11.81574,11.84625,11.87613,11.905470000000001,11.934270000000001,11.962620000000001,11.99034,12.0177,12.04443,12.07071,12.096540000000001,12.12192,12.14676,12.171240000000001,12.19527,12.21885,12.24198,12.26466,12.286980000000002,12.308940000000002,12.33045,12.351600000000001,12.37239,12.39273,12.41271,12.43242,12.451680000000001,12.47058,12.48921,12.50748,12.52539,12.54303,12.56031,12.57723,12.59388,12.61026,12.62628,12.64203,12.65742,12.67263,12.68748,12.702060000000001,12.716370000000001,12.730410000000001,12.74418,12.75777,12.770999999999999,12.78396,12.79674,12.80925,12.82158,12.833549999999999,12.84534,12.856950000000001,12.86829,12.87945,12.89034,12.90105,12.91158,12.92184,12.93192,12.94182,12.951630000000002,12.961170000000001,12.97053,12.97971,12.988710000000001,12.997620000000001,13.00635,13.0149,13.02327,13.03164,13.03974,13.04784,13.05576,13.063500000000001,13.07124,13.07889,13.08645,13.09392,13.1013,13.10859,13.11588,13.12317,13.13037,13.137480000000002,13.144680000000001,13.15188,13.15908,13.16628,13.17348,13.18077,13.18806,13.19544,13.202910000000001,13.210560000000001,13.21821,13.22595,13.23387,13.24197,13.250160000000001,13.25862,13.26717,13.27599,13.28499,13.29426,13.30371,13.31352,13.32351,13.333860000000001,13.344479999999999,13.355459999999999,13.366710000000001,13.37832,13.39038,13.4028,13.41558,13.42872,13.442400000000001,13.456439999999999,13.470930000000001,13.48587,13.50135,13.51728,13.53375,13.55067,13.56813,13.58613,13.60467,13.62375,13.64337,13.663620000000002,13.684320000000001,13.70574,13.72761,13.750110000000001,13.77324,13.79691,13.82121,13.84605,13.87152,13.897620000000002,13.92426,13.95153,13.97934,14.00778,14.03676,14.066370000000001,14.09661,14.1273,14.15862,14.19048,14.22297,14.25591,14.289390000000001,14.3235,14.35806,14.39316,14.42871,14.4648,14.501430000000001,14.53851,14.576039999999999,14.61402,14.65245,14.691329999999999,14.73066,14.77035,14.81049,14.851080000000001,14.892030000000002,14.933340000000001,14.97501,15.017040000000001,15.05943,15.10218,15.14529
15.588810000000002,15.519779999999999,15.450390000000002,15.380730000000002,15.310620000000002,15.240239999999998,15.169410000000001,15.098220000000001,15.026580000000001,14.95458,14.882129999999998,14.80923,14.735880000000002,14.66208,14.58783,14.513129999999999,14.437890000000001,14.362110000000001,14.28588,14.20911,14.1318,14.05395,13.97547,13.89654,13.816980000000001,13.73679,13.656060000000002,13.5747,13.492709999999999,13.41018,13.32693,13.24314,13.158719999999999,13.07358,12.9879,12.90168,12.81474,12.727260000000001,12.63924,12.55059,12.46149,12.37185,12.28176,12.19131,12.1005,12.00933,11.91798,11.82645,11.73492,11.64339,11.55204,11.460960000000002,11.37033,11.280240000000001,11.19087,11.10258,11.01537,10.92951,10.845270000000001,10.762920000000001,10.682640000000001,10.604880000000001,10.52973,10.45764,10.38888,10.323720000000002,10.26252,10.205549999999999,10.15299,10.10529,10.06245,10.02492,9.9927,9.96597,9.94482,9.929250000000001,9.919170000000001,9.91467,9.91557,9.9216,9.93276,9.9486,9.96903,9.993599999999999,10.02204,10.053989999999999,10.08909,10.12707,10.16757,10.21023,10.25469,10.30068,10.34784,10.395900000000001,10.44468,10.493910000000001,10.543230000000001,10.592640000000001,10.641779999999999,10.69056,10.738800000000001,10.7865,10.833300000000001,10.879380000000001,10.92438,10.96839,11.01132,11.052990000000001,11.093580000000001,11.13282,11.17089,11.20752,11.242980000000001,11.277,11.30967,11.34108,11.37105,11.39976,11.42703,11.452950000000001,11.47761,11.50092,11.52288,11.54358,11.56293,11.58111,11.59794,11.61351,11.62782,11.64096,11.65293,11.663640000000001,11.67318,11.68146,11.68875,11.69478,11.69973,11.70351,11.70621,11.70783,11.70837,11.70774,11.70612,11.70342,11.69973,11.69496,11.68911,11.68227,11.67435,11.66553,11.65554,11.64465,11.63277,11.61981,11.60595,11.59101,11.57508,11.558159999999999,11.54025,11.52144,11.50155,11.48067,11.4588,11.43585,11.412,11.38716,11.36124,11.33433,11.30643,11.27754,11.24757,11.21661,11.184660000000001,11.15163,11.11752,11.08242,11.046240000000001,11.009070000000001,10.97082,10.93149,10.89117,10.849770000000001,10.80729,10.763819999999999,10.71927,10.67364,10.62702,10.57932,10.530719999999999,10.48104,10.43037,10.3788,10.32624,10.272870000000001,10.21869,10.16361,10.10781,10.05138,9.99432,9.936720000000001,9.87867,9.820260000000001,9.76167,9.70299,9.644309999999999,9.58581,9.527759999999999,9.47016,9.41337,9.35748,9.30285,9.24957,9.19791,9.14823,9.100710000000001,9.05562,9.01314,8.973702,8.937423,8.904564,8.875323000000002,8.849889,8.828406000000001,8.811,8.797743,8.788680000000001,8.783811,8.783082,8.786420999999999,8.793693000000001,8.804754,8.819397,8.837415,8.858565,8.882577,8.909181,8.938107,8.969058,9.001800000000001,9.03591,9.07128,9.10764,9.144630000000001,9.18207,9.21987,9.257579999999999,9.2952,9.332550000000001,9.36936,9.40563,9.44109,9.475740000000002,9.509490000000001,9.54207,9.57366,9.60399,9.63306,9.66087,9.687330000000001,9.712349999999999,9.73593,9.75816,9.77886,9.798029999999999,9.81567,9.83178,9.84636,9.85941,9.87084,9.880740000000001,9.88911,9.89586,9.90099,9.90459,9.90657,9.906930000000001,9.905759999999999,9.90297,9.89865,9.89271,9.88524,9.876149999999999,9.865530000000001,9.853290000000001,9.83952,9.82422,9.80739,9.78903,9.76914,9.74781,9.72504,9.700740000000001,9.67518,9.64809,9.61974,9.59013,9.55926,9.527220000000002,9.49419,9.459990000000001,9.424980000000001,9.38907,9.352440000000001,9.315270000000002,9.277650000000001,9.23976,9.20178,9.1638,9.126090000000001,9.088920000000002,9.05247,9.01692,8.98263,8.949825,8.918793,8.889804000000002,8.863155,8.839116,8.817948,8.79993,8.785296,8.774262,8.767026,8.763741,8.764524,8.769474,8.778636,8.792001,8.809533,8.831169000000001,8.856774,8.886222,8.919315,8.955855000000001,8.995626,9.03834,9.08388,9.13185,9.18207,9.23427,9.28818,9.343530000000001,9.40014,9.45783,9.51633,9.57546,9.63504,9.69498,9.75501,9.81513,9.875070000000001,9.93483,9.99423,10.05327,10.11186,10.16991,10.22733,10.28412,10.34028,10.39563,10.45035,10.50417,10.55727,10.60965,10.661130000000002,10.7118,10.76157,10.81062,10.858770000000002,10.9062,10.95273,10.99845,11.04336,11.08755,11.13084,11.17341,11.21517,11.25621,11.29653,11.336039999999999,11.37492,11.41299,11.45043,11.487150000000002,11.52324,11.5587,11.593440000000001,11.62755,11.66103,11.69388,11.72619,11.75787,11.789010000000001,11.81952,11.849490000000001,11.87892,11.90781,11.93625,11.96406,11.99142,12.01833,12.044699999999999,12.07062,12.09609,12.121020000000001,12.14559,12.16962,12.19329,12.21651,12.23928,12.26169,12.28365,12.30525,12.32649,12.347280000000001,12.367709999999999,12.387780000000001,12.40749,12.42684,12.44574,12.464459999999999,12.48273,12.50064,12.51828,12.53556,12.552570000000001,12.56922,12.5856,12.60162,12.61737,12.632760000000001,12.64797,12.662820000000002,12.6774,12.69162,12.70566,12.719430000000001,12.732930000000001,12.74616,12.759030000000001,12.77181,12.78423,12.79638,12.80835,12.82014,12.831570000000001,12.84282,12.85389,12.864690000000001,12.87522,12.88566,12.89583,12.90573,12.91554,12.925080000000001,12.93444,12.943620000000001,12.95262,12.96153,12.970170000000001,12.97863,12.987,12.995190000000001,13.003200000000001,13.01112,13.01895,13.0266,13.03407,13.041540000000001,13.04883,13.05603,13.06314,13.07016,13.07718,13.08402,13.090950000000001,13.097700000000001,13.10445,13.1112,13.11795,13.1247,13.13136,13.13811,13.14495,13.1517,13.15863,13.16556,13.172490000000002,13.1796,13.1868,13.19418,13.20165,13.20921,13.216949999999999,13.224870000000001,13.23306,13.241340000000001,13.249889999999999,13.25871,13.267800000000001,13.27707,13.2867,13.29651,13.30677,13.317300000000001,13.328190000000001,13.33944,13.35105,13.36302,13.37544,13.38831,13.401539999999999,13.415310000000002,13.42944,13.44411,13.459230000000002,13.47489,13.49109,13.50783,13.52502,13.54275,13.56111,13.580010000000001,13.599450000000001,13.61952,13.64013,13.66137,13.68324,13.70565,13.72869,13.752270000000001,13.77657,13.801409999999999,13.826880000000001,13.85298,13.879710000000001,13.906979999999999,13.93488,13.963410000000001,13.99257,14.022269999999999,14.052600000000002,14.08347,14.11497,14.14701,14.179680000000001,14.21289,14.24664,14.28084,14.31567,14.351040000000001,14.38686,14.42322,14.460120000000002,14.49747,14.535270000000002,14.573610000000002,14.612400000000001,14.651549999999999,14.69115,14.73129,14.771700000000001,14.812650000000001,14.85387,14.89554,14.937570000000001,14.979960000000002,15.02271,15.065819999999999,15.10929
15.60366,15.535079999999999,15.46623,15.397020000000001,15.32745,15.25752,15.187320000000001,15.11667,15.045660000000002,14.974200000000002,14.902379999999999,14.830110000000001,14.757480000000001,14.6844,14.610870000000002,14.536800000000001,14.462369999999998,14.387400000000001,14.31198,14.23611,14.1597,14.08275,14.005260000000002,13.92732,13.848840000000001,13.76973,13.69017,13.60998,13.529250000000001,13.44798,13.36608,13.28373,13.200750000000001,13.117230000000001,13.03308,12.94848,12.86334,12.777660000000001,12.69153,12.60495,12.51783,12.43044,12.342600000000001,12.25449,12.16611,12.07746,11.98881,11.899980000000001,11.81133,11.72277,11.63439,11.54646,11.45907,11.372399999999999,11.28645,11.20158,11.11788,11.035710000000002,10.955070000000001,10.87632,10.79973,10.72548,10.65393,10.58526,10.519739999999999,10.45773,10.39941,10.34514,10.2951,10.249469999999999,10.20852,10.17243,10.141290000000001,10.11519,10.09431,10.07856,10.06794,10.06245,10.061910000000001,10.06614,10.07514,10.08855,10.1061,10.12761,10.15272,10.18116,10.21275,10.24695,10.28358,10.322280000000001,10.362870000000001,10.4049,10.4481,10.49238,10.53729,10.58283,10.62855,10.67436,10.72008,10.76562,10.81071,10.855260000000001,10.899180000000001,10.94229,10.984679999999999,11.02608,11.06649,11.10591,11.144160000000001,11.18133,11.21724,11.25207,11.28555,11.31786,11.34891,11.3787,11.40723,11.43441,11.460420000000001,11.48508,11.50848,11.53062,11.5515,11.57121,11.58957,11.60676,11.622779999999999,11.63754,11.65113,11.66346,11.67471,11.684790000000001,11.6937,11.70153,11.70819,11.71368,11.71818,11.72151,11.72385,11.72511,11.725200000000001,11.724390000000001,11.72241,11.71944,11.715480000000001,11.71053,11.704500000000001,11.69748,11.68947,11.680470000000001,11.67048,11.6595,11.647530000000001,11.63466,11.620709999999999,11.60586,11.59002,11.57319,11.55537,11.53665,11.51694,11.49624,11.474549999999999,11.45196,11.42838,11.40381,11.37825,11.3517,11.324160000000001,11.295720000000001,11.266200000000001,11.23578,11.204279999999999,11.17188,11.138399999999999,11.10393,11.068560000000002,11.03211,10.994670000000001,10.956150000000001,10.91673,10.87623,10.83483,10.79235,10.748970000000002,10.70451,10.65915,10.6128,10.56555,10.5174,10.468259999999999,10.418310000000002,10.367550000000001,10.31598,10.2636,10.21059,10.15686,10.1025,10.04769,9.99243,9.936900000000001,9.88101,9.82503,9.76905,9.71316,9.657540000000001,9.60237,9.54774,9.493920000000001,9.44109,9.38943,9.33912,9.29052,9.24372,9.19899,9.1566,9.11673,9.07956,9.04545,9.01458,8.98695,8.962875,8.942445,8.925759000000001,8.912889,8.903862,8.898669,8.897292,8.899632,8.905599,8.915049,8.927811,8.943696000000001,8.962488,8.983953,9.00783,9.03393,9.062009999999999,9.09171,9.12285,9.15516,9.188460000000001,9.22239,9.256950000000002,9.29169,9.3267,9.36153,9.396180000000001,9.430470000000001,9.464220000000001,9.49734,9.52974,9.56124,9.59193,9.62154,9.650070000000001,9.677430000000001,9.70362,9.72855,9.752220000000001,9.77454,9.79551,9.81504,9.83322,9.84996,9.86526,9.87912,9.89145,9.902339999999999,9.9117,9.91962,9.92601,9.93087,9.93429,9.93618,9.936539999999999,9.93537,9.932670000000002,9.92853,9.92286,9.91566,9.90702,9.896849999999999,9.88524,9.87219,9.85761,9.84159,9.82413,9.80532,9.78507,9.76347,9.740520000000002,9.71622,9.690660000000001,9.66393,9.63603,9.60696,9.57681,9.545760000000001,9.513720000000001,9.48087,9.4473,9.41319,9.378540000000001,9.34362,9.308430000000001,9.27324,9.23814,9.2034,9.1692,9.135720000000001,9.10323,9.07191,9.042119999999999,9.01395,8.987769,8.963784,8.942247,8.92341,8.907498,8.894718000000001,8.885259,8.879301,8.876979,8.878401,8.883639,8.892729000000001,8.905689,8.922474,8.94303,8.967248999999999,8.995014000000001,9.02619,9.06048,9.09792,9.13806,9.180900000000001,9.22599,9.27324,9.322470000000001,9.37332,9.425609999999999,9.47916,9.53379,9.58932,9.645480000000001,9.70209,9.75915,9.81648,9.87381,9.931230000000001,9.988380000000001,10.045440000000001,10.10214,10.15839,10.21428,10.269630000000001,10.324440000000001,10.378620000000002,10.432260000000001,10.48509,10.53729,10.58877,10.63953,10.68957,10.738800000000001,10.787310000000002,10.83501,10.881990000000002,10.92816,10.97352,11.01816,11.06208,11.10519,11.147580000000001,11.18925,11.23011,11.270340000000001,11.30976,11.348550000000001,11.38662,11.42397,11.46069,11.496780000000001,11.53215,11.56689,11.601090000000001,11.63457,11.66751,11.69982,11.73159,11.76273,11.793330000000001,11.82339,11.85291,11.88189,11.91033,11.938229999999999,11.965679999999999,11.992590000000002,12.01905,12.04506,12.07053,12.095550000000001,12.12021,12.14433,12.168,12.19131,12.214170000000001,12.23667,12.25872,12.28032,12.30156,12.32244,12.34296,12.36303,12.38274,12.402180000000001,12.42117,12.43989,12.45816,12.47616,12.4938,12.511170000000002,12.52809,12.544830000000001,12.561119999999999,12.57723,12.59289,12.60837,12.62349,12.638340000000001,12.65292,12.66714,12.68118,12.69486,12.70836,12.7215,12.73437,12.74706,12.75939,12.77154,12.78342,12.795119999999999,12.80646,12.81762,12.8286,12.839310000000001,12.84975,12.86001,12.870000000000001,12.879900000000001,12.88944,12.898890000000002,12.90807,12.917159999999999,12.92598,12.93462,12.94308,12.95136,12.95946,12.96747,12.9753,12.98295,12.99042,12.9978,13.005090000000001,13.0122,13.01922,13.02606,13.0329,13.03956,13.04613,13.0527,13.05918,13.065570000000001,13.07196,13.07826,13.08456,13.09077,13.09707,13.103280000000002,13.109580000000001,13.11588,13.12227,13.12866,13.13505,13.141620000000001,13.14819,13.15494,13.16178,13.1688,13.175910000000002,13.1832,13.19058,13.19823,13.206150000000001,13.21425,13.22253,13.23108,13.23999,13.24908,13.25853,13.26834,13.27842,13.28886,13.299660000000001,13.31091,13.322519999999999,13.33449,13.347,13.35987,13.37328,13.387139999999999,13.40145,13.4163,13.43169,13.44753,13.464,13.48092,13.498470000000001,13.51665,13.53537,13.554630000000001,13.574520000000001,13.595040000000001,13.6161,13.63779,13.660200000000001,13.68315,13.70673,13.73094,13.75587,13.78134,13.80744,13.83417,13.86153,13.889610000000001,13.918230000000001,13.94748,13.97727,14.00778,14.038829999999999,14.07051,14.102730000000001,14.135580000000001,14.16897,14.20299,14.23746,14.27256,14.3082,14.34429,14.38092,14.41809,14.455800000000002,14.49396,14.532570000000002,14.57163,14.61114,14.6511,14.69151,14.73237,14.773589999999999,14.815260000000002,14.857199999999999,14.89959,14.94243,14.98554,15.02892,15.07275
15.618689999999999,15.550650000000001,15.48225,15.413580000000001,15.344549999999998,15.275160000000001,15.20541,15.135390000000001,15.06492,14.99409,14.9229,14.85135,14.779350000000003,14.706900000000001,14.634090000000002,14.56083,14.487210000000001,14.413050000000002,14.33844,14.26338,14.18787,14.11191,14.03541,13.95846,13.88097,13.803030000000001,13.724549999999999,13.64562,13.56606,13.48605,13.40559,13.32459,13.24305,13.16106,13.07853,12.995550000000001,12.91212,12.828240000000001,12.744,12.65931,12.574259999999999,12.48894,12.40326,12.31749,12.23145,12.14532,12.059190000000001,11.97306,11.88711,11.801340000000001,11.71593,11.631060000000002,11.54673,11.46312,11.38041,11.298869999999999,11.2185,11.13957,11.06235,10.987020000000001,10.91376,10.842839999999999,10.77444,10.708919999999999,10.64646,10.587240000000001,10.53162,10.47978,10.431899999999999,10.388160000000001,10.34883,10.31409,10.283850000000001,10.258379999999999,10.23768,10.22175,10.21059,10.20411,10.20231,10.204920000000001,10.21194,10.22301,10.23804,10.25676,10.27881,10.3041,10.33227,10.36305,10.39608,10.43127,10.46808,10.50651,10.54611,10.5867,10.6281,10.67004,10.71234,10.75482,10.7973,10.839690000000001,10.88172,10.923300000000001,10.96443,11.004840000000002,11.04462,11.083499999999999,11.12148,11.15865,11.19474,11.22975,11.263770000000001,11.29662,11.3283,11.3589,11.388330000000002,11.416590000000001,11.44359,11.469420000000001,11.49399,11.51748,11.53962,11.56068,11.580480000000001,11.59911,11.61657,11.63286,11.64789,11.66184,11.67462,11.68632,11.69685,11.7063,11.71458,11.72178,11.7279,11.732940000000001,11.73699,11.73987,11.741760000000001,11.74266,11.74248,11.74122,11.73906,11.73582,11.73159,11.72637,11.72016,11.71305,11.70486,11.695770000000001,11.68569,11.67462,11.662650000000001,11.649690000000001,11.63583,11.620980000000001,11.60523,11.58849,11.570760000000002,11.55222,11.5326,11.51217,11.49066,11.46834,11.44503,11.42073,11.39553,11.369340000000001,11.34225,11.31417,11.28519,11.255220000000001,11.224350000000001,11.192400000000001,11.15964,11.1258,11.09106,11.05533,11.0187,10.98108,10.94256,10.90305,10.86255,10.821150000000001,10.77885,10.73565,10.691460000000001,10.64646,10.60056,10.55376,10.50624,10.45791,10.40877,10.35891,10.30842,10.25721,10.205549999999999,10.15326,10.10061,10.0476,9.99432,9.94086,9.887400000000001,9.83394,9.780660000000001,9.72774,9.67527,9.62343,9.5724,9.522359999999999,9.47349,9.42597,9.38007,9.335970000000001,9.29376,9.2538,9.21627,9.18126,9.14913,9.11988,9.09378,9.07092,9.05139,9.03537,9.02286,9.01386,9.00837,9.00639,9.00783,9.012599999999999,9.02061,9.03168,9.045630000000001,9.062280000000001,9.08145,9.10296,9.12645,9.15183,9.178740000000001,9.20709,9.23661,9.26712,9.298350000000001,9.33003,9.362160000000001,9.39438,9.42669,9.458820000000001,9.49068,9.52209,9.55296,9.5832,9.61272,9.64143,9.66915,9.69597,9.72171,9.74637,9.76986,9.79218,9.81324,9.83304,9.85149,9.86868,9.88452,9.89901,9.91215,9.92385,9.93411,9.94302,9.95049,9.956610000000001,9.9612,9.964350000000001,9.966149999999999,9.96651,9.96534,9.96282,9.958860000000001,9.953370000000001,9.946620000000001,9.93834,9.92862,9.91755,9.90513,9.89127,9.87606,9.8595,9.84168,9.82251,9.80199,9.7803,9.75735,9.73323,9.70803,9.681750000000001,9.654390000000001,9.62613,9.59688,9.56691,9.53622,9.504900000000001,9.473040000000001,9.44082,9.40833,9.37575,9.34317,9.31077,9.27873,9.24732,9.21663,9.18693,9.1584,9.131219999999999,9.10575,9.082080000000001,9.06057,9.04131,9.02457,9.01053,8.999406,8.991369,8.986563,8.985096,8.987085,8.992575,9.001619999999999,9.01422,9.03033,9.04995,9.0729,9.09918,9.12852,9.16092,9.196110000000001,9.234,9.274230000000001,9.3168,9.36135,9.40779,9.455850000000002,9.505260000000002,9.55602,9.60777,9.66051,9.713880000000001,9.76779,9.82215,9.87687,9.93168,9.98649,10.0413,10.096020000000001,10.15047,10.20456,10.258379999999999,10.31166,10.36458,10.41687,10.46862,10.51983,10.570409999999999,10.62027,10.669500000000001,10.718100000000002,10.765979999999999,10.81305,10.859490000000001,10.90521,10.95021,10.99449,11.03805,11.08089,11.12301,11.1645,11.20518,11.245140000000001,11.28447,11.323170000000001,11.36115,11.39841,11.435130000000001,11.47113,11.5065,11.54124,11.57535,11.60883,11.64177,11.67408,11.705850000000002,11.73708,11.76768,11.79774,11.827350000000001,11.85633,11.88486,11.91285,11.9403,11.967300000000002,11.99376,12.01986,12.045420000000002,12.07053,12.09519,12.119399999999999,12.14316,12.16647,12.18942,12.21192,12.23397,12.25566,12.27699,12.297870000000001,12.318389999999999,12.33855,12.358350000000002,12.377790000000001,12.39687,12.4155,12.433860000000001,12.45186,12.46959,12.48687,12.50388,12.52062,12.537,12.553020000000002,12.568769999999999,12.58416,12.59928,12.614130000000001,12.62871,12.642930000000002,12.656880000000001,12.67056,12.68397,12.69711,12.70998,12.72258,12.734910000000001,12.74697,12.758759999999999,12.77037,12.78171,12.79278,12.80358,12.8142,12.82455,12.83472,12.84462,12.85425,12.863790000000002,12.87306,12.88206,12.89097,12.899610000000001,12.90807,12.91635,12.92445,12.93237,12.94011,12.94767,12.95514,12.96234,12.96945,12.97647,12.983310000000001,12.98997,12.99654,13.003020000000001,13.00941,13.01562,13.02183,13.02795,13.033980000000001,13.03992,13.045770000000001,13.05162,13.05747,13.063229999999999,13.069080000000001,13.07484,13.0806,13.08645,13.092300000000002,13.09815,13.10418,13.11021,13.116330000000001,13.12254,13.12884,13.13532,13.14198,13.14873,13.15575,13.16286,13.17024,13.1778,13.185630000000002,13.19373,13.202100000000002,13.21083,13.21974,13.2291,13.23873,13.24872,13.25916,13.269960000000001,13.28112,13.29273,13.304789999999999,13.317390000000001,13.330350000000001,13.34385,13.357890000000001,13.37238,13.387500000000001,13.403070000000001,13.41927,13.435920000000001,13.45329,13.4712,13.489650000000001,13.50882,13.528530000000002,13.548869999999999,13.569840000000001,13.59144,13.613760000000001,13.63662,13.660200000000001,13.68441,13.70925,13.73481,13.760909999999999,13.78773,13.81518,13.843259999999999,13.87197,13.9014,13.931370000000001,13.961969999999999,13.99329,14.025150000000002,14.05755,14.090580000000001,14.12424,14.15853,14.19327,14.22864,14.264550000000002,14.300910000000002,14.3379,14.37534,14.41332,14.45184,14.49081,14.530230000000001,14.5701,14.61042,14.65119,14.69232,14.733989999999999,14.77593,14.81832,14.86116,14.904270000000002,14.94774,14.99157,15.03576
15.633989999999999,15.5664,15.498540000000002,15.43032,15.36183,15.29298,15.223860000000002,15.154380000000002,15.08445,15.01425,14.94369,14.872770000000001,14.801490000000001,14.729759999999999,14.657670000000001,14.58522,14.51232,14.43897,14.365169999999999,14.29101,14.2164,14.14134,14.06583,13.98987,13.91346,13.8366,13.75929,13.68144,13.60314,13.52448,13.44528,13.36563,13.28553,13.205070000000001,13.12407,13.04271,12.96099,12.878910000000001,12.79647,12.71367,12.630600000000001,12.54735,12.46383,12.380220000000001,12.296520000000001,12.212729999999999,12.12903,12.04551,11.96217,11.8791,11.79648,11.7144,11.63304,11.5524,11.472750000000001,11.39427,11.31705,11.24127,11.16711,11.09493,11.024730000000002,10.95687,10.89144,10.828800000000001,10.76904,10.71243,10.65924,10.60956,10.563659999999999,10.52172,10.48383,10.45017,10.42074,10.39581,10.375200000000001,10.35909,10.34748,10.340100000000001,10.33713,10.33821,10.34343,10.352430000000002,10.365120000000001,10.38123,10.400580000000001,10.4229,10.44801,10.47555,10.50534,10.53711,10.570590000000001,10.605509999999999,10.64169,10.67895,10.71702,10.75563,10.79469,10.83402,10.87344,10.91277,10.95192,10.99071,11.02905,11.06685,11.10411,11.140559999999999,11.176290000000002,11.21112,11.245140000000001,11.27817,11.310210000000001,11.34117,11.37114,11.400030000000001,11.42784,11.45457,11.480129999999999,11.50452,11.52783,11.54997,11.57103,11.59092,11.60964,11.62728,11.64375,11.659139999999999,11.67336,11.6865,11.69847,11.70945,11.71926,11.72808,11.73573,11.74239,11.74797,11.75256,11.756070000000001,11.7585,11.76003,11.76048,11.75994,11.75841,11.755889999999999,11.75238,11.74797,11.74257,11.736180000000001,11.7288,11.72052,11.711340000000002,11.701170000000001,11.690100000000001,11.678040000000001,11.66508,11.65122,11.63637,11.620709999999999,11.60406,11.58651,11.568060000000001,11.54862,11.52837,11.50713,11.484990000000002,11.46195,11.43801,11.41308,11.38734,11.36061,11.332980000000001,11.30445,11.27493,11.2446,11.21328,11.18106,11.14794,11.11392,11.07891,11.043,11.00628,10.968570000000001,10.92996,10.89054,10.85013,10.808910000000001,10.76688,10.72395,10.68012,10.63557,10.59021,10.544130000000001,10.49733,10.449810000000001,10.40166,10.35288,10.30356,10.25379,10.203570000000001,10.15299,10.10214,10.05102,9.9999,9.948690000000001,9.89766,9.846900000000002,9.79641,9.74655,9.697320000000001,9.648810000000001,9.60138,9.55512,9.51021,9.46674,9.425070000000002,9.385200000000001,9.34749,9.31203,9.279,9.24858,9.22086,9.196110000000001,9.17433,9.1557,9.14022,9.12798,9.118979999999999,9.11331,9.110790000000001,9.111419999999999,9.115110000000001,9.121770000000001,9.13131,9.14355,9.15831,9.175320000000001,9.19458,9.215729999999999,9.23868,9.263069999999999,9.2889,9.315809999999999,9.34371,9.37233,9.401489999999999,9.43101,9.4608,9.49068,9.520470000000001,9.549990000000001,9.57924,9.608039999999999,9.63621,9.66375,9.690660000000001,9.71667,9.74178,9.7659,9.78903,9.81117,9.83214,9.852030000000001,9.870659999999999,9.88812,9.90441,9.91935,9.93303,9.94545,9.95652,9.96624,9.9747,9.98181,9.987480000000001,9.99189,9.99486,9.99648,9.99675,9.995669999999999,9.99324,9.98946,9.98433,9.97776,9.96993,9.96075,9.95022,9.93834,9.9252,9.9108,9.89514,9.87822,9.860040000000001,9.84069,9.820170000000001,9.79848,9.7758,9.75204,9.72729,9.701550000000001,9.675,9.64773,9.61965,9.59094,9.56169,9.53208,9.50211,9.471960000000001,9.44172,9.411570000000001,9.381689999999999,9.352260000000001,9.323369999999999,9.2952,9.26802,9.24201,9.21735,9.19431,9.17298,9.15363,9.13644,9.12159,9.109259999999999,9.09963,9.09288,9.0891,9.088470000000001,9.090900000000001,9.09666,9.10566,9.1179,9.133379999999999,9.1521,9.17397,9.1989,9.226709999999999,9.25731,9.29052,9.326250000000002,9.364230000000001,9.40437,9.44649,9.49041,9.53577,9.582659999999999,9.63072,9.67986,9.7299,9.780660000000001,9.83205,9.883890000000001,9.93609,9.98847,10.040939999999999,10.09341,10.14588,10.198170000000001,10.25019,10.30194,10.35333,10.40436,10.45485,10.504890000000001,10.55439,10.603349999999999,10.65168,10.69947,10.74663,10.79307,10.838880000000001,10.884060000000002,10.928609999999999,10.972439999999999,11.01555,11.05803,11.09988,11.14101,11.181420000000001,11.2212,11.26035,11.298869999999999,11.33667,11.373840000000001,11.41038,11.44629,11.481570000000001,11.51631,11.55033,11.583810000000001,11.616750000000001,11.64906,11.68083,11.711969999999999,11.74266,11.77272,11.80233,11.83131,11.85984,11.887920000000001,11.915370000000001,11.942459999999999,11.96901,11.99502,12.020669999999999,12.04578,12.07053,12.09474,12.11859,12.14199,12.164940000000001,12.18744,12.20958,12.23136,12.252690000000001,12.27366,12.29418,12.314340000000001,12.334230000000002,12.353670000000001,12.37275,12.39147,12.409830000000001,12.42783,12.44556,12.46293,12.479940000000001,12.49659,12.51297,12.52908,12.544830000000001,12.560220000000001,12.57534,12.590190000000002,12.60468,12.618900000000002,12.632850000000001,12.64653,12.65985,12.67299,12.68577,12.698369999999999,12.710609999999999,12.72267,12.73437,12.745890000000001,12.75714,12.76812,12.778830000000001,12.78936,12.79962,12.809700000000001,12.819420000000001,12.82905,12.838410000000001,12.8475,12.85641,12.86514,12.8736,12.88188,12.889980000000001,12.8979,12.905640000000002,12.91311,12.92049,12.92769,12.93471,12.941550000000001,12.948300000000001,12.95478,12.961260000000001,12.96756,12.97368,12.97971,12.98565,12.99141,12.99717,13.002839999999999,13.008329999999999,13.013819999999999,13.019309999999999,13.02462,13.03002,13.03533,13.04064,13.04595,13.05117,13.056479999999999,13.06188,13.06728,13.07268,13.07826,13.08384,13.0896,13.09536,13.10139,13.107510000000001,13.11372,13.1202,13.12686,13.133700000000001,13.14081,13.1481,13.15575,13.163580000000001,13.17177,13.18032,13.18914,13.19832,13.20786,13.21776,13.228110000000001,13.238909999999999,13.250160000000001,13.26177,13.27392,13.28661,13.29975,13.31334,13.32756,13.34232,13.357619999999999,13.373550000000002,13.390020000000002,13.407029999999999,13.42476,13.44303,13.46193,13.48155,13.50171,13.522590000000001,13.5441,13.56633,13.58919,13.61268,13.636890000000001,13.66173,13.6872,13.71339,13.7403,13.76784,13.79601,13.824900000000001,13.854420000000001,13.88457,13.91535,13.94676,13.9788,14.011560000000001,14.04477,14.078700000000001,14.11317,14.14827,14.183910000000001,14.22009,14.25681,14.294070000000001,14.33187,14.37021,14.409000000000002,14.44833,14.488109999999999,14.528340000000002,14.56902,14.610149999999999,14.651729999999999,14.69376,14.73615,14.7789,14.8221,14.86557,14.90949,14.953680000000002,14.99832
15.64947,15.58242,15.515010000000002,15.44733,15.379380000000001,15.31107,15.24249,15.17355,15.104249999999999,15.034680000000002,14.964750000000002,14.894459999999999,14.8239,14.752889999999999,14.681519999999999,14.60979,14.537609999999999,14.465069999999999,14.39217,14.31891,14.2452,14.17104,14.096520000000002,14.02155,13.94622,13.87035,13.79421,13.71753,13.64049,13.563,13.485149999999999,13.40685,13.328190000000001,13.24917,13.16979,13.08996,13.009950000000002,12.92949,12.84885,12.767940000000001,12.686850000000002,12.60549,12.52413,12.442590000000001,12.36114,12.27969,12.19833,12.11724,12.03642,11.95596,11.87595,11.796570000000001,11.718,11.64024,11.56338,11.48778,11.41344,11.34063,11.26944,11.20005,11.13273,11.06766,11.00502,10.9449,10.88775,10.83348,10.782449999999999,10.73475,10.690650000000002,10.65024,10.61361,10.58103,10.55232,10.52784,10.50741,10.49103,10.47888,10.47078,10.46664,10.466370000000001,10.46988,10.47699,10.48752,10.501290000000001,10.51812,10.537740000000001,10.55997,10.58454,10.611270000000001,10.639890000000001,10.67022,10.70199,10.73502,10.76904,10.80396,10.83951,10.87551,10.91178,10.94832,10.98477,11.02113,11.057220000000001,11.09304,11.12832,11.16306,11.19726,11.23074,11.26341,11.29527,11.326319999999999,11.35647,11.385720000000001,11.41398,11.44116,11.46744,11.492550000000001,11.51676,11.5398,11.561850000000002,11.58273,11.60262,11.62134,11.63907,11.65563,11.6712,11.6856,11.699010000000001,11.711340000000002,11.72259,11.73276,11.74194,11.75004,11.75715,11.76318,11.768310000000001,11.772359999999999,11.77533,11.7774,11.77848,11.77857,11.77767,11.775870000000001,11.77308,11.7693,11.76462,11.75895,11.75238,11.744909999999999,11.73654,11.72718,11.71692,11.70576,11.6937,11.68074,11.66688,11.65212,11.63646,11.6199,11.602440000000001,11.58408,11.56491,11.54475,11.52378,11.50191,11.479140000000001,11.455470000000002,11.430900000000001,11.405520000000001,11.37915,11.351970000000001,11.32389,11.29491,11.26512,11.23434,11.20275,11.17026,11.13696,11.10267,11.06757,11.03166,10.994760000000001,10.95714,10.91862,10.879290000000001,10.83915,10.7982,10.75644,10.71387,10.67067,10.62666,10.58202,10.53666,10.49076,10.44423,10.397160000000001,10.349639999999999,10.301670000000001,10.25334,10.20465,10.15587,10.106910000000001,10.05786,10.00899,9.96021,9.9117,9.86364,9.816120000000002,9.76923,9.72324,9.67824,9.63432,9.591660000000001,9.55062,9.51111,9.4734,9.43767,9.40419,9.37287,9.34407,9.31779,9.29421,9.273420000000002,9.25551,9.24057,9.2286,9.2196,9.213659999999999,9.21069,9.2106,9.2133,9.21879,9.226980000000001,9.2376,9.25056,9.26568,9.282869999999999,9.30195,9.32265,9.344790000000001,9.36819,9.39276,9.418230000000001,9.444420000000001,9.47124,9.498420000000001,9.525870000000001,9.5535,9.58104,9.60849,9.635580000000001,9.662400000000002,9.68868,9.71433,9.73944,9.76374,9.787320000000001,9.80991,9.83169,9.85248,9.87219,9.89091,9.90846,9.92493,9.940230000000001,9.95436,9.96732,9.97902,9.98946,9.99864,10.006649999999999,10.01331,10.01871,10.02285,10.02564,10.02717,10.02744,10.02636,10.02402,10.020420000000001,10.01547,10.00926,10.00179,9.993060000000002,9.98307,9.971820000000001,9.9594,9.945720000000001,9.93087,9.914850000000001,9.89766,9.87939,9.860040000000001,9.83961,9.818190000000001,9.79587,9.77256,9.74853,9.723600000000001,9.697949999999999,9.671759999999999,9.64494,9.61767,9.59013,9.562230000000001,9.53424,9.50634,9.478439999999999,9.450899999999999,9.423810000000001,9.39726,9.37152,9.34668,9.32301,9.30069,9.279720000000001,9.26055,9.24318,9.22788,9.21474,9.20394,9.19566,9.19008,9.18729,9.18729,9.19017,9.196110000000001,9.20511,9.21708,9.23202,9.249929999999999,9.27081,9.29439,9.320760000000002,9.34974,9.38124,9.41499,9.450899999999999,9.48888,9.52875,9.57024,9.61326,9.657720000000001,9.70335,9.74997,9.79758,9.84591,9.894779999999999,9.944280000000001,9.99405,10.04418,10.0944,10.1448,10.19502,10.245239999999999,10.29528,10.34514,10.39464,10.44378,10.492560000000001,10.54089,10.58877,10.63611,10.683,10.72926,10.774980000000001,10.82016,10.86471,10.90863,10.95192,10.994580000000001,11.0367,11.0781,11.118870000000001,11.15901,11.19852,11.237400000000001,11.275649999999999,11.31327,11.35026,11.38662,11.42244,11.45763,11.49219,11.52621,11.5596,11.59245,11.62467,11.65644,11.68758,11.71818,11.74824,11.777849999999999,11.806830000000001,11.83545,11.86344,11.890979999999999,11.91798,11.94462,11.97072,11.99628,12.02148,12.046230000000001,12.07053,12.094380000000001,12.11778,12.140820000000001,12.16341,12.185550000000001,12.20733,12.228660000000001,12.24963,12.27024,12.29049,12.31029,12.32982,12.3489,12.36762,12.38607,12.404069999999999,12.4218,12.43917,12.45618,12.47292,12.4893,12.505320000000001,12.52107,12.536550000000002,12.551670000000001,12.56643,12.58092,12.59514,12.60909,12.62268,12.636090000000001,12.649140000000001,12.66192,12.674339999999999,12.68658,12.698550000000001,12.71025,12.72168,12.732840000000001,12.743730000000001,12.75444,12.76488,12.77505,12.78495,12.79467,12.804120000000001,12.8133,12.8223,12.83103,12.83958,12.847949999999999,12.85605,12.86397,12.87171,12.87927,12.886560000000001,12.89376,12.900689999999999,12.90744,12.914100000000001,12.92049,12.92679,12.93291,12.93894,12.944790000000001,12.95046,12.95613,12.96153,12.96693,12.972150000000001,12.97737,12.98241,12.98745,12.9924,12.99726,13.00212,13.00698,13.01175,13.01652,13.02138,13.02615,13.03101,13.03587,13.04082,13.045770000000001,13.0509,13.05603,13.061340000000001,13.066830000000001,13.072410000000001,13.07808,13.08402,13.090140000000002,13.096530000000001,13.1031,13.10985,13.11696,13.12434,13.131990000000002,13.14,13.14837,13.1571,13.1661,13.17564,13.185540000000001,13.19589,13.2066,13.21785,13.22964,13.24188,13.25466,13.267980000000001,13.28175,13.296240000000001,13.31118,13.32684,13.34304,13.35978,13.37724,13.39533,13.41414,13.43349,13.45356,13.474350000000001,13.49577,13.51782,13.54059,13.564079999999999,13.58829,13.61313,13.63869,13.66497,13.691880000000001,13.71951,13.74777,13.77675,13.80645,13.836780000000001,13.86774,13.89933,13.93164,13.96458,13.99806,14.03226,14.067,14.10237,14.13828,14.17482,14.2119,14.24952,14.28768,14.32629,14.365440000000001,14.405130000000002,14.44536,14.48595,14.526990000000001,14.568570000000001,14.61051,14.652899999999999,14.695740000000002,14.738850000000001,14.7825,14.82642,14.8707,14.915340000000002,14.960339999999999
15.66513,15.598530000000002,15.53166,15.46452,15.397020000000001,15.329339999999998,15.2613,15.1929,15.12432,15.055290000000001,14.98599,14.916419999999999,14.84649,14.7762,14.70555,14.634540000000001,14.563170000000001,14.491530000000001,14.41944,14.34699,14.274180000000001,14.20092,14.12739,14.053410000000001,13.97907,13.90437,13.82931,13.7538,13.67793,13.6017,13.5252,13.448250000000002,13.370940000000001,13.29336,13.21551,13.1373,13.05882,12.98007,12.90114,12.82212,12.74283,12.66345,12.58407,12.50469,12.42531,12.346020000000001,12.267000000000001,12.188160000000002,12.10977,12.031740000000001,11.95434,11.87757,11.80152,11.726460000000001,11.6523,11.5794,11.507850000000001,11.437740000000002,11.369250000000001,11.302560000000001,11.23785,11.17539,11.115179999999999,11.05758,11.00259,10.950569999999999,10.90152,10.85562,10.81314,10.77408,10.738620000000001,10.70685,10.67886,10.65474,10.634400000000001,10.61784,10.60524,10.59633,10.5912,10.58967,10.59165,10.596960000000001,10.605509999999999,10.61712,10.63152,10.64871,10.66824,10.69011,10.71405,10.73979,10.76715,10.79595,10.82601,10.85706,10.88901,10.92159,10.95471,10.98819,11.021849999999999,11.05569,11.089350000000001,11.12292,11.15622,11.18907,11.22156,11.25342,11.284740000000001,11.315339999999999,11.345220000000001,11.37438,11.402640000000002,11.430090000000002,11.45664,11.48229,11.506950000000002,11.53071,11.55339,11.57517,11.59587,11.61558,11.6343,11.65194,11.66859,11.68425,11.69883,11.71233,11.72484,11.73636,11.74689,11.75634,11.7648,11.772269999999999,11.77884,11.78433,11.788829999999999,11.792340000000001,11.79495,11.796570000000001,11.7972,11.79693,11.79567,11.79351,11.79045,11.7864,11.781450000000001,11.7756,11.76885,11.7612,11.752650000000001,11.7432,11.732940000000001,11.72169,11.70963,11.69658,11.68272,11.66805,11.65248,11.63601,11.61864,11.60046,11.58138,11.561490000000001,11.540700000000001,11.5191,11.496599999999999,11.4732,11.44899,11.42397,11.398050000000001,11.37123,11.3436,11.31516,11.28582,11.25567,11.22471,11.19285,11.16018,11.12661,11.09232,11.05713,11.02113,10.98441,10.94679,10.90845,10.86939,10.82952,10.78893,10.747620000000001,10.705589999999999,10.66302,10.61973,10.57581,10.53135,10.48644,10.440990000000001,10.39518,10.349010000000002,10.302480000000001,10.25577,10.20888,10.161900000000001,10.11492,10.06812,10.0215,9.975150000000001,9.92934,9.883980000000001,9.83943,9.7956,9.752849999999999,9.71109,9.67068,9.63171,9.59427,9.55854,9.524700000000001,9.49284,9.46314,9.43578,9.41076,9.38826,9.36837,9.351180000000001,9.33669,9.324990000000001,9.315990000000001,9.309780000000002,9.306360000000002,9.30564,9.30744,9.31194,9.31878,9.327960000000001,9.33939,9.3528,9.3681,9.385200000000001,9.403830000000001,9.423810000000001,9.44514,9.467459999999999,9.49068,9.51471,9.53928,9.564300000000001,9.58959,9.615060000000001,9.64053,9.66591,9.69111,9.715950000000001,9.74043,9.76446,9.78786,9.810540000000001,9.832590000000001,9.85374,9.87417,9.89361,9.91215,9.929789999999999,9.946259999999999,9.96183,9.97623,9.989550000000001,10.0017,10.01277,10.022580000000001,10.03131,10.03878,10.045079999999999,10.05021,10.05408,10.05669,10.05813,10.05831,10.057319999999999,10.05507,10.05165,10.04697,10.041030000000001,10.03392,10.02564,10.01619,10.00548,9.99369,9.980730000000001,9.96669,9.95157,9.93537,9.91809,9.89982,9.880650000000001,9.86049,9.83952,9.81765,9.79506,9.77166,9.747720000000001,9.72324,9.698220000000001,9.67284,9.64719,9.621360000000001,9.59544,9.56952,9.54387,9.51849,9.49347,9.46917,9.445590000000001,9.423,9.4014,9.381150000000002,9.36225,9.34497,9.3294,9.315809999999999,9.3042,9.29484,9.287820000000002,9.28323,9.28125,9.281880000000001,9.285210000000001,9.29133,9.30024,9.31194,9.32643,9.34362,9.36351,9.3861,9.41112,9.438659999999999,9.46845,9.500399999999999,9.53451,9.57042,9.608130000000001,9.64755,9.68832,9.73053,9.77382,9.818190000000001,9.86346,9.909450000000001,9.95616,10.00332,10.050930000000001,10.09881,10.14696,10.1952,10.243440000000001,10.29168,10.33974,10.38771,10.435410000000001,10.482840000000001,10.52991,10.57662,10.62288,10.668690000000002,10.71414,10.75896,10.80333,10.84716,10.890450000000001,10.933110000000001,10.97523,11.01681,11.05776,11.098080000000001,11.137860000000002,11.177010000000001,11.215620000000001,11.2536,11.29095,11.32776,11.36394,11.39949,11.4345,11.46897,11.50281,11.53611,11.56887,11.601090000000001,11.63268,11.66382,11.694420000000001,11.724480000000002,11.754000000000001,11.78298,11.81151,11.8395,11.867040000000001,11.89413,11.92068,11.94678,11.97243,11.997630000000001,12.02238,12.04668,12.07053,12.09402,12.11697,12.13965,12.16179,12.18357,12.20499,12.22605,12.24666,12.26691,12.28671,12.30624,12.325410000000002,12.34413,12.362580000000001,12.38058,12.39831,12.41568,12.43278,12.449430000000001,12.46581,12.48192,12.497670000000001,12.51306,12.528179999999999,12.54294,12.55743,12.57165,12.5856,12.59919,12.61251,12.62547,12.638250000000001,12.65067,12.66291,12.67479,12.6864,12.69774,12.7089,12.7197,12.73032,12.74058,12.750660000000002,12.76056,12.770100000000001,12.77946,12.78855,12.797460000000001,12.806099999999999,12.81447,12.82266,12.83067,12.838410000000001,12.845970000000001,12.85326,12.860370000000001,12.8673,12.87405,12.88062,12.88701,12.89322,12.89925,12.905100000000001,12.91077,12.91635,12.92175,12.92706,12.93219,12.937230000000001,12.94209,12.946860000000001,12.95154,12.95622,12.96072,12.96513,12.96954,12.97395,12.97827,12.982500000000002,12.98682,12.99105,12.99537,12.999600000000001,13.004010000000001,13.00842,13.012830000000001,13.017420000000001,13.02201,13.02678,13.03164,13.03668,13.0419,13.0473,13.05288,13.05864,13.06467,13.07097,13.07745,13.084290000000001,13.09149,13.09896,13.10679,13.114980000000001,13.123619999999999,13.13262,13.14198,13.15188,13.162230000000001,13.173029999999999,13.184370000000001,13.19625,13.20858,13.221540000000001,13.235040000000001,13.24908,13.263750000000002,13.27905,13.29498,13.311539999999999,13.32882,13.346639999999999,13.365179999999999,13.384440000000001,13.404330000000002,13.424940000000001,13.44627,13.46832,13.491,13.51449,13.53861,13.563540000000001,13.5891,13.61538,13.642380000000001,13.6701,13.69854,13.7277,13.757489999999999,13.788,13.819139999999999,13.851,13.88349,13.916699999999999,13.95045,13.98492,14.02002,14.05566,14.09193,14.12874,14.16618,14.20407,14.242590000000002,14.281649999999999,14.32125,14.361300000000002,14.4018,14.44284,14.484329999999998,14.52627,14.568660000000001,14.6115,14.654700000000002,14.69826,14.74227,14.78664,14.83137,14.87646,14.921819999999999
15.68106,15.614910000000002,15.54849,15.481890000000002,15.414930000000002,15.347790000000002,15.28029,15.21252,15.144480000000001,15.076170000000001,15.0075,14.938560000000003,14.86926,14.79969,14.729759999999999,14.659559999999999,14.589,14.51808,14.4468,14.375250000000001,14.30334,14.23107,14.15844,14.08545,14.01219,13.93848,13.8645,13.79016,13.71555,13.64058,13.56525,13.489650000000001,13.41378,13.33755,13.261140000000001,13.18446,13.1076,13.030560000000001,12.95334,12.87594,12.79854,12.72105,12.64356,12.56616,12.488850000000001,12.411810000000001,12.334859999999999,12.25836,12.182220000000001,12.106620000000001,12.031559999999999,11.95722,11.883600000000001,11.811060000000001,11.739510000000001,11.669130000000001,11.6001,11.53251,11.46654,11.40237,11.34018,11.28006,11.22219,11.16675,11.11383,11.063790000000001,11.01654,10.97235,10.93122,10.89351,10.85904,10.82808,10.80063,10.77678,10.756530000000001,10.73979,10.72674,10.71711,10.71099,10.70829,10.70883,10.71252,10.71927,10.7289,10.74114,10.75599,10.77318,10.792440000000001,10.81377,10.836810000000002,10.861379999999999,10.887480000000002,10.91466,10.94301,10.97217,11.00196,11.03238,11.063160000000002,11.09421,11.12535,11.15658,11.18763,11.21859,11.2491,11.279340000000001,11.30904,11.33829,11.366909999999999,11.3949,11.42217,11.448630000000001,11.47437,11.4993,11.52333,11.54646,11.56878,11.590110000000001,11.61054,11.63007,11.64852,11.666070000000001,11.68272,11.698290000000002,11.71287,11.726550000000001,11.73924,11.75094,11.761650000000001,11.771370000000001,11.780100000000001,11.78793,11.79477,11.80062,11.805570000000001,11.80953,11.81259,11.81475,11.81592,11.8161,11.81547,11.81394,11.81142,11.808,11.80377,11.79855,11.79252,11.785590000000001,11.777759999999999,11.769120000000001,11.75958,11.74914,11.7378,11.725740000000002,11.71269,11.69892,11.68416,11.66868,11.6523,11.63511,11.61702,11.59812,11.57841,11.5578,11.536470000000001,11.51424,11.491200000000001,11.467260000000001,11.4426,11.417040000000002,11.39076,11.36358,11.33559,11.306790000000001,11.277180000000001,11.24676,11.215530000000001,11.18358,11.15073,11.11716,11.08278,11.04768,11.01177,10.97514,10.93779,10.89963,10.860840000000001,10.82142,10.78128,10.74051,10.6992,10.65726,10.61478,10.57176,10.52838,10.48446,10.440270000000002,10.39572,10.35099,10.30608,10.26099,10.215990000000001,10.17099,10.126080000000002,10.08153,10.03725,9.99342,9.95022,9.90774,9.86598,9.8253,9.78561,9.74718,9.710189999999999,9.67455,9.64071,9.60849,9.57825,9.550080000000001,9.52398,9.50013,9.478620000000001,9.45954,9.44289,9.42885,9.41733,9.40833,9.40194,9.398159999999999,9.39681,9.39789,9.40131,9.40707,9.414900000000001,9.4248,9.43668,9.450360000000002,9.465570000000001,9.48231,9.500399999999999,9.51975,9.54,9.56124,9.5832,9.6057,9.62865,9.651959999999999,9.675360000000001,9.69894,9.72243,9.74574,9.76887,9.791640000000001,9.813960000000002,9.83574,9.85698,9.8775,9.89739,9.91647,9.934650000000001,9.952110000000001,9.968580000000001,9.984150000000001,9.99864,10.01223,10.024740000000001,10.03626,10.046610000000001,10.05588,10.06407,10.071180000000002,10.07712,10.08189,10.08549,10.08801,10.089360000000001,10.08945,10.088460000000001,10.086300000000001,10.08306,10.07856,10.07298,10.06623,10.0584,10.0494,10.03932,10.02816,10.01592,10.002600000000001,9.988290000000001,9.97299,9.95679,9.9396,9.92151,9.90252,9.882810000000001,9.86229,9.84114,9.81936,9.79695,9.77409,9.750779999999999,9.72711,9.70326,9.67932,9.655289999999999,9.63135,9.60768,9.584280000000001,9.56142,9.539100000000001,9.51759,9.49689,9.47727,9.45891,9.4419,9.42633,9.412469999999999,9.40041,9.39024,9.38214,9.376199999999999,9.3726,9.37134,9.37251,9.376290000000001,9.3825,9.39141,9.40284,9.41688,9.433440000000001,9.452520000000002,9.47403,9.49788,9.52398,9.55233,9.582659999999999,9.61497,9.64908,9.684899999999999,9.72225,9.76104,9.80109,9.842220000000001,9.88443,9.92754,9.97146,10.01592,10.061010000000001,10.10655,10.15236,10.19844,10.2447,10.29105,10.33731,10.38357,10.42974,10.47573,10.521360000000001,10.56681,10.61199,10.65672,10.70109,10.74501,10.78848,10.8315,10.87407,10.9161,10.957590000000001,10.99854,11.03895,11.07882,11.11815,11.15694,11.1951,11.23272,11.2698,11.30625,11.34225,11.37762,11.41245,11.44665,11.480400000000001,11.51352,11.546100000000001,11.57823,11.609729999999999,11.640780000000001,11.67129,11.701260000000001,11.730690000000001,11.75967,11.788200000000002,11.816189999999999,11.843639999999999,11.87073,11.89728,11.923380000000002,11.94903,11.97423,11.998980000000001,12.02328,12.047130000000001,12.07062,12.093570000000001,12.11625,12.13848,12.160260000000001,12.18168,12.20265,12.22335,12.243599999999999,12.26349,12.28293,12.302100000000001,12.32091,12.339360000000001,12.35745,12.37518,12.392550000000002,12.409559999999999,12.426300000000001,12.442680000000001,12.4587,12.474450000000001,12.48984,12.504959999999999,12.51972,12.53421,12.54843,12.56229,12.57588,12.58911,12.60216,12.61485,12.627270000000001,12.63942,12.65121,12.662820000000002,12.67416,12.68514,12.69594,12.70647,12.71673,12.72672,12.73644,12.745890000000001,12.75516,12.76416,12.77289,12.78135,12.789629999999999,12.79773,12.805560000000002,12.813120000000001,12.8205,12.8277,12.83463,12.841380000000001,12.847859999999999,12.85425,12.860370000000001,12.86631,12.872160000000001,12.877740000000001,12.883140000000001,12.888449999999999,12.89349,12.89853,12.9033,12.90798,12.91257,12.91698,12.9213,12.92544,12.92958,12.933629999999999,12.93759,12.941460000000001,12.94533,12.949110000000001,12.9528,12.95658,12.96036,12.96405,12.96783,12.97161,12.97548,12.97935,12.983310000000001,12.98745,12.99159,12.99591,13.00041,13.004999999999999,13.00986,13.01481,13.02012,13.02552,13.03128,13.037310000000002,13.043610000000001,13.05018,13.05711,13.064400000000001,13.07214,13.08024,13.0887,13.09761,13.10706,13.11696,13.127310000000001,13.138200000000001,13.14963,13.1616,13.17411,13.18725,13.20102,13.21533,13.230360000000001,13.245930000000001,13.26222,13.27923,13.29687,13.315230000000001,13.33431,13.35402,13.37454,13.39578,13.41765,13.44033,13.46373,13.48794,13.512780000000001,13.53843,13.5648,13.591890000000001,13.6197,13.64832,13.677570000000001,13.707540000000002,13.73823,13.76964,13.801680000000001,13.83444,13.86792,13.90194,13.93668,13.97205,14.00805,14.04468,14.08185,14.11956,14.1579,14.19687,14.23629,14.276250000000001,14.31666,14.3577,14.3991,14.441040000000001,14.48343,14.52618,14.569470000000003,14.613119999999999,14.657129999999999,14.701590000000001,14.74641,14.7915,14.837040000000002,14.88294
15.69708,15.631380000000002,15.565500000000002,15.49935,15.43302,15.36633,15.299460000000002,15.232320000000001,15.164819999999999,15.09714,15.029100000000001,14.960790000000001,14.89221,14.823360000000001,14.75415,14.684669999999999,14.614920000000001,14.544810000000002,14.47434,14.403690000000001,14.332590000000001,14.261220000000002,14.18958,14.11758,14.04531,13.97277,13.89987,13.82661,13.75317,13.679369999999999,13.605390000000002,13.53105,13.45653,13.38174,13.30677,13.231620000000001,13.15629,13.08078,13.005270000000001,12.92958,12.85389,12.77829,12.70269,12.627180000000001,12.55185,12.47679,12.402,12.32766,12.25368,12.18024,12.107520000000001,12.03543,11.96424,11.89404,11.82483,11.75688,11.690190000000001,11.62503,11.5614,11.49957,11.43963,11.38167,11.32596,11.272590000000001,11.22165,11.17332,11.127690000000001,11.08494,11.045250000000001,11.00862,10.97514,10.9449,10.917900000000001,10.894319999999999,10.87407,10.85724,10.84365,10.833390000000001,10.82646,10.82259,10.82187,10.82403,10.82907,10.836810000000002,10.84707,10.85976,10.8747,10.891620000000001,10.91043,10.93104,10.95309,10.97649,11.001149999999999,11.026800000000001,11.05335,11.08062,11.10843,11.13669,11.16522,11.19393,11.22273,11.25144,11.28006,11.30841,11.33649,11.36412,11.39139,11.41803,11.44413,11.4696,11.49435,11.51838,11.54169,11.56428,11.585970000000001,11.60685,11.62683,11.645999999999999,11.66418,11.68155,11.69802,11.713500000000002,11.72808,11.741760000000001,11.75445,11.766240000000002,11.77713,11.78703,11.79603,11.80404,11.81124,11.81736,11.82267,11.82708,11.8305,11.833020000000001,11.83473,11.83545,11.83527,11.834280000000001,11.8323,11.82951,11.82582,11.82132,11.81592,11.80962,11.80251,11.794500000000001,11.785680000000001,11.77605,11.76552,11.75418,11.74203,11.72907,11.71521,11.70054,11.68506,11.66877,11.651670000000001,11.633759999999999,11.61504,11.59551,11.57517,11.55402,11.53206,11.50938,11.485800000000001,11.46141,11.436300000000001,11.41038,11.383650000000001,11.356200000000001,11.32785,11.298869999999999,11.26899,11.23839,11.20707,11.174940000000001,11.142090000000001,11.10852,11.07423,11.03913,11.003400000000001,10.96704,10.92996,10.89216,10.853819999999999,10.814850000000002,10.77525,10.7352,10.69452,10.65339,10.61181,10.569870000000002,10.52748,10.484910000000001,10.441980000000001,10.39887,10.35567,10.31238,10.26909,10.22589,10.18296,10.14021,10.09791,10.05606,10.01475,9.97425,9.93447,9.89568,9.857880000000002,9.82134,9.78606,9.752220000000001,9.72,9.689400000000001,9.6606,9.633690000000001,9.60885,9.58599,9.56538,9.54702,9.531,9.51732,9.505980000000001,9.496979999999999,9.49041,9.486180000000001,9.48429,9.48465,9.48726,9.49194,9.4986,9.50724,9.51759,9.52965,9.543330000000001,9.55836,9.57465,9.59211,9.61056,9.62982,9.649799999999999,9.67041,9.69147,9.71289,9.734490000000001,9.756269999999999,9.77796,9.799560000000001,9.82098,9.84204,9.86283,9.88308,9.90288,9.92205,9.94059,9.958499999999999,9.97551,9.991800000000001,10.00728,10.02186,10.035540000000001,10.04823,10.06002,10.07082,10.08054,10.08927,10.09701,10.103670000000001,10.10925,10.113750000000001,10.117170000000002,10.11942,10.12068,10.12077,10.11987,10.1178,10.114650000000001,10.110420000000001,10.10511,10.098630000000002,10.09125,10.082699999999999,10.07316,10.06263,10.05102,10.03851,10.02501,10.01061,9.99531,9.97911,9.962100000000001,9.944370000000001,9.925830000000001,9.90666,9.88686,9.86643,9.845550000000001,9.82422,9.80253,9.78057,9.75843,9.7362,9.71397,9.691830000000001,9.67005,9.648539999999999,9.62748,9.607050000000001,9.58734,9.568620000000001,9.5508,9.53415,9.51876,9.504900000000001,9.49248,9.48186,9.472949999999999,9.46602,9.46116,9.45837,9.45774,9.45945,9.463500000000002,9.46998,9.4788,9.48996,9.50355,9.51957,9.537840000000001,9.55845,9.58122,9.606060000000001,9.63306,9.66186,9.69264,9.72504,9.759060000000002,9.79452,9.83142,9.86949,9.90864,9.94887,9.99,10.03176,10.07433,10.11735,10.16091,10.20474,10.248930000000001,10.2933,10.33776,10.38222,10.426770000000001,10.47114,10.51542,10.55952,10.603349999999999,10.64691,10.6902,10.733130000000001,10.77561,10.817730000000001,10.859490000000001,10.90071,10.94157,10.98189,11.02167,11.061,11.09979,11.13813,11.175930000000001,11.2131,11.249820000000001,11.286,11.32164,11.35674,11.391300000000001,11.425320000000001,11.4588,11.49183,11.524230000000001,11.55618,11.58759,11.61846,11.64888,11.67876,11.70819,11.73708,11.76543,11.79342,11.82087,11.84787,11.87433,11.90043,11.92608,11.95119,11.97594,12.000240000000002,12.02409,12.04758,12.07062,12.09321,12.115440000000001,12.13722,12.15864,12.1797,12.20031,12.220650000000001,12.240540000000001,12.25998,12.27915,12.297960000000002,12.316410000000001,12.3345,12.35223,12.3696,12.386610000000001,12.40335,12.41973,12.43584,12.451500000000001,12.46698,12.48201,12.496770000000001,12.51126,12.52539,12.53925,12.55284,12.566070000000002,12.57903,12.59172,12.60405,12.616200000000001,12.62799,12.639510000000001,12.65076,12.66174,12.672450000000001,12.68289,12.693060000000001,12.702960000000001,12.71259,12.72204,12.73113,12.74004,12.74868,12.75705,12.76524,12.77307,12.78081,12.78819,12.79548,12.80241,12.80925,12.81573,12.82212,12.828240000000001,12.83418,12.83994,12.84543,12.85083,12.85596,12.860999999999999,12.86577,12.87045,12.87495,12.87927,12.8835,12.88755,12.89151,12.895380000000001,12.89907,12.90267,12.906179999999999,12.9096,12.91302,12.91626,12.919500000000001,12.92274,12.92598,12.92913,12.93228,12.93552,12.93876,12.942,12.94533,12.94875,12.95226,12.955860000000001,12.95964,12.963510000000001,12.96756,12.97179,12.9762,12.980879999999999,12.98574,12.990870000000001,12.99627,13.00203,13.00806,13.01445,13.02129,13.028400000000001,13.035960000000001,13.04397,13.05234,13.06125,13.0707,13.0806,13.091040000000001,13.102020000000001,13.11354,13.12569,13.13847,13.15179,13.16583,13.1805,13.1958,13.211820000000001,13.22856,13.246020000000001,13.26411,13.28301,13.30263,13.32297,13.34412,13.36599,13.388580000000001,13.411980000000002,13.4361,13.46103,13.486680000000002,13.51314,13.540320000000001,13.56822,13.59693,13.62636,13.6566,13.68747,13.719059999999999,13.75137,13.784400000000002,13.818150000000001,13.85253,13.88754,13.92327,13.95954,13.99653,14.03406,14.07222,14.11101,14.15025,14.19012,14.23044,14.27139,14.31279,14.35464,14.39703,14.43987,14.483070000000001,14.52681,14.570910000000001,14.61537,14.660280000000002,14.70555,14.75118,14.79717,14.84343
15.713189999999999,15.648030000000002,15.58269,15.51708,15.4512,15.38514,15.318810000000001,15.25221,15.185339999999998,15.118290000000002,15.05088,14.98329,14.915340000000002,14.84712,14.77872,14.70996,14.64093,14.57163,14.502059999999998,14.43222,14.362020000000001,14.291640000000001,14.2209,14.14989,14.07861,14.00706,13.93524,13.86315,13.790790000000001,13.71825,13.64544,13.572450000000002,13.49919,13.42584,13.35222,13.27851,13.20471,13.13082,13.056840000000001,12.98286,12.90888,12.834990000000001,12.76128,12.687660000000001,12.614220000000001,12.54105,12.46833,12.39597,12.324060000000001,12.25287,12.182220000000001,12.11238,12.04335,11.975399999999999,11.90844,11.842740000000001,11.7783,11.7153,11.653920000000001,11.59425,11.53638,11.48049,11.426670000000001,11.37519,11.32596,11.279250000000001,11.23524,11.19384,11.15532,11.11968,11.08701,11.0574,11.030940000000001,11.00754,10.98729,10.97019,10.956240000000001,10.94544,10.937610000000001,10.93275,10.93077,10.93158,10.935,10.941030000000001,10.94949,10.9602,10.97298,10.98774,11.0043,11.02248,11.04219,11.06325,11.08539,11.10861,11.13264,11.15748,11.18286,11.20869,11.23488,11.26125,11.2878,11.31426,11.34072,11.366909999999999,11.39292,11.41857,11.44386,11.4687,11.49291,11.516670000000001,11.5398,11.56221,11.58399,11.60496,11.6253,11.644739999999999,11.66346,11.681280000000001,11.69838,11.71458,11.729880000000001,11.74437,11.757959999999999,11.77065,11.78244,11.793330000000001,11.803410000000001,11.81259,11.820780000000001,11.82816,11.83464,11.84022,11.844899999999999,11.84868,11.85165,11.85363,11.854890000000001,11.85516,11.854619999999999,11.85318,11.85093,11.84778,11.843820000000001,11.83905,11.83338,11.8269,11.819609999999999,11.81151,11.80251,11.79279,11.78217,11.77074,11.75859,11.74554,11.73177,11.7171,11.70171,11.68551,11.6685,11.65077,11.63223,11.61288,11.592720000000002,11.57184,11.55015,11.527650000000001,11.504430000000001,11.48049,11.45574,11.43018,11.4039,11.376900000000001,11.34918,11.32065,11.2914,11.26143,11.23065,11.19924,11.16711,11.13435,11.10078,11.06658,11.03175,10.99629,10.9602,10.92348,10.886130000000001,10.84824,10.809899999999999,10.770930000000002,10.7316,10.69173,10.6515,10.61091,10.57005,10.528920000000001,10.48752,10.44603,10.404449999999999,10.36278,10.32129,10.279800000000002,10.23858,10.19772,10.15713,10.117170000000002,10.07766,10.038960000000001,10.00098,9.963989999999999,9.927990000000001,9.89316,9.8595,9.82728,9.79659,9.767430000000001,9.739980000000001,9.71424,9.69048,9.668610000000001,9.648810000000001,9.631170000000001,9.615599999999999,9.60219,9.591030000000002,9.582120000000002,9.575370000000001,9.570780000000001,9.56844,9.56808,9.569880000000001,9.57357,9.57915,9.58653,9.59562,9.60633,9.61839,9.63189,9.646560000000001,9.662310000000002,9.67896,9.69651,9.714780000000001,9.73359,9.752849999999999,9.77256,9.79245,9.812429999999999,9.832500000000001,9.85248,9.872280000000002,9.89181,9.91107,9.92997,9.94833,9.96624,9.98352,10.00017,10.01619,10.031400000000001,10.04589,10.059479999999999,10.07235,10.084230000000002,10.0953,10.10538,10.11456,10.12284,10.13004,10.13625,10.14147,10.1457,10.148850000000001,10.151010000000001,10.152180000000001,10.152270000000001,10.15137,10.14939,10.14633,10.14228,10.13724,10.13121,10.12419,10.11609,10.107090000000001,10.0971,10.08621,10.07442,10.06173,10.04814,10.03374,10.01853,10.002600000000001,9.98586,9.968490000000001,9.95058,9.93204,9.91296,9.89343,9.87363,9.85338,9.83304,9.81252,9.79191,9.77139,9.750960000000001,9.730889999999999,9.71109,9.691830000000001,9.67311,9.6552,9.6381,9.6219,9.60687,9.593100000000002,9.580680000000001,9.5697,9.56025,9.552600000000002,9.546660000000001,9.5427,9.54072,9.54072,9.54297,9.54729,9.55377,9.56259,9.57357,9.5868,9.60219,9.61983,9.63954,9.66132,9.685080000000001,9.71073,9.73818,9.767430000000001,9.798300000000001,9.83061,9.86445,9.89946,9.93573,9.973080000000001,10.01142,10.05066,10.090530000000001,10.13121,10.17234,10.21401,10.25604,10.298340000000001,10.340910000000001,10.38357,10.42632,10.46916,10.51191,10.55457,10.59705,10.63935,10.68147,10.723230000000001,10.76481,10.805940000000001,10.8468,10.88721,10.92726,10.96686,11.00601,11.04471,11.08296,11.12076,11.15802,11.194830000000001,11.2311,11.26692,11.302200000000001,11.33694,11.37123,11.40498,11.438279999999999,11.47104,11.50326,11.534939999999999,11.56626,11.596950000000001,11.62719,11.656979999999999,11.68623,11.71503,11.74338,11.77119,11.79864,11.82555,11.852010000000002,11.878020000000001,11.90358,11.928780000000001,11.953439999999999,11.97774,12.00159,12.02499,12.048029999999999,12.07062,12.09285,12.11463,12.136050000000001,12.15711,12.177719999999999,12.19797,12.21786,12.23739,12.25656,12.27537,12.293730000000002,12.31182,12.329550000000001,12.34701,12.36402,12.38076,12.39714,12.413160000000001,12.42891,12.4443,12.45933,12.47409,12.48858,12.50271,12.51657,12.53007,12.5433,12.55626,12.56886,12.581190000000001,12.59325,12.605039999999999,12.61647,12.62772,12.63861,12.649230000000001,12.65958,12.66975,12.67956,12.6891,12.69846,12.707460000000001,12.716280000000001,12.72474,12.73302,12.74112,12.74886,12.75642,12.763710000000001,12.77073,12.77757,12.78423,12.79062,12.79674,12.802679999999999,12.808440000000001,12.813930000000001,12.81924,12.82437,12.82923,12.834,12.838500000000002,12.84291,12.84714,12.8511,12.854970000000002,12.85875,12.86235,12.86577,12.8691,12.872250000000001,12.875399999999999,12.87837,12.88125,12.88413,12.88692,12.88962,12.89223,12.89493,12.897540000000001,12.900150000000002,12.902759999999999,12.90537,12.90807,12.91086,12.91365,12.91653,12.919590000000001,12.92274,12.92598,12.9294,12.933090000000002,12.93687,12.94092,12.94524,12.94974,12.954600000000001,12.95973,12.96522,12.971070000000001,12.97719,12.98385,12.99078,12.99825,13.006170000000001,13.01454,13.02345,13.0329,13.042800000000002,13.05333,13.06449,13.07619,13.08861,13.10157,13.11525,13.12956,13.14459,13.16034,13.17681,13.194,13.21191,13.23063,13.250070000000001,13.27032,13.29129,13.31307,13.335659999999999,13.35897,13.383180000000001,13.40811,13.433850000000001,13.46031,13.487580000000001,13.51566,13.544550000000001,13.574160000000001,13.60449,13.63563,13.66749,13.70007,13.73337,13.76739,13.80213,13.8375,13.8735,13.91022,13.947569999999999,13.985460000000002,14.02407,14.063130000000001,14.10291,14.14314,14.184,14.22531,14.26716,14.30955,14.352390000000002,14.39568,14.439420000000002,14.48352,14.52816,14.57307,14.61852,14.664240000000001,14.71032,14.75676,14.80356
15.72948,15.664860000000001,15.59997,15.5349,15.469560000000001,15.40404,15.33825,15.27228,15.206040000000002,15.13953,15.07275,15.005790000000001,14.938560000000003,14.87106,14.80338,14.735339999999999,14.66712,14.598630000000002,14.52987,14.46084,14.39154,14.32206,14.252220000000001,14.1822,14.11191,14.04135,13.97061,13.899690000000001,13.8285,13.75704,13.68549,13.613760000000001,13.54176,13.46976,13.397580000000001,13.32531,13.25295,13.1805,13.10814,13.035779999999999,12.963420000000001,12.891240000000002,12.81924,12.74742,12.675870000000002,12.60459,12.53376,12.46329,12.39345,12.32424,12.25566,12.18789,12.121020000000001,12.055050000000001,11.99025,11.92662,11.86434,11.803410000000001,11.74401,11.68632,11.63043,11.57643,11.5245,11.474639999999999,11.42703,11.38185,11.33919,11.299050000000001,11.261610000000001,11.22687,11.194920000000002,11.165939999999999,11.13984,11.116620000000001,11.09637,11.07909,11.06478,11.05335,11.04471,11.03895,11.0358,11.03535,11.03733,11.041739999999999,11.04849,11.05731,11.068200000000001,11.08089,11.09538,11.1114,11.12886,11.147580000000001,11.167470000000002,11.18835,11.210130000000001,11.23263,11.25567,11.279250000000001,11.30319,11.32731,11.3517,11.376090000000001,11.40039,11.424600000000002,11.448630000000001,11.47239,11.49579,11.518830000000001,11.54133,11.56338,11.5848,11.605680000000001,11.62593,11.64555,11.66436,11.682540000000001,11.700000000000001,11.71665,11.73249,11.74752,11.76174,11.77524,11.787840000000001,11.79954,11.81052,11.8206,11.82978,11.838149999999999,11.84571,11.85237,11.858130000000001,11.86308,11.867220000000001,11.87046,11.87289,11.87442,11.87514,11.87505,11.87406,11.872349999999999,11.86974,11.86623,11.862,11.85696,11.85111,11.84436,11.83689,11.82861,11.81952,11.80962,11.799,11.78748,11.77524,11.76228,11.748420000000001,11.733839999999999,11.71854,11.702430000000001,11.68551,11.66787,11.64951,11.63034,11.61045,11.58975,11.56833,11.546190000000001,11.52324,11.49966,11.47527,11.45016,11.42433,11.39778,11.370510000000001,11.34252,11.31381,11.28447,11.25441,11.223630000000002,11.19222,11.16009,11.127419999999999,11.09403,11.0601,11.025450000000001,10.99035,10.95462,10.91835,10.881540000000001,10.844280000000001,10.806479999999999,10.768320000000001,10.72971,10.69083,10.65159,10.61208,10.57239,10.53243,10.49247,10.45242,10.412370000000001,10.37241,10.33263,10.29312,10.25388,10.21509,10.17675,10.13904,10.10196,10.065690000000002,10.03032,9.996030000000001,9.962729999999999,9.93069,9.89991,9.87057,9.84267,9.81648,9.79191,9.76905,9.74817,9.729090000000001,9.71199,9.69687,9.68382,9.67284,9.66384,9.657,9.652140000000001,9.64926,9.64836,9.64935,9.652230000000001,9.65682,9.663120000000001,9.67095,9.68031,9.69102,9.70308,9.71622,9.730350000000001,9.745470000000001,9.7614,9.77796,9.79515,9.81279,9.83079,9.849060000000001,9.867510000000001,9.88596,9.90441,9.92268,9.94086,9.958680000000001,9.97623,9.99333,10.00998,10.02609,10.04166,10.05651,10.070730000000001,10.08432,10.09701,10.109070000000001,10.12023,10.13058,10.140030000000001,10.148579999999999,10.156320000000001,10.16307,10.16892,10.17378,10.17774,10.18071,10.18278,10.18377,10.183860000000001,10.18296,10.18107,10.17819,10.17432,10.169550000000001,10.16379,10.15713,10.14957,10.14102,10.13166,10.121310000000001,10.11024,10.09827,10.08549,10.071990000000001,10.057680000000001,10.04274,10.02708,10.010790000000002,9.99405,9.97668,9.95895,9.940769999999999,9.922229999999999,9.90351,9.88461,9.865530000000001,9.846540000000001,9.82755,9.80874,9.7902,9.772110000000001,9.754380000000001,9.73737,9.72099,9.70542,9.69084,9.677249999999999,9.66492,9.65376,9.64413,9.63585,9.62928,9.62433,9.62118,9.61983,9.62046,9.62307,9.62766,9.63432,9.643049999999999,9.65385,9.66672,9.68157,9.69858,9.71748,9.73836,9.76104,9.78552,9.8118,9.83961,9.86904,9.89982,9.93204,9.96543,9.99999,10.035630000000001,10.07217,10.109610000000002,10.14777,10.18656,10.22598,10.26585,10.30608,10.34667,10.38753,10.42848,10.46961,10.51083,10.55196,10.59309,10.63404,10.674900000000001,10.715580000000001,10.75599,10.79613,10.836,10.87551,10.91466,10.95354,10.99197,11.03004,11.06757,11.10483,11.14155,11.17782,11.21364,11.24901,11.28393,11.31831,11.35224,11.385720000000001,11.418660000000001,11.45115,11.4831,11.51469,11.54574,11.576250000000002,11.606309999999999,11.63592,11.66508,11.69379,11.721960000000001,11.74968,11.77704,11.80386,11.83023,11.856150000000001,11.88171,11.90682,11.931479999999999,11.95569,11.97945,12.002849999999999,12.02589,12.04848,12.07062,12.0924,12.11382,12.13479,12.15549,12.175740000000001,12.195630000000001,12.21507,12.23424,12.25305,12.2715,12.2895,12.30723,12.3246,12.3417,12.358350000000002,12.374730000000001,12.39075,12.406500000000001,12.42189,12.43692,12.451680000000001,12.46617,12.48021,12.49407,12.50757,12.520800000000001,12.533669999999999,12.546270000000002,12.5586,12.57057,12.58227,12.5937,12.60486,12.61575,12.62637,12.63663,12.64671,12.65643,12.66588,12.67515,12.68406,12.69279,12.701250000000002,12.709349999999999,12.717270000000001,12.724920000000001,12.73239,12.7395,12.74643,12.75318,12.75957,12.765780000000001,12.77181,12.77748,12.78306,12.78837,12.79341,12.79836,12.803040000000001,12.80745,12.811770000000001,12.81582,12.81978,12.82347,12.82707,12.830490000000001,12.833730000000001,12.83679,12.839760000000002,12.842550000000001,12.845250000000002,12.84777,12.850290000000001,12.85263,12.854880000000001,12.85713,12.85929,12.86136,12.863430000000001,12.86541,12.86748,12.86946,12.87153,12.8736,12.87576,12.87801,12.880260000000002,12.88269,12.88521,12.887820000000001,12.8907,12.89367,12.89682,12.90024,12.90393,12.90789,12.91212,12.916620000000002,12.92148,12.9267,12.93237,12.93831,12.944790000000001,12.951630000000002,12.95901,12.966840000000001,12.97521,12.98412,12.99366,13.00374,13.01436,13.0257,13.03758,13.05018,13.063500000000001,13.07754,13.092210000000001,13.10769,13.123890000000001,13.14081,13.15854,13.17699,13.19634,13.216410000000002,13.23729,13.258980000000001,13.28157,13.30488,13.329,13.35402,13.379760000000001,13.406400000000001,13.43376,13.46202,13.491,13.52079,13.55139,13.5828,13.61484,13.64778,13.68135,13.71564,13.75065,13.78638,13.822830000000002,13.859910000000001,13.897620000000002,13.935960000000001,13.97493,14.01453,14.054670000000002,14.09544,14.13675,14.17851,14.2209,14.26365,14.30703,14.35077,14.394960000000001,14.43969,14.48478,14.530230000000001,14.57613,14.622300000000001,14.66892,14.7159,14.763150000000001
15.74586,15.68169,15.617339999999999,15.55281,15.488010000000001,15.42303,15.35778,15.292349999999999,15.226740000000001,15.160860000000001,15.0948,15.02847,14.961960000000001,14.895090000000001,14.82813,14.7609,14.6934,14.62563,14.557680000000001,14.48955,14.421149999999999,14.35248,14.28363,14.21451,14.14521,14.07573,14.006070000000001,13.93614,13.86603,13.79583,13.72545,13.65489,13.584240000000001,13.5135,13.44267,13.37175,13.300830000000001,13.22991,13.158990000000001,13.08825,13.017510000000001,12.946950000000001,12.87657,12.80646,12.73671,12.66723,12.5982,12.529710000000001,12.46167,12.39435,12.32775,12.26196,12.19707,12.13317,12.070260000000001,12.008610000000001,11.948310000000001,11.88927,11.83185,11.77605,11.721960000000001,11.66967,11.61936,11.57112,11.52504,11.48121,11.439720000000001,11.40075,11.3643,11.33037,11.299140000000001,11.27061,11.24487,11.22183,11.20158,11.18412,11.169450000000001,11.15739,11.148119999999999,11.14137,11.13723,11.13552,11.13624,11.13912,11.144250000000001,11.15136,11.160449999999999,11.17125,11.18367,11.19771,11.2131,11.229659999999999,11.24739,11.26611,11.285730000000001,11.305980000000002,11.32695,11.34837,11.37015,11.392199999999999,11.414430000000001,11.43684,11.45916,11.48148,11.503620000000002,11.525490000000001,11.54709,11.56833,11.58921,11.60964,11.629529999999999,11.64888,11.66769,11.68578,11.703330000000001,11.72016,11.73636,11.75175,11.76651,11.78046,11.793690000000002,11.80611,11.817720000000001,11.82852,11.8386,11.84787,11.856240000000001,11.86389,11.87064,11.87667,11.8818,11.88612,11.88963,11.89233,11.89422,11.8953,11.89557,11.89503,11.89368,11.89161,11.88864,11.88486,11.88036,11.87505,11.86893,11.862,11.85435,11.84589,11.83671,11.82672,11.81592,11.8044,11.792159999999999,11.77911,11.76534,11.75076,11.735460000000002,11.71944,11.7027,11.68515,11.666970000000001,11.64798,11.628269999999999,11.607840000000001,11.58669,11.564820000000001,11.54223,11.51892,11.49489,11.47023,11.44485,11.418750000000001,11.39193,11.36448,11.336400000000001,11.3076,11.27817,11.24802,11.21733,11.185920000000001,11.153970000000001,11.12148,11.08827,11.05461,11.02032,10.98558,10.9503,10.91457,10.87839,10.84176,10.80477,10.76733,10.72971,10.69173,10.65357,10.61523,10.57671,10.53819,10.49958,10.46106,10.42263,10.38438,10.346400000000001,10.30878,10.27161,10.23489,10.19871,10.163250000000001,10.1286,10.09476,10.061910000000001,10.030140000000001,9.99945,9.97011,9.942029999999999,9.91539,9.89028,9.8667,9.844830000000002,9.82467,9.80631,9.78975,9.77508,9.7623,9.75141,9.7425,9.73548,9.730350000000001,9.727020000000001,9.72558,9.72594,9.72801,9.7317,9.73692,9.74367,9.75186,9.76131,9.77193,9.783719999999999,9.79641,9.81009,9.82449,9.83952,9.85518,9.87129,9.88776,9.9045,9.92142,9.93843,9.955440000000001,9.97236,9.9891,10.00566,10.02186,10.037790000000001,10.05327,10.06821,10.082699999999999,10.09656,10.10988,10.12248,10.134360000000001,10.14561,10.15605,10.16568,10.17459,10.1826,10.1898,10.196190000000001,10.201590000000001,10.20618,10.20987,10.212660000000001,10.214459999999999,10.21545,10.21545,10.214550000000001,10.21275,10.21005,10.20645,10.20186,10.19646,10.19016,10.18296,10.17495,10.16604,10.156410000000001,10.14588,10.13463,10.122660000000002,10.10997,10.09656,10.08252,10.06794,10.05273,10.036980000000002,10.02087,10.00431,9.98739,9.9702,9.95274,9.93519,9.91755,9.9,9.88245,9.865169999999999,9.84816,9.83151,9.8154,9.79974,9.78489,9.770760000000001,9.75762,9.74538,9.734309999999999,9.72441,9.715860000000001,9.70875,9.70308,9.69903,9.6966,9.69597,9.69705,9.70002,9.704880000000001,9.71163,9.720270000000001,9.730889999999999,9.743490000000001,9.75789,9.774270000000001,9.79245,9.812429999999999,9.83421,9.85761,9.88263,9.909270000000001,9.93726,9.96669,9.99738,10.02924,10.062270000000002,10.09629,10.13121,10.16694,10.20339,10.24056,10.27827,10.31643,10.355039999999999,10.39392,10.433159999999999,10.47258,10.51209,10.55169,10.59129,10.630889999999999,10.67049,10.70991,10.74915,10.788210000000001,10.827,10.86561,10.90386,10.941840000000001,10.979550000000001,11.01681,11.0538,11.09034,11.126430000000001,11.16216,11.19753,11.23236,11.26683,11.30085,11.33433,11.36745,11.400120000000001,11.432250000000002,11.46402,11.49525,11.52603,11.556360000000002,11.58624,11.61567,11.64465,11.67318,11.701260000000001,11.72889,11.755980000000001,11.782710000000002,11.80908,11.83491,11.860380000000001,11.8854,11.90997,11.93409,11.95785,11.981250000000001,12.004199999999999,12.0267,12.04884,12.07062,12.091949999999999,12.113010000000001,12.13353,12.153780000000001,12.173670000000001,12.193200000000001,12.21228,12.23109,12.24945,12.26754,12.28527,12.30264,12.31965,12.336300000000001,12.35268,12.3687,12.384450000000001,12.399750000000001,12.41487,12.429540000000001,12.44394,12.45807,12.47184,12.48534,12.49848,12.51135,12.52395,12.53619,12.54816,12.559859999999999,12.57129,12.58236,12.593160000000001,12.60369,12.613949999999999,12.623940000000001,12.63366,12.64302,12.6522,12.66102,12.66966,12.677940000000001,12.68604,12.69387,12.70143,12.70872,12.71574,12.72249,12.72906,12.73536,12.74139,12.747240000000001,12.75282,12.758130000000001,12.76326,12.76812,12.7728,12.77721,12.78144,12.78549,12.78936,12.792959999999999,12.79638,12.79962,12.80277,12.80565,12.80835,12.810960000000001,12.81339,12.81564,12.817800000000002,12.819870000000002,12.82176,12.82356,12.82527,12.82698,12.82851,12.83004,12.831479999999999,12.832920000000001,12.83436,12.8358,12.837240000000001,12.83868,12.84021,12.84174,12.84345,12.84516,12.84705,12.84903,12.85128,12.853620000000001,12.85614,12.858929999999999,12.86199,12.86523,12.86883,12.872700000000002,12.87702,12.88161,12.886560000000001,12.891960000000001,12.89781,12.90411,12.91095,12.91824,12.92607,12.93444,12.94344,12.95298,12.963149999999999,12.97404,12.98556,12.997710000000001,13.010670000000001,13.02426,13.03866,13.053780000000001,13.06971,13.08645,13.10391,13.12227,13.14135,13.16133,13.182120000000001,13.20372,13.22622,13.24953,13.27374,13.298760000000001,13.32459,13.35132,13.37886,13.407210000000001,13.43637,13.46634,13.49721,13.5288,13.5612,13.59432,13.62825,13.662899999999999,13.69827,13.73445,13.77117,13.8087,13.846860000000001,13.88565,13.925070000000002,13.96512,14.00571,14.04693,14.08869,14.13099,14.17383,14.21712,14.26095,14.30523,14.34996,14.39514,14.44077,14.48676,14.53311,14.57991,14.62698,14.6745,14.722290000000001
15.76242,15.698700000000002,15.63489,15.57081,15.506550000000002,15.442110000000001,15.377489999999998,15.3126,15.247620000000001,15.182369999999999,15.116850000000001,15.051240000000002,14.985360000000002,14.91921,14.85297,14.786460000000002,14.71968,14.652809999999999,14.58558,14.51826,14.45076,14.38299,14.31504,14.246820000000001,14.17851,14.11002,14.04135,13.9725,13.90356,13.83444,13.76523,13.69593,13.62645,13.55697,13.487490000000001,13.41792,13.34844,13.278870000000001,13.20948,13.140179999999999,13.071060000000001,13.00203,12.93327,12.86487,12.79674,12.72906,12.66174,12.59496,12.52881,12.46338,12.398579999999999,12.33459,12.27159,12.20949,12.14856,12.08871,12.03021,11.97306,11.917440000000001,11.86326,11.810880000000001,11.76021,11.71143,11.66472,11.61999,11.57742,11.5371,11.49912,11.463569999999999,11.43045,11.39976,11.371770000000001,11.34621,11.32335,11.303099999999999,11.28546,11.270340000000001,11.25783,11.24784,11.24028,11.235149999999999,11.23236,11.231729999999999,11.233350000000002,11.23695,11.24244,11.249820000000001,11.25882,11.26944,11.281500000000001,11.29491,11.30958,11.325330000000001,11.34198,11.359440000000001,11.37771,11.39661,11.41596,11.43576,11.45583,11.476080000000001,11.496509999999999,11.51703,11.537370000000001,11.55771,11.57787,11.597760000000001,11.61738,11.636550000000002,11.65536,11.673810000000001,11.69163,11.709,11.72583,11.74203,11.7576,11.772540000000001,11.786850000000001,11.80044,11.81331,11.82546,11.83689,11.8476,11.857500000000002,11.86668,11.87514,11.8827,11.88963,11.89566,11.900970000000001,11.905560000000001,11.90925,11.91222,11.914380000000001,11.91573,11.91636,11.91618,11.91519,11.91348,11.910960000000001,11.907720000000001,11.90367,11.898810000000001,11.89323,11.88684,11.87982,11.8719,11.86335,11.85399,11.843910000000001,11.833020000000001,11.82141,11.80917,11.79612,11.782350000000001,11.76777,11.75256,11.73663,11.71998,11.70261,11.68452,11.66571,11.646270000000001,11.62602,11.60514,11.58354,11.56131,11.538359999999999,11.51469,11.49039,11.46537,11.439720000000001,11.41344,11.38653,11.3589,11.33073,11.30193,11.27241,11.24235,11.21175,11.180520000000001,11.14875,11.116439999999999,11.08359,11.0502,11.016359999999999,10.98207,10.947330000000001,10.912230000000001,10.87668,10.84077,10.804590000000001,10.76814,10.73142,10.69452,10.65744,10.62027,10.5831,10.54593,10.50885,10.471860000000001,10.43505,10.3986,10.36242,10.326690000000001,10.291500000000001,10.25685,10.22292,10.18971,10.15731,10.1259,10.09548,10.06614,10.03797,10.01115,9.98559,9.96147,9.938880000000001,9.91782,9.898470000000001,9.880650000000001,9.86463,9.850320000000002,9.83781,9.827100000000002,9.818100000000001,9.81099,9.80559,9.8019,9.80001,9.79974,9.801,9.803880000000001,9.8082,9.813960000000002,9.82098,9.82926,9.83871,9.84915,9.86058,9.872819999999999,9.88578,9.89946,9.913680000000001,9.92835,9.94338,9.958770000000001,9.97425,9.98991,10.00557,10.02114,10.03662,10.051919999999999,10.06695,10.081620000000001,10.096020000000001,10.10988,10.123380000000001,10.13625,10.148670000000001,10.16037,10.17153,10.18197,10.19178,10.20078,10.209060000000001,10.216529999999999,10.223279999999999,10.22922,10.234259999999999,10.23858,10.242,10.24452,10.24623,10.24713,10.24713,10.24623,10.24452,10.241909999999999,10.238489999999999,10.23417,10.229040000000001,10.2231,10.21635,10.20879,10.200420000000001,10.19133,10.18143,10.1709,10.159650000000001,10.14768,10.13517,10.12203,10.108350000000002,10.09413,10.079460000000001,10.064430000000002,10.04895,10.03329,10.01727,10.001159999999999,9.98487,9.968580000000001,9.95238,9.93618,9.920250000000001,9.90468,9.889380000000001,9.87462,9.86049,9.846900000000002,9.83421,9.82224,9.811350000000001,9.801449999999999,9.792720000000001,9.785250000000001,9.77904,9.774270000000001,9.77103,9.769319999999999,9.76923,9.770760000000001,9.77409,9.77913,9.78597,9.79461,9.80496,9.8172,9.831240000000001,9.84708,9.86454,9.883799999999999,9.90459,9.927,9.95103,9.97641,10.00323,10.03131,10.06056,10.09107,10.12257,10.15506,10.18845,10.22256,10.25748,10.29303,10.329120000000001,10.36575,10.40274,10.44009,10.4778,10.5156,10.55367,10.59174,10.629900000000001,10.66815,10.70622,10.744290000000001,10.78218,10.81998,10.857510000000001,10.89486,10.931939999999999,10.96875,11.00529,11.04147,11.07729,11.11275,11.14794,11.182680000000001,11.21697,11.2509,11.28447,11.317590000000001,11.35026,11.38257,11.414430000000001,11.445839999999999,11.4768,11.50731,11.537370000000001,11.566980000000001,11.59623,11.62503,11.65329,11.68119,11.70864,11.73573,11.76228,11.78847,11.81421,11.83959,11.86443,11.889000000000001,11.913030000000001,11.93679,11.96001,11.98296,12.00537,12.02751,12.0492,12.07053,12.0915,12.112110000000001,12.13227,12.15207,12.1716,12.19068,12.2094,12.22785,12.24585,12.263580000000001,12.28095,12.297960000000002,12.31461,12.330900000000002,12.34692,12.362580000000001,12.37797,12.393,12.407670000000001,12.422070000000001,12.4362,12.44997,12.46338,12.47652,12.48939,12.501900000000001,12.514140000000001,12.52611,12.53772,12.54906,12.560130000000001,12.57093,12.58137,12.59154,12.60144,12.61107,12.62043,12.62952,12.638340000000001,12.6468,12.65508,12.66309,12.67074,12.67821,12.685410000000001,12.69225,12.69891,12.705390000000001,12.71151,12.71745,12.72303,12.72843,12.73365,12.73851,12.74328,12.74769,12.75192,12.75597,12.75975,12.76326,12.766680000000001,12.76983,12.7728,12.775590000000001,12.778110000000002,12.78054,12.78279,12.78486,12.78675,12.78846,12.79008,12.79161,12.792959999999999,12.79422,12.795300000000001,12.79638,12.79737,12.79827,12.79917,12.799980000000001,12.800790000000001,12.8016,12.80241,12.80322,12.804120000000001,12.80502,12.80601,12.80709,12.80835,12.809700000000001,12.81114,12.81285,12.81474,12.8169,12.81924,12.82185,12.82473,12.828059999999999,12.831570000000001,12.83553,12.83994,12.844710000000001,12.84993,12.8556,12.86181,12.86856,12.87585,12.883680000000002,12.892050000000001,12.90114,12.91086,12.92121,12.93237,12.944070000000002,12.95667,12.969899999999999,12.98394,12.99879,13.01436,13.03083,13.04811,13.0662,13.085189999999999,13.10499,13.12569,13.147200000000002,13.169699999999999,13.19301,13.217130000000001,13.24224,13.26816,13.29498,13.32261,13.351140000000001,13.38057,13.41081,13.44186,13.47372,13.50639,13.53987,13.57407,13.60917,13.6449,13.68144,13.71861,13.7565,13.79511,13.834349999999999,13.874220000000001,13.914810000000001,13.955850000000002,13.99761,14.03991,14.082659999999999,14.126040000000001,14.169870000000001,14.21424,14.259060000000002,14.30433,14.35005,14.39622,14.44275,14.48964,14.536980000000002,14.584590000000002,14.632560000000002,14.680890000000002
15.77898,15.7158,15.65244,15.588900000000002,15.52518,15.461280000000002,15.397200000000002,15.33294,15.2685,15.20388,15.139080000000002,15.07401,15.00885,14.94342,14.87781,14.812019999999999,14.74605,14.6799,14.613570000000001,14.54706,14.480280000000002,14.41341,14.34636,14.27913,14.211810000000002,14.144309999999999,14.076630000000002,14.00886,13.94091,13.87296,13.804829999999999,13.7367,13.66848,13.60026,13.53204,13.46373,13.3956,13.32747,13.25952,13.19166,13.123980000000001,13.056479999999999,12.98934,12.92247,12.85596,12.789900000000001,12.72429,12.65922,12.59478,12.531060000000002,12.468060000000001,12.40587,12.34458,12.28428,12.22506,12.167010000000001,12.11022,12.05478,12.00069,11.948220000000001,11.89737,11.848230000000001,11.80089,11.75544,11.711969999999999,11.67057,11.63133,11.59434,11.55951,11.52711,11.49705,11.469330000000001,11.44413,11.42136,11.40102,11.3832,11.36781,11.35476,11.34414,11.33577,11.32974,11.32587,11.324160000000001,11.324430000000001,11.326590000000001,11.33064,11.336400000000001,11.34378,11.35269,11.362950000000001,11.37456,11.38734,11.40111,11.41587,11.43144,11.44773,11.46465,11.48211,11.50002,11.5182,11.536560000000001,11.55519,11.57382,11.59245,11.61108,11.629529999999999,11.64771,11.66571,11.68335,11.70072,11.717640000000001,11.734110000000001,11.75004,11.76552,11.78046,11.79477,11.80854,11.821679999999999,11.834190000000001,11.84598,11.85714,11.86767,11.87739,11.88648,11.89476,11.90241,11.90925,11.915370000000001,11.920770000000001,11.925360000000001,11.92932,11.93247,11.93481,11.936430000000001,11.937330000000001,11.93742,11.93679,11.93544,11.93337,11.93049,11.92689,11.92248,11.91735,11.91159,11.90502,11.89764,11.88963,11.8809,11.871360000000001,11.86119,11.8503,11.8386,11.826270000000001,11.81322,11.79945,11.78496,11.76984,11.753910000000001,11.73735,11.72016,11.70225,11.68362,11.66427,11.64438,11.62368,11.602350000000001,11.580390000000001,11.5578,11.53449,11.51064,11.48607,11.46087,11.43504,11.40858,11.381580000000001,11.35386,11.32569,11.2968,11.26746,11.237490000000001,11.20698,11.17602,11.14443,11.112480000000001,11.07999,11.04705,11.01366,10.97991,10.94571,10.91124,10.87641,10.84131,10.80603,10.770480000000001,10.73484,10.69902,10.66311,10.62729,10.591380000000001,10.55565,10.520100000000001,10.48464,10.449629999999999,10.414890000000002,10.38051,10.34676,10.313550000000001,10.28097,10.24911,10.218060000000001,10.18791,10.15875,10.13067,10.103670000000001,10.07793,10.053450000000002,10.030230000000001,10.00854,9.988290000000001,9.96957,9.95238,9.936810000000001,9.92286,9.91053,9.89991,9.891,9.88371,9.87804,9.87408,9.87165,9.87084,9.87147,9.87354,9.87705,9.88182,9.88785,9.895050000000001,9.90333,9.9126,9.92277,9.93375,9.94545,9.95778,9.97074,9.984060000000001,9.99774,10.01178,10.026000000000002,10.040310000000002,10.054710000000002,10.06902,10.08333,10.09746,10.111320000000001,10.12491,10.13823,10.15119,10.16361,10.17567,10.187100000000001,10.198080000000001,10.208430000000002,10.218150000000001,10.22724,10.2357,10.243440000000001,10.25037,10.25667,10.26216,10.26693,10.270890000000001,10.27404,10.27647,10.27809,10.27881,10.27881,10.27791,10.276290000000001,10.27386,10.27053,10.26648,10.26162,10.25604,10.24965,10.24254,10.23471,10.22607,10.216800000000001,10.2069,10.19637,10.185210000000001,10.17342,10.16118,10.1484,10.13508,10.12149,10.10745,10.09305,10.07847,10.06362,10.048680000000001,10.03365,10.01853,10.00359,9.98874,9.974070000000001,9.95976,9.94581,9.9324,9.91944,9.9072,9.89568,9.884970000000001,9.875160000000001,9.866340000000001,9.858690000000001,9.85212,9.846900000000002,9.84294,9.84042,9.83925,9.8397,9.84168,9.84528,9.8505,9.85743,9.86598,9.87624,9.88821,9.901800000000001,9.9171,9.93402,9.95247,9.97245,9.99396,10.01691,10.041210000000001,10.06686,10.093679999999999,10.12176,10.150830000000001,10.180980000000002,10.21203,10.243979999999999,10.27665,10.310130000000001,10.344149999999999,10.37871,10.41381,10.44936,10.48527,10.521360000000001,10.55781,10.59435,10.631070000000001,10.66779,10.704600000000001,10.74141,10.77813,10.814760000000001,10.85121,10.88757,10.92366,10.959570000000001,10.99521,11.03067,11.065769999999999,11.10051,11.13498,11.16909,11.20293,11.236320000000001,11.26935,11.30202,11.334240000000001,11.3661,11.3976,11.42856,11.45925,11.48949,11.51928,11.54862,11.5776,11.60613,11.63421,11.661930000000002,11.6892,11.716109999999999,11.74248,11.76858,11.79414,11.81934,11.84418,11.86857,11.8926,11.91618,11.93931,11.96217,11.984580000000001,12.00663,12.028229999999999,12.049560000000001,12.07044,12.09096,12.11112,12.13092,12.150360000000001,12.16944,12.188160000000002,12.20652,12.22452,12.24216,12.259530000000002,12.276539999999999,12.293190000000001,12.309479999999999,12.3255,12.34107,12.35646,12.37149,12.38616,12.40047,12.414510000000002,12.42828,12.44169,12.45483,12.46761,12.48012,12.49236,12.50424,12.51585,12.527190000000001,12.538170000000001,12.548879999999999,12.559320000000001,12.569490000000002,12.5793,12.588840000000001,12.5982,12.607199999999999,12.61584,12.6243,12.632489999999999,12.640410000000001,12.64797,12.65535,12.662370000000001,12.66921,12.67578,12.68199,12.68802,12.69378,12.69927,12.70458,12.70953,12.714300000000001,12.7188,12.72303,12.727079999999999,12.73086,12.73446,12.73779,12.74085,12.743820000000001,12.74643,12.74895,12.751199999999999,12.753269999999999,12.75516,12.756870000000001,12.7584,12.75984,12.76101,12.76209,12.76299,12.7638,12.76443,12.76506,12.765509999999999,12.765870000000001,12.76614,12.76641,12.76659,12.76677,12.76695,12.767040000000001,12.76722,12.7674,12.767669999999999,12.76803,12.76839,12.76893,12.76965,12.77046,12.77145,12.772620000000002,12.77406,12.77568,12.777660000000001,12.77991,12.78243,12.7854,12.788640000000001,12.79233,12.79647,12.80106,12.806099999999999,12.81168,12.817800000000002,12.82455,12.83184,12.83967,12.848220000000001,12.8574,12.8673,12.87792,12.88926,12.90141,12.91428,12.92796,12.94245,12.95775,12.97395,12.990960000000001,13.00887,13.02768,13.04739,13.06791,13.089419999999999,13.11183,13.13514,13.15935,13.18446,13.21047,13.23738,13.26519,13.2939,13.32351,13.35402,13.385340000000001,13.417470000000002,13.4505,13.48425,13.5189,13.55427,13.59045,13.627350000000002,13.66506,13.7034,13.74246,13.78215,13.82256,13.8636,13.90527,13.94748,13.99023,14.033610000000001,14.077530000000001,14.1219,14.16681,14.21217,14.25807,14.30433,14.351040000000001,14.398109999999999,14.44563,14.49342,14.54166,14.590170000000002,14.63904
15.79563,15.732900000000003,15.67008,15.607080000000002,15.5439,15.480540000000001,15.417,15.35337,15.28947,15.225480000000001,15.16122,15.096870000000001,15.032340000000001,14.967630000000002,14.90274,14.837670000000001,14.772419999999999,14.706990000000001,14.64147,14.57577,14.50989,14.44383,14.37768,14.311350000000001,14.24493,14.178420000000001,14.111730000000001,14.04495,13.97817,13.911209999999999,13.84425,13.7772,13.710239999999999,13.64319,13.57623,13.50927,13.442400000000001,13.375620000000001,13.30902,13.242510000000001,13.17627,13.1103,13.04469,12.97935,12.91437,12.84984,12.78585,12.72249,12.65967,12.59757,12.53619,12.475620000000001,12.41604,12.35736,12.29985,12.24342,12.18825,12.13434,12.08187,12.03093,11.98152,11.93373,11.88774,11.84355,11.801250000000001,11.76084,11.72259,11.68641,11.65239,11.62053,11.59101,11.563649999999999,11.53872,11.51604,11.4957,11.47761,11.46186,11.44836,11.43711,11.42811,11.421180000000001,11.416319999999999,11.41344,11.41254,11.41344,11.41605,11.42037,11.42622,11.433510000000002,11.44206,11.45196,11.46294,11.475,11.487960000000001,11.50164,11.51613,11.53125,11.54682,11.56293,11.57931,11.59596,11.6127,11.62962,11.64663,11.66355,11.68038,11.697030000000002,11.713410000000001,11.72961,11.74545,11.76093,11.77605,11.79072,11.80494,11.818620000000001,11.831760000000001,11.84436,11.85633,11.86776,11.87856,11.88873,11.89827,11.90709,11.915280000000001,11.92284,11.929590000000001,11.93571,11.94111,11.945879999999999,11.94984,11.95308,11.95569,11.95749,11.95857,11.958929999999999,11.95866,11.95758,11.95578,11.95326,11.95002,11.946150000000001,11.94147,11.93607,11.92995,11.9232,11.91564,11.907449999999999,11.898539999999999,11.88891,11.87865,11.86758,11.855879999999999,11.84355,11.83041,11.81673,11.80224,11.78712,11.771370000000001,11.754900000000001,11.7378,11.71998,11.70153,11.68245,11.662740000000001,11.64231,11.62134,11.59965,11.57733,11.55447,11.53089,11.50677,11.48193,11.45664,11.430629999999999,11.40417,11.37708,11.34936,11.321190000000001,11.292390000000001,11.26314,11.233350000000002,11.20311,11.17233,11.1411,11.10942,11.07738,11.04489,11.012129999999999,10.97892,10.94544,10.91169,10.87767,10.84347,10.80909,10.77453,10.73988,10.70523,10.67058,10.63602,10.601550000000001,10.567260000000001,10.53324,10.499400000000001,10.46601,10.43307,10.400580000000001,10.36863,10.3374,10.3068,10.27701,10.24812,10.220130000000001,10.19313,10.167300000000001,10.142550000000002,10.11897,10.09674,10.07577,10.05624,10.03806,10.02141,10.00629,9.9927,9.980640000000001,9.97011,9.96111,9.95373,9.947880000000001,9.943560000000002,9.940769999999999,9.93942,9.93942,9.94086,9.943560000000002,9.94743,9.95256,9.958770000000001,9.96597,9.97416,9.98316,9.992970000000001,10.0035,10.01466,10.02627,10.03842,10.05084,10.06362,10.07658,10.089720000000002,10.10295,10.11609,10.12923,10.14228,10.15506,10.16766,10.1799,10.19187,10.203479999999999,10.214640000000001,10.22526,10.235430000000001,10.24506,10.25415,10.26261,10.27044,10.27755,10.28412,10.28997,10.2951,10.29951,10.3032,10.30617,10.30833,10.30977,10.31049,10.3104,10.30959,10.307970000000001,10.305629999999999,10.302570000000001,10.2987,10.294110000000002,10.28889,10.28286,10.27611,10.268730000000001,10.260720000000001,10.25199,10.24272,10.23282,10.222380000000001,10.211400000000001,10.19988,10.188,10.17558,10.162889999999999,10.14984,10.13643,10.12293,10.109160000000001,10.0953,10.081439999999999,10.06749,10.05372,10.04004,10.02663,10.01349,10.0008,9.98856,9.97677,9.9657,9.95526,9.945720000000001,9.93699,9.929160000000001,9.922410000000001,9.916830000000001,9.91233,9.90918,9.907290000000001,9.90675,9.90765,9.90999,9.91386,9.91926,9.92619,9.934740000000001,9.94482,9.95652,9.969750000000001,9.98451,10.0008,10.01862,10.03788,10.05849,10.08054,10.10385,10.12833,10.154069999999999,10.18089,10.20879,10.23759,10.26729,10.29789,10.329210000000002,10.36125,10.393830000000001,10.42704,10.4607,10.49481,10.52928,10.564020000000001,10.59903,10.63422,10.669500000000001,10.70496,10.74042,10.77588,10.811340000000001,10.84671,10.881990000000002,10.91709,10.952100000000002,10.986839999999999,11.0214,11.05569,11.08971,11.123460000000001,11.15694,11.190150000000001,11.22291,11.2554,11.28753,11.3193,11.350710000000001,11.38176,11.41245,11.44269,11.47257,11.501999999999999,11.531070000000001,11.559780000000002,11.588040000000001,11.61594,11.64339,11.67048,11.69712,11.7234,11.74923,11.774700000000001,11.79981,11.82447,11.84868,11.872620000000001,11.89611,11.91915,11.941920000000001,11.96424,11.9862,12.007800000000001,12.028950000000002,12.04983,12.070260000000001,12.09042,12.11013,12.129480000000001,12.14856,12.16719,12.185550000000001,12.20355,12.22119,12.23847,12.25539,12.27204,12.28833,12.304260000000001,12.319920000000002,12.33522,12.35016,12.36483,12.37923,12.393180000000001,12.40695,12.42036,12.43341,12.446190000000001,12.4587,12.47085,12.48273,12.494250000000001,12.5055,12.51648,12.527190000000001,12.53754,12.54762,12.55743,12.566970000000001,12.57615,12.58515,12.59379,12.60216,12.61026,12.618,12.62556,12.632760000000001,12.63978,12.64644,12.65292,12.659040000000001,12.66498,12.67056,12.67596,12.68109,12.68586,12.69045,12.69477,12.69891,12.70269,12.706290000000001,12.709620000000001,12.712769999999999,12.71565,12.718259999999999,12.720690000000001,12.72285,12.72483,12.72663,12.728250000000001,12.7296,12.730770000000001,12.73176,12.732569999999999,12.7332,12.733740000000001,12.7341,12.73428,12.73437,12.73437,12.734190000000002,12.73392,12.73365,12.7332,12.732750000000001,12.7323,12.73176,12.73122,12.730770000000001,12.73023,12.72978,12.729420000000001,12.72915,12.72897,12.72897,12.72906,12.729330000000001,12.72978,12.7305,12.73149,12.73266,12.734190000000002,12.73608,12.738240000000001,12.74085,12.743910000000001,12.74733,12.751199999999999,12.75561,12.76056,12.76605,12.772170000000001,12.778830000000001,12.78612,12.794130000000001,12.80277,12.81222,12.8223,12.83319,12.84489,12.8574,12.87072,12.88485,12.89988,12.91581,12.93255,12.950280000000001,12.968910000000001,12.98844,13.00887,13.030289999999999,13.0527,13.07592,13.10022,13.12542,13.15152,13.178609999999999,13.20651,13.23549,13.26528,13.29597,13.32756,13.360050000000001,13.393350000000002,13.42755,13.46256,13.498380000000001,13.53492,13.57236,13.610430000000001,13.649310000000002,13.68882,13.72905,13.770000000000001,13.811490000000001,13.853700000000002,13.89645,13.93983,13.98375,14.02821,14.073210000000001,14.11875,14.16465,14.21109,14.25798,14.30523,14.352929999999999,14.400990000000002,14.44941,14.498190000000001,14.547329999999999,14.596739999999999
15.81237,15.75009,15.68781,15.62526,15.562619999999999,15.499800000000002,15.436890000000002,15.37371,15.310440000000002,15.247079999999999,15.18345,15.119730000000002,15.05583,14.99184,14.927580000000003,14.863230000000001,14.798790000000002,14.734170000000002,14.669369999999999,14.60448,14.539410000000002,14.47425,14.408909999999999,14.343480000000001,14.27805,14.21244,14.146740000000001,14.08095,14.01516,13.94928,13.8834,13.81752,13.75164,13.68585,13.62006,13.55427,13.48866,13.42323,13.35798,13.29282,13.22802,13.16349,13.09923,13.03533,12.97188,12.90888,12.84642,12.7845,12.7233,12.66273,12.60297,12.54402,12.48597,12.42891,12.37293,12.31803,12.2643,12.21192,12.16089,12.111300000000002,12.06324,12.0168,11.97198,11.92896,11.88774,11.84841,11.810970000000001,11.7756,11.742210000000002,11.710980000000001,11.68182,11.65491,11.63007,11.60748,11.58705,11.56887,11.55276,11.53881,11.52702,11.5173,11.50956,11.5038,11.499929999999999,11.49786,11.4975,11.498850000000001,11.50173,11.50614,11.5119,11.51901,11.5272,11.536560000000001,11.54691,11.558159999999999,11.57013,11.58291,11.59623,11.61018,11.62449,11.63916,11.6541,11.66922,11.68452,11.69982,11.71521,11.73042,11.74554,11.76048,11.77524,11.78973,11.80386,11.81763,11.83095,11.843910000000001,11.85642,11.86839,11.87982,11.8908,11.90115,11.910960000000001,11.92023,11.928780000000001,11.93679,11.944080000000001,11.950830000000002,11.956859999999999,11.96217,11.96694,11.9709,11.97423,11.976930000000001,11.97891,11.98017,11.9808,11.98062,11.9799,11.97837,11.97621,11.973329999999999,11.96973,11.96541,11.960460000000001,11.954880000000001,11.94849,11.94147,11.93373,11.925360000000001,11.916269999999999,11.90655,11.89611,11.88504,11.87325,11.86083,11.84778,11.83401,11.819609999999999,11.80458,11.788829999999999,11.772540000000001,11.75553,11.73789,11.71962,11.70072,11.68119,11.66103,11.64033,11.618910000000001,11.596950000000001,11.57436,11.55123,11.52747,11.50308,11.478240000000001,11.452770000000001,11.426670000000001,11.400120000000001,11.37303,11.3454,11.31732,11.2887,11.25963,11.23002,11.20005,11.16963,11.138760000000001,11.10753,11.07594,11.04399,11.01177,10.97928,10.946520000000001,10.91349,10.88037,10.84707,10.813590000000001,10.78011,10.74663,10.713149999999999,10.67976,10.64655,10.613430000000001,10.58067,10.54809,10.51596,10.484190000000002,10.452960000000001,10.42227,10.39221,10.362870000000001,10.33425,10.30653,10.27962,10.2537,10.228769999999999,10.205010000000001,10.18233,10.16091,10.14066,10.12176,10.10421,10.0881,10.07334,10.06002,10.04814,10.037700000000001,10.02879,10.021320000000001,10.01529,10.0107,10.00746,10.00557,10.00503,10.00584,10.00782,10.01097,10.0152,10.020510000000002,10.026720000000001,10.03383,10.04184,10.050569999999999,10.05993,10.069920000000002,10.08045,10.09143,10.10268,10.11429,10.12617,10.13814,10.1502,10.16226,10.17432,10.18629,10.198170000000001,10.20978,10.22112,10.2321,10.24281,10.253160000000001,10.26306,10.27242,10.28142,10.28979,10.29762,10.30491,10.31157,10.31769,10.32309,10.327860000000001,10.33191,10.33533,10.33812,10.340100000000001,10.341450000000002,10.34208,10.34199,10.34118,10.33965,10.3374,10.33443,10.33083,10.32651,10.321560000000002,10.31589,10.30959,10.30266,10.2951,10.28691,10.27827,10.269,10.25919,10.248930000000001,10.23822,10.22706,10.21554,10.203750000000001,10.1916,10.17918,10.16667,10.15389,10.14111,10.12824,10.11546,10.102770000000001,10.090259999999999,10.07793,10.06596,10.05435,10.043190000000001,10.03257,10.022490000000001,10.01322,10.004579999999999,9.99684,9.99,9.984150000000001,9.97929,9.9756,9.973080000000001,9.971820000000001,9.97173,9.973080000000001,9.97578,9.979920000000002,9.985410000000002,9.99243,10.00089,10.01088,10.02231,10.03518,10.04949,10.065240000000001,10.08243,10.10097,10.12077,10.14192,10.16424,10.18773,10.21239,10.23813,10.26477,10.2924,10.32093,10.35018,10.38015,10.41084,10.44216,10.474020000000001,10.50633,10.539090000000002,10.57221,10.6056,10.63926,10.6731,10.707120000000002,10.74132,10.77552,10.80972,10.84392,10.878120000000001,10.912230000000001,10.94616,10.98,11.01366,11.04714,11.080350000000001,11.113380000000001,11.14614,11.17863,11.21085,11.242709999999999,11.2743,11.305530000000001,11.33649,11.367090000000001,11.39724,11.42712,11.45664,11.485710000000001,11.514510000000001,11.542860000000001,11.57085,11.59848,11.625660000000002,11.65248,11.678939999999999,11.70495,11.730690000000001,11.755889999999999,11.78082,11.8053,11.82942,11.85318,11.876579999999999,11.89953,11.92221,11.94444,11.96622,11.987729999999999,12.00888,12.029670000000001,12.05001,12.070079999999999,12.08979,12.10905,12.12804,12.14667,12.164940000000001,12.18294,12.20049,12.21777,12.234689999999999,12.25125,12.26754,12.283470000000001,12.29904,12.314340000000001,12.329279999999999,12.343860000000001,12.35817,12.37221,12.38589,12.39921,12.41226,12.425040000000001,12.43746,12.44961,12.46149,12.47301,12.48417,12.49515,12.50577,12.51612,12.52611,12.53592,12.54537,12.55455,12.56337,12.57201,12.58029,12.5883,12.59604,12.60342,12.610619999999999,12.61746,12.62412,12.630419999999999,12.63645,12.64221,12.64779,12.65301,12.65796,12.66264,12.667050000000001,12.671190000000001,12.67515,12.67875,12.682170000000001,12.685319999999999,12.6882,12.690900000000001,12.693240000000001,12.6954,12.69738,12.69909,12.70053,12.701789999999999,12.70287,12.70368,12.7044,12.70485,12.705119999999999,12.70521,12.705119999999999,12.70485,12.70449,12.70395,12.703320000000001,12.70251,12.70161,12.70062,12.699629999999999,12.69846,12.69738,12.69612,12.69495,12.69369,12.69252,12.69135,12.690270000000002,12.68928,12.68838,12.687570000000001,12.68694,12.686490000000001,12.68622,12.68622,12.6864,12.68694,12.687660000000001,12.68883,12.690270000000002,12.69216,12.694410000000001,12.6972,12.70044,12.704130000000001,12.70836,12.71322,12.71871,12.72474,12.73149,12.73887,12.74697,12.75588,12.765509999999999,12.77586,12.78711,12.79917,12.81213,12.825899999999999,12.84066,12.856230000000002,12.87279,12.89025,12.9087,12.928139999999999,12.94848,12.96981,12.992130000000001,13.015440000000002,13.03974,13.06494,13.09122,13.118400000000001,13.14657,13.17573,13.20579,13.23675,13.26861,13.30146,13.335120000000002,13.36968,13.405050000000001,13.44132,13.4784,13.516200000000001,13.55481,13.59414,13.63419,13.67505,13.716450000000002,13.75857,13.80132,13.8447,13.888620000000001,13.933169999999999,13.97826,14.023800000000001,14.069880000000001,14.1165,14.16348,14.211,14.25888,14.307120000000001,14.355810000000002,14.404860000000001,14.454270000000001,14.503950000000001,14.553989999999999
15.829110000000002,15.767370000000001,15.705540000000001,15.643529999999998,15.58143,15.519150000000002,15.45678,15.394230000000002,15.3315,15.26868,15.20568,15.14259,15.07941,15.01596,14.952510000000002,14.888879999999999,14.82507,14.76117,14.697180000000001,14.6331,14.56884,14.50449,14.44005,14.37552,14.3109,14.24628,14.18157,14.11677,14.05197,13.98717,13.92228,13.85748,13.79277,13.72806,13.66344,13.59891,13.534559999999999,13.47039,13.40631,13.342590000000001,13.27905,13.21587,13.15296,13.0905,13.028490000000001,12.96693,12.90591,12.84552,12.78576,12.72672,12.6684,12.61098,12.554369999999999,12.498840000000001,12.4443,12.39084,12.33855,12.287519999999999,12.23784,12.1896,12.142800000000001,12.09753,12.053880000000001,12.01185,11.97162,11.93319,11.896650000000001,11.86191,11.82924,11.79846,11.76975,11.743020000000001,11.71845,11.69586,11.67543,11.656979999999999,11.6406,11.626290000000001,11.61396,11.60352,11.59506,11.5884,11.58354,11.580480000000001,11.57895,11.579130000000001,11.58075,11.58372,11.588040000000001,11.59371,11.60037,11.6082,11.61693,11.62656,11.637,11.64807,11.65977,11.67201,11.684700000000001,11.697750000000001,11.71107,11.72466,11.73834,11.75211,11.76597,11.77974,11.79342,11.80692,11.82024,11.83338,11.84616,11.85867,11.87082,11.88252,11.89386,11.90475,11.9151,11.925,11.934360000000002,11.943180000000002,11.95146,11.959200000000001,11.96631,11.972790000000002,11.97864,11.98395,11.98863,11.992590000000002,11.996010000000002,11.998709999999999,12.000779999999999,12.00213,12.002849999999999,12.00294,12.0024,12.00114,11.99925,11.99664,11.993400000000001,11.98944,11.98485,11.97963,11.97369,11.96712,11.95983,11.95191,11.94336,11.93418,11.92428,11.91375,11.90259,11.89071,11.87829,11.86515,11.85147,11.83707,11.822040000000001,11.80647,11.79018,11.77335,11.755799999999999,11.73771,11.718990000000002,11.69973,11.67984,11.659320000000001,11.63826,11.61657,11.59434,11.571480000000001,11.54817,11.524230000000001,11.49975,11.474730000000001,11.449259999999999,11.423250000000001,11.396700000000001,11.36961,11.34207,11.314079999999999,11.285730000000001,11.25684,11.2275,11.197890000000001,11.16783,11.137410000000001,11.106630000000001,11.07558,11.04426,11.01267,10.9809,10.94886,10.91673,10.88442,10.85211,10.81971,10.787310000000002,10.75491,10.72269,10.69056,10.6587,10.62702,10.5957,10.56474,10.534139999999999,10.50408,10.47456,10.44567,10.41741,10.38987,10.36314,10.33731,10.31238,10.28835,10.26549,10.24362,10.22292,10.20339,10.185120000000001,10.16811,10.15236,10.13796,10.12491,10.1133,10.10295,10.09404,10.08648,10.08027,10.075320000000001,10.07181,10.06947,10.068480000000001,10.068660000000001,10.069920000000002,10.07235,10.07577,10.08027,10.08558,10.091790000000001,10.09881,10.10646,10.11483,10.12374,10.13319,10.143089999999999,10.15335,10.16388,10.17459,10.18557,10.19655,10.20762,10.21869,10.22967,10.24056,10.25118,10.26162,10.27188,10.28169,10.29123,10.300410000000001,10.30914,10.31742,10.32516,10.33245,10.3392,10.34541,10.35099,10.35603,10.36044,10.364220000000001,10.36737,10.36989,10.371780000000001,10.37295,10.37349,10.3734,10.37259,10.37115,10.36899,10.366290000000001,10.362870000000001,10.358730000000001,10.35405,10.34874,10.3428,10.33632,10.329210000000002,10.32165,10.313460000000001,10.30482,10.29564,10.286100000000001,10.27611,10.26576,10.25505,10.243979999999999,10.23273,10.22121,10.2096,10.19781,10.186020000000001,10.174140000000001,10.16244,10.15074,10.13922,10.12797,10.11708,10.10646,10.09638,10.08675,10.07775,10.06938,10.06173,10.05489,10.04886,10.04382,10.03977,10.03671,10.034820000000002,10.03401,10.03455,10.03626,10.03923,10.04355,10.049220000000002,10.05624,10.0647,10.07442,10.08558,10.098180000000001,10.11204,10.12734,10.1439,10.16172,10.1808,10.20114,10.22256,10.24515,10.268820000000002,10.29348,10.319040000000001,10.3455,10.37286,10.40094,10.42965,10.45908,10.48914,10.519739999999999,10.550790000000001,10.5822,10.61406,10.64619,10.67859,10.711170000000001,10.74393,10.77687,10.80981,10.842839999999999,10.87587,10.908900000000001,10.941840000000001,10.97469,11.00745,11.04003,11.07243,11.10465,11.13669,11.16846,11.20005,11.23128,11.26224,11.29293,11.32335,11.35341,11.3832,11.41263,11.441699999999999,11.47041,11.49876,11.526840000000002,11.55447,11.581740000000002,11.608740000000001,11.635290000000001,11.661480000000001,11.687310000000002,11.71278,11.7378,11.76255,11.786850000000001,11.81079,11.83437,11.85759,11.88045,11.90295,11.92509,11.94687,11.9682,11.989260000000002,12.009960000000001,12.03021,12.050189999999999,12.06981,12.08907,12.10797,12.126510000000001,12.144779999999999,12.1626,12.180150000000001,12.19743,12.214260000000001,12.230820000000001,12.24702,12.26295,12.27843,12.293730000000002,12.30858,12.323250000000002,12.33747,12.351420000000001,12.365100000000002,12.37842,12.39147,12.404160000000001,12.416580000000002,12.42864,12.44043,12.45195,12.46311,12.474,12.484620000000001,12.49488,12.504959999999999,12.51459,12.52404,12.533130000000002,12.54195,12.550500000000001,12.55869,12.566609999999999,12.57435,12.58164,12.588750000000001,12.595590000000001,12.60207,12.60828,12.614220000000001,12.61989,12.62529,12.630419999999999,12.63528,12.63978,12.6441,12.648060000000001,12.651840000000002,12.65535,12.6585,12.661470000000001,12.66417,12.6666,12.66876,12.67074,12.672450000000001,12.67389,12.67506,12.67605,12.676770000000001,12.67731,12.67758,12.677669999999999,12.67758,12.67731,12.67686,12.67614,12.67533,12.674339999999999,12.67317,12.67191,12.67047,12.66894,12.66732,12.665610000000001,12.66381,12.66192,12.66003,12.658140000000001,12.65616,12.65427,12.652379999999999,12.650580000000001,12.64878,12.647160000000001,12.64563,12.64419,12.64302,12.64194,12.64113,12.64059,12.640320000000001,12.640320000000001,12.64068,12.641399999999999,12.64248,12.6441,12.64608,12.6486,12.65157,12.65517,12.65931,12.66408,12.66948,12.6756,12.68235,12.68991,12.69819,12.707370000000001,12.717270000000001,12.72798,12.739680000000002,12.75219,12.7656,12.78,12.795300000000001,12.811589999999999,12.82887,12.84714,12.8664,12.886650000000001,12.90789,12.930209999999999,12.95352,12.977820000000001,13.003200000000001,13.02957,13.05693,13.08528,13.11462,13.14495,13.17618,13.208400000000001,13.24161,13.27563,13.310640000000001,13.34646,13.383180000000001,13.42071,13.45905,13.49811,13.53798,13.578660000000001,13.61997,13.662,13.704749999999999,13.748040000000001,13.792050000000001,13.8366,13.881780000000001,13.92741,13.97367,14.020380000000001,14.06763,14.11524,14.16339,14.2119,14.26077,14.31009,14.35977,14.40972,14.460120000000002,14.510700000000002
15.84585,15.78465,15.723270000000001,15.661800000000001,15.600240000000001,15.5385,15.476580000000002,15.414660000000001,15.352559999999999,15.290280000000001,15.22791,15.16545,15.1029,15.040170000000002,14.977350000000001,14.91444,14.85135,14.788170000000001,14.72499,14.66163,14.59818,14.53464,14.471010000000001,14.40738,14.34366,14.27994,14.21613,14.15232,14.088510000000001,14.024700000000001,13.960890000000001,13.897170000000001,13.83354,13.76991,13.70646,13.6431,13.579920000000001,13.51692,13.45419,13.39164,13.32945,13.26753,13.205969999999999,13.14486,13.084200000000001,13.02399,12.964409999999999,12.90537,12.84705,12.78936,12.73248,12.6765,12.62133,12.56715,12.51396,12.46185,12.41091,12.36123,12.312809999999999,12.265740000000001,12.22011,12.175920000000001,12.13335,12.0924,12.05307,12.015450000000001,11.97963,11.94561,11.91339,11.88315,11.854800000000001,11.82834,11.80386,11.781360000000001,11.76084,11.742210000000002,11.72556,11.7108,11.69802,11.68695,11.67777,11.670300000000001,11.66454,11.66049,11.65797,11.65689,11.657340000000001,11.65905,11.66202,11.66625,11.671560000000001,11.67786,11.68515,11.69325,11.70207,11.7117,11.721870000000001,11.73249,11.74365,11.75517,11.766960000000001,11.77902,11.791170000000001,11.8035,11.81583,11.82825,11.84049,11.852640000000001,11.86461,11.8764,11.88801,11.89926,11.91015,11.920770000000001,11.930940000000001,11.94075,11.95002,11.958929999999999,11.967300000000002,11.97522,11.982510000000001,11.98935,11.99565,12.00132,12.006450000000001,12.01095,12.01491,12.01824,12.020940000000001,12.0231,12.02454,12.02535,12.02562,12.025170000000001,12.02409,12.02238,12.020040000000002,12.01707,12.01347,12.00924,12.004290000000001,11.998709999999999,11.992590000000002,11.985750000000001,11.978280000000002,11.970180000000001,11.96145,11.95209,11.94201,11.93139,11.92014,11.90826,11.89575,11.8827,11.86893,11.854619999999999,11.839680000000001,11.824110000000001,11.80791,11.791170000000001,11.773800000000001,11.755889999999999,11.73735,11.71827,11.69856,11.678400000000002,11.65752,11.636190000000001,11.61432,11.59182,11.56887,11.54529,11.52126,11.496780000000001,11.47167,11.446200000000001,11.42019,11.393730000000001,11.36673,11.33937,11.31165,11.28339,11.25486,11.22588,11.19663,11.16693,11.13705,11.10681,11.0763,11.04561,11.01474,10.983690000000001,10.95246,10.921230000000001,10.88991,10.8585,10.82718,10.795860000000001,10.76472,10.73367,10.70289,10.67238,10.642140000000001,10.61226,10.58283,10.55385,10.52541,10.49751,10.470329999999999,10.44387,10.41813,10.3932,10.36917,10.34604,10.32399,10.30293,10.28286,10.264050000000001,10.24632,10.22976,10.214459999999999,10.200420000000001,10.18764,10.176120000000001,10.16586,10.15695,10.1493,10.14291,10.137780000000001,10.13391,10.13121,10.12968,10.12932,10.13004,10.13175,10.134450000000001,10.13814,10.14264,10.148040000000002,10.154069999999999,10.16082,10.16829,10.176210000000001,10.18467,10.19349,10.20276,10.21221,10.222019999999999,10.23192,10.242,10.25208,10.26216,10.27224,10.28223,10.292040000000002,10.301670000000001,10.31103,10.32012,10.32894,10.3374,10.34541,10.35306,10.36026,10.36701,10.37322,10.37898,10.3842,10.38879,10.392930000000002,10.39644,10.399320000000001,10.40157,10.40328,10.40436,10.4049,10.404720000000001,10.403910000000002,10.402560000000001,10.400490000000001,10.39788,10.39464,10.390860000000002,10.38645,10.38141,10.37583,10.3698,10.36314,10.35603,10.34838,10.34028,10.33173,10.32282,10.313550000000001,10.30392,10.29393,10.283669999999999,10.27323,10.26261,10.25181,10.24101,10.23003,10.21914,10.20834,10.19763,10.187100000000001,10.17684,10.16685,10.15731,10.14813,10.13949,10.1313,10.12383,10.11708,10.11105,10.105830000000001,10.101510000000001,10.098180000000001,10.095749999999999,10.0944,10.09413,10.09503,10.0971,10.10043,10.104930000000001,10.11069,10.117709999999999,10.126080000000002,10.135710000000001,10.146690000000001,10.15893,10.17243,10.187190000000001,10.20321,10.2204,10.238850000000001,10.258379999999999,10.27899,10.30068,10.32336,10.34703,10.371509999999999,10.39698,10.42317,10.45008,10.47771,10.50597,10.53486,10.5642,10.593990000000002,10.62423,10.65483,10.68579,10.71693,10.74834,10.77993,10.81161,10.84347,10.87533,10.90728,10.93914,10.971,11.002770000000002,11.034450000000001,11.06595,11.09736,11.12859,11.15964,11.19051,11.221020000000001,11.25144,11.281500000000001,11.31138,11.340900000000001,11.37015,11.39904,11.42775,11.45601,11.484,11.51163,11.53899,11.565990000000001,11.59254,11.618820000000001,11.644739999999999,11.670300000000001,11.6955,11.72043,11.744909999999999,11.76903,11.79279,11.816189999999999,11.83923,11.862,11.88432,11.90628,11.92788,11.949209999999999,11.97009,11.9907,12.01086,12.03075,12.05028,12.069450000000002,12.08826,12.1068,12.12498,12.142800000000001,12.160260000000001,12.17736,12.194189999999999,12.21075,12.22686,12.2427,12.258270000000001,12.273390000000001,12.28833,12.30282,12.31713,12.33099,12.34458,12.3579,12.37095,12.38355,12.39597,12.40803,12.41982,12.43125,12.44241,12.45321,12.46374,12.474,12.48399,12.49362,12.50298,12.512070000000001,12.520800000000001,12.52926,12.53745,12.54537,12.55293,12.560220000000001,12.56724,12.57399,12.58038,12.5865,12.59235,12.59793,12.603240000000001,12.60819,12.612960000000001,12.61737,12.621509999999999,12.62538,12.62898,12.63231,12.635370000000002,12.638069999999999,12.64059,12.64284,12.64482,12.64653,12.64797,12.649140000000001,12.65013,12.65085,12.6513,12.65148,12.65148,12.6513,12.65076,12.65013,12.649230000000001,12.64815,12.646889999999999,12.64545,12.643830000000001,12.64203,12.64014,12.638069999999999,12.63582,12.63357,12.63114,12.628620000000002,12.626100000000001,12.62349,12.62079,12.61818,12.615480000000002,12.612870000000001,12.61026,12.60774,12.605310000000001,12.60297,12.60081,12.59874,12.596940000000002,12.59532,12.59397,12.59289,12.59208,12.59163,12.59154,12.5919,12.59271,12.59388,12.595680000000002,12.59793,12.60081,12.60423,12.60828,12.61305,12.618450000000001,12.62466,12.631590000000001,12.63933,12.64788,12.65724,12.66759,12.67875,12.690809999999999,12.70395,12.7179,12.732930000000001,12.74895,12.76605,12.78405,12.80322,12.82338,12.844529999999999,12.86685,12.89016,12.91455,12.94002,12.96648,12.994019999999999,13.02255,13.05216,13.08276,13.11435,13.14693,13.1805,13.21497,13.25034,13.28661,13.32387,13.36185,13.40073,13.44042,13.480830000000001,13.52205,13.56399,13.60665,13.64994,13.693950000000001,13.73859,13.78377,13.82958,13.87593,13.92282,13.97016,14.01804,14.066370000000001,14.11515,14.16429,14.213880000000001,14.263829999999999,14.31414,14.36481,14.41575,14.46705
15.86268,15.80193,15.741090000000002,15.68007,15.61896,15.55776,15.49647,15.435089999999999,15.373530000000002,15.311880000000002,15.250140000000002,15.188310000000001,15.126299999999999,15.06429,15.0021,14.939910000000001,14.87754,14.815080000000002,14.75262,14.689979999999998,14.627340000000002,14.5647,14.50188,14.43906,14.37624,14.31342,14.25051,14.1876,14.124780000000001,14.06196,13.99923,13.9365,13.87386,13.8114,13.74903,13.68675,13.624740000000001,13.56291,13.50135,13.44006,13.379040000000002,13.31847,13.25817,13.19832,13.13901,13.08015,13.02183,12.96414,12.90717,12.85083,12.795300000000001,12.74058,12.68676,12.63393,12.582,12.53124,12.48156,12.433050000000001,12.385800000000001,12.3399,12.295350000000001,12.25224,12.21057,12.17052,12.132000000000001,12.09519,12.06009,12.02661,11.99502,11.965140000000002,11.93706,11.910960000000001,11.88657,11.86407,11.84346,11.82474,11.80773,11.79261,11.779290000000001,11.76768,11.75787,11.74959,11.743020000000001,11.73798,11.73447,11.73231,11.73159,11.73213,11.733929999999999,11.73681,11.74077,11.74572,11.75157,11.758230000000001,11.76561,11.77371,11.78244,11.791620000000002,11.801250000000001,11.81133,11.821679999999999,11.8323,11.84301,11.8539,11.86488,11.87586,11.88684,11.89764,11.90835,11.91888,11.92923,11.93931,11.94912,11.95857,11.96766,11.97639,11.98467,11.992590000000002,11.99997,12.0069,12.01338,12.01941,12.02481,12.029760000000001,12.03408,12.03795,12.04119,12.0438,12.04587,12.0474,12.048300000000001,12.04857,12.048300000000001,12.0474,12.04587,12.04371,12.04092,12.03759,12.03363,12.028950000000002,12.02373,12.017970000000002,12.01149,12.004380000000001,11.996730000000001,11.98845,11.979540000000002,11.97,11.95983,11.94912,11.93778,11.9259,11.9133,11.900160000000001,11.88648,11.87217,11.85723,11.841750000000001,11.82573,11.80908,11.79189,11.77407,11.75571,11.73681,11.717369999999999,11.69739,11.67687,11.65581,11.63421,11.612160000000001,11.58948,11.56635,11.54277,11.518650000000001,11.49408,11.469059999999999,11.44359,11.41767,11.391300000000001,11.36448,11.33739,11.309849999999999,11.28195,11.253689999999999,11.22507,11.196180000000002,11.16702,11.13768,11.10798,11.078190000000001,11.04813,11.017980000000001,10.98774,10.95741,10.92699,10.89666,10.866330000000001,10.836,10.805850000000001,10.77588,10.74618,10.716660000000001,10.6875,10.658610000000001,10.630260000000002,10.60227,10.574910000000001,10.548,10.52181,10.49625,10.47141,10.447470000000001,10.42425,10.40193,10.380600000000001,10.36026,10.340910000000001,10.32264,10.30536,10.289340000000001,10.2744,10.26063,10.24812,10.23678,10.22661,10.2177,10.20996,10.203479999999999,10.198080000000001,10.19394,10.19088,10.1889,10.188,10.188180000000001,10.18926,10.19133,10.1943,10.197989999999999,10.20258,10.2078,10.21374,10.220220000000001,10.22724,10.23471,10.24272,10.251000000000001,10.25955,10.26837,10.27737,10.28646,10.29573,10.30491,10.31409,10.32318,10.332180000000001,10.341000000000001,10.349639999999999,10.35801,10.366109999999999,10.373850000000001,10.38132,10.388340000000001,10.395000000000001,10.40121,10.40697,10.41228,10.417050000000001,10.42137,10.42515,10.42839,10.431000000000001,10.433159999999999,10.43469,10.43568,10.43604,10.43586,10.43514,10.43379,10.431899999999999,10.42938,10.42632,10.42272,10.41858,10.4139,10.40868,10.40292,10.39671,10.39005,10.38294,10.37538,10.36746,10.35918,10.35045,10.34154,10.33227,10.32282,10.3131,10.30329,10.2933,10.28331,10.27323,10.263240000000001,10.25334,10.24353,10.2339,10.22454,10.21545,10.20672,10.19844,10.190700000000001,10.18341,10.17675,10.170810000000001,10.16559,10.161090000000002,10.157399999999999,10.1547,10.1529,10.152,10.152270000000001,10.153530000000002,10.15587,10.15938,10.164060000000001,10.170000000000002,10.17702,10.1853,10.194840000000001,10.205549999999999,10.21743,10.23057,10.24497,10.260449999999999,10.27701,10.29474,10.313550000000001,10.333440000000001,10.35432,10.376100000000001,10.39878,10.42236,10.44675,10.471950000000001,10.497779999999999,10.52433,10.55151,10.57914,10.6074,10.63602,10.66518,10.694609999999999,10.724310000000001,10.75437,10.78461,10.81503,10.845630000000002,10.87632,10.9071,10.93788,10.96875,10.99953,11.030220000000002,11.06091,11.091420000000001,11.12184,11.15208,11.18214,11.212110000000001,11.241810000000001,11.27124,11.300490000000002,11.32947,11.35818,11.38662,11.41479,11.4426,11.47014,11.49741,11.524320000000001,11.55096,11.57724,11.603250000000001,11.62881,11.6541,11.67903,11.70369,11.7279,11.751840000000001,11.77542,11.79864,11.8215,11.844000000000001,11.86623,11.88801,11.909519999999999,11.93067,11.95146,11.97189,11.99196,12.011759999999999,12.0312,12.05028,12.069,12.08745,12.10554,12.12327,12.14064,12.15774,12.17448,12.19095,12.20706,12.22281,12.238290000000001,12.2535,12.26826,12.28284,12.29697,12.310920000000001,12.32442,12.33774,12.350700000000002,12.3633,12.375630000000001,12.38769,12.39939,12.41082,12.42189,12.432690000000001,12.44322,12.45339,12.46338,12.47292,12.48228,12.491280000000001,12.50001,12.508379999999999,12.51648,12.524310000000002,12.531870000000001,12.53907,12.546,12.55266,12.55905,12.56508,12.570839999999999,12.576329999999999,12.58146,12.58641,12.591000000000001,12.59532,12.59937,12.60306,12.606570000000001,12.60972,12.6126,12.61521,12.617550000000001,12.619620000000001,12.62133,12.62286,12.62412,12.625110000000001,12.62574,12.62619,12.62637,12.62637,12.62601,12.62547,12.62466,12.62367,12.62241,12.620970000000002,12.61926,12.61737,12.6153,12.61305,12.610619999999999,12.60801,12.605310000000001,12.602430000000002,12.59937,12.59631,12.59307,12.58983,12.58641,12.583079999999999,12.57957,12.57615,12.57273,12.5694,12.566070000000002,12.56283,12.55968,12.55662,12.553830000000001,12.55113,12.5487,12.54654,12.54456,12.54303,12.54168,12.54087,12.54033,12.54033,12.540780000000002,12.54168,12.54321,12.54528,12.54798,12.55131,12.55536,12.560130000000001,12.565620000000001,12.57192,12.57903,12.58704,12.59595,12.60567,12.616380000000001,12.62808,12.64077,12.654449999999999,12.669120000000001,12.68487,12.7017,12.71952,12.73851,12.75858,12.77973,12.80196,12.82527,12.84975,12.875309999999999,12.90195,12.929670000000002,12.95847,12.98835,13.01922,13.05117,13.08411,13.11804,13.15296,13.18887,13.22559,13.263300000000001,13.30191,13.341330000000001,13.38156,13.4226,13.46445,13.50702,13.55031,13.59432,13.63896,13.684230000000001,13.730129999999999,13.77657,13.823640000000001,13.87116,13.91922,13.96782,14.016779999999999,14.06628,14.11614,14.166450000000001,14.21703,14.26806,14.31936,14.370930000000001,14.422860000000002
15.87951,15.819209999999998,15.758819999999998,15.69834,15.63777,15.577110000000001,15.51636,15.45552,15.3945,15.33348,15.27228,15.211079999999999,15.149790000000001,15.088320000000001,15.026850000000001,14.96529,14.90364,14.8419,14.78016,14.71833,14.656410000000001,14.59449,14.532570000000002,14.470559999999999,14.40864,14.34663,14.28462,14.222700000000001,14.160779999999999,14.09895,14.03712,13.97547,13.91382,13.852350000000001,13.79106,13.72995,13.66902,13.608360000000001,13.547970000000001,13.48785,13.428,13.368599999999999,13.30956,13.25097,13.19283,13.13523,13.07817,13.02183,12.966030000000002,12.91104,12.85677,12.80331,12.75075,12.69909,12.648420000000002,12.59883,12.550320000000001,12.50298,12.4569,12.411990000000001,12.36843,12.32631,12.285630000000001,12.246390000000002,12.208680000000001,12.17259,12.13803,12.10518,12.07404,12.04452,12.0168,11.99088,11.96658,11.94417,11.92347,11.90448,11.88729,11.87181,11.858039999999999,11.84589,11.83536,11.82645,11.819070000000002,11.813130000000001,11.808629999999999,11.805570000000001,11.80368,11.803139999999999,11.80368,11.805390000000001,11.808090000000002,11.81169,11.816189999999999,11.8215,11.82762,11.834280000000001,11.841569999999999,11.849400000000001,11.85768,11.86632,11.87523,11.884500000000001,11.89386,11.903400000000001,11.913030000000001,11.92275,11.93238,11.94201,11.95146,11.96082,11.969909999999999,11.978819999999999,11.98755,11.99592,12.00393,12.01167,12.01896,12.02589,12.03237,12.03849,12.044070000000001,12.0492,12.053790000000001,12.05793,12.06162,12.064680000000001,12.06729,12.06927,12.07071,12.071610000000002,12.07197,12.0717,12.07089,12.06954,12.06756,12.06495,12.0618,12.05802,12.053700000000001,12.04875,12.04326,12.037139999999999,12.03039,12.0231,12.015179999999999,12.00672,11.997630000000001,11.988000000000001,11.97774,11.96685,11.95551,11.94345,11.930850000000001,11.91771,11.904029999999999,11.88972,11.87487,11.85948,11.84346,11.82699,11.80989,11.79225,11.77407,11.75544,11.736180000000001,11.716470000000001,11.69622,11.67543,11.6541,11.63241,11.61009,11.58741,11.56419,11.54052,11.516399999999999,11.49183,11.46681,11.44143,11.4156,11.38941,11.362860000000001,11.33595,11.30868,11.281139999999999,11.25324,11.22516,11.19672,11.1681,11.1393,11.11023,11.08107,11.05182,11.02239,10.99296,10.96353,10.934009999999999,10.904670000000001,10.87533,10.846169999999999,10.81719,10.78839,10.759950000000002,10.73169,10.70388,10.67643,10.64952,10.62297,10.59714,10.57176,10.547189999999999,10.52325,10.50003,10.47762,10.45611,10.435500000000001,10.415700000000001,10.39698,10.37925,10.36251,10.346940000000002,10.33236,10.31886,10.30653,10.29537,10.285290000000002,10.276380000000001,10.26864,10.261980000000001,10.256400000000001,10.251900000000001,10.24857,10.24614,10.24479,10.24443,10.24497,10.246410000000001,10.24866,10.25172,10.2555,10.26,10.26504,10.27071,10.276919999999999,10.28358,10.2906,10.29807,10.305719999999999,10.31373,10.32183,10.33011,10.33839,10.34685,10.355220000000001,10.3635,10.371690000000001,10.37979,10.38771,10.39536,10.40283,10.409939999999999,10.41678,10.42326,10.42938,10.43514,10.44045,10.445310000000001,10.44972,10.45368,10.4571,10.46007,10.4625,10.46448,10.46583,10.46673,10.46709,10.46682,10.466099999999999,10.464839999999999,10.463040000000001,10.4607,10.45782,10.4544,10.45044,10.44612,10.44117,10.43586,10.430010000000001,10.423800000000002,10.41714,10.410120000000001,10.40274,10.395000000000001,10.38699,10.378620000000002,10.37007,10.36125,10.35234,10.34325,10.33407,10.3248,10.315620000000001,10.30635,10.29726,10.28835,10.27953,10.27107,10.26279,10.254959999999999,10.24749,10.24056,10.23408,10.22814,10.22292,10.21842,10.214550000000001,10.21158,10.20933,10.20807,10.20771,10.20834,10.20996,10.212660000000001,10.21635,10.22121,10.22715,10.234259999999999,10.24245,10.25181,10.26234,10.27395,10.28673,10.30068,10.315620000000001,10.33173,10.34883,10.36692,10.386090000000001,10.40616,10.42713,10.44891,10.471589999999999,10.49508,10.519200000000001,10.54404,10.5696,10.5957,10.622250000000001,10.64943,10.67697,10.70496,10.733310000000001,10.761930000000001,10.79082,10.81998,10.84932,10.87884,10.90845,10.93815,10.96794,10.99773,11.02743,11.05713,11.08683,11.11635,11.14587,11.17512,11.204369999999999,11.233350000000002,11.26215,11.29077,11.31912,11.347290000000001,11.37519,11.40282,11.43018,11.45727,11.48409,11.51064,11.53683,11.562750000000001,11.5884,11.61369,11.638710000000001,11.66337,11.68767,11.7117,11.73528,11.758680000000002,11.78163,11.804310000000001,11.826630000000002,11.84868,11.87028,11.89161,11.91267,11.93328,11.95362,11.973600000000001,11.993219999999999,12.01257,12.031559999999999,12.050189999999999,12.06846,12.086459999999999,12.10419,12.12147,12.13848,12.155220000000002,12.1716,12.18762,12.203370000000001,12.21876,12.23388,12.24864,12.26304,12.277260000000002,12.291030000000001,12.30462,12.31785,12.33072,12.34332,12.35565,12.36762,12.37923,12.39066,12.40173,12.41253,12.422970000000001,12.43314,12.44295,12.45258,12.46185,12.47076,12.4794,12.48777,12.49587,12.50361,12.51108,12.51828,12.525120000000001,12.53169,12.53799,12.54402,12.54969,12.555090000000002,12.560130000000001,12.56499,12.569490000000002,12.573630000000001,12.577589999999999,12.581190000000001,12.58452,12.58758,12.59028,12.5928,12.59496,12.59685,12.59838,12.599730000000001,12.60072,12.60153,12.601980000000001,12.60216,12.60207,12.6018,12.601170000000002,12.60027,12.59919,12.59784,12.596219999999999,12.594420000000001,12.59235,12.590100000000001,12.58758,12.58488,12.58191,12.57885,12.57561,12.572189999999999,12.56859,12.5649,12.56103,12.55707,12.553020000000002,12.54897,12.54474,12.54051,12.53628,12.53205,12.52791,12.52377,12.519630000000001,12.51567,12.5118,12.50811,12.5046,12.50136,12.4983,12.495510000000001,12.49299,12.490920000000001,12.48912,12.48777,12.48687,12.48651,12.486600000000001,12.48732,12.48858,12.49056,12.49308,12.496410000000001,12.50046,12.505320000000001,12.5109,12.517470000000001,12.524849999999999,12.533130000000002,12.5424,12.552570000000001,12.56382,12.57606,12.58938,12.60369,12.61917,12.63573,12.65346,12.67227,12.69216,12.71331,12.73554,12.75894,12.78342,12.80916,12.835890000000001,12.86388,12.89295,12.9231,12.95433,12.986550000000001,13.01994,13.05432,13.089690000000001,13.126050000000001,13.16331,13.20156,13.24071,13.280759999999999,13.321620000000001,13.363290000000001,13.40577,13.448970000000001,13.492980000000001,13.53762,13.582980000000001,13.62897,13.67559,13.722750000000001,13.77054,13.81878,13.867650000000001,13.91688,13.96665,14.016779999999999,14.06736,14.11839,14.16969,14.221350000000001,14.27337,14.325660000000001,14.378309999999999
15.896250000000002,15.83649,15.776549999999999,15.716610000000001,15.65658,15.59637,15.53616,15.475859999999999,15.41547,15.35499,15.29442,15.233760000000002,15.173100000000002,15.11226,15.05142,14.99058,14.92965,14.868630000000001,14.80752,14.746500000000001,14.6853,14.624189999999999,14.563080000000001,14.50188,14.44077,14.37957,14.31846,14.25744,14.19642,14.135489999999999,14.07465,14.01399,13.953330000000001,13.892940000000001,13.83264,13.77261,13.71276,13.653179999999999,13.59387,13.534830000000001,13.476239999999999,13.41792,13.360050000000001,13.30263,13.24575,13.18932,13.13352,13.07835,13.023810000000001,12.96999,12.91689,12.864690000000001,12.8133,12.76281,12.71331,12.6648,12.61746,12.571110000000001,12.52602,12.48219,12.43962,12.3984,12.35853,12.32001,12.28311,12.24756,12.21372,12.181320000000001,12.15063,12.12147,12.09402,12.068190000000001,12.044070000000001,12.02166,12.00087,11.98179,11.96433,11.94849,11.934270000000001,11.92158,11.91051,11.90088,11.89269,11.88603,11.88063,11.87649,11.8737,11.87208,11.87154,11.87199,11.873520000000001,11.87595,11.87919,11.88324,11.88801,11.893410000000001,11.89935,11.90583,11.91276,11.92005,11.9277,11.93562,11.943719999999999,11.952,11.960370000000001,11.96874,11.9772,11.98557,11.99385,12.00204,12.01005,12.01788,12.02544,12.03282,12.03984,12.0465,12.05289,12.05883,12.064499999999999,12.06963,12.0744,12.07881,12.082590000000001,12.08601,12.088890000000001,12.09132,12.09321,12.09465,12.09546,12.09582,12.095550000000001,12.094830000000002,12.093480000000001,12.09159,12.08916,12.08619,12.08268,12.07854,12.07386,12.06855,12.06279,12.05631,12.04938,12.04182,12.033719999999999,12.02508,12.01581,12.006,11.99565,11.98467,11.97315,11.96109,11.94849,11.93535,11.92158,11.90736,11.892510000000001,11.87721,11.86128,11.844899999999999,11.82789,11.81043,11.792430000000001,11.77398,11.75499,11.735460000000002,11.715480000000001,11.69496,11.67399,11.65257,11.63061,11.60829,11.58543,11.56221,11.538540000000001,11.51442,11.48994,11.465100000000001,11.439810000000001,11.414159999999999,11.38815,11.36187,11.33523,11.30832,11.281139999999999,11.253689999999999,11.22606,11.19816,11.170079999999999,11.14182,11.11347,11.085030000000001,11.0565,11.02788,10.999350000000002,10.97073,10.94229,10.91385,10.88568,10.8576,10.829699999999999,10.80216,10.77489,10.74798,10.721520000000002,10.69542,10.66986,10.64484,10.62036,10.596599999999999,10.57347,10.55106,10.52937,10.50858,10.4886,10.469430000000001,10.451250000000002,10.43406,10.41777,10.402560000000001,10.388340000000001,10.375110000000001,10.36305,10.351980000000001,10.34199,10.333079999999999,10.32525,10.31841,10.312740000000002,10.307970000000001,10.30428,10.30158,10.29978,10.298879999999999,10.29897,10.29978,10.3014,10.303830000000001,10.30689,10.31067,10.31499,10.31994,10.32534,10.331190000000001,10.3374,10.34397,10.3509,10.35801,10.3653,10.37277,10.38033,10.38789,10.39554,10.4031,10.41057,10.41795,10.42515,10.432170000000001,10.439010000000001,10.44558,10.451789999999999,10.45782,10.4634,10.46862,10.47357,10.47798,10.48203,10.48572,10.48887,10.49157,10.493820000000001,10.49553,10.49679,10.4976,10.49787,10.4976,10.49688,10.495709999999999,10.493910000000001,10.491750000000001,10.48896,10.48581,10.48212,10.47798,10.47348,10.468440000000001,10.463040000000001,10.45719,10.45098,10.444500000000001,10.437570000000001,10.43037,10.4229,10.41516,10.40724,10.399140000000001,10.390860000000002,10.382489999999999,10.37403,10.36557,10.35702,10.348650000000001,10.34028,10.33209,10.32417,10.31643,10.30896,10.30194,10.29519,10.28898,10.28322,10.27809,10.2735,10.269630000000001,10.26639,10.26396,10.26234,10.26153,10.26162,10.26261,10.2645,10.267470000000001,10.27134,10.276290000000001,10.28232,10.289430000000001,10.297530000000002,10.3068,10.31706,10.32849,10.340910000000001,10.35441,10.368900000000002,10.38447,10.40103,10.41849,10.43694,10.456290000000001,10.47645,10.49742,10.51929,10.54179,10.56501,10.58895,10.613430000000001,10.63854,10.664100000000001,10.6902,10.716750000000001,10.74366,10.770930000000002,10.79856,10.82646,10.854540000000002,10.882800000000001,10.91124,10.939860000000001,10.968570000000001,10.997280000000002,11.02599,11.054789999999999,11.083499999999999,11.11221,11.140830000000001,11.16936,11.1978,11.22606,11.25414,11.28213,11.309849999999999,11.33739,11.364749999999999,11.39184,11.418750000000001,11.44539,11.47176,11.49777,11.5236,11.54916,11.57436,11.59938,11.624039999999999,11.648340000000001,11.67237,11.69613,11.719529999999999,11.74257,11.76534,11.787840000000001,11.80989,11.831760000000001,11.85318,11.87433,11.89512,11.91564,11.9358,11.95569,11.97522,11.99439,12.013200000000001,12.031740000000001,12.05001,12.067919999999999,12.08547,12.10275,12.119670000000001,12.136230000000001,12.15252,12.16854,12.1842,12.1995,12.21453,12.22929,12.24369,12.25782,12.27159,12.285,12.29823,12.3111,12.32361,12.33585,12.34782,12.35943,12.37077,12.38184,12.392550000000002,12.40299,12.41307,12.422880000000001,12.43242,12.44169,12.4506,12.459240000000001,12.46752,12.475530000000001,12.483270000000001,12.49065,12.49776,12.5046,12.51108,12.51729,12.52323,12.52881,12.53412,12.539159999999999,12.54384,12.548250000000001,12.55239,12.55617,12.55968,12.56292,12.5658,12.56841,12.57075,12.57282,12.574530000000001,12.57597,12.577050000000002,12.577860000000001,12.57849,12.57876,12.57867,12.5784,12.577770000000001,12.57696,12.575790000000001,12.574440000000001,12.57273,12.570839999999999,12.56859,12.56616,12.563550000000001,12.560580000000002,12.55743,12.5541,12.550500000000001,12.546809999999999,12.542850000000001,12.53871,12.53439,12.52998,12.52539,12.52071,12.51585,12.51099,12.50604,12.501000000000001,12.49596,12.49083,12.485790000000001,12.48084,12.47589,12.47103,12.46635,12.46176,12.45735,12.45312,12.449160000000001,12.44547,12.44214,12.439079999999999,12.436470000000002,12.43422,12.43251,12.43116,12.43044,12.43026,12.4308,12.43188,12.43368,12.4362,12.43953,12.44358,12.44853,12.45438,12.46113,12.46887,12.477509999999999,12.48723,12.49803,12.509820000000001,12.522689999999999,12.53673,12.55194,12.568230000000002,12.58569,12.60441,12.62421,12.64527,12.6675,12.690900000000001,12.71556,12.74139,12.76839,12.79647,12.82581,12.85632,12.887910000000002,12.92058,12.95433,12.98916,13.025070000000001,13.061969999999999,13.099770000000001,13.13865,13.17834,13.21902,13.26051,13.302900000000001,13.346100000000002,13.390020000000002,13.434660000000001,13.48011,13.52619,13.5729,13.620239999999999,13.66821,13.71672,13.76568,13.815270000000002,13.865310000000001,13.9158,13.96674,14.01804,14.069790000000001,14.12181,14.174190000000001,14.226930000000001,14.27994,14.33331
15.91308,15.853680000000002,15.794279999999999,15.73479,15.675300000000002,15.61563,15.555960000000002,15.4962,15.43635,15.376410000000002,15.31647,15.25644,15.196319999999998,15.136200000000002,15.075990000000001,15.015690000000001,14.955480000000001,14.895090000000001,14.83479,14.7744,14.71401,14.65371,14.59332,14.53293,14.47263,14.41233,14.352030000000001,14.29191,14.23179,14.171759999999999,14.11182,14.05206,13.99248,13.93299,13.87377,13.81473,13.75587,13.697370000000001,13.639140000000001,13.58118,13.523670000000001,13.46652,13.40973,13.35348,13.29768,13.242420000000001,13.18779,13.133700000000001,13.08033,13.02768,12.975750000000001,12.92463,12.874410000000001,12.825000000000001,12.77658,12.729239999999999,12.6828,12.63753,12.59343,12.550500000000001,12.50883,12.46842,12.42927,12.39156,12.35529,12.320459999999999,12.28707,12.25521,12.22488,12.19608,12.168809999999999,12.14325,12.11913,12.09672,12.075840000000001,12.05658,12.03885,12.02265,12.00807,11.99493,11.98323,11.97297,11.96415,11.95659,11.950380000000001,11.94543,11.94165,11.93895,11.93742,11.93679,11.93715,11.938410000000001,11.94048,11.94336,11.94687,11.95101,11.95578,11.961,11.96667,11.972700000000001,11.979090000000001,11.985750000000001,11.992590000000002,11.99961,12.00681,12.01401,12.02121,12.028500000000001,12.03561,12.042720000000001,12.049560000000001,12.05631,12.06288,12.06918,12.07521,12.080969999999999,12.086459999999999,12.0915,12.09627,12.10059,12.104550000000001,12.10815,12.11121,12.113909999999999,12.11607,12.11778,12.11904,12.11985,12.12012,12.11985,12.11913,12.11778,12.11598,12.11364,12.11076,12.10743,12.10347,12.098970000000001,12.09393,12.08835,12.08223,12.075569999999999,12.06828,12.060540000000001,12.05226,12.04335,12.033990000000001,12.024,12.01347,12.0024,11.99088,11.97873,11.966040000000001,11.952900000000001,11.93922,11.92491,11.91015,11.89485,11.8791,11.86281,11.84598,11.82861,11.81079,11.79252,11.77371,11.75445,11.73465,11.71449,11.69379,11.67264,11.65113,11.62908,11.606670000000001,11.583810000000001,11.560590000000001,11.53692,11.51289,11.4885,11.463750000000001,11.43864,11.413260000000001,11.38752,11.36151,11.33523,11.30868,11.28195,11.25495,11.227770000000001,11.200410000000002,11.172960000000002,11.14533,11.1177,11.08998,11.06217,11.034450000000001,11.00673,10.9791,10.95156,10.9242,10.89702,10.87011,10.84338,10.81701,10.791,10.76535,10.74015,10.7154,10.69128,10.66761,10.64457,10.622250000000001,10.60056,10.579590000000001,10.559429999999999,10.53999,10.52145,10.50381,10.487070000000001,10.47123,10.45638,10.44243,10.42956,10.41759,10.4067,10.3968,10.38789,10.37997,10.373040000000001,10.36719,10.36224,10.35819,10.355129999999999,10.35297,10.351709999999999,10.351170000000002,10.35153,10.35261,10.35441,10.35684,10.3599,10.36359,10.36773,10.37241,10.37754,10.38303,10.38879,10.39491,10.4013,10.407869999999999,10.414530000000001,10.42137,10.42821,10.43514,10.441980000000001,10.44882,10.455480000000001,10.46205,10.468440000000001,10.47465,10.480680000000001,10.48644,10.49184,10.49697,10.50183,10.50633,10.510380000000001,10.51407,10.5174,10.52028,10.5228,10.52478,10.5264,10.52757,10.5282,10.52847,10.5282,10.52748,10.52631,10.524600000000001,10.522530000000001,10.51992,10.51695,10.51353,10.50966,10.50543,10.50075,10.49562,10.490219999999999,10.48446,10.47834,10.471950000000001,10.46529,10.45836,10.451250000000002,10.44387,10.4364,10.42875,10.42101,10.41327,10.40544,10.3977,10.38996,10.3824,10.374929999999999,10.36773,10.360710000000001,10.35396,10.347660000000001,10.34163,10.33614,10.3311,10.32651,10.32264,10.31931,10.316699999999999,10.314720000000001,10.313550000000001,10.31319,10.31364,10.31499,10.31724,10.32039,10.324530000000001,10.32957,10.3356,10.34271,10.35081,10.3599,10.36998,10.38105,10.3932,10.40634,10.420380000000002,10.435410000000001,10.45143,10.468350000000001,10.48608,10.504710000000001,10.52415,10.5444,10.56537,10.587060000000001,10.60947,10.632420000000002,10.656,10.68012,10.70478,10.729890000000001,10.75545,10.78137,10.80765,10.834200000000001,10.86111,10.888200000000001,10.91547,10.942919999999999,10.97046,10.99818,11.0259,11.05371,11.08152,11.10933,11.137139999999999,11.16477,11.192400000000001,11.21994,11.24739,11.27466,11.30175,11.328660000000001,11.355390000000002,11.38194,11.40831,11.43441,11.460239999999999,11.485890000000001,11.51127,11.53638,11.56122,11.585790000000001,11.61009,11.634120000000001,11.65779,11.681280000000001,11.70432,11.72718,11.74968,11.77191,11.79378,11.81538,11.83662,11.85759,11.878200000000001,11.898539999999999,11.918520000000001,11.938229999999999,11.95758,11.976659999999999,11.99538,12.013829999999999,12.031920000000001,12.04974,12.0672,12.0843,12.101130000000001,12.11769,12.133890000000001,12.14982,12.16539,12.18069,12.195630000000001,12.2103,12.22461,12.23865,12.252419999999999,12.265830000000001,12.278880000000001,12.29175,12.304260000000001,12.316410000000001,12.328380000000001,12.3399,12.351239999999999,12.362219999999999,12.37293,12.383280000000001,12.393360000000001,12.40317,12.41262,12.4218,12.43071,12.43926,12.44754,12.45546,12.46311,12.47049,12.4776,12.48435,12.49083,12.49695,12.5028,12.508379999999999,12.5136,12.51855,12.52314,12.52746,12.53151,12.535200000000001,12.538620000000002,12.54168,12.54456,12.546990000000001,12.549240000000001,12.55104,12.55266,12.55392,12.55491,12.55554,12.555900000000001,12.555990000000001,12.555810000000001,12.55527,12.55446,12.55329,12.55194,12.550229999999999,12.548250000000001,12.546,12.54357,12.540780000000002,12.53772,12.53439,12.53088,12.5271,12.523050000000001,12.518820000000002,12.51441,12.50973,12.50487,12.499830000000001,12.4947,12.4893,12.48381,12.47823,12.47256,12.46671,12.46086,12.455010000000001,12.44907,12.44322,12.437280000000001,12.431519999999999,12.42576,12.42009,12.4146,12.40929,12.404160000000001,12.3993,12.394620000000002,12.3903,12.38634,12.38283,12.37968,12.37698,12.374820000000001,12.373199999999999,12.37212,12.37167,12.37194,12.37293,12.37464,12.37716,12.38049,12.38472,12.389850000000001,12.39597,12.403080000000001,12.41118,12.42036,12.43062,12.441960000000002,12.45447,12.468150000000001,12.482999999999999,12.49902,12.516300000000001,12.53484,12.55455,12.57561,12.59784,12.62133,12.64599,12.672,12.69918,12.72762,12.75723,12.78801,12.81996,12.85308,12.88728,12.922649999999999,12.95901,12.996450000000001,13.03497,13.074390000000001,13.114799999999999,13.15611,13.19832,13.24143,13.285260000000001,13.32999,13.37535,13.421520000000001,13.46841,13.515929999999999,13.56399,13.61277,13.66209,13.71186,13.76226,13.81302,13.86432,13.91598,13.96809,14.02056,14.07339,14.126579999999999,14.18004,14.233770000000002,14.28786
15.92982,15.87096,15.812009999999999,15.75297,15.69393,15.6348,15.57567,15.51645,15.457140000000003,15.397739999999999,15.33834,15.278940000000002,15.21945,15.159870000000002,15.10038,15.0408,14.981130000000002,14.92155,14.861880000000001,14.80221,14.742540000000002,14.68296,14.62329,14.563709999999999,14.50422,14.444730000000002,14.385330000000002,14.32593,14.266710000000002,14.20758,14.14863,14.089770000000001,14.03109,13.97259,13.91427,13.85622,13.79844,13.74093,13.68369,13.626900000000001,13.57038,13.51422,13.4586,13.40343,13.348709999999999,13.29453,13.24098,13.18806,13.13577,13.084200000000001,13.03335,12.983310000000001,12.93408,12.885750000000002,12.838410000000001,12.791970000000001,12.74661,12.70224,12.659040000000001,12.61701,12.57606,12.53646,12.49812,12.46113,12.4254,12.39111,12.358260000000001,12.32685,12.29679,12.268350000000002,12.24135,12.21588,12.19185,12.16944,12.148470000000001,12.12903,12.11103,12.09456,12.07953,12.06594,12.053790000000001,12.042900000000001,12.03336,12.025170000000001,12.01815,12.0123,12.00762,12.00402,12.00141,11.99979,11.99916,11.99925,12.000240000000002,12.00195,12.004290000000001,12.00726,12.01077,12.01482,12.019319999999999,12.024180000000001,12.02931,12.0348,12.04047,12.04632,12.05235,12.05838,12.064499999999999,12.07062,12.07665,12.08268,12.08853,12.09429,12.09978,12.10518,12.11022,12.11508,12.119580000000001,12.12381,12.12768,12.13128,12.13443,12.13722,12.139560000000001,12.14154,12.14307,12.14415,12.14469,12.144870000000001,12.1446,12.143790000000001,12.14244,12.14073,12.13839,12.1356,12.13236,12.128490000000001,12.12417,12.11931,12.114,12.10806,12.10167,12.09474,12.08727,12.07926,12.07071,12.06162,12.05208,12.042000000000002,12.03138,12.02022,12.00852,11.99637,11.983680000000001,11.97045,11.95677,11.94255,11.92779,11.91258,11.89683,11.88063,11.86398,11.84679,11.82906,11.810970000000001,11.792430000000001,11.77335,11.75382,11.733839999999999,11.713500000000002,11.69271,11.67147,11.64978,11.627730000000001,11.60523,11.582460000000001,11.55924,11.53566,11.51172,11.48751,11.46294,11.4381,11.412899999999999,11.38752,11.36178,11.33586,11.30976,11.28348,11.25693,11.23038,11.20356,11.17674,11.14983,11.12283,11.09592,11.06892,11.042010000000001,11.01519,10.98855,10.962,10.935630000000002,10.90953,10.883700000000001,10.85814,10.83294,10.808100000000001,10.78371,10.75977,10.736369999999999,10.713510000000001,10.691189999999999,10.669500000000001,10.64853,10.62828,10.60866,10.58985,10.57185,10.55466,10.53837,10.52298,10.5084,10.49481,10.48212,10.470329999999999,10.45953,10.44972,10.440809999999999,10.43289,10.425870000000002,10.41984,10.41471,10.41039,10.40706,10.40454,10.40283,10.401840000000002,10.40166,10.4022,10.40346,10.40526,10.40778,10.41075,10.41426,10.418310000000002,10.42272,10.42749,10.43262,10.43802,10.4436,10.44945,10.455480000000001,10.46151,10.467720000000002,10.473930000000001,10.48014,10.486260000000001,10.49238,10.49832,10.50417,10.50984,10.51533,10.52055,10.525500000000001,10.530180000000001,10.53459,10.538640000000001,10.542420000000002,10.54584,10.548810000000001,10.55151,10.55376,10.555560000000002,10.557,10.55799,10.55862,10.55871,10.558440000000001,10.55772,10.55664,10.55502,10.553040000000001,10.550609999999999,10.54782,10.544580000000002,10.54098,10.53702,10.53261,10.52793,10.52289,10.51749,10.51182,10.50588,10.49976,10.49328,10.48671,10.47996,10.47303,10.46601,10.4589,10.4517,10.44459,10.43748,10.43046,10.42353,10.41678,10.410210000000001,10.403910000000002,10.39788,10.39212,10.38681,10.381950000000002,10.37754,10.37358,10.37025,10.36746,10.36539,10.363949999999999,10.36323,10.36323,10.36404,10.36575,10.36818,10.371599999999999,10.37583,10.38096,10.387080000000001,10.39419,10.4022,10.41111,10.42101,10.431899999999999,10.44369,10.45647,10.47015,10.484729999999999,10.50012,10.5165,10.533600000000002,10.5516,10.57032,10.58985,10.61001,10.630889999999999,10.65249,10.67463,10.69731,10.72053,10.744290000000001,10.768410000000001,10.79307,10.818,10.84329,10.86894,10.89486,10.92096,10.94724,10.97379,11.00034,11.02716,11.05398,11.0808,11.10771,11.13462,11.16144,11.18826,11.21499,11.24163,11.268180000000001,11.29464,11.32092,11.347019999999999,11.37303,11.39877,11.42433,11.44971,11.474910000000001,11.49984,11.5245,11.54889,11.5731,11.59704,11.62062,11.64402,11.66715,11.689919999999999,11.71242,11.73474,11.75661,11.7783,11.79963,11.82069,11.84139,11.86182,11.88198,11.90178,11.92131,11.940570000000001,11.95947,11.97801,11.99628,12.01428,12.031920000000001,12.04929,12.06639,12.08313,12.09951,12.11562,12.13146,12.14694,12.16215,12.177,12.19158,12.20589,12.219840000000001,12.23352,12.246929999999999,12.25998,12.27267,12.28518,12.29733,12.30912,12.320730000000001,12.33198,12.34287,12.353580000000001,12.363840000000001,12.37392,12.383640000000002,12.393089999999999,12.402270000000001,12.411090000000002,12.419550000000001,12.42783,12.43575,12.4434,12.45069,12.45771,12.46437,12.47076,12.476880000000001,12.48273,12.48813,12.493350000000001,12.49821,12.5028,12.50703,12.51099,12.51459,12.51792,12.520890000000001,12.52359,12.52602,12.52809,12.529800000000002,12.53124,12.532409999999999,12.53322,12.53376,12.533940000000001,12.533850000000001,12.5334,12.532680000000001,12.53169,12.530339999999999,12.52863,12.52674,12.52449,12.52197,12.51918,12.51603,12.5127,12.50901,12.50505,12.500910000000001,12.4965,12.49173,12.48687,12.48165,12.47634,12.47076,12.465,12.458969999999999,12.45285,12.44664,12.44016,12.43368,12.42702,12.42036,12.41361,12.40677,12.39993,12.393180000000001,12.38643,12.37977,12.373199999999999,12.36672,12.360420000000001,12.3543,12.34845,12.34287,12.337650000000002,12.332699999999999,12.32811,12.324060000000001,12.32037,12.31722,12.3147,12.31272,12.31137,12.31074,12.31083,12.31173,12.31335,12.31596,12.31938,12.323879999999999,12.329279999999999,12.33567,12.34323,12.35178,12.3615,12.37239,12.384540000000001,12.39786,12.41235,12.42819,12.4452,12.46356,12.48318,12.50415,12.526380000000001,12.54996,12.5748,12.6009,12.62835,12.65697,12.68694,12.71808,12.75048,12.78405,12.81879,12.85461,12.8916,12.929670000000002,12.96873,13.00887,13.04991,13.09194,13.134960000000001,13.178700000000001,13.22343,13.26888,13.31505,13.36203,13.40973,13.45806,13.50693,13.556519999999999,13.60665,13.65732,13.708440000000001,13.7601,13.81221,13.864680000000002,13.9176,13.97088,14.02452,14.078429999999999,14.1327,14.187240000000001,14.24196
15.94647,15.888060000000001,15.82965,15.771149999999999,15.712560000000002,15.653970000000001,15.59529,15.53661,15.477840000000002,15.418980000000001,15.36021,15.301350000000001,15.2424,15.18354,15.12459,15.06564,15.006689999999999,14.94774,14.8887,14.829749999999999,14.77089,14.711939999999998,14.65308,14.594310000000002,14.535540000000001,14.47686,14.41818,14.359679999999999,14.30136,14.24304,14.18499,14.12703,14.06925,14.011650000000001,13.95432,13.897170000000001,13.84038,13.78386,13.72761,13.671809999999999,13.616280000000001,13.5612,13.506570000000002,13.452390000000001,13.39875,13.345650000000001,13.293180000000001,13.24125,13.19004,13.13946,13.089690000000001,13.04064,12.9924,12.94506,12.89871,12.85317,12.80871,12.76524,12.72294,12.68163,12.641580000000001,12.6027,12.56499,12.52863,12.49353,12.45978,12.42729,12.39633,12.36663,12.338460000000001,12.31164,12.28626,12.26232,12.23991,12.21885,12.19923,12.181049999999999,12.16431,12.14883,12.13479,12.1221,12.11067,12.1005,12.09159,12.083850000000002,12.07719,12.0717,12.0672,12.06369,12.06108,12.059370000000001,12.05856,12.05838,12.059009999999999,12.06027,12.06216,12.064499999999999,12.067380000000002,12.07071,12.07449,12.07845,12.08277,12.08736,12.092130000000001,12.09699,12.10194,12.10698,12.112020000000001,12.11706,12.12201,12.12687,12.131639999999999,12.136230000000001,12.14055,12.144779999999999,12.14865,12.152339999999999,12.155759999999999,12.15882,12.161520000000001,12.16395,12.16602,12.16764,12.1689,12.1698,12.17016,12.170250000000001,12.1698,12.1689,12.16755,12.165750000000001,12.1635,12.160710000000002,12.15747,12.153780000000001,12.14955,12.144870000000001,12.13965,12.133980000000001,12.127770000000002,12.121020000000001,12.11382,12.10608,12.09789,12.08916,12.07989,12.070170000000001,12.05991,12.0492,12.03795,12.026250000000001,12.01401,12.00123,11.988000000000001,11.97432,11.9601,11.94543,11.93022,11.91456,11.89845,11.88189,11.86488,11.847330000000001,11.82942,11.810970000000001,11.792159999999999,11.7729,11.753190000000002,11.73312,11.7126,11.69163,11.670300000000001,11.64861,11.62656,11.60415,11.58138,11.55825,11.53476,11.511,11.48697,11.46258,11.43801,11.413170000000001,11.38806,11.36277,11.33721,11.31156,11.285730000000001,11.25981,11.23371,11.20752,11.18133,11.155140000000001,11.128950000000001,11.10276,11.07657,11.050559999999999,11.02464,10.9989,10.97334,10.94796,10.92294,10.89819,10.873800000000001,10.84968,10.8261,10.80288,10.7802,10.75806,10.73646,10.71549,10.69515,10.67544,10.656450000000001,10.63818,10.62063,10.60398,10.58805,10.57302,10.5588,10.545390000000001,10.53297,10.521360000000001,10.51074,10.50093,10.49202,10.4841,10.47699,10.47078,10.46547,10.460970000000001,10.457279999999999,10.4544,10.45233,10.45098,10.45035,10.45035,10.45107,10.45242,10.454220000000001,10.45665,10.459620000000001,10.462950000000001,10.46673,10.47078,10.475280000000001,10.47996,10.485000000000001,10.49013,10.49544,10.50093,10.50642,10.512,10.51758,10.523159999999999,10.528649999999999,10.53405,10.53936,10.544490000000001,10.54944,10.554210000000001,10.55871,10.56294,10.56699,10.570680000000001,10.574100000000001,10.57716,10.57995,10.58229,10.58436,10.585980000000001,10.58733,10.58814,10.58868,10.58877,10.588500000000002,10.58778,10.5867,10.58517,10.58328,10.58103,10.57842,10.575360000000002,10.572030000000002,10.56825,10.5642,10.559790000000001,10.55511,10.55016,10.54485,10.53936,10.53369,10.52775,10.52163,10.51533,10.50894,10.50255,10.495980000000001,10.48941,10.482930000000001,10.47645,10.47006,10.46376,10.45764,10.4517,10.44603,10.44063,10.435500000000001,10.43082,10.4265,10.42272,10.4193,10.41651,10.41426,10.41264,10.41165,10.41129,10.41174,10.412820000000002,10.4148,10.4175,10.42101,10.42542,10.43073,10.436850000000002,10.44387,10.451789999999999,10.460609999999999,10.470329999999999,10.48095,10.49247,10.504890000000001,10.51812,10.532250000000001,10.547189999999999,10.563030000000001,10.579590000000001,10.596960000000001,10.61505,10.63377,10.6533,10.67337,10.69416,10.71549,10.73736,10.75968,10.782540000000001,10.805850000000001,10.82952,10.85364,10.87803,10.902690000000002,10.927620000000001,10.952820000000001,10.978290000000001,11.00385,11.0295,11.05533,11.08125,11.10726,11.133270000000001,11.15928,11.185200000000002,11.21121,11.23713,11.262870000000001,11.28861,11.31426,11.339730000000001,11.365110000000001,11.390310000000001,11.41533,11.44017,11.46474,11.489220000000001,11.51343,11.537370000000001,11.56113,11.584710000000001,11.607930000000001,11.63097,11.65374,11.67624,11.69847,11.72034,11.74203,11.763449999999999,11.78451,11.8053,11.82582,11.846070000000001,11.865960000000001,11.885580000000001,11.90493,11.92401,11.942730000000001,11.96118,11.97927,11.99709,12.01464,12.031830000000001,12.04884,12.0654,12.08178,12.097710000000001,12.11346,12.12885,12.14397,12.15882,12.17331,12.18753,12.20139,12.21498,12.2283,12.24126,12.253950000000001,12.26637,12.27852,12.290310000000002,12.30174,12.312990000000001,12.323879999999999,12.3345,12.34476,12.35475,12.36447,12.37383,12.38292,12.39174,12.4002,12.40839,12.41631,12.423869999999999,12.43116,12.43809,12.44475,12.45114,12.457170000000001,12.46293,12.46833,12.473460000000001,12.47823,12.48273,12.48696,12.49083,12.494340000000001,12.497580000000001,12.50046,12.503070000000001,12.50541,12.507390000000001,12.50901,12.51036,12.51135,12.512070000000001,12.51243,12.51243,12.51216,12.51162,12.51063,12.50946,12.50793,12.50604,12.50388,12.50136,12.49857,12.495510000000001,12.492090000000001,12.4884,12.48435,12.48012,12.475530000000001,12.47067,12.46554,12.46023,12.45456,12.44871,12.442590000000001,12.43629,12.429720000000001,12.422970000000001,12.41604,12.40893,12.40173,12.39435,12.38688,12.37923,12.37158,12.36393,12.356190000000002,12.34845,12.34071,12.33306,12.3255,12.31812,12.31083,12.30372,12.29688,12.290310000000002,12.28401,12.278070000000001,12.272490000000001,12.26736,12.26268,12.25854,12.25503,12.25206,12.249810000000002,12.24819,12.24738,12.24738,12.24819,12.2499,12.252600000000001,12.25629,12.26097,12.26673,12.27357,12.28158,12.29076,12.3012,12.312809999999999,12.32577,12.3399,12.35547,12.372300000000001,12.39048,12.41001,12.430980000000002,12.45321,12.47679,12.50181,12.52809,12.555810000000001,12.58479,12.61503,12.64662,12.67938,12.71349,12.74877,12.78513,12.822750000000001,12.86145,12.90123,12.942,12.98385,13.0266,13.070340000000002,13.11489,13.16043,13.20669,13.25376,13.30155,13.35006,13.3992,13.449060000000001,13.49946,13.550490000000002,13.601970000000001,13.65399,13.70655,13.75947,13.81284,13.86657,13.92066,13.97511,14.02983,14.08482,14.14017,14.1957
15.96312,15.90516,15.8472,15.789150000000001,15.7311,15.672960000000002,15.614819999999998,15.55659,15.498450000000002,15.44013,15.381900000000002,15.32358,15.265350000000002,15.20703,15.148620000000001,15.0903,15.03198,14.97366,14.91543,14.85711,14.79888,14.740739999999999,14.6826,14.624550000000001,14.5665,14.50863,14.45076,14.39307,14.335560000000001,14.27814,14.22081,14.16375,14.10687,14.05017,13.99374,13.93758,13.881689999999999,13.82607,13.77081,13.715910000000001,13.66146,13.607370000000001,13.55373,13.50054,13.447890000000001,13.39578,13.3443,13.29336,13.24314,13.19355,13.144680000000001,13.09662,13.04937,13.003020000000001,12.95748,12.91293,12.869280000000002,12.82671,12.78513,12.74463,12.705300000000001,12.667050000000001,12.63006,12.594240000000001,12.55968,12.526380000000001,12.494340000000001,12.46374,12.4344,12.406410000000001,12.37977,12.35457,12.33063,12.30822,12.28707,12.26727,12.24891,12.23181,12.21606,12.20157,12.18843,12.17646,12.16566,12.15612,12.14766,12.14028,12.133890000000001,12.128580000000001,12.12417,12.120659999999999,12.11805,12.11616,12.11508,12.11463,12.11481,12.11562,12.11697,12.11877,12.121020000000001,12.12363,12.1266,12.129840000000002,12.133260000000002,12.13695,12.140820000000001,12.14469,12.14874,12.152700000000001,12.15675,12.160710000000002,12.164579999999999,12.16836,12.17205,12.175559999999999,12.1788,12.18186,12.184740000000001,12.18726,12.1896,12.19158,12.193200000000001,12.19455,12.19545,12.19608,12.196259999999999,12.19608,12.19545,12.194460000000001,12.19302,12.19122,12.188880000000001,12.18609,12.18294,12.179250000000001,12.17511,12.17052,12.16548,12.1599,12.153870000000001,12.14739,12.14037,12.1329,12.12498,12.11652,12.10761,12.09816,12.08826,12.077910000000001,12.06702,12.05568,12.0438,12.031559999999999,12.018780000000001,12.00555,11.99178,11.97756,11.96298,11.94786,11.93229,11.916269999999999,11.899799999999999,11.88288,11.86551,11.84778,11.82951,11.810880000000001,11.79189,11.772450000000001,11.75256,11.7324,11.71179,11.69073,11.6694,11.64771,11.625660000000002,11.603250000000001,11.58057,11.55762,11.53431,11.51073,11.48688,11.46276,11.438460000000001,11.41398,11.38923,11.3643,11.33928,11.314079999999999,11.2887,11.26332,11.23785,11.21238,11.18682,11.16126,11.135790000000002,11.110410000000002,11.085120000000002,11.06001,11.03499,11.01015,10.98558,10.96128,10.93725,10.913580000000001,10.890270000000001,10.86732,10.844909999999999,10.82286,10.801350000000001,10.780470000000001,10.76004,10.74033,10.72116,10.70271,10.68498,10.66797,10.65168,10.63611,10.621440000000002,10.60749,10.59444,10.5822,10.570770000000001,10.56015,10.55043,10.54161,10.533600000000002,10.5264,10.520100000000001,10.514520000000001,10.50984,10.50588,10.502730000000001,10.5003,10.49859,10.49751,10.49706,10.49733,10.498140000000001,10.49949,10.501290000000001,10.503630000000001,10.50642,10.50957,10.51308,10.51686,10.520999999999999,10.52532,10.52991,10.53459,10.53945,10.5444,10.54935,10.554300000000001,10.55934,10.56429,10.569149999999999,10.57392,10.57851,10.583010000000002,10.58733,10.591470000000001,10.59534,10.59894,10.60227,10.60542,10.60821,10.61064,10.6128,10.614690000000001,10.61613,10.6173,10.618020000000001,10.61847,10.61856,10.6182,10.61748,10.616489999999999,10.61505,10.61325,10.61109,10.60866,10.605780000000001,10.60263,10.59921,10.59543,10.59129,10.586969999999999,10.58229,10.577430000000001,10.57239,10.567079999999999,10.561589999999999,10.55592,10.55016,10.54431,10.53837,10.53243,10.5264,10.52046,10.514520000000001,10.508759999999999,10.50309,10.49751,10.4922,10.487070000000001,10.4823,10.4778,10.47366,10.46988,10.46655,10.46376,10.46142,10.459620000000001,10.458450000000001,10.45782,10.45791,10.45863,10.46007,10.462230000000002,10.465200000000001,10.46889,10.47339,10.478700000000002,10.484910000000001,10.49184,10.49976,10.5084,10.517940000000001,10.52838,10.53954,10.55169,10.56456,10.578240000000001,10.592730000000001,10.60803,10.62405,10.64079,10.658249999999999,10.676340000000001,10.69515,10.71459,10.734570000000001,10.755090000000001,10.77615,10.79775,10.81971,10.842210000000001,10.864980000000001,10.888200000000001,10.91169,10.935540000000001,10.959570000000001,10.98396,11.00844,11.033100000000001,11.05794,11.08287,11.107890000000001,11.133,11.1582,11.18331,11.20851,11.23362,11.258640000000002,11.28366,11.308589999999999,11.333430000000002,11.35818,11.382750000000001,11.40714,11.43144,11.45556,11.479500000000002,11.50326,11.52675,11.55006,11.57319,11.59605,11.61864,11.64105,11.66319,11.68506,11.706750000000001,11.72808,11.74914,11.77002,11.79054,11.81079,11.830860000000001,11.85057,11.86992,11.889090000000001,11.9079,11.92653,11.9448,11.96271,11.98044,11.99781,12.01491,12.031649999999999,12.048210000000001,12.06441,12.08025,12.09591,12.11121,12.12624,12.14091,12.15531,12.16944,12.183300000000001,12.1968,12.210030000000001,12.22299,12.23559,12.24792,12.25998,12.27168,12.2832,12.29427,12.30516,12.315690000000002,12.325949999999999,12.33594,12.34557,12.354930000000001,12.36393,12.372660000000002,12.381120000000001,12.38931,12.39714,12.4047,12.411900000000001,12.41883,12.4254,12.431700000000001,12.43773,12.4434,12.4488,12.45384,12.45861,12.46302,12.46716,12.47094,12.474450000000001,12.4776,12.48048,12.482999999999999,12.48516,12.48705,12.48858,12.48984,12.49074,12.491280000000001,12.49155,12.49146,12.49101,12.49029,12.48921,12.48777,12.48606,12.48399,12.48156,12.47886,12.4758,12.47247,12.46878,12.46482,12.460500000000001,12.455910000000001,12.45096,12.44574,12.44025,12.4344,12.428370000000001,12.42198,12.41541,12.408570000000001,12.40146,12.39417,12.386610000000001,12.378870000000001,12.37095,12.36285,12.35457,12.3462,12.33774,12.3291,12.320459999999999,12.31182,12.30309,12.29436,12.285720000000001,12.27717,12.26871,12.26043,12.25233,12.24441,12.23676,12.22938,12.22236,12.21579,12.20958,12.20391,12.198690000000001,12.1941,12.190140000000001,12.186900000000001,12.18429,12.18258,12.18159,12.1815,12.1824,12.1842,12.18708,12.19095,12.19599,12.2022,12.20958,12.218219999999999,12.22812,12.23928,12.25179,12.26565,12.28095,12.29751,12.3156,12.335040000000001,12.35592,12.378150000000002,12.401909999999999,12.42702,12.453570000000001,12.48147,12.510720000000001,12.54141,12.57336,12.606660000000002,12.64131,12.67713,12.71412,12.75237,12.79179,12.8322,12.87378,12.91635,12.96,13.004460000000002,13.04991,13.09626,13.14342,13.19139,13.24008,13.28949,13.33953,13.39029,13.44159,13.49352,13.5459,13.59882,13.652280000000001,13.7061,13.76028,13.81491,13.8699,13.92516,13.980690000000001,14.03658,14.092740000000001,14.14908
15.979679999999998,15.92217,15.864660000000002,15.807150000000002,15.749550000000001,15.691860000000002,15.634260000000001,15.576570000000002,15.518880000000001,15.461189999999998,15.4035,15.34572,15.28803,15.23025,15.17256,15.11487,15.05718,14.99949,14.94189,14.88429,14.826690000000001,14.76927,14.71176,14.65443,14.597190000000001,14.54004,14.48298,14.4261,14.36931,14.312700000000001,14.256269999999999,14.20002,14.14404,14.088149999999999,14.03262,13.977360000000001,13.92237,13.867650000000001,13.81338,13.75938,13.70583,13.652640000000002,13.59999,13.54779,13.49604,13.444920000000002,13.39434,13.34439,13.295069999999999,13.24647,13.198590000000001,13.151430000000001,13.10508,13.05954,13.0149,12.97116,12.928320000000001,12.886470000000001,12.8457,12.80592,12.76722,12.7296,12.693240000000001,12.65796,12.623940000000001,12.59109,12.5595,12.52917,12.5001,12.472380000000001,12.44592,12.420720000000001,12.39687,12.37437,12.35322,12.33324,12.31461,12.29733,12.28122,12.26637,12.252690000000001,12.24027,12.22893,12.21867,12.20958,12.20148,12.194370000000001,12.18825,12.18303,12.17862,12.17511,12.172320000000001,12.170250000000001,12.168809999999999,12.168,12.16782,12.168180000000001,12.1689,12.17016,12.171690000000002,12.173670000000001,12.175830000000001,12.17826,12.18096,12.18375,12.18663,12.18969,12.19266,12.195720000000001,12.19878,12.201749999999999,12.204630000000002,12.20733,12.20994,12.21237,12.21462,12.21669,12.2184,12.21993,12.22119,12.22209,12.22272,12.22299,12.22299,12.22254,12.22173,12.22056,12.21903,12.21705,12.21462,12.21183,12.208680000000001,12.20499,12.20085,12.19635,12.1914,12.18591,12.180060000000001,12.173670000000001,12.166920000000001,12.15963,12.15189,12.1437,12.13506,12.12588,12.116340000000001,12.10626,12.09573,12.08475,12.07332,12.061440000000001,12.04902,12.03624,12.022920000000001,12.00924,11.99502,11.98044,11.96541,11.94993,11.934,11.91762,11.90079,11.883600000000001,11.865960000000001,11.84796,11.829600000000001,11.81079,11.79153,11.772,11.75202,11.73168,11.71107,11.69001,11.66868,11.64699,11.62503,11.60271,11.580119999999999,11.55735,11.53422,11.51082,11.48724,11.46348,11.43945,11.41533,11.390939999999999,11.36646,11.341890000000001,11.31723,11.292390000000001,11.26764,11.242709999999999,11.21787,11.19303,11.168280000000001,11.14353,11.11896,11.094479999999999,11.07018,11.04615,11.022210000000001,10.99863,10.975320000000002,10.95237,10.92969,10.90746,10.88568,10.86435,10.84347,10.82313,10.80333,10.78416,10.76553,10.747620000000001,10.73034,10.71378,10.69785,10.68273,10.668330000000001,10.65465,10.641869999999999,10.62981,10.61847,10.60803,10.5984,10.58958,10.581479999999999,10.57428,10.567800000000002,10.56213,10.55718,10.553040000000001,10.54953,10.54683,10.54467,10.543230000000001,10.542420000000002,10.54224,10.54251,10.54341,10.54476,10.54647,10.548720000000001,10.55133,10.554300000000001,10.557540000000001,10.561050000000002,10.56483,10.56879,10.57293,10.57716,10.581479999999999,10.585890000000001,10.59039,10.594800000000001,10.59921,10.603620000000001,10.607940000000001,10.61208,10.61613,10.620000000000001,10.62369,10.6272,10.63044,10.6335,10.636289999999999,10.63881,10.64106,10.64295,10.644660000000002,10.64592,10.64691,10.647630000000001,10.64799,10.64799,10.647630000000001,10.64691,10.64592,10.64457,10.64286,10.640880000000001,10.63854,10.63593,10.632959999999999,10.62972,10.62621,10.62243,10.61838,10.61406,10.60956,10.60479,10.59993,10.59489,10.589760000000002,10.58445,10.57905,10.57365,10.56816,10.56267,10.55727,10.55187,10.546650000000001,10.54143,10.536480000000001,10.53171,10.52721,10.52289,10.51893,10.51533,10.51209,10.5093,10.506870000000001,10.50498,10.503630000000001,10.50282,10.502640000000001,10.503,10.50408,10.50579,10.508220000000001,10.51128,10.51515,10.519739999999999,10.52514,10.53135,10.53828,10.54602,10.55466,10.564020000000001,10.57419,10.585080000000001,10.596870000000001,10.60938,10.622700000000002,10.63674,10.6515,10.66698,10.68318,10.700099999999999,10.71756,10.73565,10.75437,10.77363,10.793520000000001,10.81377,10.83456,10.8558,10.8774,10.89945,10.92177,10.944450000000002,10.96749,10.99071,11.01411,11.037780000000001,11.06163,11.085659999999999,11.109689999999999,11.1339,11.1582,11.182500000000001,11.2068,11.231190000000002,11.25549,11.27979,11.304,11.32812,11.35215,11.37618,11.400030000000001,11.4237,11.447280000000001,11.470680000000002,11.493900000000002,11.51694,11.5398,11.56248,11.58489,11.60712,11.62917,11.65095,11.672460000000001,11.69379,11.714760000000002,11.73564,11.756160000000001,11.77641,11.79639,11.816189999999999,11.83563,11.854800000000001,11.87379,11.892420000000001,11.910779999999999,11.928870000000002,11.94669,11.96415,11.98134,11.99835,12.015,12.03129,12.0474,12.06315,12.07872,12.09384,12.108780000000001,12.12336,12.13776,12.151800000000001,12.16548,12.17898,12.19212,12.20499,12.2175,12.22983,12.241800000000001,12.25341,12.26484,12.275910000000001,12.28671,12.29724,12.307409999999999,12.31731,12.32694,12.33621,12.345210000000002,12.35394,12.36231,12.37041,12.37824,12.385710000000001,12.39291,12.39984,12.406410000000001,12.41262,12.418650000000001,12.424230000000001,12.429540000000001,12.43458,12.43926,12.443670000000001,12.44772,12.451500000000001,12.454920000000001,12.457980000000001,12.46077,12.4632,12.46536,12.46716,12.4686,12.46977,12.47058,12.47103,12.47112,12.47094,12.4704,12.4695,12.46824,12.46671,12.464730000000001,12.462480000000001,12.45996,12.456990000000001,12.453750000000001,12.45015,12.446190000000001,12.441960000000002,12.43737,12.43242,12.427200000000001,12.42162,12.41577,12.409559999999999,12.403080000000001,12.39624,12.38922,12.38184,12.37419,12.36636,12.358260000000001,12.34989,12.34125,12.33252,12.32352,12.314340000000001,12.30507,12.29562,12.28617,12.276539999999999,12.26682,12.2571,12.24747,12.23775,12.22812,12.21867,12.20922,12.20004,12.191040000000001,12.18231,12.17385,12.165750000000001,12.15801,12.15072,12.14397,12.13767,12.132000000000001,12.12696,12.12264,12.11904,12.11625,12.11436,12.11328,12.11319,12.114180000000001,12.11616,12.11931,12.12363,12.12903,12.13578,12.143790000000001,12.15315,12.16386,12.17601,12.18951,12.20445,12.22083,12.23874,12.258090000000001,12.278880000000001,12.3012,12.32505,12.350340000000001,12.37707,12.40533,12.43494,12.465990000000001,12.49848,12.53223,12.56742,12.60387,12.641580000000001,12.68046,12.720600000000001,12.76182,12.804210000000001,12.84759,12.892050000000001,12.93741,12.98376,13.03101,13.07907,13.12794,13.177620000000001,13.227929999999999,13.278960000000001,13.33062,13.382909999999999,13.43574,13.48911,13.54302,13.597290000000001,13.65201,13.707180000000001,13.76271,13.8186,13.87476,13.93119,13.98789,14.04486,14.102010000000002
15.996149999999998,15.93918,15.88203,15.824970000000002,15.76782,15.710759999999999,15.65361,15.59637,15.539219999999998,15.482070000000002,15.42492,15.36768,15.310530000000002,15.25338,15.196319999999998,15.139170000000002,15.08211,15.025050000000002,14.96808,14.911110000000003,14.85423,14.797440000000002,14.740739999999999,14.68413,14.62752,14.571180000000002,14.514840000000001,14.458680000000001,14.402700000000001,14.346900000000002,14.29128,14.235840000000001,14.18058,14.125680000000001,14.07096,14.01651,13.96242,13.908600000000002,13.85514,13.80204,13.749390000000002,13.697189999999999,13.64535,13.59405,13.54329,13.493070000000001,13.443389999999999,13.39434,13.34592,13.29822,13.251149999999999,13.20489,13.15935,13.11471,13.070879999999999,13.02786,12.98583,12.944790000000001,12.90465,12.8655,12.827520000000002,12.79053,12.75462,12.71988,12.68631,12.653910000000002,12.62268,12.59262,12.56382,12.53628,12.51,12.48498,12.46113,12.43863,12.417300000000001,12.39723,12.37842,12.36078,12.3444,12.32919,12.31506,12.302100000000001,12.29022,12.27942,12.2697,12.26097,12.25314,12.24621,12.240179999999999,12.234960000000001,12.23055,12.22695,12.223980000000001,12.221639999999999,12.21993,12.21876,12.21804,12.21786,12.21813,12.21867,12.219660000000001,12.22083,12.22236,12.223980000000001,12.22578,12.22776,12.22983,12.2319,12.234060000000001,12.236130000000001,12.2382,12.240179999999999,12.24207,12.243870000000001,12.24549,12.246929999999999,12.24819,12.24918,12.2499,12.25044,12.25071,12.250620000000001,12.25026,12.24954,12.248550000000002,12.247200000000001,12.2454,12.24333,12.24081,12.23793,12.234689999999999,12.231,12.22686,12.22236,12.21741,12.212100000000001,12.20634,12.20013,12.19347,12.18636,12.1788,12.17079,12.162420000000001,12.15351,12.14415,12.13443,12.12426,12.11355,12.10248,12.09096,12.078899999999999,12.06648,12.053609999999999,12.04038,12.02661,12.012480000000002,11.9979,11.98287,11.96739,11.951550000000001,11.93535,11.918700000000001,11.9016,11.88414,11.86632,11.84805,11.82951,11.81052,11.791170000000001,11.77155,11.75148,11.73114,11.71044,11.68947,11.668140000000001,11.64654,11.62458,11.602440000000001,11.58003,11.55735,11.53449,11.51145,11.48814,11.46465,11.44098,11.41722,11.39328,11.369250000000001,11.345130000000001,11.321010000000001,11.2968,11.272590000000001,11.248380000000001,11.224169999999999,11.20005,11.17602,11.15208,11.12823,11.10465,11.08125,11.05803,11.03508,11.012490000000001,10.990169999999999,10.96812,10.946520000000001,10.925370000000001,10.904670000000001,10.88433,10.86462,10.84536,10.82673,10.80864,10.79118,10.77426,10.75815,10.74258,10.727820000000001,10.71369,10.700370000000001,10.68768,10.6758,10.66473,10.654380000000002,10.64475,10.63593,10.62792,10.62054,10.61397,10.60821,10.60308,10.59867,10.59489,10.591830000000002,10.58949,10.58769,10.58643,10.5858,10.58571,10.58607,10.586879999999999,10.58823,10.58994,10.59201,10.59444,10.59714,10.60011,10.603349999999999,10.60677,10.61028,10.61406,10.61784,10.6218,10.625670000000001,10.62963,10.63359,10.63746,10.64133,10.64502,10.64862,10.65213,10.65546,10.658610000000001,10.66158,10.66428,10.6668,10.66905,10.67103,10.67274,10.67427,10.67535,10.676250000000001,10.67688,10.67706,10.67706,10.6767,10.67607,10.675080000000001,10.673820000000001,10.6722,10.67031,10.66806,10.66563,10.662840000000001,10.659870000000002,10.65654,10.653030000000001,10.64934,10.64529,10.64115,10.63683,10.632330000000001,10.627650000000001,10.62288,10.618020000000001,10.61316,10.60812,10.60317,10.598220000000001,10.59327,10.588410000000001,10.58364,10.57896,10.57455,10.57032,10.56627,10.56249,10.55898,10.55592,10.55313,10.550790000000001,10.548810000000001,10.54737,10.54638,10.54593,10.54611,10.54674,10.54809,10.550070000000002,10.552679999999999,10.55592,10.55997,10.56465,10.57005,10.576260000000001,10.58319,10.59084,10.5993,10.60848,10.61838,10.62909,10.64052,10.652759999999999,10.66563,10.679310000000001,10.693620000000001,10.70856,10.72422,10.74051,10.757430000000001,10.77489,10.79298,10.81161,10.83069,10.85031,10.870289999999999,10.89081,10.91169,10.93284,10.95444,10.97631,10.99845,11.020950000000001,11.04354,11.0664,11.08944,11.112570000000002,11.13588,11.15919,11.182680000000001,11.20617,11.22975,11.25324,11.27682,11.30031,11.3238,11.3472,11.370510000000001,11.393730000000001,11.41686,11.439810000000001,11.462670000000001,11.48535,11.50794,11.53035,11.55249,11.57454,11.59632,11.61792,11.63934,11.66049,11.68146,11.70216,11.72268,11.742930000000001,11.762910000000002,11.78262,11.80206,11.82132,11.84031,11.85894,11.87739,11.89557,11.91348,11.93103,11.9484,11.96541,11.98224,11.998709999999999,12.01491,12.03084,12.0465,12.061890000000002,12.07692,12.09177,12.10626,12.12048,12.13443,12.148109999999999,12.161430000000001,12.17448,12.18726,12.199770000000001,12.21201,12.22389,12.2355,12.24684,12.25782,12.26862,12.27906,12.28914,12.29904,12.30858,12.31785,12.32685,12.33549,12.343860000000001,12.35187,12.359610000000002,12.36708,12.37428,12.381120000000001,12.387599999999999,12.3939,12.399750000000001,12.40542,12.41064,12.41568,12.42027,12.42468,12.42864,12.43233,12.43575,12.43881,12.441510000000001,12.44385,12.44592,12.44763,12.44898,12.450059999999999,12.45078,12.45114,12.45114,12.45087,12.45015,12.449160000000001,12.44781,12.446100000000001,12.444030000000001,12.4416,12.4389,12.43575,12.43233,12.428460000000001,12.42432,12.41982,12.41496,12.409740000000001,12.404160000000001,12.39831,12.392100000000001,12.38553,12.378689999999999,12.37149,12.36393,12.3561,12.348,12.33963,12.33099,12.321990000000001,12.312809999999999,12.303360000000001,12.293730000000002,12.28383,12.27375,12.26349,12.25314,12.24261,12.231990000000001,12.22137,12.21057,12.199860000000001,12.18906,12.17844,12.16782,12.157290000000001,12.14694,12.13686,12.12696,12.117329999999999,12.10806,12.09924,12.09078,12.08286,12.07539,12.06864,12.062429999999999,12.05703,12.05235,12.04848,12.04551,12.04353,12.04245,12.04245,12.04362,12.04587,12.04938,12.05406,12.06018,12.06756,12.07629,12.08655,12.09816,12.111300000000002,12.12597,12.14208,12.15981,12.17907,12.199950000000001,12.22227,12.24621,12.27168,12.298680000000001,12.32721,12.35727,12.388770000000001,12.421710000000001,12.45609,12.49182,12.5289,12.56733,12.60702,12.64788,12.68991,12.7332,12.77748,12.822750000000001,12.8691,12.91644,12.96459,13.01364,13.063500000000001,13.11408,13.16547,13.21749,13.27014,13.32342,13.37724,13.4316,13.48641,13.54176,13.59747,13.653540000000001,13.70997,13.76676,13.82382,13.881150000000002,13.93875,13.99662,14.054670000000002
16.01262,15.95601,15.8994,15.842700000000002,15.78609,15.72939,15.672780000000001,15.616079999999998,15.55947,15.502770000000002,15.446160000000003,15.38955,15.33294,15.276330000000002,15.219810000000003,15.16329,15.10677,15.05043,14.994,14.937750000000001,14.8815,14.82534,14.769359999999999,14.713379999999999,14.657580000000001,14.60187,14.54634,14.4909,14.435640000000001,14.380560000000001,14.325750000000001,14.27112,14.21667,14.16249,14.10867,14.05503,14.00175,13.94883,13.896180000000001,13.84398,13.79223,13.74084,13.6899,13.6395,13.589550000000001,13.540230000000001,13.49136,13.44321,13.39569,13.3488,13.30254,13.25709,13.21245,13.16853,13.12542,13.08321,13.0419,13.00149,12.96207,12.92355,12.88611,12.84975,12.814380000000002,12.780090000000001,12.74697,12.71493,12.68406,12.65427,12.62574,12.59838,12.572189999999999,12.54726,12.5235,12.500910000000001,12.47949,12.45933,12.44025,12.42243,12.40569,12.39012,12.375630000000001,12.362219999999999,12.3498,12.338460000000001,12.32811,12.318660000000001,12.310200000000002,12.30255,12.295800000000002,12.289860000000001,12.28464,12.280140000000001,12.27627,12.273119999999999,12.270420000000001,12.268350000000002,12.26682,12.26565,12.265020000000002,12.26466,12.26466,12.264930000000001,12.26538,12.26619,12.267090000000001,12.26808,12.269250000000001,12.270420000000001,12.27168,12.27294,12.27411,12.27528,12.27636,12.277260000000002,12.278070000000001,12.27879,12.27924,12.27951,12.2796,12.279330000000002,12.278970000000001,12.27825,12.27717,12.275910000000001,12.27429,12.27231,12.27006,12.26736,12.26439,12.26106,12.25728,12.25314,12.24864,12.24369,12.238380000000001,12.23271,12.226590000000002,12.22002,12.213090000000001,12.20571,12.197880000000001,12.1896,12.18096,12.17187,12.162420000000001,12.15243,12.14208,12.13128,12.12012,12.108419999999999,12.09636,12.083850000000002,12.07098,12.05766,12.04389,12.029760000000001,12.015179999999999,12.000240000000002,11.98485,11.9691,11.95299,11.936430000000001,11.91951,11.902230000000001,11.884500000000001,11.8665,11.84814,11.82933,11.81025,11.79081,11.7711,11.75103,11.730690000000001,11.709990000000001,11.689020000000001,11.66778,11.646270000000001,11.62449,11.60253,11.580300000000001,11.55789,11.535210000000001,11.512440000000002,11.4894,11.46627,11.44305,11.419649999999999,11.39616,11.372670000000001,11.34909,11.325420000000001,11.30184,11.27817,11.25468,11.2311,11.207699999999999,11.18439,11.16126,11.13831,11.115540000000001,11.09295,11.070630000000001,11.04858,11.02689,11.005560000000001,10.98459,10.96398,10.94382,10.92411,10.90485,10.886130000000001,10.86795,10.850399999999999,10.833300000000001,10.816920000000001,10.80108,10.785960000000001,10.771469999999999,10.7577,10.74456,10.73214,10.72044,10.70946,10.6992,10.68966,10.68084,10.67274,10.665360000000002,10.6587,10.652759999999999,10.647450000000001,10.64286,10.6389,10.63557,10.63287,10.63071,10.62918,10.6281,10.62756,10.62756,10.62801,10.62882,10.62999,10.63161,10.6335,10.635750000000002,10.63818,10.640880000000001,10.64385,10.64691,10.650150000000002,10.65348,10.65681,10.66032,10.663829999999999,10.66725,10.670760000000001,10.67409,10.67742,10.68066,10.683810000000001,10.68678,10.68957,10.69218,10.694609999999999,10.696860000000001,10.69884,10.70064,10.702169999999999,10.703429999999999,10.70451,10.70523,10.705680000000001,10.705860000000001,10.705860000000001,10.70541,10.70478,10.70388,10.70262,10.70109,10.69938,10.69731,10.69497,10.69245,10.68957,10.68651,10.68327,10.67985,10.67616,10.67229,10.668330000000001,10.664100000000001,10.659870000000002,10.65546,10.65105,10.64655,10.642050000000001,10.63746,10.632959999999999,10.62846,10.62414,10.619819999999999,10.61568,10.611720000000002,10.607940000000001,10.60434,10.60101,10.598040000000001,10.59534,10.593,10.591109999999999,10.58958,10.588500000000002,10.58787,10.58778,10.58823,10.589220000000001,10.59075,10.59291,10.5957,10.59921,10.60326,10.60803,10.61352,10.61964,10.62657,10.63413,10.64241,10.6515,10.66122,10.671660000000001,10.68282,10.694609999999999,10.70721,10.72044,10.7343,10.74879,10.76391,10.77966,10.79604,10.81296,10.83033,10.848329999999999,10.86678,10.88568,10.90494,10.92474,10.94481,10.96533,10.98612,11.00727,11.028599999999999,11.05029,11.07216,11.09421,11.116439999999999,11.138760000000001,11.16126,11.183850000000001,11.20653,11.2293,11.25207,11.27484,11.297609999999999,11.32038,11.343060000000001,11.36574,11.388330000000002,11.410829999999999,11.43324,11.45556,11.4777,11.49975,11.52162,11.5434,11.56491,11.58633,11.60748,11.62845,11.64924,11.66985,11.690190000000001,11.71035,11.73033,11.74995,11.76939,11.78865,11.80755,11.826270000000001,11.84472,11.8629,11.8809,11.898539999999999,11.91591,11.933100000000001,11.94993,11.96658,11.98287,11.998980000000001,12.01473,12.03021,12.04551,12.06045,12.07512,12.08952,12.10365,12.117420000000001,12.13101,12.144240000000002,12.1572,12.16989,12.18231,12.194460000000001,12.20625,12.21786,12.22911,12.24009,12.25071,12.26115,12.271230000000001,12.28104,12.29049,12.29976,12.30867,12.31731,12.32559,12.3336,12.34134,12.34872,12.355830000000001,12.36267,12.36915,12.37536,12.38121,12.38679,12.392100000000001,12.39696,12.40164,12.40587,12.40992,12.41352,12.41685,12.41982,12.42252,12.42486,12.42684,12.428460000000001,12.42981,12.4308,12.43143,12.431700000000001,12.431610000000001,12.43125,12.43044,12.429359999999999,12.42783,12.426029999999999,12.423869999999999,12.42126,12.418379999999999,12.415049999999999,12.41145,12.407399999999999,12.403080000000001,12.39831,12.393270000000001,12.387780000000001,12.38193,12.37581,12.369240000000001,12.362400000000001,12.35511,12.34755,12.33963,12.331439999999999,12.3228,12.31398,12.304710000000002,12.29526,12.285449999999999,12.27546,12.26511,12.254579999999999,12.243780000000001,12.23271,12.22155,12.21021,12.198690000000001,12.18699,12.17529,12.1635,12.15162,12.13974,12.12795,12.11616,12.104550000000001,12.09303,12.08169,12.07062,12.05982,12.04938,12.0393,12.029670000000001,12.02049,12.011940000000001,12.00393,11.99655,11.989980000000001,11.98413,11.97918,11.97513,11.97207,11.97,11.96901,11.96919,11.970630000000002,11.97324,11.9772,11.982510000000001,11.989260000000002,11.99745,12.00708,12.01833,12.031020000000002,12.045420000000002,12.061350000000001,12.07881,12.09798,12.118860000000002,12.14127,12.1653,12.191040000000001,12.21831,12.247200000000001,12.27762,12.309660000000001,12.343140000000002,12.37806,12.414510000000002,12.45231,12.49146,12.531870000000001,12.573630000000001,12.61656,12.66066,12.70593,12.75219,12.79953,12.84777,12.897,12.947040000000001,12.99798,13.04964,13.102020000000001,13.15512,13.20876,13.26312,13.31793,13.37337,13.429170000000001,13.48551,13.54221,13.59927,13.65669,13.71447,13.77243,13.83075,13.889249999999999,13.94793,14.00688
16.02891,15.97275,15.9165,15.860339999999999,15.804179999999999,15.748020000000002,15.691860000000002,15.635610000000002,15.579540000000001,15.523380000000001,15.467220000000001,15.411150000000001,15.35508,15.2991,15.243120000000001,15.187140000000001,15.13125,15.07545,15.01974,14.96403,14.908500000000002,14.85297,14.79762,14.742360000000001,14.68719,14.6322,14.57739,14.52267,14.468130000000002,14.41386,14.35977,14.305860000000001,14.252220000000001,14.19885,14.14575,14.09301,14.04045,13.98834,13.936589999999999,13.885200000000001,13.83426,13.78368,13.73355,13.68396,13.634910000000001,13.586400000000001,13.53843,13.491,13.44429,13.39821,13.35276,13.30812,13.2642,13.221,13.178700000000001,13.13721,13.096530000000001,13.056750000000001,13.01796,12.98007,12.94317,12.90726,12.87243,12.83859,12.80583,12.77415,12.74364,12.71421,12.68586,12.65868,12.632579999999999,12.60774,12.58398,12.561300000000001,12.53988,12.519540000000001,12.50028,12.48219,12.46518,12.44925,12.43431,12.42045,12.407670000000001,12.39579,12.38481,12.374820000000001,12.365639999999999,12.35736,12.34989,12.343140000000002,12.337200000000001,12.33189,12.32721,12.323250000000002,12.31974,12.31677,12.314340000000001,12.31236,12.31074,12.309479999999999,12.30858,12.30795,12.307590000000001,12.307409999999999,12.307409999999999,12.307590000000001,12.30786,12.30822,12.30858,12.308940000000002,12.30939,12.309660000000001,12.30993,12.31011,12.310200000000002,12.31011,12.30984,12.30939,12.30876,12.30795,12.306780000000002,12.305430000000001,12.30381,12.301919999999999,12.29976,12.29724,12.294450000000001,12.291210000000001,12.287790000000001,12.28392,12.27969,12.27519,12.27024,12.264930000000001,12.25926,12.25314,12.24666,12.23982,12.23253,12.22488,12.21678,12.20832,12.1995,12.190140000000001,12.18051,12.170340000000001,12.1599,12.14892,12.13758,12.12588,12.11373,12.10122,12.08826,12.07485,12.06117,12.04695,12.03246,12.017520000000001,12.002220000000001,11.98656,11.97045,11.95407,11.937240000000001,11.92014,11.90259,11.88477,11.86659,11.84805,11.82915,11.80998,11.79054,11.77074,11.750670000000001,11.73033,11.70972,11.68875,11.66769,11.646270000000001,11.62467,11.60289,11.58084,11.5587,11.53629,11.51379,11.491200000000001,11.46843,11.44557,11.42262,11.39967,11.37663,11.3535,11.33046,11.30742,11.28447,11.26152,11.238750000000001,11.21607,11.193480000000001,11.17107,11.14893,11.12697,11.10528,11.083860000000001,11.062710000000001,11.041920000000001,11.02149,11.001510000000001,10.98189,10.96272,10.944,10.92573,10.908,10.8909,10.87425,10.85823,10.84275,10.82799,10.81377,10.80027,10.787400000000002,10.775160000000001,10.76364,10.75275,10.74258,10.733130000000001,10.724310000000001,10.71621,10.70883,10.70208,10.69596,10.69056,10.685699999999999,10.68156,10.67796,10.674900000000001,10.67247,10.67058,10.669229999999999,10.668330000000001,10.66788,10.66788,10.66824,10.66905,10.67022,10.671660000000001,10.67337,10.67535,10.677600000000002,10.68003,10.682640000000001,10.68543,10.68822,10.691189999999999,10.69425,10.69722,10.700280000000001,10.70334,10.70631,10.709280000000001,10.71216,10.71486,10.71747,10.71999,10.722330000000001,10.724490000000001,10.72647,10.72827,10.729800000000001,10.731150000000001,10.73232,10.733220000000001,10.73385,10.734210000000001,10.7343,10.734210000000001,10.73385,10.733220000000001,10.73223,10.731060000000001,10.72971,10.728,10.72611,10.72395,10.721520000000002,10.718910000000001,10.71612,10.71306,10.70982,10.70649,10.70289,10.6992,10.69542,10.691550000000001,10.6875,10.68345,10.679310000000001,10.67526,10.67112,10.66698,10.66302,10.65906,10.655190000000001,10.6515,10.64799,10.64457,10.64151,10.638630000000001,10.63602,10.63377,10.63188,10.630260000000002,10.62918,10.62846,10.628190000000002,10.62837,10.62909,10.63035,10.63215,10.634490000000001,10.63746,10.64097,10.645199999999999,10.65006,10.65555,10.661669999999999,10.66851,10.67598,10.68417,10.69299,10.702530000000001,10.71279,10.72368,10.7352,10.747349999999999,10.76022,10.77363,10.78767,10.80234,10.81755,10.833390000000001,10.84968,10.86651,10.88388,10.9017,10.919880000000001,10.938600000000001,10.957590000000001,10.977030000000001,10.996830000000001,11.0169,11.03724,11.05794,11.07882,11.09988,11.12121,11.142629999999999,11.16432,11.186010000000001,11.207880000000001,11.22975,11.251800000000001,11.273760000000001,11.295810000000001,11.31786,11.33991,11.36187,11.38383,11.40579,11.427570000000001,11.449259999999999,11.47095,11.49237,11.51379,11.53503,11.55609,11.577060000000001,11.597760000000001,11.61837,11.638710000000001,11.65896,11.678939999999999,11.69874,11.71836,11.73771,11.75679,11.775689999999999,11.794410000000001,11.81286,11.83104,11.84895,11.86668,11.88414,11.90133,11.91825,11.93499,11.951369999999999,11.96757,11.98341,11.99907,12.01437,12.02949,12.04434,12.05883,12.07314,12.08709,12.100859999999999,12.114270000000001,12.12741,12.14028,12.15288,12.16521,12.17727,12.18906,12.20049,12.21165,12.22263,12.23316,12.24351,12.25359,12.26331,12.27276,12.28194,12.29076,12.2994,12.307680000000001,12.3156,12.32334,12.33072,12.33774,12.34449,12.35097,12.35718,12.36303,12.36852,12.37374,12.3786,12.38319,12.38751,12.39138,12.39507,12.39831,12.40128,12.40389,12.406139999999999,12.40812,12.409740000000001,12.411,12.411900000000001,12.41244,12.41271,12.41253,12.41208,12.41118,12.41001,12.40839,12.406500000000001,12.404160000000001,12.40146,12.3984,12.39498,12.391200000000001,12.38697,12.38247,12.37752,12.37221,12.36654,12.36051,12.35403,12.34719,12.34008,12.33252,12.3246,12.31632,12.307680000000001,12.298680000000001,12.28932,12.2796,12.26961,12.25926,12.24864,12.23775,12.226500000000001,12.21498,12.203280000000001,12.19131,12.179160000000001,12.166739999999999,12.15414,12.14145,12.12867,12.11571,12.10275,12.08979,12.07683,12.06387,12.051,12.03831,12.02571,12.01347,12.00141,11.98971,11.978280000000002,11.96739,11.957040000000001,11.94714,11.93787,11.92932,11.92149,11.914470000000001,11.90835,11.90313,11.898900000000001,11.89584,11.89377,11.89296,11.893410000000001,11.89521,11.89836,11.90286,11.908890000000001,11.916450000000001,11.92554,11.93625,11.948670000000002,11.962620000000001,11.978280000000002,11.99574,12.01482,12.03561,12.058110000000001,12.08232,12.10824,12.135869999999999,12.16512,12.19599,12.22848,12.26259,12.29823,12.33531,12.37383,12.41379,12.4551,12.49776,12.541590000000001,12.586680000000001,12.63294,12.68028,12.72861,12.77793,12.828240000000001,12.87936,12.93138,12.98412,13.03758,13.09176,13.14657,13.202010000000001,13.2579,13.31433,13.3713,13.42863,13.48641,13.54446,13.60296,13.66164,13.720680000000002,13.7799,13.83939,13.89897,13.958820000000001
16.04511,15.98931,15.9336,15.877889999999999,15.822180000000001,15.76638,15.710759999999999,15.655050000000001,15.59943,15.543720000000002,15.48819,15.432570000000002,15.37704,15.321600000000002,15.26616,15.21081,15.155550000000002,15.10029,15.045119999999999,14.99004,14.93514,14.88024,14.82552,14.77089,14.716440000000002,14.66217,14.607990000000001,14.553989999999999,14.50017,14.446620000000001,14.39325,14.340150000000001,14.287230000000001,14.234580000000001,14.18229,14.130270000000001,14.07852,14.027220000000002,13.97619,13.925609999999999,13.87548,13.82571,13.776390000000001,13.72761,13.679369999999999,13.631580000000001,13.58442,13.5378,13.491810000000001,13.44654,13.4019,13.357890000000001,13.31469,13.2723,13.23063,13.189770000000001,13.14972,13.11066,13.072410000000001,13.03506,12.9987,12.963330000000001,12.92886,12.895470000000001,12.86316,12.831750000000001,12.80151,12.77235,12.74418,12.71718,12.69117,12.66633,12.64266,12.61998,12.59838,12.577950000000001,12.558510000000002,12.54015,12.522870000000001,12.506580000000001,12.491370000000002,12.47706,12.46374,12.45141,12.43989,12.429359999999999,12.419550000000001,12.41064,12.40245,12.39507,12.38832,12.382290000000001,12.376890000000001,12.37203,12.3678,12.36402,12.36078,12.3579,12.35547,12.3534,12.351600000000001,12.35007,12.3489,12.34782,12.34701,12.34629,12.345749999999999,12.3453,12.344850000000001,12.3444,12.34404,12.34359,12.34305,12.34242,12.341790000000001,12.34098,12.33999,12.33891,12.33756,12.33603,12.33432,12.33234,12.33018,12.32766,12.32496,12.321900000000001,12.318480000000001,12.31488,12.310920000000001,12.3066,12.301919999999999,12.29697,12.29166,12.2859,12.279869999999999,12.273480000000001,12.26664,12.259440000000001,12.251880000000002,12.24396,12.23568,12.22695,12.21786,12.20832,12.19851,12.188160000000002,12.17754,12.16647,12.15504,12.14316,12.13101,12.11841,12.105360000000001,12.09204,12.07827,12.06414,12.049560000000001,12.03471,12.0195,12.00384,11.987910000000001,11.971530000000001,11.954880000000001,11.93787,11.920499999999999,11.90286,11.88486,11.8665,11.84787,11.82897,11.80971,11.790270000000001,11.770470000000001,11.750399999999999,11.73006,11.70954,11.68875,11.66778,11.64654,11.62512,11.60352,11.58183,11.55987,11.537820000000002,11.51568,11.493360000000001,11.47104,11.44854,11.42613,11.40363,11.38104,11.35854,11.336039999999999,11.31363,11.29131,11.26908,11.24694,11.22498,11.2032,11.18151,11.16018,11.13903,11.11815,11.09763,11.07738,11.05749,11.03796,11.01888,11.000160000000001,10.98198,10.96416,10.94688,10.930140000000002,10.91394,10.89828,10.88316,10.86867,10.85481,10.84149,10.828800000000001,10.816830000000001,10.8054,10.79469,10.78461,10.77525,10.76643,10.758329999999999,10.75086,10.744019999999999,10.73781,10.73223,10.72728,10.72287,10.719000000000001,10.71576,10.71306,10.71081,10.7091,10.707840000000001,10.70703,10.70667,10.70667,10.70703,10.70775,10.70883,10.710090000000001,10.71162,10.713420000000001,10.7154,10.71756,10.719899999999999,10.722330000000001,10.72485,10.72746,10.73007,10.73268,10.735380000000001,10.737990000000002,10.74051,10.743030000000001,10.74546,10.7478,10.74996,10.75203,10.75392,10.75563,10.75725,10.758600000000001,10.75977,10.760760000000001,10.76148,10.762020000000001,10.76238,10.76238,10.7622,10.76184,10.76121,10.76031,10.75923,10.75788,10.75626,10.754460000000002,10.75248,10.75023,10.7478,10.745190000000001,10.7424,10.73943,10.73628,10.733039999999999,10.72971,10.7262,10.7226,10.718910000000001,10.71522,10.71153,10.70775,10.70406,10.700370000000001,10.696679999999999,10.69317,10.68975,10.68651,10.68336,10.680390000000001,10.67769,10.67526,10.6731,10.67121,10.669590000000001,10.66842,10.66761,10.66725,10.66725,10.6677,10.668690000000002,10.67022,10.6722,10.674719999999999,10.67787,10.68156,10.68579,10.690650000000002,10.69623,10.702350000000001,10.7091,10.71648,10.72458,10.733220000000001,10.74258,10.75248,10.7631,10.77435,10.78623,10.79865,10.8117,10.82529,10.83951,10.85427,10.86948,10.88532,10.90161,10.91835,10.935540000000001,10.95309,10.97109,10.98954,11.008260000000002,11.027339999999999,11.04678,11.0664,11.08638,11.10654,11.126880000000002,11.147490000000001,11.168190000000001,11.18907,11.210040000000001,11.231190000000002,11.25243,11.273670000000001,11.29491,11.31624,11.337570000000001,11.3589,11.380230000000001,11.40147,11.42271,11.44386,11.46492,11.485800000000001,11.50668,11.527379999999999,11.54799,11.56851,11.58876,11.60892,11.6289,11.6487,11.668320000000001,11.68776,11.70702,11.72601,11.744819999999999,11.763449999999999,11.78181,11.799990000000001,11.8179,11.835540000000002,11.853,11.87028,11.8872,11.90394,11.92041,11.93661,11.95263,11.96838,11.983770000000002,11.998980000000001,12.01392,12.02859,12.04299,12.057120000000001,12.07098,12.084570000000001,12.09789,12.11094,12.12372,12.136230000000001,12.148470000000001,12.16044,12.17205,12.183480000000001,12.19455,12.205440000000001,12.21597,12.22623,12.236220000000001,12.24585,12.255300000000002,12.26439,12.27321,12.28176,12.289950000000001,12.297870000000001,12.305520000000001,12.312899999999999,12.319920000000002,12.326670000000002,12.33306,12.33918,12.34503,12.35052,12.35574,12.3606,12.365100000000002,12.369330000000001,12.37329,12.376800000000001,12.38004,12.38301,12.38562,12.387870000000001,12.38976,12.391290000000001,12.392550000000002,12.393360000000001,12.3939,12.39408,12.39381,12.393270000000001,12.39237,12.39111,12.3894,12.38742,12.38499,12.3822,12.379050000000001,12.37545,12.37149,12.367170000000002,12.362490000000001,12.35736,12.35187,12.346020000000001,12.339720000000002,12.33306,12.325949999999999,12.318480000000001,12.31065,12.30246,12.29382,12.284820000000002,12.27546,12.26565,12.25557,12.245040000000001,12.23424,12.223080000000001,12.21156,12.199770000000001,12.18762,12.1752,12.16251,12.14946,12.13632,12.122819999999999,12.10923,12.09546,12.08151,12.06747,12.05334,12.03912,12.02499,12.01077,11.996730000000001,11.98269,11.96892,11.95524,11.941920000000001,11.928870000000002,11.916269999999999,11.904029999999999,11.89224,11.88108,11.870550000000001,11.86065,11.851560000000001,11.84328,11.8359,11.82951,11.824110000000001,11.819790000000001,11.81673,11.81484,11.814300000000001,11.81511,11.81736,11.821140000000002,11.82645,11.83329,11.841840000000001,11.852010000000002,11.86398,11.87766,11.893049999999999,11.91024,11.92923,11.95011,11.972700000000001,11.99709,12.02328,12.05118,12.08088,12.11229,12.14532,12.180060000000001,12.216420000000001,12.25422,12.29364,12.33441,12.37671,12.42027,12.46509,12.51126,12.558510000000002,12.60693,12.65634,12.70683,12.758220000000001,12.81051,12.86361,12.91761,12.972240000000001,13.0275,13.08348,13.14,13.19715,13.25466,13.312710000000001,13.37121,13.42998,13.4892,13.54869,13.60845,13.668389999999999,13.72869,13.78908,13.84965,13.9104
16.061130000000002,16.00587,15.95052,15.89526,15.840000000000002,15.78474,15.72948,15.67431,15.619050000000001,15.56397,15.50889,15.45381,15.39882,15.34392,15.28902,15.234210000000001,15.17949,15.12486,15.070230000000002,15.015780000000001,14.961509999999999,14.907240000000002,14.85315,14.799150000000001,14.745330000000001,14.691690000000001,14.638230000000002,14.58486,14.53176,14.478930000000002,14.42628,14.37381,14.3217,14.26977,14.2182,14.1669,14.115960000000001,14.06538,14.01516,13.9653,13.91589,13.86693,13.81842,13.77036,13.72284,13.67586,13.629420000000001,13.58361,13.53834,13.4937,13.44978,13.40658,13.36401,13.32225,13.28121,13.24098,13.20165,13.16304,13.12542,13.08861,13.0527,13.01778,12.98376,12.95082,12.91878,12.88773,12.85776,12.828780000000002,12.800790000000001,12.77397,12.748140000000001,12.7233,12.69954,12.67686,12.65526,12.63465,12.61503,12.596490000000001,12.57894,12.56229,12.54672,12.53205,12.51828,12.50541,12.493440000000001,12.48228,12.472019999999999,12.46239,12.453660000000001,12.44556,12.438180000000001,12.43134,12.42522,12.41964,12.4146,12.4101,12.40596,12.40236,12.39912,12.39615,12.39363,12.391290000000001,12.38922,12.38742,12.385800000000001,12.38427,12.38292,12.381570000000002,12.3804,12.37923,12.37797,12.376800000000001,12.37554,12.37428,12.37284,12.371400000000001,12.36969,12.367890000000001,12.366,12.363840000000001,12.3615,12.35889,12.3561,12.35313,12.3498,12.3462,12.34233,12.338189999999999,12.33378,12.32901,12.323970000000001,12.318570000000001,12.312809999999999,12.306780000000002,12.3003,12.29355,12.28644,12.278970000000001,12.27114,12.26295,12.25431,12.2454,12.23604,12.22641,12.216330000000001,12.20589,12.19509,12.18393,12.172320000000001,12.16044,12.148109999999999,12.13542,12.12237,12.10896,12.09519,12.08106,12.06666,12.05181,12.0366,12.02103,12.00519,11.9889,11.97243,11.95551,11.93832,11.920770000000001,11.90295,11.88486,11.86641,11.84778,11.828790000000001,11.80953,11.79,11.77029,11.750309999999999,11.73006,11.70963,11.688930000000001,11.668140000000001,11.64708,11.62584,11.604510000000001,11.583,11.5614,11.53971,11.517930000000002,11.495970000000002,11.474010000000002,11.452050000000002,11.430090000000002,11.40804,11.38608,11.36412,11.34225,11.32038,11.29869,11.27709,11.25567,11.23443,11.213370000000001,11.19249,11.17188,11.15163,11.13156,11.11185,11.09241,11.07342,11.054789999999999,11.03661,11.018790000000001,11.001510000000001,10.98459,10.9683,10.95237,10.93707,10.92231,10.908090000000001,10.8945,10.881450000000001,10.86894,10.857149999999999,10.8459,10.83528,10.82529,10.81593,10.8072,10.799100000000001,10.791540000000001,10.78461,10.77831,10.77264,10.767510000000001,10.762920000000001,10.75887,10.75536,10.75239,10.74987,10.74789,10.74627,10.7451,10.74438,10.744019999999999,10.744019999999999,10.74438,10.74492,10.74582,10.74699,10.74834,10.74996,10.75167,10.75356,10.75563,10.7577,10.759950000000002,10.7622,10.76445,10.7667,10.76895,10.7712,10.77336,10.77552,10.7775,10.779390000000001,10.78119,10.7829,10.78443,10.785779999999999,10.786950000000001,10.787939999999999,10.78875,10.789380000000001,10.78983,10.7901,10.7901,10.78992,10.789470000000001,10.78884,10.787939999999999,10.786950000000001,10.7856,10.78416,10.782449999999999,10.780560000000001,10.778490000000001,10.77624,10.773810000000001,10.77129,10.7685,10.76562,10.76265,10.75959,10.75635,10.753110000000001,10.749780000000001,10.746450000000001,10.743030000000001,10.73961,10.73628,10.73295,10.72971,10.726560000000001,10.7235,10.72062,10.71792,10.71531,10.71297,10.7109,10.7091,10.70757,10.70631,10.7055,10.70496,10.70487,10.70523,10.70595,10.707120000000002,10.70883,10.71099,10.71369,10.71693,10.72071,10.72512,10.729980000000001,10.73556,10.74168,10.74834,10.75563,10.76355,10.7721,10.78119,10.791,10.801350000000001,10.812240000000001,10.82376,10.83582,10.848510000000001,10.861740000000001,10.87542,10.88973,10.90449,10.91979,10.93545,10.95165,10.9683,10.98531,11.00268,11.02041,11.0385,11.05695,11.07567,11.094660000000001,11.11392,11.13336,11.153070000000001,11.172960000000002,11.19294,11.213189999999999,11.23344,11.253870000000001,11.27439,11.29491,11.315520000000001,11.33613,11.35683,11.37744,11.398050000000001,11.418660000000001,11.43918,11.459700000000002,11.480039999999999,11.50038,11.52063,11.540700000000001,11.56068,11.580480000000001,11.60019,11.619720000000001,11.63916,11.65833,11.67741,11.69631,11.71494,11.73348,11.75175,11.76975,11.78766,11.8053,11.82276,11.83995,11.85687,11.87361,11.89008,11.90637,11.92239,11.93814,11.953710000000001,11.96892,11.98395,11.998709999999999,12.013290000000001,12.02751,12.04146,12.05523,12.06873,12.08187,12.094830000000002,12.107520000000001,12.11994,12.132000000000001,12.14388,12.15549,12.166739999999999,12.177810000000001,12.18852,12.199050000000002,12.20922,12.21912,12.22875,12.238109999999999,12.247110000000001,12.25593,12.26439,12.272580000000001,12.2805,12.28806,12.295350000000001,12.30237,12.30903,12.31542,12.32154,12.3273,12.33279,12.33792,12.34278,12.347280000000001,12.351510000000001,12.35538,12.35889,12.36213,12.36501,12.36762,12.36978,12.37167,12.373199999999999,12.37437,12.37518,12.37572,12.37581,12.37554,12.37491,12.37392,12.37257,12.37086,12.36879,12.36627,12.36339,12.360149999999999,12.35646,12.35241,12.34791,12.34305,12.33783,12.332160000000002,12.326130000000001,12.31965,12.31272,12.305430000000001,12.29778,12.28968,12.28113,12.27222,12.262860000000002,12.25314,12.243060000000002,12.23253,12.221639999999999,12.2103,12.1986,12.18663,12.17421,12.161430000000001,12.148380000000001,12.134970000000001,12.12129,12.10734,12.09303,12.07854,12.06387,12.04893,12.03381,12.0186,12.0033,11.987820000000001,11.97243,11.95695,11.94156,11.926260000000001,11.911140000000001,11.8962,11.88144,11.867040000000001,11.853,11.839409999999999,11.826270000000001,11.81376,11.80179,11.79054,11.780100000000001,11.770470000000001,11.76174,11.75409,11.74743,11.74194,11.73771,11.73474,11.73312,11.732940000000001,11.73429,11.73717,11.741760000000001,11.74788,11.755799999999999,11.76552,11.77695,11.790270000000001,11.805390000000001,11.82249,11.84139,11.86218,11.884950000000002,11.909519999999999,11.93598,11.96433,11.99448,12.026430000000001,12.06009,12.09546,12.13254,12.171240000000001,12.21147,12.25323,12.296429999999999,12.34107,12.38697,12.43422,12.48255,12.53214,12.58272,12.63438,12.68703,12.740490000000001,12.79485,12.850019999999999,12.90591,12.96243,13.019580000000001,13.07727,13.13559,13.19427,13.253490000000001,13.31307,13.37301,13.43331,13.49388,13.554720000000001,13.61574,13.67703,13.7385,13.80006,13.86171
16.07715,16.02216,15.96735,15.91245,15.857639999999998,15.802830000000002,15.748020000000002,15.6933,15.638580000000001,15.58395,15.52941,15.47487,15.420330000000002,15.36597,15.311609999999998,15.257340000000001,15.203159999999999,15.14907,15.095070000000002,15.04125,14.98752,14.93388,14.88033,14.82705,14.773860000000003,14.72085,14.668019999999999,14.61537,14.5629,14.510700000000002,14.458680000000001,14.40702,14.35554,14.30433,14.25348,14.202900000000001,14.15268,14.102820000000001,14.053320000000001,14.00427,13.95558,13.907340000000001,13.85955,13.81221,13.765410000000001,13.719149999999999,13.67343,13.62834,13.58379,13.53987,13.49658,13.45401,13.41216,13.371030000000001,13.33062,13.29102,13.25214,13.21416,13.17699,13.14072,13.105260000000001,13.07079,13.03722,13.00455,12.97287,12.94209,12.91239,12.88359,12.85587,12.82905,12.80331,12.77856,12.754800000000001,12.73212,12.71034,12.68964,12.66984,12.65112,12.6333,12.616380000000001,12.60045,12.585420000000001,12.571200000000001,12.557970000000001,12.54546,12.53376,12.522960000000001,12.51279,12.50343,12.4947,12.486600000000001,12.479130000000001,12.472290000000001,12.465990000000001,12.46023,12.455010000000001,12.45015,12.44574,12.44169,12.438,12.43467,12.431519999999999,12.42873,12.426120000000001,12.42369,12.42144,12.41928,12.41721,12.415230000000001,12.41334,12.41136,12.40947,12.40749,12.40551,12.40344,12.40128,12.39894,12.39651,12.39399,12.391200000000001,12.38823,12.38508,12.38175,12.378150000000002,12.37437,12.37032,12.365910000000001,12.361320000000001,12.35646,12.351239999999999,12.345749999999999,12.3399,12.33378,12.327390000000001,12.320640000000001,12.31353,12.30606,12.29832,12.29022,12.28167,12.27285,12.263760000000001,12.25422,12.24432,12.234060000000001,12.22344,12.21255,12.201210000000001,12.18951,12.17754,12.16512,12.15243,12.139289999999999,12.12588,12.112110000000001,12.09798,12.08349,12.06873,12.053519999999999,12.03804,12.02229,12.00618,11.98971,11.97297,11.95596,11.938590000000001,11.92095,11.90304,11.88477,11.86632,11.8476,11.82861,11.80935,11.78991,11.770199999999999,11.75022,11.73015,11.70981,11.689380000000002,11.66868,11.64789,11.62692,11.60586,11.584620000000001,11.56329,11.541960000000001,11.52054,11.49903,11.47752,11.45601,11.4345,11.41299,11.39148,11.37015,11.34882,11.32767,11.306519999999999,11.28564,11.264940000000001,11.244330000000001,11.22399,11.20392,11.18412,11.164589999999999,11.14533,11.126430000000001,11.107890000000001,11.08971,11.07198,11.05461,11.03769,11.02122,11.0052,10.98972,10.97469,10.96029,10.94634,10.93293,10.92015,10.90791,10.89621,10.88514,10.87461,10.86471,10.855350000000001,10.84671,10.83852,10.83096,10.82403,10.81764,10.81179,10.806479999999999,10.80171,10.79748,10.79379,10.79055,10.78776,10.78551,10.78362,10.78218,10.7811,10.78038,10.78002,10.77993,10.7802,10.78074,10.781460000000001,10.782449999999999,10.78362,10.78506,10.7865,10.788120000000001,10.78992,10.79172,10.793610000000001,10.795499999999999,10.79748,10.79937,10.801260000000001,10.80315,10.80495,10.806750000000001,10.80837,10.809899999999999,10.811340000000001,10.81269,10.81386,10.814850000000002,10.81575,10.81638,10.816920000000001,10.81728,10.81737,10.81737,10.8171,10.81665,10.81602,10.81521,10.81422,10.81305,10.81161,10.810080000000001,10.80828,10.80639,10.80432,10.80207,10.79964,10.797120000000001,10.79451,10.79181,10.78893,10.786050000000001,10.78308,10.78002,10.776959999999999,10.773900000000001,10.77084,10.76787,10.7649,10.762020000000001,10.75914,10.756530000000001,10.75392,10.751579999999999,10.74942,10.74744,10.74564,10.744200000000001,10.74294,10.742040000000001,10.7415,10.74132,10.7415,10.742040000000001,10.743030000000001,10.74447,10.74627,10.7487,10.75149,10.75491,10.75878,10.76319,10.76814,10.77363,10.77966,10.78632,10.793520000000001,10.801350000000001,10.80972,10.81863,10.82817,10.83825,10.84887,10.86012,10.871820000000001,10.88415,10.89693,10.910250000000001,10.92402,10.93833,10.95309,10.9683,10.98396,10.99998,11.01645,11.03328,11.05038,11.06784,11.085659999999999,11.10375,11.122110000000001,11.14065,11.159460000000001,11.17854,11.19771,11.21706,11.23659,11.25621,11.275920000000001,11.295720000000001,11.315610000000001,11.335500000000001,11.35548,11.37546,11.39544,11.41542,11.43531,11.4552,11.47509,11.4948,11.514510000000001,11.534040000000001,11.55357,11.57292,11.59218,11.611260000000001,11.63025,11.64906,11.66769,11.68623,11.704500000000001,11.72268,11.74059,11.75832,11.775870000000001,11.79324,11.81043,11.827350000000001,11.844000000000001,11.86056,11.87676,11.89278,11.90862,11.924190000000001,11.93949,11.95461,11.969370000000001,11.98404,11.99835,12.012480000000002,12.026250000000001,12.03984,12.05316,12.0663,12.079080000000001,12.09159,12.10392,12.11589,12.12768,12.1392,12.150360000000001,12.161340000000001,12.17196,12.1824,12.19248,12.20229,12.21192,12.22119,12.23019,12.23892,12.247290000000001,12.25548,12.26331,12.27087,12.278070000000001,12.28509,12.29175,12.29805,12.304170000000001,12.30984,12.31533,12.320459999999999,12.32523,12.32973,12.33396,12.33783,12.34134,12.34449,12.347370000000002,12.34989,12.35214,12.35394,12.35547,12.35664,12.35736,12.35781,12.3579,12.35763,12.357000000000001,12.35592,12.35457,12.352770000000001,12.35061,12.348,12.34503,12.3417,12.33792,12.33378,12.329279999999999,12.32424,12.31893,12.313080000000001,12.30687,12.30021,12.293190000000001,12.285720000000001,12.2778,12.26943,12.2607,12.251520000000001,12.24189,12.23181,12.22137,12.21048,12.19923,12.18744,12.17538,12.162780000000001,12.14991,12.13659,12.122910000000001,12.10887,12.09447,12.0798,12.064770000000001,12.04947,12.03381,12.017970000000002,12.00195,11.98566,11.96919,11.95263,11.93598,11.91924,11.90241,11.885670000000001,11.869019999999999,11.85246,11.836170000000001,11.81997,11.80413,11.78865,11.77362,11.75904,11.745000000000001,11.73159,11.718990000000002,11.70711,11.69604,11.685960000000001,11.67696,11.66895,11.6622,11.65671,11.65257,11.64987,11.6487,11.64897,11.65095,11.65464,11.66013,11.66733,11.67651,11.68749,11.70045,11.7153,11.73222,11.75103,11.77191,11.79477,11.81952,11.84634,11.87505,11.90574,11.938229999999999,11.97261,12.00879,12.04668,12.08619,12.12741,12.17016,12.21444,12.26016,12.30714,12.35556,12.40515,12.455910000000001,12.507840000000002,12.56076,12.61458,12.66939,12.72501,12.78144,12.83859,12.896370000000001,12.95478,13.01373,13.073310000000001,13.13325,13.19364,13.25439,13.3155,13.37697,13.43862,13.500630000000001,13.56273,13.62501,13.68747,13.750110000000001,13.81284
16.0929,16.03845,15.983909999999998,15.92955,15.8751,15.820740000000002,15.76647,15.7122,15.65793,15.60375,15.549660000000001,15.49566,15.441659999999999,15.38775,15.33393,15.280200000000002,15.22656,15.17301,15.119640000000002,15.066360000000001,15.01317,14.96016,14.907240000000002,14.8545,14.80194,14.74956,14.697360000000002,14.645340000000001,14.59359,14.542020000000003,14.49072,14.4396,14.38884,14.33835,14.28813,14.23827,14.18877,14.13954,14.09076,14.042430000000001,13.99446,13.94685,13.89978,13.85316,13.807080000000001,13.76154,13.716450000000002,13.671990000000001,13.628160000000001,13.58487,13.542300000000001,13.50036,13.45914,13.41855,13.37877,13.33971,13.30137,13.26393,13.22721,13.19139,13.15638,13.122359999999999,13.08915,13.056840000000001,13.02543,12.99492,12.9654,12.93687,12.90924,12.8826,12.856950000000001,12.83229,12.808530000000001,12.78576,12.76389,12.74301,12.72312,12.704130000000001,12.68604,12.66894,12.652650000000001,12.63726,12.62268,12.60891,12.59604,12.58389,12.572460000000001,12.56175,12.551760000000002,12.54249,12.53376,12.52566,12.51819,12.511170000000002,12.50478,12.49875,12.49317,12.48804,12.483270000000001,12.47886,12.47472,12.47094,12.46734,12.46401,12.46077,12.4578,12.454920000000001,12.45213,12.449430000000001,12.44682,12.44412,12.441510000000001,12.4389,12.4362,12.4335,12.43071,12.42774,12.42468,12.42153,12.4182,12.41469,12.41091,12.40704,12.40299,12.398579999999999,12.39408,12.38922,12.384179999999999,12.37878,12.373199999999999,12.36726,12.36105,12.35457,12.34782,12.34071,12.33324,12.3255,12.31749,12.30903,12.3003,12.2913,12.28185,12.27213,12.26205,12.2517,12.240900000000002,12.22983,12.2184,12.206610000000001,12.194460000000001,12.18204,12.16926,12.15612,12.142619999999999,12.12885,12.11472,12.10023,12.08547,12.070350000000001,12.05496,12.039209999999999,12.02319,12.0069,11.99025,11.973329999999999,11.95614,11.93868,11.92095,11.90295,11.88468,11.86614,11.84742,11.828429999999999,11.80917,11.78982,11.770199999999999,11.750399999999999,11.73042,11.71026,11.689919999999999,11.669490000000001,11.64888,11.62818,11.60739,11.58651,11.56554,11.54457,11.52351,11.50245,11.48139,11.46033,11.43927,11.4183,11.39742,11.37663,11.355929999999999,11.33532,11.31489,11.29464,11.27457,11.25477,11.235149999999999,11.2158,11.19672,11.17791,11.159460000000001,11.14137,11.12364,11.10627,11.089350000000001,11.072790000000001,11.05668,11.04102,11.0259,11.011230000000001,10.99701,10.98333,10.97019,10.957590000000001,10.94553,10.934009999999999,10.923029999999999,10.91268,10.90287,10.8936,10.884870000000001,10.87677,10.86921,10.862100000000002,10.85562,10.84968,10.844280000000001,10.83933,10.83492,10.83105,10.82754,10.824570000000001,10.82205,10.819890000000001,10.81809,10.81674,10.815660000000001,10.81503,10.81458,10.81449,10.81467,10.81512,10.81575,10.81656,10.81755,10.818719999999999,10.81998,10.82133,10.82286,10.824390000000001,10.82592,10.82754,10.829160000000002,10.83078,10.8324,10.833929999999999,10.835370000000001,10.836810000000002,10.83816,10.83933,10.8405,10.8414,10.842300000000002,10.843020000000001,10.843560000000002,10.84401,10.84419,10.844280000000001,10.84419,10.84392,10.84347,10.842839999999999,10.84212,10.84113,10.83996,10.8387,10.83717,10.835550000000001,10.83375,10.831859999999999,10.82979,10.82763,10.82529,10.82286,10.820340000000002,10.817730000000001,10.81512,10.81242,10.80963,10.80693,10.80414,10.80144,10.79874,10.79604,10.793520000000001,10.79109,10.78866,10.7865,10.78443,10.782540000000001,10.78092,10.77948,10.77831,10.77741,10.77687,10.77651,10.7766,10.777050000000001,10.77777,10.779029999999999,10.780650000000001,10.782630000000001,10.78515,10.788120000000001,10.791630000000001,10.795499999999999,10.8,10.80495,10.81044,10.81647,10.82304,10.83015,10.83789,10.84608,10.85481,10.86408,10.873980000000001,10.88433,10.89522,10.906649999999999,10.91853,10.930950000000001,10.94391,10.95723,10.97109,10.9854,11.000070000000001,11.01519,11.030759999999999,11.0466,11.06289,11.07945,11.09628,11.11347,11.13093,11.14866,11.16666,11.184750000000001,11.2032,11.22174,11.24037,11.25927,11.27826,11.29725,11.31642,11.33568,11.354940000000001,11.3742,11.39355,11.412899999999999,11.432250000000002,11.45151,11.47077,11.49003,11.509110000000002,11.52819,11.547179999999999,11.566080000000001,11.5848,11.60352,11.62206,11.64042,11.65869,11.67678,11.69469,11.71251,11.73006,11.74752,11.76471,11.78181,11.79864,11.815290000000001,11.83167,11.84796,11.86389,11.87973,11.8953,11.9106,11.92572,11.940660000000001,11.95524,11.96964,11.98386,11.99781,12.01149,12.0249,12.03804,12.051,12.06369,12.07611,12.08826,12.10014,12.111839999999999,12.12318,12.13425,12.14514,12.155759999999999,12.16602,12.1761,12.18582,12.19536,12.204540000000001,12.21345,12.22209,12.230459999999999,12.23856,12.246390000000002,12.25386,12.26106,12.267990000000001,12.274650000000001,12.28095,12.286980000000002,12.29274,12.29814,12.30318,12.30804,12.31245,12.31668,12.320459999999999,12.323970000000001,12.32712,12.33,12.33252,12.33468,12.33648,12.33801,12.33909,12.3399,12.340349999999999,12.340349999999999,12.34008,12.339360000000001,12.33828,12.33684,12.335040000000001,12.33279,12.33018,12.32721,12.323789999999999,12.319920000000002,12.315690000000002,12.3111,12.30606,12.300569999999999,12.29463,12.28833,12.281490000000002,12.27429,12.26664,12.25854,12.24999,12.24108,12.231630000000001,12.22173,12.21147,12.20067,12.18942,12.177810000000001,12.16566,12.15315,12.14019,12.12678,12.113010000000001,12.09879,12.08412,12.069090000000001,12.053700000000001,12.03795,12.02193,12.00546,11.98872,11.97171,11.95443,11.936969999999999,11.91924,11.901420000000002,11.88342,11.86533,11.847150000000001,11.82906,11.810970000000001,11.79297,11.775150000000002,11.75751,11.74023,11.723220000000001,11.706570000000001,11.69046,11.674980000000001,11.66004,11.64582,11.6325,11.61999,11.60838,11.59794,11.58858,11.580480000000001,11.573730000000001,11.56833,11.56437,11.56203,11.5614,11.562389999999999,11.56518,11.56986,11.57643,11.58498,11.59542,11.60802,11.6226,11.63934,11.658150000000001,11.67903,11.70198,11.727089999999999,11.75418,11.783430000000001,11.81457,11.84778,11.88288,11.91978,11.95857,11.99907,12.04128,12.08511,12.130560000000001,12.17745,12.22569,12.27528,12.326220000000001,12.37824,12.43143,12.4857,12.54096,12.59703,12.654,12.711780000000001,12.77028,12.82941,12.889170000000002,12.94947,13.01022,13.07151,13.13316,13.195170000000001,13.25754,13.32009,13.383,13.44609,13.509360000000001,13.57272,13.63626,13.69989,13.76361
16.10856,16.054470000000002,16.000470000000004,15.94638,15.892470000000001,15.838560000000001,15.78465,15.730830000000001,15.677100000000001,15.623370000000001,15.569730000000002,15.516180000000002,15.462720000000001,15.409350000000002,15.35598,15.30279,15.24969,15.19668,15.14385,15.09111,15.038459999999999,14.98599,14.9337,14.881590000000001,14.82957,14.777819999999998,14.72625,14.674859999999999,14.62374,14.5728,14.52213,14.471729999999999,14.421600000000002,14.37174,14.32224,14.273010000000001,14.22414,14.17563,14.12757,14.07978,14.03253,13.98564,13.9392,13.8933,13.84785,13.802940000000001,13.75857,13.71474,13.67154,13.62888,13.58694,13.545539999999999,13.50486,13.4649,13.42566,13.387139999999999,13.34934,13.31235,13.27617,13.24071,13.206150000000001,13.172490000000002,13.139550000000002,13.1076,13.076550000000001,13.04631,13.01697,12.988620000000001,12.961170000000001,12.93462,12.90906,12.884400000000001,12.86064,12.83778,12.81591,12.79494,12.77487,12.75561,12.73734,12.71988,12.703320000000001,12.687570000000001,12.67263,12.6585,12.645090000000001,12.632489999999999,12.620610000000001,12.60936,12.59883,12.588930000000001,12.57966,12.57102,12.56283,12.55518,12.54807,12.54141,12.535200000000001,12.52935,12.52386,12.518730000000001,12.51396,12.50937,12.50505,12.501000000000001,12.49713,12.493440000000001,12.48984,12.48633,12.48291,12.47958,12.47634,12.47301,12.46977,12.46644,12.46302,12.4596,12.456,12.4524,12.44862,12.44475,12.440610000000001,12.43638,12.43197,12.42738,12.42252,12.417480000000001,12.41217,12.40668,12.400920000000001,12.39489,12.38859,12.38202,12.37518,12.367980000000001,12.3606,12.352860000000002,12.34476,12.336390000000002,12.32775,12.31875,12.309479999999999,12.29985,12.289950000000001,12.27969,12.269070000000001,12.258180000000001,12.246929999999999,12.235410000000002,12.22353,12.21129,12.19878,12.18591,12.17268,12.15918,12.14541,12.13128,12.11688,12.10212,12.087,12.0717,12.05604,12.04011,12.02391,12.00735,11.99061,11.973510000000001,11.956230000000001,11.93868,11.920860000000001,11.90277,11.884500000000001,11.865960000000001,11.847240000000001,11.82825,11.80917,11.78982,11.77029,11.750670000000001,11.730780000000001,11.7108,11.69073,11.67048,11.650229999999999,11.629800000000001,11.60928,11.58876,11.568150000000001,11.547540000000001,11.526840000000002,11.50623,11.485619999999999,11.46501,11.444490000000002,11.42406,11.40372,11.38347,11.3634,11.34342,11.32362,11.304,11.284650000000001,11.26548,11.24658,11.22795,11.20959,11.19159,11.17395,11.15658,11.13966,11.12301,11.1069,11.091149999999999,11.07576,11.06091,11.04651,11.03265,11.019240000000002,11.00628,10.993860000000002,10.98198,10.970640000000001,10.95984,10.94949,10.939770000000001,10.93059,10.92186,10.91376,10.90611,10.89909,10.892520000000001,10.88649,10.88091,10.87587,10.87128,10.867140000000001,10.86354,10.8603,10.857510000000001,10.85508,10.85301,10.85139,10.85004,10.849050000000002,10.848329999999999,10.84788,10.847790000000002,10.847790000000002,10.84815,10.848600000000001,10.84923,10.85004,10.85103,10.85211,10.853280000000002,10.85445,10.85571,10.85706,10.85841,10.85967,10.86102,10.86228,10.86354,10.86471,10.86579,10.866869999999999,10.86777,10.86858,10.8693,10.86984,10.870289999999999,10.87065,10.87074,10.87074,10.87065,10.87038,10.86993,10.8693,10.868490000000001,10.867590000000002,10.86651,10.86525,10.8639,10.86237,10.860750000000001,10.85895,10.85706,10.85499,10.85292,10.850670000000001,10.84842,10.84608,10.84365,10.84122,10.8387,10.83627,10.83375,10.831320000000002,10.82898,10.826640000000001,10.8243,10.82214,10.82016,10.81827,10.81647,10.81494,10.813590000000001,10.81242,10.81161,10.81098,10.81062,10.81062,10.81089,10.81152,10.81251,10.81395,10.81575,10.81791,10.82052,10.823670000000002,10.82718,10.83114,10.83564,10.840679999999999,10.846169999999999,10.85211,10.85859,10.86561,10.87317,10.881269999999999,10.88982,10.89891,10.90845,10.91862,10.92924,10.94031,10.95183,10.963890000000001,10.9764,10.98945,11.002770000000002,11.016630000000001,11.030850000000001,11.04552,11.06046,11.07585,11.09151,11.10753,11.12382,11.14047,11.157300000000001,11.1744,11.19177,11.20932,11.22705,11.24496,11.26305,11.281320000000001,11.29959,11.31804,11.33658,11.35512,11.37375,11.392470000000001,11.41119,11.42982,11.44854,11.467260000000001,11.485890000000001,11.50452,11.523060000000001,11.54151,11.55987,11.57814,11.59641,11.6145,11.63241,11.650229999999999,11.667959999999999,11.68551,11.70288,11.72016,11.73726,11.75409,11.77083,11.78739,11.80377,11.819880000000001,11.83581,11.851560000000001,11.867130000000001,11.882430000000001,11.89755,11.91249,11.92716,11.94156,11.95578,11.96973,11.9835,11.997,12.01032,12.02328,12.03606,12.04866,12.0609,12.07296,12.08475,12.09627,12.107520000000001,12.118500000000001,12.1293,12.13974,12.15,12.1599,12.16962,12.17907,12.188160000000002,12.19707,12.20562,12.213989999999999,12.222,12.22974,12.23721,12.24432,12.25125,12.25782,12.26412,12.27015,12.27582,12.28122,12.28626,12.291030000000001,12.295440000000001,12.29958,12.303450000000002,12.30696,12.31011,12.312899999999999,12.31542,12.31758,12.31938,12.32082,12.321990000000001,12.32271,12.32316,12.32316,12.3228,12.32208,12.321,12.31956,12.31767,12.31542,12.312809999999999,12.309750000000001,12.30633,12.30246,12.29814,12.29346,12.28833,12.282750000000002,12.276720000000001,12.27033,12.263399999999999,12.256110000000001,12.24828,12.24,12.23136,12.22218,12.21255,12.20247,12.19194,12.18087,12.16935,12.15738,12.144960000000001,12.13209,12.11868,12.10491,12.0906,12.075840000000001,12.06072,12.04515,12.02913,12.01266,11.99592,11.97873,11.96118,11.94327,11.92509,11.90655,11.887830000000001,11.86884,11.84958,11.83023,11.81079,11.79126,11.77164,11.75211,11.732579999999999,11.71323,11.69406,11.67516,11.65653,11.63835,11.62062,11.60352,11.58696,11.57121,11.55618,11.54214,11.52909,11.51703,11.50623,11.496690000000001,11.4885,11.48184,11.47662,11.47311,11.47131,11.47131,11.4732,11.47707,11.48283,11.49075,11.50074,11.51289,11.5272,11.54376,11.56248,11.583450000000001,11.606580000000001,11.631960000000001,11.6595,11.6892,11.720970000000001,11.75481,11.79072,11.82852,11.8683,11.909880000000001,11.95317,11.99817,12.04479,12.09285,12.14244,12.19338,12.245669999999999,12.29913,12.35376,12.40938,12.465990000000001,12.52359,12.582,12.64113,12.70107,12.761640000000002,12.822750000000001,12.884400000000001,12.94659,13.00914,13.07205,13.13541,13.19895,13.26285,13.32693,13.39119,13.45554,13.52007,13.58478,13.6494,13.7142
16.12404,16.070400000000003,16.016759999999998,15.96312,15.909569999999999,15.85611,15.80265,15.749279999999999,15.696000000000002,15.64272,15.58953,15.53652,15.48351,15.43059,15.377760000000002,15.325109999999999,15.27255,15.220080000000001,15.167700000000002,15.115500000000003,15.063480000000002,15.011550000000002,14.9598,14.90823,14.85684,14.80563,14.754690000000002,14.703930000000001,14.653350000000001,14.60304,14.553000000000003,14.50323,14.45373,14.404499999999999,14.35563,14.307120000000001,14.25888,14.211,14.16357,14.1165,14.069790000000001,14.02362,13.977810000000002,13.932540000000001,13.88772,13.843440000000001,13.7997,13.7565,13.713930000000001,13.6719,13.63041,13.589640000000001,13.54959,13.51008,13.47138,13.43331,13.396049999999999,13.35951,13.32378,13.28877,13.25457,13.22118,13.18869,13.15701,13.12614,13.096169999999999,13.0671,13.03893,13.01157,12.9852,12.95964,12.93498,12.91122,12.88836,12.8664,12.845250000000002,12.825000000000001,12.80565,12.78711,12.76938,12.75255,12.73644,12.72114,12.70665,12.692879999999999,12.67974,12.66741,12.65571,12.64464,12.6342,12.624390000000002,12.615120000000001,12.6063,12.59811,12.59037,12.583079999999999,12.57615,12.56967,12.563550000000001,12.5577,12.55221,12.546990000000001,12.54195,12.537270000000001,12.532680000000001,12.52827,12.52395,12.51981,12.51576,12.5118,12.507840000000002,12.50388,12.50001,12.49605,12.492090000000001,12.48804,12.4839,12.47967,12.47535,12.47085,12.46626,12.46149,12.45654,12.45141,12.446100000000001,12.440610000000001,12.434849999999999,12.42891,12.42279,12.41631,12.409650000000001,12.40272,12.395430000000001,12.38796,12.380220000000001,12.37221,12.363840000000001,12.3552,12.34629,12.33702,12.32757,12.31767,12.307590000000001,12.29715,12.28635,12.27528,12.26394,12.25224,12.24027,12.22794,12.21534,12.20238,12.18915,12.17565,12.16179,12.14766,12.133260000000002,12.11859,12.10356,12.08826,12.07269,12.05676,12.040650000000001,12.024270000000001,12.00762,11.9907,11.973600000000001,11.95614,11.938500000000001,11.92068,11.90259,11.88423,11.86578,11.847059999999999,11.82816,11.80917,11.78991,11.77056,11.75103,11.73141,11.71161,11.69172,11.67174,11.651760000000001,11.6316,11.61144,11.59119,11.57103,11.55078,11.53053,11.510370000000002,11.49021,11.47014,11.45007,11.43018,11.41038,11.39067,11.37123,11.351880000000001,11.33271,11.31372,11.295000000000002,11.27655,11.25837,11.24046,11.22282,11.20554,11.18853,11.17197,11.15577,11.139930000000001,11.12454,11.10951,11.09493,11.0808,11.06712,11.05398,11.04129,11.02905,11.01735,11.0061,10.99539,10.98522,10.9755,10.966410000000002,10.95777,10.949580000000001,10.941930000000001,10.93482,10.92825,10.92204,10.91637,10.91124,10.90647,10.90224,10.89837,10.89495,10.89189,10.889190000000001,10.886940000000001,10.88505,10.88343,10.88217,10.88118,10.88046,10.87992,10.87974,10.87974,10.87983,10.88019,10.880730000000002,10.88136,10.88208,10.88298,10.88388,10.884870000000001,10.88595,10.886940000000001,10.88802,10.889100000000001,10.890089999999999,10.89117,10.89207,10.892970000000002,10.89387,10.89459,10.89522,10.895760000000001,10.89621,10.89657,10.89675,10.89684,10.89684,10.89666,10.8963,10.895850000000001,10.89522,10.8945,10.8936,10.89261,10.89144,10.890179999999999,10.88874,10.88721,10.88559,10.88379,10.881990000000002,10.88001,10.87803,10.875960000000001,10.873800000000001,10.87164,10.86939,10.867230000000001,10.864980000000001,10.862729999999999,10.86057,10.8585,10.85643,10.85445,10.85256,10.85085,10.84923,10.847790000000002,10.846440000000001,10.84545,10.84455,10.84392,10.843560000000002,10.84347,10.84365,10.84419,10.84509,10.84626,10.847790000000002,10.849770000000001,10.85211,10.85481,10.85805,10.861650000000001,10.8657,10.8702,10.875240000000002,10.880640000000001,10.88658,10.89306,10.89999,10.90737,10.91529,10.92366,10.93257,10.941930000000001,10.95174,10.96209,10.97289,10.98405,10.99575,11.0079,11.0205,11.03346,11.04687,11.060640000000001,11.074770000000001,11.089260000000001,11.10411,11.11923,11.13471,11.15055,11.16657,11.18286,11.19942,11.21616,11.23308,11.25027,11.267550000000002,11.28501,11.30265,11.32038,11.3382,11.356020000000001,11.37402,11.39202,11.41011,11.4282,11.44629,11.46438,11.482470000000001,11.50056,11.51856,11.536470000000001,11.55438,11.5722,11.58993,11.607569999999999,11.62503,11.64249,11.65977,11.67687,11.69388,11.7108,11.72754,11.7441,11.76048,11.77668,11.7927,11.80854,11.8242,11.839680000000001,11.854980000000001,11.8701,11.884950000000002,11.89962,11.91402,11.92824,11.94228,11.95605,11.96964,11.98296,11.9961,12.00897,12.02157,12.033900000000001,12.04605,12.05802,12.06963,12.08106,12.092220000000001,12.103110000000001,12.11373,12.12408,12.13425,12.14415,12.15369,12.16305,12.17214,12.18087,12.18942,12.197700000000001,12.20562,12.21336,12.22074,12.22785,12.234689999999999,12.24126,12.24756,12.2535,12.25917,12.26448,12.26952,12.27429,12.2787,12.28284,12.28662,12.29013,12.293280000000001,12.29607,12.29859,12.30075,12.30255,12.303989999999999,12.30507,12.30588,12.30624,12.30624,12.30597,12.30525,12.30408,12.30264,12.30075,12.298499999999999,12.295800000000002,12.29274,12.28923,12.285359999999999,12.28104,12.27627,12.271049999999999,12.26547,12.25935,12.25287,12.245940000000001,12.23847,12.23055,12.22218,12.21336,12.20409,12.194280000000001,12.18393,12.17322,12.16197,12.15018,12.13794,12.125250000000001,12.112020000000001,12.09834,12.08412,12.069450000000002,12.05424,12.038580000000001,12.02247,12.00591,11.9889,11.971440000000001,11.95353,11.935170000000001,11.916450000000001,11.89737,11.878020000000001,11.858220000000001,11.838149999999999,11.817810000000001,11.79729,11.7765,11.75562,11.73456,11.713500000000002,11.692350000000001,11.67129,11.65041,11.62962,11.60901,11.58876,11.56896,11.549520000000001,11.53071,11.512440000000002,11.49498,11.47833,11.46258,11.44782,11.434230000000001,11.4219,11.410829999999999,11.4012,11.39301,11.38653,11.38176,11.37879,11.37771,11.37861,11.381490000000001,11.38653,11.393820000000002,11.40327,11.41497,11.42901,11.445300000000001,11.46402,11.48508,11.50839,11.53413,11.56212,11.59236,11.62476,11.659410000000001,11.69613,11.73492,11.775689999999999,11.81835,11.8629,11.90907,11.957040000000001,12.006450000000001,12.05748,12.10986,12.1635,12.218490000000001,12.274560000000001,12.331710000000001,12.389850000000001,12.44898,12.50883,12.569490000000002,12.63087,12.692879999999999,12.75552,12.818610000000001,12.88215,12.946140000000002,13.0104,13.07511,13.14,13.205070000000001,13.27041,13.335930000000001,13.401539999999999,13.46724,13.53294,13.59873,13.66461
16.13943,16.08615,16.03287,15.979679999999998,15.926580000000001,15.87348,15.820469999999998,15.767550000000002,15.71463,15.661890000000001,15.60915,15.5565,15.504030000000002,15.451650000000003,15.39927,15.347069999999999,15.29505,15.24303,15.19128,15.13962,15.088050000000003,15.03675,14.98554,14.934510000000001,14.883660000000003,14.83308,14.782680000000001,14.73246,14.68251,14.632830000000002,14.583330000000002,14.53419,14.48532,14.436720000000001,14.38848,14.34051,14.292900000000001,14.24565,14.19885,14.15241,14.10633,14.06079,14.01561,13.970970000000001,13.92678,13.88304,13.83993,13.79727,13.75524,13.713840000000001,13.67298,13.632750000000001,13.593150000000001,13.55418,13.515929999999999,13.4784,13.44159,13.40541,13.370130000000001,13.33548,13.30164,13.2687,13.23648,13.205070000000001,13.17447,13.144680000000001,13.11579,13.0878,13.06053,13.03425,13.00878,12.98412,12.96036,12.93741,12.915360000000002,12.894120000000001,12.87378,12.85425,12.83544,12.81753,12.80034,12.78396,12.7683,12.75345,12.739230000000001,12.72573,12.712950000000001,12.70071,12.68919,12.67821,12.667860000000001,12.658050000000001,12.64869,12.63987,12.6315,12.62358,12.616109999999999,12.60891,12.60216,12.595680000000002,12.58956,12.58371,12.57804,12.57264,12.56742,12.56238,12.55743,12.55266,12.54798,12.5433,12.53871,12.53421,12.529710000000001,12.525120000000001,12.52053,12.515939999999999,12.51126,12.506400000000001,12.50154,12.49659,12.49146,12.48615,12.48075,12.47517,12.469410000000002,12.463470000000001,12.45726,12.45087,12.4443,12.43746,12.43044,12.42306,12.4155,12.407760000000001,12.39966,12.391290000000001,12.38265,12.37374,12.36456,12.35511,12.34539,12.33531,12.32505,12.314430000000002,12.303450000000002,12.29229,12.28077,12.268979999999999,12.25683,12.24441,12.23172,12.21876,12.20553,12.19194,12.17808,12.16395,12.14955,12.13479,12.11985,12.10464,12.08907,12.07332,12.0573,12.04101,12.02445,12.007710000000001,11.9907,11.97342,11.95596,11.93832,11.92041,11.90232,11.88405,11.865599999999999,11.84697,11.82816,11.80917,11.79009,11.77092,11.75157,11.73213,11.7126,11.69289,11.67327,11.65347,11.63367,11.61387,11.59398,11.57418,11.554290000000002,11.53449,11.51478,11.49507,11.47554,11.45601,11.43657,11.4174,11.39823,11.379330000000001,11.36061,11.34207,11.32371,11.30571,11.287889999999999,11.270340000000001,11.253150000000002,11.23623,11.21958,11.203380000000001,11.18745,11.17197,11.15685,11.14218,11.12787,11.11401,11.1006,11.08764,11.07513,11.06307,11.05155,11.04048,11.02986,11.019779999999999,11.01015,11.00106,10.992420000000001,10.98432,10.97667,10.96947,10.96281,10.9566,10.950840000000001,10.94553,10.94067,10.93617,10.932120000000001,10.928519999999999,10.92528,10.9224,10.919880000000001,10.917720000000001,10.91583,10.9143,10.91304,10.912049999999999,10.91133,10.91079,10.91043,10.91034,10.91043,10.91061,10.91097,10.91142,10.91196,10.91268,10.9134,10.91412,10.914930000000002,10.915740000000001,10.91655,10.91736,10.91817,10.91898,10.919699999999999,10.92033,10.92087,10.92141,10.92186,10.922130000000001,10.9224,10.922490000000002,10.922490000000002,10.9224,10.92222,10.92186,10.92141,10.92078,10.92006,10.91925,10.91826,10.91718,10.91592,10.91466,10.91322,10.91169,10.91007,10.90845,10.906649999999999,10.90485,10.90296,10.90098,10.899,10.89702,10.895040000000002,10.89306,10.89117,10.889190000000001,10.88739,10.88559,10.88388,10.88226,10.880730000000002,10.879380000000001,10.878210000000001,10.877220000000001,10.87641,10.875779999999999,10.87542,10.875240000000002,10.87542,10.87587,10.87659,10.87758,10.87902,10.880730000000002,10.882800000000001,10.88523,10.88811,10.89135,10.895040000000002,10.899180000000001,10.90368,10.90863,10.91412,10.919970000000001,10.92636,10.933110000000001,10.9404,10.94814,10.95642,10.965060000000001,10.97424,10.983780000000001,10.993860000000002,11.0043,11.01528,11.02662,11.03841,11.050559999999999,11.063160000000002,11.076120000000001,11.08944,11.10312,11.11716,11.13147,11.14614,11.16108,11.176290000000002,11.19186,11.20761,11.22354,11.23974,11.256120000000001,11.27268,11.28942,11.30634,11.32335,11.34045,11.35764,11.37492,11.392380000000001,11.40975,11.42721,11.44476,11.46222,11.47977,11.49723,11.51469,11.53215,11.549520000000001,11.5668,11.58408,11.601180000000001,11.61828,11.635290000000001,11.65212,11.66886,11.68551,11.70198,11.71836,11.73456,11.750580000000001,11.76651,11.78226,11.79774,11.813130000000001,11.82834,11.84337,11.858220000000001,11.8728,11.8872,11.901420000000002,11.91546,11.92923,11.942820000000001,11.95614,11.969280000000001,11.98224,11.99493,12.00735,12.01959,12.031649999999999,12.04335,12.05487,12.066120000000002,12.07719,12.087990000000001,12.09852,12.108780000000001,12.11877,12.128580000000001,12.13812,12.1473,12.1563,12.16503,12.17349,12.18168,12.1896,12.19725,12.204630000000002,12.21165,12.218490000000001,12.224969999999999,12.23118,12.23712,12.2427,12.2481,12.25305,12.25782,12.26223,12.26637,12.27015,12.27357,12.276720000000001,12.27951,12.282029999999999,12.28419,12.28599,12.28743,12.28851,12.28932,12.28968,12.28968,12.28932,12.2886,12.287519999999999,12.28608,12.28419,12.28194,12.27924,12.27609,12.27267,12.26871,12.26439,12.259530000000002,12.25431,12.24864,12.24252,12.235949999999999,12.22893,12.22146,12.21345,12.20499,12.19608,12.18663,12.176730000000001,12.16629,12.15531,12.14388,12.131910000000001,12.11949,12.106530000000001,12.09303,12.07899,12.06441,12.04938,12.03381,12.01779,12.00114,11.98404,11.96649,11.9484,11.92986,11.91087,11.89143,11.87154,11.8512,11.830589999999999,11.80953,11.78811,11.76642,11.74446,11.72223,11.69982,11.67723,11.65464,11.631870000000001,11.609190000000002,11.5866,11.5641,11.54178,11.51982,11.49822,11.47707,11.45646,11.436390000000001,11.41713,11.39868,11.381219999999999,11.364749999999999,11.349450000000001,11.335410000000001,11.32272,11.311470000000002,11.30193,11.29392,11.2878,11.283570000000001,11.281320000000001,11.281139999999999,11.28312,11.28735,11.29392,11.30274,11.314079999999999,11.32776,11.343960000000001,11.36259,11.38374,11.40732,11.43333,11.46186,11.492640000000002,11.52585,11.56131,11.599020000000001,11.6388,11.68074,11.72457,11.770380000000001,11.81799,11.867220000000001,11.91816,11.970630000000002,12.02454,12.0798,12.13632,12.19401,12.252690000000001,12.31245,12.37311,12.43467,12.496860000000002,12.55977,12.6234,12.68748,12.7521,12.817079999999999,12.88251,12.948210000000001,13.01427,13.08051,13.14693,13.21362,13.28031,13.34718,13.414050000000001,13.48101,13.547880000000001,13.61484
16.15464,16.10172,16.0488,15.99606,15.94332,15.890579999999998,15.83802,15.78555,15.733080000000001,15.680790000000002,15.628499999999999,15.5763,15.52428,15.472350000000002,15.42051,15.36876,15.317190000000002,15.2658,15.214500000000001,15.16329,15.11235,15.0615,15.01083,14.960339999999999,14.910120000000001,14.85999,14.810130000000001,14.76054,14.71113,14.66208,14.613209999999999,14.56461,14.516280000000002,14.46831,14.42061,14.37327,14.32629,14.279670000000001,14.23341,14.1876,14.14215,14.097150000000001,14.052600000000002,14.0085,13.96485,13.92174,13.87917,13.83714,13.79565,13.7547,13.71438,13.67469,13.63563,13.59711,13.5594,13.52223,13.48587,13.45014,13.41522,13.381020000000001,13.34754,13.31478,13.282829999999999,13.25169,13.22136,13.191840000000001,13.16313,13.13523,13.10814,13.081859999999999,13.056479999999999,13.03182,13.00806,12.985109999999999,12.96297,12.94164,12.92112,12.90141,12.882420000000002,12.86424,12.84678,12.830129999999999,12.8142,12.7989,12.784320000000001,12.77046,12.75714,12.74454,12.73248,12.72105,12.71016,12.699810000000001,12.68991,12.68055,12.67164,12.66309,12.65499,12.64725,12.63987,12.632850000000001,12.62601,12.61953,12.61332,12.60729,12.60144,12.595680000000002,12.590190000000002,12.58479,12.57948,12.574259999999999,12.569040000000001,12.56391,12.55878,12.55365,12.54852,12.5433,12.53808,12.532770000000001,12.52737,12.52188,12.516210000000001,12.510449999999999,12.5046,12.49857,12.49227,12.485880000000002,12.47931,12.47256,12.46554,12.45834,12.45096,12.44322,12.43539,12.427200000000001,12.41883,12.41019,12.40128,12.392100000000001,12.38274,12.37302,12.36303,12.352770000000001,12.34224,12.331439999999999,12.32037,12.30903,12.29742,12.285449999999999,12.27321,12.260790000000002,12.24801,12.234960000000001,12.221639999999999,12.20805,12.194189999999999,12.17997,12.16557,12.1509,12.13596,12.12075,12.105360000000001,12.08961,12.073680000000001,12.05748,12.0411,12.02445,12.00753,11.99043,11.97315,11.95569,11.93796,11.92005,11.902050000000001,11.88378,11.86542,11.84688,11.82816,11.80935,11.790360000000002,11.771370000000001,11.7522,11.732940000000001,11.71368,11.69433,11.67489,11.65545,11.63592,11.61648,11.59704,11.57751,11.558159999999999,11.53881,11.51946,11.50029,11.48121,11.46222,11.44332,11.424600000000002,11.406060000000002,11.38779,11.36961,11.3517,11.333969999999999,11.3166,11.29941,11.28258,11.26602,11.249730000000001,11.2338,11.21823,11.20302,11.18826,11.173770000000001,11.159820000000002,11.14614,11.133,11.12022,11.107890000000001,11.096010000000001,11.084670000000001,11.073690000000001,11.06325,11.05326,11.04372,11.03463,11.02599,11.017890000000001,11.01024,11.00304,10.99629,10.98999,10.98414,10.97874,10.9737,10.96911,10.96497,10.9611,10.95768,10.95462,10.95192,10.94949,10.947420000000001,10.94562,10.944090000000001,10.94283,10.941840000000001,10.941030000000001,10.9404,10.94004,10.939860000000001,10.939770000000001,10.939860000000001,10.94004,10.94031,10.94076,10.94121,10.94175,10.94229,10.942919999999999,10.94346,10.944090000000001,10.94472,10.945260000000001,10.9458,10.94625,10.9467,10.94706,10.947420000000001,10.9476,10.94778,10.94778,10.94769,10.9476,10.947330000000001,10.94688,10.94643,10.94589,10.945170000000001,10.94436,10.94346,10.942380000000002,10.9413,10.94004,10.93878,10.93734,10.9359,10.934370000000001,10.93275,10.93113,10.92942,10.927620000000001,10.925910000000002,10.92411,10.92231,10.9206,10.91889,10.91718,10.91556,10.91403,10.91259,10.91124,10.90998,10.908900000000001,10.90791,10.90719,10.906559999999999,10.9062,10.906020000000002,10.90611,10.90647,10.9071,10.908,10.90926,10.91079,10.91259,10.91484,10.91736,10.92033,10.92366,10.92744,10.93158,10.93608,10.941030000000001,10.94643,10.95228,10.95858,10.96524,10.972439999999999,10.98,10.988010000000001,10.99656,11.00547,11.01483,11.02455,11.03481,11.045340000000001,11.056410000000001,11.06784,11.079630000000002,11.09178,11.10438,11.11725,11.13048,11.144070000000001,11.15793,11.17215,11.18655,11.20131,11.21625,11.23155,11.24694,11.262599999999999,11.27844,11.29446,11.31057,11.32695,11.34333,11.35989,11.37654,11.39328,11.41002,11.42694,11.443769999999999,11.46069,11.47761,11.494620000000001,11.51154,11.52837,11.54529,11.56212,11.578859999999999,11.59551,11.612160000000001,11.62872,11.645100000000001,11.661480000000001,11.677679999999999,11.69379,11.70981,11.72565,11.74131,11.75688,11.772269999999999,11.78748,11.802600000000002,11.81745,11.83221,11.84679,11.8611,11.87532,11.88927,11.90304,11.916630000000001,11.92995,11.94309,11.95605,11.96883,11.98134,11.99358,12.005640000000001,12.017520000000001,12.02913,12.04047,12.051630000000001,12.06252,12.07314,12.08358,12.09375,12.10365,12.113370000000002,12.12273,12.131910000000001,12.140820000000001,12.14946,12.157829999999999,12.16593,12.173760000000001,12.181410000000001,12.188699999999999,12.195720000000001,12.20247,12.208860000000001,12.21507,12.221010000000001,12.226590000000002,12.2319,12.23685,12.24153,12.245940000000001,12.25008,12.25386,12.25728,12.26043,12.26322,12.265740000000001,12.26781,12.26961,12.27114,12.27222,12.27294,12.273390000000001,12.273390000000001,12.27303,12.2724,12.271230000000001,12.26979,12.267900000000001,12.26565,12.26295,12.25989,12.25638,12.252419999999999,12.2481,12.24333,12.238109999999999,12.23235,12.22623,12.219660000000001,12.21255,12.20499,12.19698,12.18843,12.17943,12.16989,12.15981,12.149280000000001,12.13821,12.1266,12.11454,12.10185,12.08871,12.074940000000002,12.06072,12.04587,12.03048,12.014550000000002,11.99817,11.981160000000001,11.96361,11.94552,11.92689,11.90781,11.88819,11.868030000000001,11.84742,11.826270000000001,11.80476,11.7828,11.760390000000001,11.73762,11.71449,11.69109,11.66733,11.64339,11.61927,11.59497,11.57058,11.546190000000001,11.521889999999999,11.49759,11.47356,11.44971,11.42631,11.40327,11.38077,11.3589,11.33775,11.31741,11.29806,11.2797,11.262599999999999,11.24676,11.23236,11.21949,11.20824,11.198789999999999,11.19123,11.18565,11.18214,11.18088,11.18187,11.185200000000002,11.19096,11.19924,11.210040000000001,11.22345,11.23947,11.2581,11.279340000000001,11.30319,11.32965,11.35863,11.39013,11.424150000000001,11.460510000000001,11.49921,11.54016,11.58327,11.62845,11.675609999999999,11.72466,11.77542,11.82789,11.88198,11.93751,11.99439,12.052620000000001,12.111930000000001,12.172410000000001,12.23379,12.29616,12.35934,12.42324,12.48777,12.553020000000002,12.61863,12.68487,12.751380000000001,12.81834,12.88548,12.95298,13.02066,13.08843,13.15638,13.22442,13.29255,13.36068,13.42881,13.49685,13.56498
16.16958,16.117020000000004,16.06455,16.01217,15.95979,15.90759,15.855390000000002,15.80328,15.75126,15.69942,15.64758,15.595830000000001,15.54426,15.492780000000002,15.44139,15.39018,15.339059999999998,15.28812,15.237269999999999,15.186689999999999,15.136200000000002,15.085890000000001,15.03576,14.98581,14.936040000000002,14.886540000000002,14.837220000000002,14.788170000000001,14.7393,14.69079,14.642460000000002,14.594400000000002,14.546700000000001,14.49927,14.4522,14.4054,14.35905,14.31297,14.267249999999999,14.22198,14.17716,14.1327,14.08869,14.04522,14.00211,13.95963,13.91751,13.87602,13.83507,13.79466,13.754880000000002,13.71564,13.67703,13.639050000000001,13.6017,13.56498,13.52898,13.4937,13.45914,13.42521,13.392090000000001,13.359689999999999,13.328009999999999,13.29714,13.26699,13.23765,13.20912,13.18131,13.1544,13.128210000000001,13.10283,13.07817,13.054409999999999,13.03137,13.00923,12.98772,12.96711,12.94722,12.92805,12.9096,12.891960000000001,12.87495,12.85866,12.84309,12.82815,12.81384,12.80025,12.78711,12.774690000000001,12.76272,12.751380000000001,12.740490000000001,12.73014,12.72024,12.7107,12.70161,12.69297,12.68469,12.676680000000001,12.669030000000001,12.66165,12.65454,12.6477,12.64104,12.63465,12.62835,12.62223,12.616200000000001,12.61035,12.604500000000002,12.59874,12.59307,12.58731,12.58164,12.57597,12.570210000000001,12.56445,12.5586,12.55275,12.54672,12.5406,12.53439,12.528,12.52152,12.51486,12.50802,12.501090000000001,12.49389,12.48651,12.478950000000001,12.47112,12.46311,12.454920000000001,12.44646,12.43782,12.42882,12.41973,12.41028,12.40056,12.39066,12.38049,12.37005,12.35934,12.34836,12.337110000000001,12.32559,12.3138,12.301829999999999,12.2895,12.2769,12.26403,12.25098,12.237570000000002,12.22389,12.210030000000001,12.1959,12.1815,12.166830000000001,12.15189,12.13677,12.12138,12.10572,12.089879999999999,12.07377,12.05739,12.04092,12.024180000000001,12.00726,11.990070000000001,11.972790000000002,11.95524,11.93751,11.91969,11.90169,11.883510000000001,11.86524,11.84679,11.82825,11.80953,11.79081,11.77191,11.75301,11.734020000000001,11.71494,11.69586,11.67669,11.65761,11.63844,11.61936,11.600280000000001,11.5812,11.56221,11.543310000000002,11.52441,11.505690000000001,11.487150000000002,11.46861,11.45034,11.432160000000001,11.414159999999999,11.396429999999999,11.37888,11.36151,11.3445,11.32767,11.31111,11.29491,11.27898,11.26332,11.24811,11.23317,11.218679999999999,11.204460000000001,11.190690000000002,11.17728,11.16432,11.151810000000001,11.13966,11.12796,11.116710000000001,11.10591,11.09547,11.08557,11.076120000000001,11.06712,11.05857,11.05038,11.04273,11.03553,11.02869,11.02239,11.01645,11.010869999999999,11.005740000000001,11.00106,10.99674,10.99278,10.989090000000001,10.985850000000001,10.98297,10.980360000000001,10.97802,10.97595,10.97424,10.972710000000001,10.97145,10.97046,10.96965,10.96893,10.968480000000001,10.96821,10.96803,10.96794,10.96803,10.96821,10.96839,10.96866,10.96902,10.969380000000001,10.969830000000002,10.97019,10.970640000000001,10.971,10.97136,10.97172,10.97199,10.97226,10.972439999999999,10.97253,10.972620000000001,10.97253,10.972439999999999,10.97226,10.971900000000002,10.971540000000001,10.97109,10.97046,10.969830000000002,10.96902,10.96812,10.967220000000001,10.96614,10.965060000000001,10.9638,10.96254,10.96119,10.95984,10.95831,10.95687,10.95534,10.95372,10.95219,10.950569999999999,10.94904,10.94751,10.94598,10.94454,10.943100000000001,10.941840000000001,10.94058,10.93941,10.93842,10.937610000000001,10.936890000000002,10.936350000000001,10.93599,10.93581,10.93581,10.93617,10.93671,10.937429999999999,10.93851,10.93995,10.94157,10.94355,10.94589,10.948590000000001,10.95156,10.95498,10.95876,10.9629,10.96749,10.972439999999999,10.97775,10.98351,10.98972,10.99638,11.003400000000001,11.01078,11.0187,11.02698,11.03562,11.0448,11.054250000000001,11.06424,11.0745,11.08521,11.09628,11.10771,11.1195,11.13174,11.144160000000001,11.157029999999999,11.17017,11.18358,11.19726,11.21121,11.22552,11.23992,11.25468,11.269620000000002,11.284740000000001,11.300040000000001,11.31543,11.33109,11.34684,11.36277,11.3787,11.39481,11.411010000000001,11.42721,11.4435,11.45979,11.476170000000002,11.492550000000001,11.50893,11.52531,11.5416,11.55798,11.57427,11.59047,11.606580000000001,11.62269,11.638710000000001,11.65464,11.670390000000001,11.68614,11.70171,11.71719,11.732579999999999,11.74779,11.762820000000001,11.777759999999999,11.79252,11.8071,11.8215,11.83581,11.84985,11.863800000000001,11.87748,11.891070000000001,11.904390000000001,11.91753,11.93049,11.94327,11.95578,11.968110000000001,11.98017,11.99205,12.00375,12.015179999999999,12.026430000000001,12.037410000000001,12.048119999999999,12.05865,12.069,12.07899,12.0888,12.09843,12.1077,12.116790000000002,12.12561,12.13416,12.14244,12.150450000000001,12.15828,12.165750000000001,12.17304,12.17997,12.18663,12.19311,12.19923,12.20508,12.210659999999999,12.21588,12.22092,12.2256,12.229920000000002,12.23397,12.23775,12.24117,12.24432,12.247110000000001,12.24963,12.25179,12.25359,12.25503,12.2562,12.256920000000001,12.257370000000002,12.257370000000002,12.2571,12.25638,12.255300000000002,12.25386,12.25197,12.24972,12.24702,12.24396,12.240540000000001,12.23658,12.23226,12.22749,12.22218,12.21651,12.21039,12.20373,12.196620000000001,12.18906,12.18096,12.172410000000001,12.163319999999999,12.153780000000001,12.1437,12.13308,12.121830000000001,12.11013,12.09789,12.08511,12.07179,12.05784,12.04335,12.02832,12.01266,11.99646,11.97972,11.962349999999999,11.94444,11.9259,11.90682,11.8872,11.867040000000001,11.84625,11.82501,11.803139999999999,11.78082,11.757959999999999,11.73474,11.710980000000001,11.686770000000001,11.6622,11.637270000000001,11.61198,11.58642,11.56068,11.53467,11.50857,11.482470000000001,11.456280000000001,11.43018,11.40417,11.37852,11.35305,11.32812,11.30364,11.2797,11.256570000000002,11.23434,11.21292,11.19267,11.173680000000001,11.15595,11.13966,11.12499,11.11212,11.10105,11.09187,11.08485,11.08008,11.07756,11.07747,11.0799,11.08485,11.0925,11.10276,11.11581,11.131649999999999,11.15028,11.171700000000001,11.19582,11.22273,11.25234,11.284559999999999,11.31948,11.35683,11.39661,11.43882,11.48328,11.529810000000001,11.5785,11.62908,11.68155,11.73564,11.79144,11.84868,11.90736,11.967300000000002,12.028500000000001,12.09069,12.153960000000001,12.21804,12.28302,12.348630000000002,12.41496,12.48174,12.549150000000001,12.61692,12.68514,12.753540000000001,12.8223,12.891240000000002,12.96036,13.02966,13.09896,13.16835,13.23774,13.30713,13.376430000000001,13.445730000000001,13.514940000000001
16.184430000000003,16.132230000000003,16.08012,16.028100000000002,15.976170000000002,15.92433,15.872489999999999,15.82083,15.769260000000001,15.717780000000001,15.66639,15.615090000000002,15.56397,15.51294,15.462,15.41124,15.36066,15.31017,15.259770000000001,15.20964,15.159690000000001,15.109829999999999,15.06024,15.01083,14.961599999999999,14.912550000000001,14.86377,14.815260000000002,14.766929999999999,14.71896,14.671170000000002,14.62374,14.576490000000002,14.529690000000002,14.483070000000001,14.436900000000001,14.39109,14.345550000000001,14.300460000000001,14.255730000000002,14.21145,14.16753,14.12406,14.08113,14.03856,13.99653,13.95504,13.914000000000001,13.87359,13.83363,13.7943,13.75551,13.71735,13.67982,13.64292,13.60665,13.571010000000001,13.536090000000002,13.501890000000001,13.46832,13.43547,13.40334,13.371929999999999,13.34124,13.31136,13.2822,13.25376,13.226130000000001,13.19931,13.173119999999999,13.14783,13.12326,13.09941,13.076369999999999,13.05405,13.032540000000001,13.01175,12.99168,12.972330000000001,12.953700000000001,12.93579,12.91851,12.90195,12.88602,12.87072,12.85614,12.84201,12.8286,12.81564,12.80331,12.79143,12.780090000000001,12.769200000000001,12.758759999999999,12.74877,12.739230000000001,12.72996,12.72114,12.71259,12.7044,12.696480000000001,12.68874,12.681360000000002,12.67416,12.66714,12.660210000000001,12.653550000000001,12.64698,12.6405,12.634110000000002,12.62781,12.621599999999999,12.6153,12.60909,12.60288,12.59667,12.59037,12.58407,12.577589999999999,12.571110000000001,12.56454,12.55788,12.55113,12.544110000000002,12.53709,12.52989,12.52242,12.51486,12.50712,12.4992,12.4911,12.48273,12.47418,12.46545,12.45645,12.44727,12.43782,12.42819,12.41829,12.40812,12.39768,12.387060000000002,12.37617,12.36501,12.353670000000001,12.34197,12.33009,12.31794,12.305520000000001,12.29283,12.279959999999999,12.26673,12.25332,12.239640000000001,12.22569,12.21156,12.19716,12.18249,12.16764,12.15252,12.137129999999999,12.12156,12.105810000000002,12.08979,12.073590000000001,12.057120000000001,12.04056,12.02373,12.00672,11.98953,11.97225,11.954699999999999,11.93706,11.91924,11.90133,11.88324,11.865060000000001,11.8467,11.82834,11.809800000000001,11.79126,11.772630000000001,11.753910000000001,11.7351,11.716380000000001,11.697569999999999,11.67876,11.65995,11.64114,11.62242,11.603700000000002,11.58507,11.56644,11.54799,11.529630000000001,11.51136,11.49327,11.47527,11.45745,11.4399,11.42244,11.40525,11.388240000000001,11.3715,11.35503,11.33883,11.3229,11.30733,11.29203,11.277,11.26242,11.24811,11.234160000000001,11.22066,11.20752,11.19474,11.182319999999999,11.170350000000001,11.15883,11.14776,11.13705,11.12679,11.11689,11.10753,11.09853,11.08998,11.08188,11.07423,11.06694,11.0601,11.05371,11.04768,11.0421,11.03679,11.03202,11.02752,11.023380000000001,11.0196,11.01618,11.01303,11.01024,11.00772,11.005560000000001,11.003580000000001,11.00187,11.00034,10.99908,10.998000000000001,10.9971,10.99647,10.995930000000001,10.99548,10.99521,10.99503,10.99494,10.99494,10.99503,10.99521,10.99539,10.99557,10.99584,10.996020000000001,10.99629,10.99647,10.99665,10.996830000000001,10.99692,10.99701,10.99701,10.99701,10.99692,10.99674,10.99647,10.99611,10.99575,10.99521,10.994670000000001,10.99395,10.99323,10.992420000000001,10.99152,10.990530000000001,10.98954,10.988370000000002,10.9872,10.98603,10.98477,10.983419999999999,10.98207,10.98072,10.97928,10.977929999999999,10.97649,10.97514,10.97379,10.97253,10.97127,10.97001,10.96893,10.96794,10.96704,10.96623,10.9656,10.965060000000001,10.9647,10.96452,10.96461,10.96479,10.96533,10.966050000000001,10.966949999999999,10.96821,10.96974,10.971540000000001,10.97361,10.976040000000001,10.97883,10.98189,10.98531,10.989180000000001,10.99332,10.997819999999999,11.002770000000002,11.00808,11.01384,11.019870000000001,11.026440000000001,11.03328,11.04057,11.04831,11.056410000000001,11.06487,11.07378,11.08305,11.092680000000001,11.10267,11.11302,11.12382,11.13489,11.146320000000001,11.15811,11.17026,11.182590000000001,11.19528,11.20833,11.22156,11.23506,11.24883,11.262870000000001,11.27709,11.29149,11.30607,11.320829999999999,11.33577,11.35089,11.3661,11.381490000000001,11.39697,11.41245,11.42811,11.443769999999999,11.45952,11.47536,11.491109999999999,11.506950000000002,11.52279,11.538630000000001,11.55438,11.57022,11.585970000000001,11.60163,11.617289999999999,11.63286,11.648340000000001,11.66373,11.67903,11.69424,11.709270000000002,11.7243,11.73915,11.753910000000001,11.76849,11.78289,11.7972,11.81133,11.825280000000001,11.83914,11.852730000000001,11.86623,11.879460000000002,11.8926,11.905560000000001,11.91825,11.93076,11.94309,11.95524,11.96712,11.978819999999999,11.99034,12.00159,12.01266,12.02355,12.03417,12.04452,12.05469,12.064589999999999,12.07431,12.08376,12.09294,12.10194,12.11067,12.11913,12.127320000000001,12.13524,12.142980000000001,12.150450000000001,12.15756,12.16449,12.17115,12.17754,12.18357,12.18942,12.19491,12.20022,12.205169999999999,12.20976,12.214170000000001,12.218219999999999,12.221910000000001,12.22542,12.22848,12.23127,12.23379,12.235949999999999,12.23775,12.23919,12.24036,12.24117,12.24153,12.241620000000001,12.24135,12.24063,12.239640000000001,12.2382,12.236310000000001,12.234150000000001,12.23145,12.22839,12.224969999999999,12.221100000000002,12.21678,12.21201,12.20679,12.201120000000001,12.19491,12.18834,12.181230000000001,12.173670000000001,12.16557,12.15702,12.14793,12.138300000000001,12.12813,12.117420000000001,12.10626,12.09447,12.08205,12.06918,12.05568,12.041640000000001,12.02697,12.011759999999999,11.99592,11.97945,11.96244,11.9448,11.92653,11.907630000000001,11.88819,11.868030000000001,11.84742,11.82609,11.80422,11.78172,11.758680000000002,11.7351,11.710980000000001,11.68632,11.661209999999999,11.63556,11.60946,11.583,11.55609,11.528910000000002,11.501460000000002,11.47374,11.445839999999999,11.417850000000001,11.38977,11.36178,11.33379,11.30607,11.27862,11.251619999999999,11.22498,11.199060000000001,11.173770000000001,11.149379999999999,11.12598,11.103660000000001,11.082510000000001,11.0628,11.04462,11.02806,11.013300000000001,11.00043,10.98972,10.98108,10.974870000000001,10.97109,10.969830000000002,10.97127,10.97541,10.98234,10.99206,11.004840000000002,11.0205,11.03904,11.060640000000001,11.085120000000002,11.112570000000002,11.14281,11.17584,11.21166,11.25018,11.291220000000001,11.33469,11.38059,11.428740000000001,11.47896,11.53125,11.58543,11.64141,11.699010000000001,11.758140000000001,11.81871,11.88054,11.94354,12.007710000000001,12.07278,12.13884,12.20562,12.27303,12.34116,12.409830000000001,12.47886,12.54843,12.61827,12.68838,12.75867,12.82914,12.89979,12.97053,13.041269999999999,13.11201,13.18275,13.253400000000001,13.324050000000002,13.39452,13.4649
16.19901,16.14717,16.09551,16.04385,15.992280000000001,15.9408,15.889410000000002,15.83811,15.786990000000001,15.735870000000002,15.684930000000001,15.634080000000003,15.583320000000002,15.532740000000002,15.48234,15.43203,15.381810000000002,15.33177,15.281910000000002,15.232230000000001,15.182730000000001,15.133410000000001,15.084270000000002,15.0354,14.986620000000002,14.93811,14.88987,14.8419,14.79411,14.746590000000001,14.69934,14.65245,14.60574,14.55939,14.5134,14.46777,14.42241,14.3775,14.33286,14.288670000000002,14.24493,14.201550000000001,14.15862,14.11614,14.074110000000001,14.03262,13.99158,13.951080000000001,13.91112,13.87161,13.83273,13.79448,13.75668,13.7196,13.683060000000001,13.647150000000002,13.61196,13.57731,13.54347,13.51017,13.47759,13.445730000000001,13.414589999999999,13.38417,13.354470000000001,13.32549,13.297229999999999,13.26969,13.24287,13.21686,13.19157,13.167000000000002,13.14315,13.12002,13.097700000000001,13.07601,13.05513,13.034880000000001,13.01535,12.99654,12.97836,12.96081,12.94398,12.92778,12.91212,12.89718,12.88269,12.86883,12.855509999999999,12.842730000000001,12.830490000000001,12.818610000000001,12.80727,12.79638,12.78585,12.77577,12.76605,12.756689999999999,12.7476,12.73887,12.730410000000001,12.72213,12.71421,12.70638,12.69882,12.69144,12.68415,12.67704,12.670020000000001,12.66318,12.65625,12.6495,12.64275,12.636,12.62925,12.62259,12.61575,12.609,12.60207,12.59514,12.58812,12.58101,12.573720000000002,12.56643,12.55896,12.55131,12.54348,12.53556,12.52746,12.51918,12.510720000000001,12.50208,12.49326,12.48417,12.474900000000002,12.46545,12.45573,12.445829999999999,12.43566,12.42531,12.41469,12.40389,12.39282,12.38148,12.36996,12.35817,12.346110000000001,12.333870000000001,12.32136,12.30858,12.29553,12.282300000000001,12.268889999999999,12.25512,12.24117,12.22704,12.21264,12.19797,12.18312,12.168,12.152700000000001,12.13722,12.12147,12.10554,12.08943,12.07314,12.05667,12.04002,12.0231,12.00609,11.9889,11.97162,11.954160000000002,11.93652,11.91879,11.90088,11.88297,11.86488,11.8467,11.828429999999999,11.810160000000002,11.7918,11.77335,11.754900000000001,11.73645,11.71791,11.69937,11.68092,11.662469999999999,11.64402,11.625660000000002,11.6073,11.58912,11.57094,11.552940000000001,11.53503,11.51721,11.49957,11.48211,11.46483,11.44773,11.430900000000001,11.41425,11.39778,11.38167,11.36574,11.35008,11.33478,11.31975,11.30508,11.29068,11.27664,11.26296,11.24964,11.236680000000002,11.22408,11.21193,11.20014,11.18871,11.17773,11.16711,11.15694,11.14722,11.137860000000002,11.128950000000001,11.1204,11.11239,11.10465,11.09736,11.090520000000001,11.08404,11.07792,11.07225,11.06694,11.06199,11.0574,11.05308,11.04921,11.04561,11.04228,11.03931,11.03661,11.03418,11.03202,11.03013,11.02842,11.02689,11.02563,11.02455,11.02365,11.02284,11.022210000000001,11.02176,11.0214,11.02104,11.02086,11.02077,11.02068,11.02068,11.02077,11.02077,11.02086,11.020950000000001,11.02104,11.02104,11.02113,11.02113,11.02104,11.02104,11.02086,11.02068,11.0205,11.02014,11.019779999999999,11.01942,11.01888,11.01834,11.01771,11.01699,11.01618,11.01537,11.014470000000001,11.01348,11.012490000000001,11.01141,11.010330000000002,11.00916,11.00799,11.00673,11.005560000000001,11.0043,11.00304,11.00187,11.0007,10.99953,10.99836,10.997280000000002,10.99629,10.99539,10.994580000000001,10.993860000000002,10.99332,10.99278,10.992510000000001,10.992329999999999,10.992420000000001,10.992600000000001,10.99305,10.99368,10.99449,10.995659999999999,10.99701,10.99863,11.00052,11.002770000000002,11.00529,11.00808,11.011230000000001,11.01474,11.01852,11.02275,11.02725,11.0322,11.037420000000001,11.04309,11.04912,11.05551,11.06226,11.069370000000001,11.07693,11.08485,11.09313,11.10177,11.11077,11.120130000000001,11.12994,11.140020000000002,11.15037,11.16117,11.17224,11.18367,11.19537,11.20743,11.21967,11.23227,11.24505,11.2581,11.271419999999999,11.28501,11.29869,11.31264,11.32677,11.340990000000001,11.35548,11.37006,11.38473,11.39958,11.414520000000001,11.42955,11.44467,11.45979,11.475,11.4903,11.505600000000001,11.520900000000001,11.5362,11.5515,11.56671,11.58201,11.59722,11.61243,11.62755,11.64258,11.65752,11.672460000000001,11.68722,11.70198,11.71656,11.73105,11.74545,11.75967,11.773800000000001,11.78775,11.80161,11.815290000000001,11.828790000000001,11.8422,11.85534,11.86839,11.88126,11.89395,11.90637,11.918700000000001,11.930850000000001,11.942730000000001,11.95443,11.965950000000001,11.97729,11.98845,11.99934,12.009960000000001,12.02049,12.030660000000001,12.040740000000001,12.050460000000001,12.06009,12.06936,12.07845,12.08736,12.096,12.10437,12.11247,12.1203,12.12795,12.135330000000002,12.14244,12.149280000000001,12.155850000000001,12.16215,12.168180000000001,12.17403,12.17952,12.184650000000001,12.1896,12.194189999999999,12.1986,12.20265,12.20634,12.20976,12.21291,12.2157,12.21813,12.22029,12.22218,12.22362,12.22479,12.2256,12.22605,12.226140000000001,12.22587,12.225240000000001,12.22416,12.22281,12.221010000000001,12.21876,12.216149999999999,12.21318,12.20976,12.20589,12.20157,12.19689,12.19167,12.186,12.17997,12.17331,12.16629,12.15873,12.15063,12.14208,12.13299,12.12336,12.11319,12.10248,12.09123,12.07935,12.06702,12.05397,12.04047,12.026250000000001,12.01149,11.9961,11.98008,11.96352,11.94624,11.92833,11.909790000000001,11.89062,11.87082,11.8503,11.82924,11.80746,11.78505,11.76201,11.738430000000001,11.71413,11.6892,11.66373,11.63772,11.611170000000001,11.58399,11.556360000000002,11.52828,11.49975,11.47086,11.441609999999999,11.41209,11.382390000000001,11.35242,11.322450000000002,11.292390000000001,11.26242,11.23254,11.20293,11.173770000000001,11.14497,11.116800000000001,11.089350000000001,11.062710000000001,11.03706,11.012490000000001,10.989180000000001,10.967310000000001,10.94697,10.92843,10.91169,10.89702,10.88442,10.87425,10.86651,10.86129,10.858770000000002,10.85913,10.86237,10.86858,10.87776,10.890179999999999,10.905660000000001,10.9242,10.94598,10.97091,10.9989,11.02986,11.063880000000001,11.10069,11.14038,11.18277,11.227770000000001,11.2752,11.32497,11.37699,11.43108,11.487150000000002,11.545020000000001,11.6046,11.66571,11.72826,11.792159999999999,11.85723,11.923380000000002,11.99043,12.058470000000002,12.12714,12.196620000000001,12.26655,12.337110000000001,12.40803,12.47931,12.55086,12.62268,12.69459,12.766680000000001,12.83886,12.911130000000002,12.983310000000001,13.05549,13.12758,13.199580000000001,13.27149,13.343219999999999,13.414860000000001
16.21341,16.16202,16.11063,16.05933,16.00812,15.95709,15.906060000000002,15.855210000000001,15.80436,15.75369,15.7032,15.6528,15.60249,15.55227,15.502229999999999,15.45237,15.402690000000002,15.353100000000001,15.303690000000001,15.254460000000002,15.20541,15.156629999999998,15.107940000000001,15.059520000000001,15.011280000000001,14.963220000000002,14.91552,14.868,14.820660000000002,14.773679999999999,14.72697,14.68053,14.634450000000001,14.588639999999998,14.543099999999999,14.497919999999999,14.453100000000001,14.408729999999998,14.36463,14.32098,14.277690000000002,14.23485,14.19237,14.15043,14.10885,14.067810000000001,14.02731,13.98726,13.94766,13.90869,13.87026,13.832370000000001,13.795020000000001,13.7583,13.72221,13.68666,13.65174,13.61754,13.58388,13.55094,13.51863,13.48704,13.45608,13.425930000000001,13.396320000000001,13.36752,13.339350000000001,13.31199,13.285260000000001,13.25925,13.23405,13.20948,13.185630000000002,13.162410000000001,13.14,13.118310000000001,13.09725,13.07682,13.05711,13.038120000000001,13.019670000000001,13.001940000000001,12.98484,12.96828,12.952440000000001,12.93705,12.92229,12.90807,12.8943,12.881160000000001,12.86838,12.85614,12.84435,12.833010000000002,12.822030000000002,12.81141,12.80115,12.79134,12.78171,12.77244,12.76344,12.754710000000001,12.74625,12.73797,12.72987,12.721860000000001,12.71412,12.70647,12.699,12.69153,12.68415,12.67686,12.66966,12.662370000000001,12.65517,12.64797,12.64068,12.63339,12.626100000000001,12.61872,12.61125,12.60369,12.59604,12.5883,12.58038,12.572370000000001,12.56427,12.555990000000001,12.547530000000002,12.53889,12.53007,12.52116,12.511980000000001,12.50262,12.49308,12.483360000000001,12.47337,12.46329,12.45285,12.44232,12.431519999999999,12.42045,12.4092,12.39777,12.38607,12.3741,12.36195,12.34953,12.33693,12.324060000000001,12.311010000000001,12.29769,12.28419,12.270420000000001,12.25647,12.24225,12.22785,12.21318,12.19842,12.183300000000001,12.16809,12.152610000000001,12.13695,12.12111,12.10509,12.088890000000001,12.07251,12.055950000000001,12.039209999999999,12.02238,12.00537,11.98818,11.9709,11.953439999999999,11.93589,11.91825,11.90052,11.8827,11.864700000000001,11.8467,11.828700000000001,11.81052,11.792430000000001,11.77416,11.755980000000001,11.7378,11.719529999999999,11.70135,11.683169999999999,11.66508,11.64699,11.62899,11.61108,11.593259999999999,11.57553,11.55798,11.54052,11.52324,11.50605,11.489130000000001,11.4723,11.45574,11.43945,11.423250000000001,11.407409999999999,11.39184,11.37645,11.361419999999999,11.34666,11.332170000000001,11.31804,11.30427,11.29077,11.27772,11.264940000000001,11.25252,11.24055,11.22885,11.217600000000001,11.2068,11.19627,11.18619,11.17656,11.16729,11.15838,11.14992,11.14182,11.13408,11.12679,11.11995,11.113380000000001,11.10726,11.101500000000001,11.096010000000001,11.09097,11.08629,11.08188,11.07783,11.074050000000002,11.070630000000001,11.06748,11.0646,11.06199,11.059650000000001,11.05758,11.05569,11.05398,11.05254,11.05119,11.05011,11.04912,11.04831,11.04759,11.04705,11.04651,11.04615,11.04588,11.04561,11.045430000000001,11.045340000000001,11.04516,11.04516,11.045069999999999,11.04498,11.04489,11.04489,11.0448,11.04462,11.04444,11.04426,11.044080000000001,11.043809999999999,11.04345,11.043,11.04264,11.0421,11.04156,11.04093,11.04021,11.03949,11.03877,11.03787,11.03697,11.03607,11.03508,11.034089999999999,11.033100000000001,11.03202,11.030940000000001,11.02986,11.028780000000001,11.027700000000001,11.02662,11.02563,11.02464,11.02365,11.02275,11.02194,11.02122,11.02059,11.020050000000001,11.0196,11.01933,11.019240000000002,11.019240000000002,11.01942,11.019870000000001,11.02041,11.02122,11.022210000000001,11.023470000000001,11.02491,11.02671,11.02869,11.031030000000001,11.03364,11.036520000000001,11.03967,11.043180000000001,11.04705,11.05128,11.05578,11.060640000000001,11.06586,11.07144,11.07729,11.08359,11.09025,11.09727,11.10465,11.1123,11.1204,11.12886,11.13759,11.146770000000002,11.15622,11.166030000000001,11.17611,11.18655,11.19735,11.20833,11.21967,11.23128,11.24325,11.2554,11.26773,11.28042,11.29329,11.30634,11.319569999999999,11.33307,11.34675,11.36052,11.374469999999999,11.3886,11.40273,11.41713,11.43153,11.44602,11.4606,11.47527,11.48994,11.5047,11.51946,11.53422,11.54907,11.56383,11.57859,11.593350000000001,11.60802,11.62269,11.637360000000001,11.65194,11.66634,11.68083,11.69514,11.70936,11.72349,11.737440000000001,11.75139,11.76516,11.77884,11.792340000000001,11.80566,11.81889,11.83203,11.844899999999999,11.85768,11.87028,11.8827,11.89494,11.90709,11.91897,11.93067,11.94219,11.95353,11.9646,11.97558,11.98629,11.996820000000001,12.00708,12.01716,12.02706,12.03669,12.046140000000001,12.05532,12.06432,12.07305,12.0816,12.089879999999999,12.09789,12.10563,12.11319,12.12048,12.1275,12.13434,12.140820000000001,12.147120000000001,12.15306,12.15882,12.16422,12.16944,12.174299999999999,12.17889,12.183209999999999,12.18726,12.19095,12.194370000000001,12.197519999999999,12.20031,12.20274,12.2049,12.20679,12.20823,12.2094,12.2103,12.21075,12.210840000000001,12.21057,12.210030000000001,12.20904,12.20769,12.20589,12.20373,12.201210000000001,12.19824,12.19482,12.191040000000001,12.186810000000001,12.18213,12.177,12.17133,12.1653,12.15873,12.15171,12.144240000000002,12.136140000000001,12.12759,12.11859,12.10896,12.09879,12.088080000000001,12.07683,12.06504,12.052620000000001,12.03957,12.02598,12.011759999999999,11.99691,11.98143,11.96523,11.94849,11.93112,11.913030000000001,11.89422,11.87487,11.85471,11.833919999999999,11.8125,11.790360000000002,11.7675,11.74401,11.719800000000001,11.69496,11.6694,11.64321,11.61639,11.588940000000001,11.56086,11.53215,11.50299,11.47329,11.44305,11.412360000000001,11.38131,11.349900000000002,11.31822,11.28627,11.25423,11.2221,11.189969999999999,11.15793,11.12607,11.09457,11.06343,11.03292,11.00313,10.974060000000001,10.94607,10.919160000000002,10.89351,10.86939,10.8468,10.82601,10.8072,10.79055,10.77606,10.764090000000001,10.75464,10.74798,10.744200000000001,10.7433,10.745550000000001,10.751040000000001,10.75968,10.771650000000001,10.786950000000001,10.80558,10.82763,10.85292,10.881540000000001,10.9134,10.94832,10.98639,11.02743,11.071259999999999,11.11779,11.16693,11.2185,11.27241,11.328479999999999,11.38662,11.446560000000002,11.50821,11.571480000000001,11.636190000000001,11.70225,11.76939,11.8377,11.906910000000002,11.977020000000001,12.04776,12.11922,12.19122,12.263670000000001,12.33648,12.409559999999999,12.48291,12.55653,12.63015,12.70395,12.77775,12.851460000000001,12.92517,12.99888,13.072320000000001,13.145760000000001,13.21893,13.291920000000001,13.36473
16.22763,16.17651,16.12557,16.074630000000003,16.023780000000002,15.973110000000002,15.922440000000002,15.87195,15.82155,15.771330000000003,15.7212,15.671160000000002,15.62121,15.571530000000001,15.52194,15.47244,15.423210000000001,15.37407,15.325109999999999,15.276330000000002,15.22773,15.179310000000001,15.131160000000001,15.08319,15.0354,14.987879999999999,14.94063,14.89356,14.846760000000002,14.800320000000001,14.75406,14.708160000000001,14.66244,14.61717,14.572169999999998,14.52753,14.483160000000002,14.439240000000002,14.39568,14.35248,14.30964,14.26734,14.225399999999999,14.18382,14.14278,14.10219,14.06214,14.022540000000001,13.98339,13.944870000000002,13.9068,13.86927,13.832370000000001,13.79601,13.76028,13.72509,13.69053,13.6566,13.6233,13.59054,13.558589999999999,13.527180000000001,13.49649,13.46643,13.43709,13.40838,13.38039,13.35303,13.32648,13.30047,13.275269999999999,13.2507,13.22685,13.20363,13.18113,13.15926,13.13811,13.117590000000002,13.097700000000001,13.07853,13.059899999999999,13.0419,13.02453,13.0077,12.9915,12.97584,12.96072,12.946140000000002,12.93201,12.91842,12.90537,12.89268,12.88044,12.86865,12.85722,12.84615,12.83544,12.82509,12.81501,12.80529,12.79575,12.786480000000001,12.77748,12.76875,12.76011,12.75165,12.74337,12.73527,12.727260000000001,12.71925,12.71142,12.70368,12.69594,12.6882,12.68055,12.67281,12.66516,12.65742,12.64968,12.64185,12.63393,12.62601,12.61791,12.60981,12.60153,12.593160000000001,12.584610000000001,12.57597,12.56715,12.55824,12.549150000000001,12.53988,12.53043,12.520800000000001,12.51099,12.501000000000001,12.49083,12.480390000000002,12.46986,12.459060000000001,12.447989999999999,12.43683,12.4254,12.41379,12.401909999999999,12.389850000000001,12.37752,12.36501,12.35232,12.339360000000001,12.326220000000001,12.312899999999999,12.29931,12.285540000000001,12.2715,12.25728,12.24288,12.22821,12.21345,12.19842,12.183209999999999,12.16782,12.15216,12.13641,12.12048,12.10437,12.088080000000001,12.071610000000002,12.055050000000001,12.03831,12.02148,12.004470000000001,11.98728,11.97009,11.95272,11.93526,11.91771,11.900070000000001,11.882340000000001,11.86461,11.84679,11.82888,11.810970000000001,11.79306,11.775150000000002,11.75715,11.73924,11.72133,11.70342,11.6856,11.66787,11.65014,11.6325,11.61504,11.59758,11.580300000000001,11.56311,11.546190000000001,11.52927,11.51262,11.49615,11.47986,11.463840000000001,11.448,11.43243,11.417040000000002,11.40201,11.38725,11.372670000000001,11.35854,11.34459,11.331,11.317770000000001,11.30481,11.292300000000001,11.28006,11.268180000000001,11.25666,11.245590000000002,11.23479,11.224440000000001,11.21445,11.20491,11.195640000000001,11.18682,11.178360000000001,11.17026,11.16261,11.15532,11.148390000000001,11.14182,11.13561,11.129760000000001,11.124270000000001,11.11914,11.11428,11.10978,11.105640000000001,11.10168,11.098170000000001,11.094840000000001,11.09178,11.088989999999999,11.08647,11.08422,11.08215,11.08026,11.07864,11.077110000000001,11.07585,11.074679999999999,11.073690000000001,11.072790000000001,11.07198,11.07135,11.07081,11.07036,11.06991,11.06955,11.069280000000001,11.06901,11.06883,11.068650000000002,11.06847,11.06829,11.06811,11.06793,11.06766,11.06748,11.067210000000001,11.06685,11.06658,11.06622,11.065769999999999,11.06532,11.06487,11.06424,11.063699999999999,11.06307,11.06235,11.06163,11.06082,11.06001,11.0592,11.058300000000001,11.0574,11.056410000000001,11.05551,11.05452,11.05362,11.05263,11.051730000000001,11.050830000000001,11.04993,11.04912,11.04831,11.04759,11.04696,11.04642,11.04597,11.04561,11.045340000000001,11.045250000000001,11.045250000000001,11.045430000000001,11.04579,11.04633,11.04705,11.04795,11.04912,11.05047,11.05209,11.05398,11.056049999999999,11.058390000000001,11.06109,11.06406,11.067300000000001,11.07081,11.074679999999999,11.07882,11.08332,11.08818,11.09331,11.0988,11.10465,11.11077,11.11734,11.12418,11.13138,11.13894,11.146770000000002,11.155050000000001,11.16351,11.17242,11.1816,11.19114,11.200949999999999,11.21112,11.22147,11.23218,11.24316,11.25441,11.265929999999999,11.27772,11.28969,11.30193,11.314350000000001,11.32695,11.33982,11.352780000000001,11.36601,11.379330000000001,11.39283,11.40642,11.4201,11.43396,11.44791,11.46195,11.47599,11.49021,11.504340000000001,11.51856,11.532869999999999,11.547179999999999,11.5614,11.57571,11.59002,11.604239999999999,11.61846,11.63268,11.64681,11.66085,11.6748,11.68875,11.70261,11.716380000000001,11.729970000000002,11.74356,11.75697,11.77029,11.783520000000001,11.796570000000001,11.80953,11.82231,11.83491,11.84742,11.85975,11.8719,11.88396,11.89575,11.907449999999999,11.91897,11.93022,11.94138,11.95227,11.96298,11.973600000000001,11.98395,11.99403,12.00393,12.01374,12.02319,12.03246,12.04155,12.050460000000001,12.059009999999999,12.06747,12.075569999999999,12.08358,12.09123,12.0987,12.1059,12.11283,12.119580000000001,12.12597,12.13218,12.13812,12.143790000000001,12.14919,12.15432,12.15918,12.16377,12.16809,12.17205,12.175740000000001,12.179160000000001,12.18231,12.1851,12.18762,12.18978,12.19158,12.19311,12.194280000000001,12.19518,12.195630000000001,12.19581,12.195630000000001,12.195,12.1941,12.19275,12.191040000000001,12.188970000000001,12.18645,12.18357,12.18024,12.17646,12.172229999999999,12.16764,12.1626,12.15702,12.15099,12.14451,12.13758,12.13011,12.1221,12.11364,12.10464,12.0951,12.08493,12.07431,12.06306,12.05118,12.03885,12.0258,12.01221,11.9979,11.98305,11.96748,11.95128,11.93445,11.9169,11.89872,11.87982,11.8602,11.83986,11.81889,11.797110000000002,11.774610000000001,11.75148,11.72754,11.70288,11.6775,11.6514,11.62458,11.59704,11.56878,11.539890000000002,11.510370000000002,11.480129999999999,11.449259999999999,11.417850000000001,11.3859,11.35341,11.32047,11.28717,11.25342,11.2194,11.185200000000002,11.150910000000001,11.116439999999999,11.08215,11.04795,11.01402,10.98045,10.94751,10.9152,10.883610000000001,10.8531,10.823670000000002,10.79559,10.76895,10.744019999999999,10.72089,10.69974,10.68093,10.66446,10.65051,10.63935,10.631070000000001,10.62576,10.62369,10.62495,10.62954,10.63755,10.64916,10.66428,10.683,10.70523,10.731060000000001,10.7604,10.79316,10.82925,10.86858,10.91097,10.95642,11.00475,11.05578,11.10933,11.16522,11.22345,11.28375,11.34594,11.40984,11.47536,11.54241,11.61072,11.6802,11.75076,11.82222,11.894490000000001,11.96748,12.04101,12.11508,12.18951,12.2643,12.339360000000001,12.4146,12.490020000000001,12.56544,12.64095,12.716370000000001,12.791699999999999,12.86703,12.94209,13.01706,13.09185,13.16637,13.24071,13.31478
16.24167,16.19091,16.14024,16.089660000000002,16.039170000000002,15.98886,15.93864,15.88851,15.83847,15.78861,15.738840000000001,15.689250000000001,15.639750000000001,15.590430000000001,15.541200000000002,15.49215,15.44328,15.39459,15.346080000000002,15.297749999999999,15.2496,15.20172,15.153930000000003,15.10641,15.059159999999999,15.01209,14.96529,14.91867,14.872409999999999,14.82633,14.78061,14.735159999999999,14.689979999999998,14.645070000000002,14.60061,14.556420000000001,14.51259,14.469119999999998,14.42601,14.383260000000002,14.34096,14.29902,14.25753,14.21649,14.1759,14.135760000000001,14.096070000000001,14.05692,14.01822,13.98006,13.94244,13.90536,13.868730000000001,13.83273,13.79736,13.76253,13.728240000000001,13.69458,13.661550000000002,13.62915,13.597380000000001,13.56624,13.535730000000001,13.50585,13.476600000000001,13.44807,13.42017,13.392990000000001,13.366439999999999,13.340520000000001,13.31532,13.290750000000001,13.2669,13.24368,13.22109,13.19913,13.1778,13.15719,13.13712,13.11777,13.09896,13.08069,13.06305,13.04604,13.02948,13.01355,12.99807,12.983130000000001,12.96873,12.95478,12.94128,12.92823,12.91554,12.9033,12.89142,12.87999,12.86883,12.857940000000001,12.84741,12.837240000000001,12.82725,12.81753,12.80808,12.798720000000001,12.789629999999999,12.780719999999999,12.77199,12.76335,12.754890000000001,12.74643,12.73815,12.72987,12.72168,12.71349,12.705390000000001,12.6972,12.6891,12.68091,12.67272,12.664530000000001,12.65625,12.64788,12.63942,12.63087,12.62223,12.6135,12.60468,12.595680000000002,12.5865,12.57723,12.56787,12.55833,12.54852,12.53871,12.52863,12.51837,12.50793,12.49731,12.48651,12.475530000000001,12.46428,12.452940000000002,12.44133,12.429540000000001,12.41757,12.40533,12.39291,12.380310000000001,12.36753,12.35448,12.34125,12.32784,12.31416,12.3003,12.28626,12.27204,12.25764,12.243060000000002,12.22821,12.21318,12.19806,12.182670000000002,12.16719,12.151440000000001,12.1356,12.119580000000001,12.10338,12.08709,12.07062,12.05397,12.037230000000001,12.0204,12.00339,11.986379999999999,11.96919,11.95191,11.93454,11.91708,11.89962,11.882069999999999,11.86443,11.84679,11.82915,11.81142,11.79378,11.77605,11.75841,11.74077,11.723130000000001,11.70558,11.688120000000001,11.67066,11.65338,11.6361,11.619,11.60199,11.58516,11.56842,11.55186,11.53548,11.51928,11.50335,11.48751,11.471940000000002,11.45664,11.441609999999999,11.426760000000002,11.41218,11.397960000000001,11.38392,11.370239999999999,11.35692,11.34387,11.33109,11.318670000000001,11.306700000000001,11.29491,11.283570000000001,11.272590000000001,11.26197,11.25171,11.241810000000001,11.23227,11.223090000000001,11.21427,11.205900000000002,11.1978,11.190150000000001,11.18286,11.17584,11.16927,11.16306,11.15712,11.151539999999999,11.146320000000001,11.14137,11.13678,11.13246,11.1285,11.12472,11.1213,11.11815,11.115179999999999,11.112570000000002,11.110050000000001,11.107800000000001,11.105820000000001,11.10402,11.102310000000001,11.10087,11.09952,11.09835,11.09727,11.09637,11.09556,11.094840000000001,11.09421,11.093580000000001,11.09313,11.092680000000001,11.09232,11.09196,11.0916,11.091330000000001,11.09106,11.09079,11.090520000000001,11.090160000000001,11.08989,11.08962,11.089260000000001,11.0889,11.08845,11.088000000000001,11.08755,11.087100000000001,11.08656,11.085930000000001,11.0853,11.084670000000001,11.08404,11.08332,11.082510000000001,11.08179,11.08098,11.080169999999999,11.07936,11.07846,11.07765,11.07684,11.07603,11.07522,11.07441,11.073690000000001,11.07306,11.07243,11.0718,11.07135,11.0709,11.070630000000001,11.07045,11.07036,11.07036,11.07054,11.0709,11.07135,11.07207,11.072880000000001,11.07396,11.07522,11.076749999999999,11.07846,11.080350000000001,11.082510000000001,11.085030000000001,11.087729999999999,11.0907,11.09394,11.09754,11.10141,11.10555,11.110050000000001,11.11482,11.11986,11.12526,11.131020000000001,11.137139999999999,11.14353,11.15019,11.157210000000001,11.164589999999999,11.17233,11.18025,11.18862,11.19726,11.20617,11.215440000000001,11.22498,11.23479,11.24487,11.255220000000001,11.26584,11.27673,11.287889999999999,11.299230000000001,11.31084,11.32263,11.33469,11.34693,11.359259999999999,11.371860000000002,11.38464,11.39751,11.41047,11.42361,11.43693,11.45025,11.463750000000001,11.47725,11.49084,11.50452,11.5182,11.53197,11.54574,11.5596,11.573369999999999,11.58714,11.60091,11.614680000000002,11.62845,11.642130000000002,11.65581,11.6694,11.6829,11.69631,11.70972,11.723040000000001,11.736180000000001,11.74932,11.76228,11.775150000000002,11.787840000000001,11.80053,11.81295,11.825370000000001,11.83752,11.84967,11.861550000000001,11.87334,11.88486,11.89629,11.907540000000001,11.918700000000001,11.929590000000001,11.9403,11.950830000000002,11.96118,11.971350000000001,11.98134,11.99106,12.00069,12.01005,12.01914,12.02814,12.03678,12.04533,12.053609999999999,12.06162,12.069450000000002,12.077100000000002,12.084389999999999,12.0915,12.09843,12.10509,12.11148,12.117600000000001,12.12345,12.12903,12.13443,12.139470000000001,12.14433,12.14883,12.15315,12.15711,12.1608,12.16422,12.16728,12.170069999999999,12.17259,12.17475,12.17664,12.17817,12.17934,12.18024,12.18078,12.18096,12.18078,12.18024,12.17934,12.17808,12.17646,12.17439,12.17196,12.169080000000001,12.16584,12.16215,12.15801,12.15351,12.148470000000001,12.142980000000001,12.13704,12.130650000000001,12.12381,12.11643,12.10851,12.10005,12.09114,12.0816,12.071610000000002,12.06099,12.04974,12.03804,12.02562,12.01266,11.99907,11.98485,11.969909999999999,11.95443,11.93814,11.92131,11.90367,11.8854,11.86641,11.8467,11.82618,11.80503,11.78307,11.7603,11.73681,11.7126,11.68758,11.66175,11.635200000000001,11.607840000000001,11.57967,11.55078,11.52117,11.49075,11.459700000000002,11.42784,11.39535,11.36223,11.328479999999999,11.2941,11.259179999999999,11.22381,11.188080000000001,11.1519,11.115450000000001,11.07882,11.0421,11.00529,10.96866,10.932210000000001,10.89603,10.86048,10.82547,10.791269999999999,10.75806,10.72593,10.69524,10.6659,10.63836,10.6128,10.589220000000001,10.56807,10.54935,10.53333,10.52028,10.510200000000001,10.50345,10.50003,10.50012,10.50381,10.511190000000001,10.52235,10.53729,10.556099999999999,10.57869,10.60506,10.63521,10.66896,10.70631,10.74708,10.79109,10.83825,10.88847,10.94148,10.99719,11.05542,11.115900000000002,11.17854,11.243070000000001,11.30949,11.37744,11.44692,11.51766,11.58957,11.66256,11.73636,11.810970000000001,11.88621,11.96199,12.03822,12.11481,12.19167,12.26871,12.345930000000001,12.42315,12.50046,12.577679999999999,12.654810000000001,12.73185,12.80871,12.885390000000001,12.9618,13.038030000000001,13.1139,13.189499999999999,13.26483
16.25544,16.20495,16.15464,16.10442,16.054380000000002,16.00434,15.95448,15.904710000000001,15.855120000000001,15.805620000000001,15.756210000000001,15.706980000000001,15.65793,15.60897,15.560190000000002,15.51159,15.463080000000001,15.414840000000002,15.366690000000002,15.318810000000001,15.27111,15.22359,15.176340000000001,15.129270000000002,15.082379999999999,15.03576,14.989410000000001,14.943240000000001,14.897430000000002,14.85189,14.806529999999999,14.761530000000002,14.716890000000001,14.672430000000002,14.628419999999998,14.584680000000002,14.5413,14.498280000000001,14.455620000000001,14.41341,14.37147,14.330070000000001,14.28903,14.24835,14.20821,14.168520000000001,14.12919,14.09049,14.052150000000001,14.01435,13.977089999999999,13.94037,13.90419,13.868549999999999,13.833450000000001,13.79889,13.76496,13.731570000000001,13.69881,13.666590000000001,13.63509,13.604130000000001,13.5738,13.5441,13.51512,13.486680000000002,13.458870000000001,13.431780000000002,13.40532,13.3794,13.354199999999999,13.32972,13.30578,13.28247,13.25988,13.23783,13.216410000000002,13.19562,13.175460000000001,13.15584,13.13685,13.118400000000001,13.10058,13.08321,13.06647,13.05018,13.03443,13.01922,13.00437,12.990060000000001,12.9762,12.96279,12.94974,12.93705,12.92481,12.912840000000001,12.90132,12.89007,12.87909,12.86838,12.857940000000001,12.84777,12.83787,12.828059999999999,12.818520000000001,12.80916,12.79989,12.7908,12.78189,12.77298,12.764249999999999,12.75552,12.74688,12.738240000000001,12.72969,12.72114,12.71259,12.70395,12.6954,12.68676,12.678030000000001,12.6693,12.66048,12.65157,12.642570000000001,12.63348,12.6243,12.61503,12.60558,12.59595,12.58623,12.57642,12.56643,12.55626,12.54591,12.53547,12.52476,12.51396,12.502889999999999,12.49173,12.480300000000002,12.46878,12.456990000000001,12.44511,12.43296,12.420630000000001,12.40803,12.395340000000001,12.382380000000001,12.369330000000001,12.35601,12.34251,12.32883,12.314969999999999,12.30084,12.28662,12.27213,12.25755,12.24279,12.22776,12.21264,12.19734,12.18186,12.166200000000002,12.150450000000001,12.13443,12.11841,12.10221,12.08583,12.06936,12.05271,12.03597,12.01923,12.002310000000001,11.98521,11.9682,11.95101,11.93373,11.916450000000001,11.89908,11.88171,11.86425,11.84688,11.82942,11.81196,11.794500000000001,11.77713,11.75967,11.74239,11.725019999999999,11.70783,11.69064,11.673630000000001,11.65662,11.63979,11.623050000000001,11.60649,11.59002,11.573730000000001,11.55762,11.54169,11.52603,11.51046,11.49516,11.480129999999999,11.46528,11.450700000000001,11.436390000000001,11.42235,11.40858,11.39508,11.38194,11.36907,11.35647,11.34423,11.33235,11.320829999999999,11.30958,11.29869,11.288160000000001,11.27799,11.268180000000001,11.25873,11.24964,11.240910000000001,11.23245,11.224440000000001,11.216790000000001,11.20941,11.202480000000001,11.19582,11.18952,11.18358,11.17791,11.1726,11.16765,11.16288,11.158470000000001,11.15442,11.15055,11.14695,11.14371,11.14065,11.13777,11.13516,11.13282,11.13057,11.12859,11.12679,11.12517,11.12364,11.122290000000001,11.12112,11.120040000000001,11.11905,11.11815,11.11743,11.116710000000001,11.11608,11.115540000000001,11.115,11.114550000000001,11.1141,11.11365,11.113290000000001,11.11293,11.112570000000002,11.11221,11.11185,11.11149,11.11104,11.11068,11.11023,11.10978,11.10933,11.10879,11.10825,11.10771,11.10717,11.10654,11.10591,11.10519,11.104560000000001,11.10384,11.10312,11.102400000000001,11.10168,11.10096,11.100240000000001,11.09952,11.0988,11.098080000000001,11.09745,11.096910000000001,11.09637,11.09583,11.09547,11.09511,11.094840000000001,11.094660000000001,11.09457,11.094660000000001,11.094840000000001,11.0952,11.095650000000001,11.09628,11.09709,11.098080000000001,11.09925,11.1006,11.102129999999999,11.10393,11.106,11.10825,11.11077,11.11356,11.11653,11.11986,11.12337,11.12724,11.13138,11.135790000000002,11.140559999999999,11.1456,11.150910000000001,11.15658,11.162519999999999,11.16882,11.17539,11.18223,11.189430000000002,11.196900000000001,11.20473,11.21283,11.2212,11.229840000000001,11.238840000000001,11.24811,11.25765,11.26737,11.27745,11.28771,11.29833,11.30904,11.32011,11.33127,11.3427,11.35431,11.3661,11.378070000000001,11.39022,11.40255,11.41497,11.427570000000001,11.44026,11.45304,11.465910000000001,11.47896,11.49201,11.50515,11.51838,11.53161,11.54484,11.558159999999999,11.571480000000001,11.5848,11.59812,11.61144,11.62476,11.63799,11.65122,11.66436,11.6775,11.69055,11.7036,11.716470000000001,11.72934,11.74203,11.75463,11.76723,11.77965,11.79198,11.80413,11.816189999999999,11.82807,11.83986,11.851560000000001,11.86308,11.87442,11.885580000000001,11.896650000000001,11.907449999999999,11.91816,11.92869,11.93904,11.949209999999999,11.95911,11.96892,11.97855,11.987910000000001,11.99709,12.00609,12.01491,12.023460000000002,12.031830000000001,12.04002,12.04794,12.05568,12.06315,12.07044,12.07746,12.08421,12.09078,12.09708,12.103110000000001,12.10896,12.11454,12.11985,12.124889999999999,12.12966,12.13416,12.13839,12.14235,12.14604,12.14937,12.15252,12.15531,12.15774,12.15999,12.16188,12.16341,12.164579999999999,12.16548,12.16611,12.16629,12.166200000000002,12.16566,12.164850000000001,12.163590000000001,12.16206,12.16008,12.15765,12.15486,12.15171,12.148109999999999,12.14406,12.139560000000001,12.13461,12.1293,12.12345,12.11715,12.11031,12.10302,12.09519,12.08691,12.078,12.06864,12.05865,12.048119999999999,12.037049999999999,12.02535,12.01302,12.000150000000001,11.98656,11.97234,11.95749,11.94201,11.92581,11.908890000000001,11.89134,11.87298,11.85399,11.834190000000001,11.813580000000002,11.79225,11.770199999999999,11.747250000000001,11.72358,11.699100000000001,11.673720000000001,11.647620000000002,11.62062,11.5929,11.56428,11.53485,11.50452,11.47347,11.441609999999999,11.408940000000001,11.37546,11.34126,11.30634,11.2707,11.23443,11.19753,11.16009,11.122110000000001,11.083770000000001,11.04498,11.00592,10.96677,10.92744,10.88811,10.849050000000002,10.810170000000001,10.77183,10.73403,10.697040000000001,10.66095,10.62594,10.592369999999999,10.56033,10.53,10.50165,10.47555,10.451789999999999,10.43073,10.41246,10.39734,10.385370000000002,10.37691,10.37205,10.37088,10.37358,10.38033,10.39104,10.40589,10.42479,10.44774,10.47474,10.50579,10.54071,10.57932,10.62162,10.667430000000001,10.716569999999999,10.76886,10.82412,10.88217,10.94274,11.005740000000001,11.0709,11.13804,11.20707,11.27763,11.34972,11.42307,11.49759,11.5731,11.64942,11.726460000000001,11.80404,11.88216,11.96073,12.039480000000001,12.118500000000001,12.197700000000001,12.2769,12.3561,12.4353,12.51432,12.59325,12.67191,12.75039,12.8286,12.90654,12.984210000000001,13.06152,13.13856,13.215150000000001
16.26894,16.2189,16.16886,16.119,16.06923,16.019640000000003,15.970049999999999,15.920729999999999,15.87141,15.822270000000001,15.77331,15.72444,15.67575,15.627149999999999,15.57882,15.53058,15.482520000000001,15.43464,15.38694,15.33951,15.292169999999999,15.2451,15.198210000000001,15.15159,15.10515,15.05898,15.01308,14.967360000000001,14.921999999999999,14.876820000000002,14.832,14.78745,14.74317,14.69925,14.6556,14.61231,14.569379999999999,14.52681,14.484600000000002,14.44275,14.40135,14.36031,14.31963,14.27949,14.23971,14.200380000000001,14.1615,14.12316,14.08527,14.047830000000001,14.01093,13.97457,13.938659999999999,13.90329,13.868549999999999,13.834349999999999,13.8006,13.767570000000001,13.734990000000002,13.70313,13.67172,13.64103,13.610880000000002,13.58136,13.55247,13.52412,13.49649,13.4694,13.44303,13.4172,13.392000000000001,13.36743,13.343490000000001,13.32018,13.297500000000001,13.275360000000001,13.25385,13.23297,13.21263,13.19283,13.17366,13.15503,13.136940000000001,13.11939,13.10229,13.08582,13.06971,13.05414,13.03911,13.02444,13.01022,12.996360000000001,12.98295,12.969899999999999,12.95721,12.94497,12.93291,12.92121,12.909870000000002,12.89871,12.887910000000002,12.87729,12.86685,12.85668,12.84669,12.836879999999999,12.82716,12.81762,12.80826,12.7989,12.78972,12.78063,12.77154,12.762450000000001,12.75345,12.74454,12.73554,12.72654,12.71754,12.70854,12.69945,12.69036,12.68118,12.67191,12.66255,12.6531,12.643650000000001,12.634020000000001,12.62421,12.6144,12.60432,12.594240000000001,12.58398,12.57354,12.56292,12.55221,12.541319999999999,12.53025,12.51909,12.50766,12.49614,12.48435,12.47247,12.46032,12.448080000000001,12.43557,12.422970000000001,12.4101,12.39714,12.38391,12.3705,12.357000000000001,12.34323,12.329279999999999,12.315150000000001,12.300930000000001,12.28644,12.27186,12.257010000000001,12.24207,12.22695,12.21165,12.196259999999999,12.18069,12.164940000000001,12.1491,12.13308,12.11697,12.10068,12.084389999999999,12.067919999999999,12.05127,12.03462,12.01788,12.000960000000001,11.98404,11.96703,11.95002,11.932920000000001,11.91573,11.898539999999999,11.88135,11.86416,11.84688,11.82969,11.8125,11.79531,11.778120000000001,11.76102,11.74401,11.727,11.710080000000001,11.69334,11.6766,11.66004,11.64357,11.62719,11.61099,11.59497,11.579130000000001,11.56347,11.54799,11.53269,11.51766,11.50281,11.48823,11.47383,11.45979,11.44593,11.43234,11.419110000000002,11.406060000000002,11.39337,11.38104,11.368979999999999,11.35719,11.34576,11.33469,11.32389,11.313540000000001,11.303460000000001,11.293650000000001,11.28429,11.2752,11.26656,11.25819,11.25018,11.24253,11.235149999999999,11.22813,11.22147,11.21517,11.20914,11.20347,11.19807,11.19294,11.188170000000001,11.18367,11.17944,11.175569999999999,11.17188,11.16837,11.16522,11.16225,11.159460000000001,11.15694,11.1546,11.15253,11.15055,11.14875,11.14713,11.1456,11.144250000000001,11.14308,11.14191,11.14092,11.140020000000002,11.13921,11.138399999999999,11.13777,11.137139999999999,11.136510000000001,11.13597,11.13552,11.13498,11.134530000000002,11.13408,11.13372,11.133270000000001,11.13282,11.132370000000002,11.132010000000001,11.13147,11.131020000000001,11.13057,11.13003,11.129579999999999,11.129040000000002,11.12841,11.12787,11.12724,11.1267,11.12607,11.12544,11.124810000000002,11.124089999999999,11.123460000000001,11.12283,11.122200000000001,11.12166,11.121030000000001,11.12049,11.11995,11.1195,11.11905,11.11869,11.11842,11.11824,11.118060000000002,11.118060000000002,11.11815,11.11833,11.11869,11.11914,11.11968,11.12049,11.121390000000002,11.12247,11.12373,11.12517,11.126880000000002,11.12877,11.13084,11.133180000000001,11.1357,11.13849,11.14155,11.14488,11.148480000000001,11.152260000000002,11.156400000000001,11.16081,11.16549,11.170440000000001,11.17575,11.18124,11.18709,11.19321,11.19969,11.20635,11.213370000000001,11.220749999999999,11.22831,11.23614,11.244330000000001,11.252790000000001,11.26143,11.270430000000001,11.2797,11.28915,11.298869999999999,11.308860000000001,11.319030000000001,11.32947,11.34018,11.35098,11.36205,11.37321,11.38464,11.39625,11.40795,11.419830000000001,11.4318,11.443950000000001,11.456280000000001,11.46861,11.48103,11.49363,11.50623,11.51892,11.53161,11.54439,11.557170000000001,11.57004,11.58291,11.59578,11.60865,11.62143,11.6343,11.64708,11.65986,11.672550000000001,11.68524,11.697840000000001,11.71035,11.722859999999999,11.73519,11.74752,11.75976,11.77182,11.78379,11.79567,11.80746,11.819070000000002,11.830589999999999,11.84193,11.85318,11.86425,11.87523,11.88603,11.896650000000001,11.90709,11.917440000000001,11.927520000000001,11.93751,11.94723,11.956859999999999,11.96631,11.97549,11.984580000000001,11.993400000000001,12.00204,12.0105,12.018690000000001,12.0267,12.03453,12.04209,12.04947,12.05667,12.063600000000001,12.070260000000001,12.07674,12.08295,12.08898,12.09474,12.10023,12.10545,12.1104,12.115169999999999,12.119670000000001,12.12381,12.127770000000002,12.13146,12.13479,12.13785,12.14064,12.14316,12.14532,12.147210000000001,12.14883,12.15009,12.15099,12.15162,12.151800000000001,12.15171,12.15135,12.150540000000001,12.14937,12.14784,12.14586,12.14361,12.14091,12.13776,12.13425,12.13029,12.12588,12.12111,12.1158,12.110040000000001,12.10383,12.09717,12.08997,12.08223,12.07404,12.06531,12.055950000000001,12.046140000000001,12.0357,12.02472,12.01311,12.00087,11.98809,11.97468,11.960550000000001,11.94579,11.93031,11.9142,11.89737,11.87982,11.86146,11.84247,11.82258,11.80206,11.780640000000002,11.7585,11.735460000000002,11.71161,11.68695,11.66139,11.635019999999999,11.607750000000001,11.57967,11.5506,11.52072,11.48994,11.458260000000001,11.42577,11.39229,11.35809,11.3229,11.286990000000001,11.25027,11.21274,11.17449,11.13552,11.09592,11.05569,11.01501,10.97379,10.9323,10.89054,10.848600000000001,10.80657,10.76463,10.72296,10.68165,10.640880000000001,10.60083,10.56168,10.5237,10.487070000000001,10.451970000000001,10.41867,10.387440000000002,10.35846,10.332,10.30833,10.28763,10.27026,10.256219999999999,10.24596,10.23948,10.23705,10.238760000000001,10.2447,10.254959999999999,10.269630000000001,10.288620000000002,10.31211,10.33983,10.371870000000001,10.408050000000001,10.44819,10.492289999999999,10.53999,10.59129,10.64583,10.70352,10.764090000000001,10.82727,10.892970000000002,10.960920000000002,11.030850000000001,11.10267,11.17602,11.2509,11.32704,11.40426,11.482380000000001,11.5614,11.64096,11.72115,11.8017,11.88261,11.963790000000001,12.044970000000001,12.12633,12.207600000000001,12.28887,12.36996,12.45087,12.5316,12.612060000000001,12.69216,12.77199,12.851460000000001,12.930570000000001,13.00932,13.08771,13.165650000000001
16.28226,16.232490000000002,16.182900000000004,16.133309999999998,16.0839,16.03458,15.985440000000002,15.936390000000001,15.88743,15.838650000000001,15.790049999999999,15.74154,15.693210000000002,15.645060000000003,15.597090000000001,15.549210000000002,15.5016,15.45408,15.406830000000001,15.359760000000001,15.312869999999998,15.26616,15.219719999999999,15.17346,15.127469999999999,15.081750000000001,15.03621,14.990940000000002,14.94594,14.901299999999999,14.85684,14.812740000000002,14.76891,14.72535,14.682150000000002,14.639309999999998,14.596829999999999,14.554710000000002,14.51286,14.47146,14.43042,14.38983,14.3496,14.30982,14.2704,14.23152,14.193,14.15502,14.11749,14.08041,14.04387,14.00778,13.97223,13.93722,13.90275,13.868730000000001,13.83534,13.80249,13.77027,13.7385,13.70736,13.67685,13.64688,13.61754,13.58874,13.56057,13.53303,13.50603,13.479659999999999,13.45392,13.42872,13.40415,13.38021,13.35681,13.33404,13.311900000000001,13.29021,13.269240000000002,13.24872,13.22883,13.209389999999999,13.19058,13.17231,13.15449,13.13721,13.12038,13.104090000000001,13.08816,13.07277,13.05783,13.04325,13.029029999999999,13.01526,13.001850000000001,12.98889,12.97611,12.96378,12.951630000000002,12.93984,12.928320000000001,12.91707,12.906,12.895199999999999,12.88458,12.87414,12.86388,12.8538,12.843900000000001,12.834,12.82428,12.81465,12.80511,12.79557,12.78612,12.776760000000001,12.7674,12.75804,12.74868,12.739230000000001,12.72987,12.72042,12.710970000000001,12.70143,12.6918,12.682170000000001,12.67236,12.66255,12.652650000000001,12.642570000000001,12.6324,12.62214,12.6117,12.601170000000002,12.59055,12.57966,12.568769999999999,12.55761,12.54636,12.53493,12.52332,12.51162,12.499740000000001,12.48759,12.47535,12.46293,12.450330000000001,12.43755,12.42468,12.41154,12.39822,12.38481,12.371129999999999,12.35736,12.34341,12.329279999999999,12.314969999999999,12.30048,12.28581,12.271049999999999,12.256110000000001,12.24099,12.22578,12.21039,12.19491,12.179250000000001,12.16341,12.14748,12.13146,12.11535,12.099060000000001,12.08268,12.06621,12.049650000000002,12.033090000000001,12.01635,11.99961,11.98278,11.965860000000001,11.94894,11.93193,11.915009999999999,11.898000000000001,11.8809,11.86389,11.84688,11.82996,11.81295,11.79603,11.7792,11.76237,11.74563,11.72898,11.71242,11.69595,11.67957,11.66337,11.64726,11.63133,11.61558,11.599920000000001,11.58453,11.56923,11.5542,11.53935,11.52477,11.510370000000002,11.49624,11.482380000000001,11.4687,11.45538,11.44224,11.42946,11.41695,11.404710000000001,11.39283,11.381219999999999,11.36988,11.3589,11.348279999999999,11.33793,11.327940000000002,11.31831,11.308950000000001,11.29995,11.29131,11.28294,11.27493,11.26728,11.25999,11.25297,11.246310000000001,11.23992,11.23389,11.22813,11.22264,11.21751,11.212650000000002,11.20806,11.203740000000002,11.19969,11.19591,11.19231,11.18907,11.185920000000001,11.18304,11.180430000000001,11.17791,11.17566,11.17359,11.171610000000001,11.1699,11.168280000000001,11.16675,11.1654,11.16414,11.16306,11.161980000000002,11.16099,11.16018,11.159370000000001,11.15865,11.15793,11.157300000000001,11.15676,11.15613,11.15568,11.155140000000001,11.15469,11.15415,11.1537,11.15325,11.15271,11.152260000000002,11.151810000000001,11.15127,11.15082,11.15028,11.14983,11.14929,11.14875,11.148119999999999,11.147580000000001,11.14704,11.1465,11.14587,11.14533,11.14479,11.144250000000001,11.14371,11.14317,11.14272,11.14227,11.14191,11.14155,11.141280000000002,11.14101,11.140830000000001,11.140740000000001,11.140740000000001,11.140830000000001,11.1411,11.14137,11.14182,11.14236,11.14308,11.143979999999999,11.14497,11.14614,11.147490000000001,11.14911,11.15082,11.1528,11.154959999999999,11.157300000000001,11.15991,11.162700000000001,11.165849999999999,11.16909,11.17269,11.17656,11.18061,11.18502,11.18961,11.19447,11.19969,11.20509,11.21085,11.216880000000002,11.223180000000001,11.22975,11.23659,11.2437,11.251080000000002,11.25873,11.26665,11.27484,11.2833,11.29203,11.30094,11.310120000000001,11.319569999999999,11.3292,11.3391,11.34918,11.359440000000001,11.36997,11.380680000000002,11.39148,11.40255,11.41371,11.42505,11.436480000000001,11.44809,11.45979,11.47158,11.48355,11.495610000000001,11.507670000000001,11.51982,11.53206,11.54439,11.55672,11.56905,11.58147,11.59389,11.60622,11.61864,11.631060000000002,11.64339,11.65581,11.66805,11.68038,11.69262,11.70477,11.716830000000002,11.72889,11.74077,11.752650000000001,11.76444,11.77605,11.78766,11.79909,11.81043,11.821679999999999,11.83275,11.84373,11.85453,11.86524,11.87577,11.88612,11.89638,11.906460000000001,11.91636,11.92617,11.93571,11.94507,11.95434,11.96343,11.97225,11.980889999999999,11.98944,11.997720000000001,12.00582,12.01365,12.02139,12.02886,12.03606,12.04317,12.04992,12.05658,12.06297,12.069090000000001,12.07503,12.0807,12.0861,12.09132,12.09618,12.100859999999999,12.105360000000001,12.1095,12.113370000000002,12.11697,12.12039,12.12345,12.12624,12.12867,12.13092,12.132810000000001,12.13443,12.13569,12.13659,12.13722,12.13758,12.137490000000001,12.137129999999999,12.13632,12.13524,12.133799999999999,12.131910000000001,12.12975,12.12705,12.12408,12.120659999999999,12.116790000000002,12.11247,12.10779,12.10257,12.096900000000002,12.09087,12.08421,12.07719,12.06963,12.06153,12.05289,12.04371,12.033990000000001,12.02364,12.01284,12.00132,11.989260000000002,11.97657,11.96325,11.949209999999999,11.93463,11.91924,11.90322,11.88648,11.86893,11.850750000000001,11.831760000000001,11.81196,11.79144,11.77002,11.74779,11.72475,11.700899999999999,11.67606,11.65041,11.62386,11.59641,11.568060000000001,11.53872,11.50848,11.47734,11.445210000000001,11.41209,11.378070000000001,11.343150000000001,11.30724,11.270340000000001,11.23263,11.19402,11.1546,11.11428,11.07315,11.03139,10.98882,10.94571,10.90206,10.85796,10.813500000000001,10.76877,10.72386,10.67904,10.63431,10.58985,10.54593,10.502730000000001,10.46034,10.419120000000001,10.37916,10.34082,10.304369999999999,10.2699,10.237950000000001,10.20852,10.18206,10.15875,10.13886,10.122660000000002,10.110330000000001,10.10214,10.09827,10.0989,10.10403,10.113840000000001,10.12833,10.1475,10.17144,10.200059999999999,10.23318,10.270800000000001,10.312650000000001,10.358640000000001,10.4085,10.46214,10.519200000000001,10.579500000000001,10.64286,10.708919999999999,10.7775,10.84842,10.92141,10.9962,11.07261,11.15046,11.22948,11.30967,11.39067,11.47239,11.55474,11.63754,11.7207,11.80404,11.887559999999999,11.971169999999999,12.05469,12.13821,12.22146,12.30462,12.38742,12.469949999999999,12.55221,12.634020000000001,12.71547,12.796560000000001,12.8772,12.95739,13.03704,13.116330000000001
16.2954,16.2459,16.19658,16.147350000000003,16.098300000000002,16.04934,16.000470000000004,15.95178,15.90318,15.854759999999999,15.806519999999999,15.75837,15.7104,15.662609999999999,15.615000000000002,15.56757,15.520230000000002,15.47316,15.42627,15.37956,15.33312,15.286769999999999,15.24078,15.19488,15.14934,15.10398,15.05889,15.014070000000002,14.969430000000001,14.92515,14.881140000000002,14.8374,14.79402,14.750910000000001,14.708160000000001,14.665680000000002,14.62365,14.581890000000001,14.540489999999998,14.49945,14.458860000000001,14.418630000000002,14.37876,14.339340000000002,14.300370000000001,14.26185,14.22369,14.18607,14.148810000000001,14.11209,14.07591,14.04018,14.004900000000001,13.97016,13.935960000000001,13.9023,13.86909,13.83651,13.80447,13.77297,13.74201,13.711680000000001,13.68189,13.652640000000002,13.62402,13.59594,13.5684,13.541580000000002,13.51521,13.48947,13.464360000000001,13.43979,13.41576,13.39236,13.36959,13.34727,13.32558,13.30443,13.28382,13.263750000000002,13.24413,13.22514,13.2066,13.188600000000001,13.17105,13.15404,13.13739,13.12128,13.10553,13.09023,13.075380000000001,13.06089,13.046759999999999,13.03299,13.019580000000001,13.006530000000001,12.99375,12.981240000000001,12.96909,12.957120000000002,12.94551,12.93408,12.922830000000001,12.91176,12.900960000000001,12.89034,12.87981,12.86946,12.859200000000001,12.84903,12.839039999999999,12.82905,12.819149999999999,12.80934,12.79953,12.78972,12.78,12.77028,12.76056,12.75075,12.74094,12.73113,12.72123,12.71133,12.70134,12.69126,12.68109,12.670919999999999,12.66057,12.65013,12.639510000000001,12.62889,12.61809,12.607199999999999,12.59613,12.58497,12.573630000000001,12.56211,12.550500000000001,12.5388,12.52683,12.51477,12.50253,12.490110000000001,12.4776,12.46482,12.45195,12.4389,12.42567,12.41235,12.398760000000001,12.38508,12.37122,12.35727,12.34305,12.328740000000002,12.31425,12.29958,12.284820000000002,12.26988,12.254850000000001,12.239640000000001,12.22425,12.208770000000001,12.193200000000001,12.17745,12.16161,12.14568,12.12957,12.11346,12.09717,12.08088,12.06441,12.04794,12.03138,12.01473,11.998080000000002,11.98134,11.9646,11.94777,11.930940000000001,11.91411,11.89728,11.88045,11.863710000000001,11.84688,11.83014,11.8134,11.79675,11.780190000000001,11.763720000000001,11.747250000000001,11.73096,11.71467,11.69856,11.682540000000001,11.666699999999999,11.65104,11.63547,11.62008,11.60487,11.589839999999999,11.574990000000001,11.560410000000001,11.54601,11.53179,11.51784,11.50416,11.49075,11.47752,11.46465,11.45196,11.43963,11.427570000000001,11.415780000000002,11.40435,11.3931,11.3823,11.371770000000001,11.36151,11.35161,11.34198,11.33271,11.3238,11.31516,11.30688,11.298869999999999,11.291220000000001,11.28393,11.276909999999999,11.270159999999999,11.263770000000001,11.25774,11.251890000000001,11.246400000000001,11.24118,11.23623,11.23155,11.22714,11.223,11.21913,11.215530000000001,11.212110000000001,11.208870000000001,11.205900000000002,11.20311,11.2005,11.19816,11.19591,11.19384,11.19195,11.190240000000001,11.18862,11.18709,11.18574,11.184479999999999,11.18331,11.182319999999999,11.18133,11.180430000000001,11.17962,11.17881,11.17809,11.17746,11.17674,11.1762,11.17566,11.175030000000001,11.17458,11.17404,11.173499999999999,11.17305,11.17251,11.17206,11.171520000000001,11.17107,11.17053,11.170079999999999,11.169540000000001,11.16909,11.16855,11.168009999999999,11.16756,11.16702,11.16648,11.166030000000001,11.16558,11.16513,11.16468,11.16423,11.16387,11.16351,11.163240000000002,11.16297,11.162790000000001,11.162700000000001,11.16261,11.162700000000001,11.162790000000001,11.16306,11.16333,11.16378,11.16432,11.164950000000001,11.165849999999999,11.16675,11.16792,11.16918,11.17062,11.17224,11.17404,11.17611,11.17827,11.1807,11.18331,11.18619,11.18925,11.19258,11.196180000000002,11.19996,11.20401,11.20833,11.21292,11.21778,11.22282,11.22822,11.2338,11.239650000000001,11.24586,11.25225,11.25891,11.26584,11.273040000000002,11.28051,11.288250000000001,11.29617,11.304359999999999,11.31282,11.32146,11.33037,11.339550000000001,11.34891,11.35845,11.36817,11.378160000000001,11.388240000000001,11.39859,11.409030000000001,11.41974,11.43045,11.44143,11.4525,11.463659999999999,11.475,11.48643,11.49795,11.50956,11.52117,11.53296,11.54475,11.55663,11.56851,11.580390000000001,11.59236,11.604330000000001,11.6163,11.628269999999999,11.64024,11.65212,11.664000000000001,11.675880000000001,11.68776,11.69955,11.71125,11.722859999999999,11.73447,11.74599,11.757420000000002,11.76876,11.78001,11.791170000000001,11.802150000000001,11.813130000000001,11.82393,11.83464,11.845170000000001,11.85561,11.865870000000001,11.876040000000001,11.88603,11.89584,11.905560000000001,11.9151,11.92446,11.93364,11.942730000000001,11.951550000000001,11.96028,11.96874,11.97711,11.98521,11.993129999999999,12.00087,12.00843,12.01581,12.022920000000001,12.02985,12.0366,12.04308,12.04938,12.05541,12.06126,12.066840000000001,12.07215,12.07728,12.08223,12.086820000000001,12.09123,12.09528,12.09915,12.10275,12.10608,12.10914,12.111930000000001,12.11445,12.11661,12.118500000000001,12.12012,12.12147,12.12237,12.123090000000001,12.12336,12.12336,12.123090000000001,12.12237,12.12129,12.11994,12.11814,12.11598,12.11346,12.11049,12.10716,12.10338,12.09924,12.09465,12.08952,12.08403,12.07809,12.071610000000002,12.064680000000001,12.057210000000001,12.04929,12.040740000000001,12.031740000000001,12.022110000000001,12.012030000000001,12.00132,11.989980000000001,11.97801,11.9655,11.95227,11.938500000000001,11.923919999999999,11.90871,11.89287,11.87622,11.85885,11.84067,11.821860000000001,11.802150000000001,11.78163,11.7603,11.73816,11.71512,11.69127,11.66643,11.640780000000001,11.61414,11.58651,11.55798,11.52846,11.498040000000001,11.46654,11.43405,11.40057,11.36601,11.33046,11.29392,11.25639,11.21787,11.17827,11.13777,11.09628,11.05389,11.01069,10.96659,10.92168,10.876050000000001,10.82979,10.78299,10.73574,10.68804,10.64016,10.59219,10.54431,10.49661,10.44936,10.40274,10.35684,10.31211,10.268730000000001,10.226880000000001,10.18692,10.14912,10.113840000000001,10.08117,10.05165,10.02546,10.00296,9.98433,9.969840000000001,9.95976,9.95436,9.95373,9.95796,9.96723,9.981630000000001,10.00107,10.02564,10.05516,10.08954,10.128689999999999,10.17243,10.22058,10.272870000000001,10.32903,10.38888,10.452060000000001,10.51839,10.5876,10.65942,10.73349,10.80972,10.88775,10.9674,11.0484,11.13057,11.21373,11.29779,11.38248,11.46762,11.55321,11.63907,11.725019999999999,11.811060000000001,11.89701,11.98296,12.06864,12.15405,12.23919,12.324060000000001,12.40848,12.49254,12.57615,12.65922,12.74184,12.824010000000001,12.905640000000002,12.986730000000001,13.06737
16.30827,16.25913,16.210079999999998,16.16121,16.11243,16.063740000000003,16.01523,15.9669,15.918660000000001,15.870600000000001,15.82263,15.77484,15.727229999999999,15.6798,15.632549999999998,15.58548,15.538590000000001,15.49188,15.445350000000001,15.399,15.352920000000001,15.30702,15.2613,15.215940000000002,15.170670000000001,15.12576,15.081029999999998,15.036570000000001,14.99247,14.948550000000001,14.9049,14.861609999999999,14.81859,14.77593,14.73354,14.69151,14.649750000000001,14.60844,14.567400000000001,14.52681,14.48658,14.44671,14.4072,14.36823,14.32953,14.29137,14.253570000000002,14.21631,14.179409999999999,14.14296,14.107050000000001,14.071679999999999,14.036669999999999,14.0022,13.96827,13.93488,13.90194,13.86954,13.837769999999999,13.80645,13.77567,13.74552,13.71582,13.68675,13.65822,13.630230000000001,13.602870000000001,13.57605,13.54977,13.52403,13.49892,13.474350000000001,13.450320000000001,13.426919999999999,13.403970000000001,13.381649999999999,13.35987,13.33854,13.31784,13.29759,13.27788,13.25862,13.23999,13.22172,13.20399,13.18662,13.16979,13.153410000000001,13.13739,13.121820000000001,13.106610000000002,13.09176,13.07736,13.063229999999999,13.04946,13.036050000000001,13.022910000000001,13.01013,12.997530000000001,12.9852,12.97314,12.961350000000001,12.94974,12.93831,12.92706,12.916080000000001,12.905100000000001,12.89439,12.88377,12.87324,12.8628,12.852450000000001,12.84219,12.83193,12.82176,12.81168,12.80151,12.79143,12.78135,12.771180000000001,12.7611,12.75093,12.74076,12.7305,12.72015,12.7098,12.69936,12.68883,12.67821,12.6675,12.65661,12.64572,12.63465,12.62349,12.61224,12.60081,12.58929,12.577589999999999,12.5658,12.553830000000001,12.54177,12.52953,12.51711,12.5046,12.491909999999999,12.479040000000001,12.46608,12.452940000000002,12.43962,12.426120000000001,12.41253,12.398760000000001,12.3849,12.37077,12.35655,12.34224,12.32775,12.313080000000001,12.29832,12.28338,12.268350000000002,12.25314,12.23784,12.22236,12.20679,12.191130000000001,12.17538,12.15954,12.14352,12.1275,12.111300000000002,12.0951,12.07881,12.062429999999999,12.04596,12.02949,12.01293,11.99637,11.97981,11.96316,11.94651,11.92986,11.913210000000001,11.896560000000001,11.879999999999999,11.86335,11.84679,11.83032,11.81385,11.79747,11.781179999999999,11.764980000000001,11.74887,11.732850000000001,11.71692,11.701170000000001,11.68551,11.67003,11.65473,11.639520000000001,11.62458,11.609729999999999,11.59515,11.58066,11.56653,11.55249,11.53872,11.52522,11.51199,11.498940000000001,11.48625,11.47374,11.4615,11.44962,11.43792,11.42658,11.4156,11.404800000000002,11.394359999999999,11.38419,11.37438,11.36484,11.35566,11.34675,11.3382,11.329920000000001,11.322000000000001,11.314350000000001,11.30706,11.29995,11.29329,11.286810000000001,11.28069,11.27484,11.26935,11.26404,11.25909,11.25432,11.249820000000001,11.245590000000002,11.24163,11.23785,11.23434,11.2311,11.22795,11.22507,11.222370000000002,11.219850000000001,11.217600000000001,11.215349999999999,11.213370000000001,11.21148,11.209769999999999,11.20815,11.206710000000001,11.20536,11.2041,11.20293,11.20185,11.20086,11.19996,11.199060000000001,11.198250000000002,11.19753,11.19681,11.196180000000002,11.19555,11.19501,11.19438,11.19384,11.193299999999999,11.192760000000002,11.19231,11.19177,11.19132,11.19078,11.19033,11.18988,11.189340000000001,11.18889,11.18844,11.187990000000001,11.18754,11.18709,11.18664,11.18619,11.18583,11.18547,11.18511,11.184750000000001,11.184479999999999,11.18421,11.18403,11.183940000000002,11.183850000000001,11.183850000000001,11.183850000000001,11.18403,11.18421,11.18457,11.18502,11.18556,11.18619,11.186910000000001,11.187899999999999,11.18889,11.190150000000001,11.191500000000001,11.19303,11.19474,11.19654,11.19861,11.20086,11.203380000000001,11.20599,11.208870000000001,11.21202,11.215349999999999,11.218860000000001,11.22264,11.22669,11.23092,11.235420000000001,11.24019,11.24523,11.25045,11.25594,11.2617,11.26773,11.27394,11.28051,11.28726,11.29428,11.30148,11.308950000000001,11.31669,11.3247,11.33289,11.34126,11.349900000000002,11.35872,11.36781,11.37699,11.38644,11.39607,11.40588,11.41587,11.42595,11.436209999999999,11.44665,11.457180000000001,11.46789,11.47869,11.48958,11.50065,11.51172,11.52288,11.53422,11.54547,11.556899999999999,11.56833,11.57976,11.591280000000001,11.6028,11.61432,11.62584,11.637360000000001,11.64888,11.6604,11.67183,11.68335,11.69469,11.70603,11.717369999999999,11.728620000000001,11.73978,11.75085,11.76183,11.77281,11.783610000000001,11.794319999999999,11.80494,11.81547,11.82591,11.836170000000001,11.84634,11.85633,11.86623,11.876040000000001,11.885580000000001,11.89512,11.904390000000001,11.91357,11.92257,11.93139,11.94003,11.94858,11.95695,11.96505,11.97306,11.9808,11.98845,11.99583,12.00303,12.01005,12.0168,12.023460000000002,12.02985,12.03597,12.042000000000002,12.04767,12.05325,12.058470000000002,12.06351,12.06837,12.07296,12.07728,12.081330000000001,12.0852,12.08871,12.09204,12.0951,12.097800000000001,12.100320000000002,12.10248,12.104460000000001,12.10599,12.10734,12.10833,12.10905,12.10941,12.1095,12.10914,12.10851,12.107520000000001,12.10626,12.104550000000001,12.10248,12.09996,12.09717,12.09393,12.09024,12.08619,12.08169,12.07674,12.07134,12.06549,12.059190000000001,12.05235,12.04506,12.037230000000001,12.028950000000002,12.020040000000002,12.01059,12.00069,11.990070000000001,11.97891,11.967210000000001,11.95479,11.941830000000001,11.92815,11.91375,11.89872,11.88297,11.8665,11.849310000000001,11.8314,11.81259,11.79306,11.77272,11.75148,11.72943,11.706479999999999,11.682630000000001,11.65788,11.63223,11.60559,11.577960000000001,11.549339999999999,11.51973,11.489130000000001,11.45745,11.42478,11.390939999999999,11.356110000000001,11.32011,11.28312,11.24496,11.20572,11.1654,11.124,11.08152,11.03805,10.993500000000001,10.94796,10.90152,10.85418,10.80603,10.757069999999999,10.70748,10.65726,10.60659,10.555560000000002,10.50426,10.45305,10.40193,10.351080000000001,10.30077,10.25127,10.20285,10.15569,10.11006,10.066410000000001,10.02492,9.985949999999999,9.949860000000001,9.917010000000001,9.88767,9.8622,9.84096,9.82413,9.81198,9.80487,9.80289,9.80622,9.81495,9.829170000000001,9.848970000000001,9.87417,9.904770000000001,9.94059,9.98154,10.02735,10.07784,10.13274,10.19178,10.25469,10.32102,10.39068,10.46331,10.53855,10.61613,10.695780000000001,10.77732,10.86039,10.94481,11.03031,11.116800000000001,11.20392,11.29176,11.37987,11.46834,11.55699,11.64564,11.73429,11.82276,11.911050000000001,11.99907,12.086730000000001,12.17403,12.260790000000002,12.34719,12.433050000000001,12.51846,12.603240000000001,12.68748,12.771180000000001,12.85434,12.93687,13.01877
16.32087,16.272,16.22331,16.17471,16.1262,16.07787,16.02972,15.981660000000002,15.93378,15.88608,15.83847,15.79104,15.743789999999999,15.69672,15.649740000000001,15.60303,15.5565,15.51015,15.463980000000001,15.41799,15.372270000000002,15.326820000000001,15.28146,15.236460000000001,15.19164,15.146999999999998,15.10272,15.05862,15.01488,14.971319999999999,14.92812,14.885190000000001,14.842620000000002,14.80023,14.75829,14.71662,14.675310000000001,14.634360000000001,14.593679999999999,14.553450000000002,14.513580000000001,14.474070000000001,14.435010000000002,14.396310000000001,14.35797,14.320079999999999,14.28273,14.24565,14.20911,14.17302,14.13738,14.10228,14.06763,14.033430000000001,13.999770000000002,13.96656,13.933890000000002,13.901670000000001,13.87008,13.838940000000001,13.80834,13.77837,13.748850000000001,13.71987,13.69143,13.663620000000002,13.63626,13.609530000000001,13.58325,13.5576,13.53249,13.50792,13.48389,13.4604,13.43745,13.41504,13.39308,13.37175,13.35087,13.330440000000001,13.310640000000001,13.291200000000002,13.2723,13.25385,13.235850000000001,13.21839,13.20129,13.18455,13.16826,13.15242,13.136940000000001,13.121820000000001,13.10706,13.09266,13.07853,13.064760000000001,13.051350000000001,13.038120000000001,13.02525,13.012559999999999,13.00014,12.9879,12.97593,12.96414,12.952530000000001,12.9411,12.92985,12.918690000000002,12.907710000000002,12.89682,12.88602,12.87522,12.864600000000001,12.85407,12.84354,12.833010000000002,12.822569999999999,12.81213,12.80169,12.79125,12.780719999999999,12.77028,12.75975,12.749220000000001,12.7386,12.72789,12.71718,12.70638,12.69549,12.68442,12.673350000000001,12.66219,12.65094,12.639510000000001,12.62808,12.61647,12.60468,12.5928,12.58083,12.56868,12.55644,12.54402,12.53151,12.518820000000002,12.50595,12.49299,12.479940000000001,12.46662,12.4533,12.43971,12.426029999999999,12.41217,12.39822,12.38409,12.36987,12.35547,12.34089,12.32631,12.31146,12.296520000000001,12.281490000000002,12.26637,12.25107,12.23568,12.2202,12.204540000000001,12.188880000000001,12.17304,12.15711,12.14118,12.125160000000001,12.10896,12.09276,12.07656,12.06027,12.04389,12.02751,12.01104,11.99457,11.9781,11.96163,11.94516,11.92869,11.91222,11.89575,11.87937,11.862990000000002,11.8467,11.8305,11.814300000000001,11.79819,11.78217,11.766240000000002,11.750399999999999,11.73474,11.71917,11.703780000000002,11.68848,11.67327,11.65833,11.64357,11.6289,11.6145,11.600280000000001,11.58624,11.572470000000001,11.55888,11.54556,11.53251,11.51964,11.50704,11.494710000000001,11.48265,11.47086,11.45934,11.44809,11.4372,11.42649,11.41614,11.40615,11.39634,11.386890000000001,11.3778,11.36889,11.360430000000001,11.35215,11.34423,11.33658,11.32929,11.32227,11.315520000000001,11.30904,11.30292,11.297070000000001,11.2914,11.286090000000002,11.28105,11.27628,11.271690000000001,11.26737,11.26332,11.259540000000001,11.25594,11.25252,11.24937,11.246310000000001,11.24352,11.240910000000001,11.23848,11.23623,11.234070000000001,11.23218,11.23029,11.228580000000001,11.22705,11.22561,11.22426,11.223,11.22183,11.220749999999999,11.21976,11.21877,11.21796,11.21715,11.21634,11.215620000000001,11.21499,11.214360000000001,11.21373,11.2131,11.21256,11.21202,11.21148,11.21103,11.21049,11.210040000000001,11.20959,11.20914,11.20869,11.20824,11.20779,11.20734,11.20698,11.206620000000001,11.20617,11.205900000000002,11.20554,11.20527,11.205,11.20473,11.204550000000001,11.204369999999999,11.204279999999999,11.204279999999999,11.204279999999999,11.204369999999999,11.204460000000001,11.20473,11.20509,11.20545,11.20599,11.206620000000001,11.20743,11.20824,11.209230000000002,11.2104,11.21166,11.2131,11.214720000000002,11.21643,11.21841,11.22048,11.22282,11.22525,11.22795,11.230830000000001,11.23398,11.23731,11.240820000000001,11.2446,11.248560000000001,11.252790000000001,11.2572,11.26188,11.26683,11.27196,11.27736,11.28294,11.28879,11.29491,11.301300000000001,11.30787,11.31471,11.32173,11.32902,11.33649,11.34423,11.35215,11.36034,11.36871,11.377260000000001,11.38599,11.3949,11.40408,11.41335,11.4228,11.43243,11.44224,11.45214,11.46222,11.47239,11.48274,11.49309,11.503620000000002,11.51424,11.52495,11.53575,11.54664,11.55753,11.56851,11.57949,11.59056,11.60163,11.6127,11.62386,11.63493,11.64609,11.657160000000001,11.668230000000001,11.679300000000001,11.690280000000001,11.701260000000001,11.712240000000001,11.723040000000001,11.733929999999999,11.74464,11.75535,11.765880000000001,11.77641,11.786850000000001,11.7972,11.80737,11.81754,11.827530000000001,11.83743,11.847150000000001,11.85678,11.86632,11.875680000000001,11.884950000000002,11.89404,11.90295,11.91177,11.92041,11.928870000000002,11.93715,11.945340000000002,11.95326,11.96109,11.96874,11.97621,11.98341,11.990520000000002,11.997359999999999,12.00402,12.0105,12.0168,12.02283,12.02877,12.03435,12.03975,12.044970000000001,12.05001,12.05469,12.059190000000001,12.06351,12.06756,12.07134,12.07485,12.07809,12.081150000000001,12.083850000000002,12.08637,12.08853,12.09042,12.09204,12.09339,12.09447,12.09519,12.095550000000001,12.095640000000001,12.095369999999999,12.094830000000002,12.09393,12.09267,12.091050000000001,12.08907,12.086640000000001,12.08394,12.08079,12.07719,12.07323,12.06891,12.06405,12.05883,12.05307,12.04695,12.04029,12.033090000000001,12.02544,12.01734,12.008610000000001,11.99934,11.98953,11.97918,11.9682,11.95668,11.94444,11.93166,11.91816,11.904029999999999,11.889180000000001,11.8737,11.85741,11.8404,11.82258,11.80404,11.78469,11.76444,11.74347,11.72151,11.69874,11.675070000000002,11.65041,11.62476,11.598210000000002,11.57067,11.542050000000001,11.512440000000002,11.48175,11.45007,11.41713,11.3832,11.3481,11.31183,11.27448,11.23587,11.19609,11.155230000000001,11.113109999999999,11.06982,11.025360000000001,10.97982,10.933110000000001,10.88532,10.83645,10.7865,10.73565,10.68399,10.63143,10.57815,10.52433,10.47006,10.41534,10.360529999999999,10.305810000000001,10.25118,10.19709,10.14363,10.09116,10.039950000000001,9.99036,9.94266,9.897210000000001,9.85437,9.814499999999999,9.77796,9.7452,9.71649,9.69228,9.67284,9.65853,9.64953,9.64602,9.64836,9.65655,9.67068,9.69075,9.71676,9.74853,9.78606,9.82899,9.87714,9.93033,9.988109999999999,10.0503,10.11654,10.18638,10.25964,10.335960000000002,10.414890000000002,10.49625,10.57968,10.66491,10.75167,10.839690000000001,10.928790000000001,11.0187,11.10924,11.20023,11.291580000000002,11.38311,11.474639999999999,11.566080000000001,11.65743,11.748510000000001,11.83923,11.929590000000001,12.0195,12.10896,12.197880000000001,12.28617,12.37392,12.46113,12.54762,12.63348,12.7188,12.803400000000002,12.88728,12.97062
16.3332,16.28469,16.236269999999998,16.18794,16.13979,16.09182,16.04394,15.996149999999998,15.948630000000001,15.9012,15.853950000000001,15.80688,15.7599,15.713189999999999,15.66657,15.62022,15.574050000000002,15.52806,15.48225,15.436620000000001,15.391260000000003,15.346080000000002,15.30117,15.25653,15.21207,15.167790000000002,15.123870000000002,15.08022,15.03675,14.993640000000001,14.9508,14.90823,14.86602,14.82408,14.78241,14.741100000000001,14.70015,14.659559999999999,14.619330000000001,14.57937,14.539860000000001,14.50071,14.46201,14.42358,14.38569,14.34816,14.31099,14.27436,14.23809,14.20227,14.1669,14.132069999999999,14.09769,14.06376,14.03028,13.99734,13.96485,13.9329,13.901489999999999,13.87053,13.840110000000001,13.81023,13.78089,13.751999999999999,13.72374,13.69593,13.668750000000001,13.64202,13.61583,13.59018,13.56507,13.5405,13.51647,13.492890000000001,13.469850000000001,13.44735,13.42539,13.403880000000001,13.382909999999999,13.36239,13.34241,13.322790000000001,13.30371,13.28508,13.2669,13.24917,13.2318,13.214879999999999,13.19832,13.182210000000001,13.16646,13.151069999999999,13.13595,13.12128,13.10688,13.09275,13.07898,13.065389999999999,13.05216,13.03911,13.02633,13.013819999999999,13.00149,12.98934,12.97737,12.965580000000001,12.95397,12.94245,12.93102,12.91977,12.908610000000001,12.897540000000001,12.886560000000001,12.875580000000001,12.86478,12.85389,12.84309,12.83229,12.82158,12.81078,12.799980000000001,12.78918,12.77838,12.76749,12.7566,12.74562,12.73464,12.72348,12.71232,12.70116,12.689820000000001,12.67839,12.66687,12.65526,12.64356,12.63168,12.6198,12.60774,12.5955,12.583260000000001,12.570839999999999,12.55824,12.54555,12.532770000000001,12.51981,12.50667,12.493440000000001,12.48012,12.46662,12.45303,12.43926,12.42531,12.41127,12.39714,12.38283,12.36843,12.35385,12.33918,12.32442,12.309479999999999,12.294450000000001,12.27924,12.26403,12.24864,12.23316,12.217680000000001,12.202020000000001,12.18627,12.170430000000001,12.1545,12.13857,12.12255,12.10644,12.09033,12.07413,12.05784,12.04155,12.02526,12.00897,11.99268,11.9763,11.96001,11.943719999999999,11.927430000000001,11.911140000000001,11.89485,11.87874,11.862540000000001,11.846520000000002,11.8305,11.81457,11.798820000000001,11.78307,11.76741,11.751930000000002,11.73654,11.72133,11.70621,11.69127,11.67651,11.661930000000002,11.64744,11.633220000000001,11.61918,11.60532,11.59173,11.578320000000001,11.56518,11.55222,11.539530000000001,11.52711,11.51487,11.50299,11.491290000000001,11.47995,11.46879,11.45799,11.447370000000001,11.43711,11.42721,11.41749,11.408130000000002,11.39904,11.39022,11.38176,11.37357,11.36565,11.357999999999999,11.350710000000001,11.34369,11.33694,11.33046,11.32425,11.3184,11.31273,11.30733,11.30229,11.29743,11.29284,11.28843,11.28429,11.28042,11.27673,11.27322,11.26998,11.26692,11.26395,11.26125,11.25873,11.25639,11.25414,11.25216,11.25018,11.248380000000001,11.24676,11.24523,11.24379,11.24244,11.24118,11.24001,11.23893,11.23794,11.23704,11.23614,11.235330000000001,11.23452,11.2338,11.23317,11.23254,11.231910000000001,11.23128,11.23074,11.2302,11.22975,11.22921,11.22876,11.22831,11.227860000000002,11.22741,11.22705,11.22669,11.226239999999999,11.22588,11.22561,11.22525,11.22498,11.22471,11.22453,11.224350000000001,11.224169999999999,11.22408,11.22399,11.22399,11.22399,11.22408,11.22426,11.22453,11.22489,11.225340000000001,11.22579,11.226420000000001,11.22714,11.22795,11.22894,11.23002,11.231190000000002,11.23254,11.234070000000001,11.23569,11.237580000000001,11.23956,11.24163,11.24397,11.24649,11.24919,11.25207,11.255220000000001,11.25855,11.262060000000002,11.26575,11.26971,11.273850000000001,11.27817,11.28285,11.28762,11.29266,11.297970000000001,11.303460000000001,11.30922,11.31516,11.32137,11.32776,11.33442,11.34126,11.348279999999999,11.35557,11.36313,11.37078,11.3787,11.3868,11.39508,11.403540000000001,11.41218,11.421,11.43,11.43909,11.44845,11.45781,11.46744,11.47716,11.48697,11.496870000000001,11.506950000000002,11.51712,11.52729,11.53764,11.54808,11.558520000000001,11.56905,11.57958,11.590200000000001,11.600819999999999,11.61153,11.622150000000001,11.63286,11.64357,11.65428,11.66499,11.675609999999999,11.68623,11.69685,11.70738,11.71791,11.728439999999999,11.738790000000002,11.74914,11.759400000000001,11.76957,11.77974,11.78973,11.79963,11.80953,11.81925,11.828790000000001,11.838330000000001,11.84769,11.85696,11.86614,11.87505,11.88396,11.89269,11.90124,11.9097,11.91798,11.92608,11.934,11.941830000000001,11.949480000000001,11.95695,11.96415,11.97126,11.978190000000001,11.98494,11.99151,11.99781,12.00402,12.009960000000001,12.01572,12.02121,12.02661,12.031740000000001,12.0366,12.04128,12.04569,12.04992,12.053880000000001,12.05766,12.06117,12.06441,12.067380000000002,12.070079999999999,12.07251,12.07476,12.07665,12.07827,12.07962,12.0807,12.08142,12.08187,12.08196,12.08178,12.081240000000001,12.080430000000002,12.079170000000001,12.07764,12.075750000000001,12.0735,12.0708,12.06774,12.06432,12.060540000000001,12.05622,12.05154,12.04641,12.04092,12.03489,12.02832,12.02139,12.01392,12.00591,11.997359999999999,11.98836,11.97873,11.968560000000002,11.95776,11.94642,11.93445,11.92185,11.90862,11.894670000000001,11.880090000000001,11.86479,11.84868,11.83194,11.814390000000001,11.79603,11.776860000000001,11.75688,11.73609,11.7144,11.69181,11.668230000000001,11.64384,11.61837,11.59191,11.56455,11.53602,11.5065,11.47581,11.44413,11.41119,11.37717,11.34198,11.305530000000001,11.26791,11.22903,11.18898,11.147580000000001,11.104920000000002,11.061,11.015820000000001,10.969380000000001,10.92168,10.87281,10.82259,10.77129,10.718820000000001,10.66518,10.61064,10.55502,10.49868,10.44153,10.38375,10.32552,10.26693,10.20834,10.149750000000001,10.09152,10.03392,9.97722,9.921690000000002,9.86769,9.81567,9.76581,9.71874,9.67473,9.63423,9.59769,9.56547,9.53802,9.51579,9.49887,9.48789,9.482850000000001,9.484020000000001,9.49158,9.50562,9.52614,9.55305,9.586260000000001,9.6255,9.67068,9.721530000000001,9.777600000000001,9.83871,9.90441,9.97425,10.04805,10.12527,10.205549999999999,10.288620000000002,10.37403,10.46151,10.5507,10.64142,10.733310000000001,10.8261,10.91961,11.013750000000002,11.10816,11.20275,11.29743,11.39202,11.48643,11.580480000000001,11.67426,11.7675,11.86029,11.95254,12.044160000000002,12.13515,12.22551,12.315240000000001,12.404160000000001,12.49245,12.580020000000001,12.66678,12.75291,12.83823,12.922920000000001
16.34526,16.29702,16.24887,16.2009,16.15311,16.10541,16.0578,16.01037,15.96312,15.91605,15.86907,15.822360000000002,15.77574,15.7293,15.68304,15.637050000000002,15.591149999999999,15.54552,15.500070000000001,15.4548,15.4098,15.36498,15.32043,15.276060000000001,15.231959999999999,15.18813,15.144570000000002,15.10128,15.05817,15.015420000000002,14.972940000000001,14.93073,14.888879999999999,14.84721,14.805990000000001,14.76504,14.72445,14.68422,14.644260000000001,14.60475,14.565510000000002,14.52672,14.48829,14.450220000000002,14.4126,14.37534,14.33853,14.30217,14.26626,14.23071,14.19561,14.161050000000001,14.126850000000001,14.09319,14.05998,14.027220000000002,13.995000000000001,13.96323,13.932,13.90122,13.870980000000001,13.84119,13.81194,13.78323,13.75506,13.72734,13.70016,13.67352,13.64742,13.621770000000001,13.59666,13.57209,13.547970000000001,13.52439,13.50135,13.47876,13.456710000000001,13.43511,13.413960000000001,13.393350000000002,13.37319,13.35348,13.33422,13.31541,13.29696,13.27905,13.2615,13.24431,13.22748,13.2111,13.195079999999999,13.17942,13.16403,13.149,13.13433,13.11993,13.1058,13.09194,13.07835,13.06503,13.05189,13.03902,13.02633,13.013819999999999,13.00149,12.98943,12.97737,12.965580000000001,12.953790000000001,12.94218,12.93066,12.919319999999999,12.90798,12.89664,12.88548,12.87432,12.86316,12.852089999999999,12.84093,12.82986,12.81879,12.80772,12.796560000000001,12.7854,12.77424,12.76299,12.75165,12.740310000000001,12.72888,12.71745,12.70584,12.69423,12.68244,12.67065,12.65868,12.64671,12.63456,12.62232,12.6099,12.59748,12.58488,12.572189999999999,12.559320000000001,12.54636,12.53331,12.52008,12.50676,12.49326,12.47967,12.465990000000001,12.45213,12.438180000000001,12.424050000000001,12.409830000000001,12.395520000000001,12.38103,12.36645,12.35178,12.33702,12.32208,12.30705,12.29193,12.27663,12.26133,12.245940000000001,12.23037,12.2148,12.199140000000002,12.183390000000001,12.16755,12.15162,12.13569,12.119670000000001,12.10365,12.08754,12.07143,12.05532,12.03912,12.022920000000001,12.00672,11.99061,11.97441,11.95821,11.9421,11.925989999999999,11.909880000000001,11.89386,11.87793,11.862,11.84625,11.8305,11.81484,11.79927,11.78388,11.76849,11.75337,11.73825,11.7234,11.70864,11.69397,11.67957,11.66535,11.65122,11.637360000000001,11.62368,11.61027,11.59704,11.58399,11.57121,11.5587,11.54637,11.53431,11.52252,11.511,11.49966,11.48868,11.47797,11.46753,11.45736,11.447460000000001,11.43783,11.42847,11.41947,11.41074,11.402280000000001,11.39409,11.38626,11.37861,11.37132,11.3643,11.35755,11.35107,11.34486,11.338920000000002,11.33325,11.32785,11.32272,11.317770000000001,11.31309,11.30868,11.30445,11.300490000000002,11.2968,11.2932,11.28987,11.28672,11.28375,11.28096,11.27835,11.275920000000001,11.273579999999999,11.271419999999999,11.26944,11.267550000000002,11.26584,11.26422,11.26269,11.26125,11.2599,11.25873,11.25756,11.25648,11.25549,11.25459,11.253689999999999,11.25288,11.25216,11.25144,11.25081,11.25018,11.24955,11.24901,11.248470000000001,11.24793,11.24748,11.24694,11.24658,11.246129999999999,11.24577,11.24532,11.24496,11.24469,11.244330000000001,11.24406,11.24379,11.24361,11.24343,11.24325,11.24316,11.243070000000001,11.242980000000001,11.243070000000001,11.243070000000001,11.24325,11.24343,11.2437,11.24406,11.24442,11.24496,11.245590000000002,11.24622,11.24703,11.24793,11.24901,11.25009,11.25144,11.252790000000001,11.25441,11.256120000000001,11.25792,11.25999,11.26215,11.26449,11.26701,11.2698,11.27268,11.27574,11.279069999999999,11.28249,11.28618,11.290140000000001,11.29419,11.29851,11.30301,11.30778,11.31273,11.31786,11.323260000000001,11.32884,11.33469,11.34072,11.34693,11.35341,11.36007,11.366909999999999,11.373930000000001,11.381219999999999,11.38869,11.39634,11.40417,11.41218,11.42037,11.428740000000001,11.43729,11.44593,11.454749999999999,11.463750000000001,11.47284,11.48211,11.49147,11.50092,11.51055,11.52018,11.52999,11.5398,11.54979,11.559780000000002,11.56986,11.58003,11.590200000000001,11.60037,11.61063,11.620890000000001,11.631150000000002,11.6415,11.651760000000001,11.66202,11.67237,11.682630000000001,11.692800000000002,11.703059999999999,11.71314,11.72331,11.73339,11.74338,11.75328,11.76318,11.77299,11.782710000000002,11.79225,11.80179,11.81124,11.8206,11.82987,11.83896,11.84796,11.85687,11.865599999999999,11.87424,11.8827,11.891070000000001,11.89926,11.90736,11.915280000000001,11.92302,11.93067,11.93805,11.945340000000002,11.95245,11.95938,11.96622,11.972790000000002,11.97918,11.98539,11.99142,11.99727,12.00294,12.008339999999999,12.01356,12.0186,12.02337,12.02796,12.03237,12.036510000000002,12.04047,12.044160000000002,12.04758,12.05073,12.053700000000001,12.056400000000002,12.05883,12.06108,12.06297,12.064589999999999,12.06594,12.06702,12.06774,12.06828,12.06846,12.06828,12.06783,12.06702,12.06585,12.06441,12.062610000000001,12.06036,12.05784,12.05487,12.051630000000001,12.04785,12.04371,12.039209999999999,12.03417,12.02877,12.022920000000001,12.016620000000001,12.009780000000001,12.00249,11.994660000000001,11.986379999999999,11.97747,11.968110000000001,11.95812,11.94759,11.936430000000001,11.92473,11.912310000000002,11.89935,11.885670000000001,11.87127,11.856240000000001,11.8404,11.82393,11.80665,11.78856,11.769660000000002,11.74995,11.72934,11.707920000000001,11.68551,11.66229,11.63808,11.61279,11.5866,11.559330000000001,11.531070000000001,11.50164,11.471219999999999,11.43954,11.406780000000001,11.37276,11.337570000000001,11.301029999999999,11.26332,11.224350000000001,11.18403,11.14236,11.09934,11.05497,11.00925,10.96218,10.913670000000002,10.86381,10.8126,10.76004,10.70622,10.65105,10.59462,10.53711,10.47843,10.41876,10.35819,10.296809999999999,10.2348,10.17234,10.109610000000002,10.04688,9.98433,9.922229999999999,9.86094,9.80073,9.74205,9.68526,9.63081,9.57906,9.53055,9.48573,9.44496,9.40896,9.37791,9.352440000000001,9.33282,9.319500000000001,9.312750000000001,9.312750000000001,9.31968,9.33363,9.3546,9.38259,9.41733,9.458730000000001,9.50643,9.56025,9.61965,9.684360000000002,9.75393,9.827910000000001,9.905850000000001,9.98739,10.07208,10.159559999999999,10.24938,10.34118,10.43469,10.52964,10.625580000000001,10.72242,10.8198,10.917539999999999,11.01555,11.11365,11.21157,11.30931,11.40669,11.50371,11.60019,11.69604,11.79135,11.88594,11.97981,12.07296,12.16539,12.256920000000001,12.34773,12.43773,12.52701,12.61539,12.702960000000001,12.789810000000001,12.87576
16.35714,16.30917,16.261290000000002,16.21359,16.16607,16.118640000000003,16.07139,16.02432,15.977340000000002,15.930540000000002,15.883920000000002,15.837480000000001,15.791220000000001,15.74514,15.699150000000001,15.653430000000002,15.60798,15.562619999999999,15.517530000000002,15.472620000000001,15.42789,15.38343,15.339240000000002,15.295230000000002,15.251490000000002,15.208020000000001,15.164729999999999,15.1218,15.07905,15.03666,14.994539999999999,14.95269,14.911110000000003,14.869889999999998,14.828940000000001,14.78835,14.748120000000002,14.708160000000001,14.668560000000001,14.62932,14.590440000000001,14.552010000000001,14.51385,14.47614,14.43879,14.40189,14.36535,14.32926,14.29362,14.258339999999999,14.223510000000001,14.18913,14.155289999999999,14.12181,14.08878,14.05629,14.02425,13.99266,13.96161,13.93101,13.90086,13.87125,13.84218,13.81356,13.78548,13.757850000000001,13.73076,13.704120000000001,13.678020000000002,13.65246,13.627350000000002,13.60269,13.578660000000001,13.55499,13.53186,13.50927,13.48704,13.465349999999999,13.4442,13.42341,13.403070000000001,13.383270000000001,13.36383,13.344750000000001,13.326210000000001,13.30803,13.29021,13.27284,13.25583,13.239180000000001,13.22289,13.20696,13.1913,13.176,13.16106,13.1463,13.1319,13.11777,13.103819999999999,13.090140000000002,13.07673,13.063500000000001,13.05054,13.03767,13.025070000000001,13.012559999999999,13.00023,12.98808,12.97602,12.96405,12.95226,12.94047,12.92877,12.91725,12.905640000000002,12.894210000000001,12.88278,12.871350000000001,12.85992,12.84849,12.837150000000001,12.82572,12.81429,12.80286,12.79143,12.77991,12.76839,12.756780000000001,12.74508,12.73338,12.721589999999999,12.709710000000001,12.69774,12.68568,12.67353,12.66129,12.648959999999999,12.63654,12.62403,12.61143,12.598650000000001,12.58578,12.57282,12.55968,12.54654,12.53322,12.51972,12.50613,12.49245,12.47868,12.464730000000001,12.45069,12.43656,12.42234,12.40794,12.39345,12.37878,12.36411,12.34926,12.33432,12.31929,12.304170000000001,12.288960000000001,12.27366,12.258270000000001,12.24279,12.227310000000001,12.21165,12.19599,12.180150000000001,12.1644,12.148470000000001,12.13263,12.11661,12.10068,12.084660000000001,12.06864,12.05253,12.036510000000002,12.0204,12.004380000000001,11.98836,11.97234,11.956320000000002,11.940389999999999,11.92446,11.90862,11.89278,11.87703,11.861369999999999,11.8458,11.83032,11.81493,11.799719999999999,11.78451,11.76957,11.75463,11.73987,11.725290000000001,11.710890000000001,11.69658,11.682540000000001,11.66859,11.65491,11.64141,11.62809,11.61504,11.60217,11.58948,11.577060000000001,11.56491,11.552940000000001,11.54133,11.5299,11.518740000000001,11.507850000000001,11.49714,11.48679,11.476709999999999,11.4669,11.45736,11.44809,11.43909,11.43045,11.421990000000001,11.41389,11.406060000000002,11.39841,11.39112,11.3841,11.377350000000002,11.37087,11.36466,11.35872,11.35296,11.34756,11.34234,11.33739,11.33271,11.32821,11.32398,11.319930000000001,11.31606,11.31246,11.30904,11.3058,11.30274,11.29995,11.29725,11.29473,11.292300000000001,11.290140000000001,11.28798,11.286090000000002,11.28429,11.28258,11.28096,11.27952,11.278080000000001,11.27682,11.275649999999999,11.27448,11.27349,11.2725,11.2716,11.2707,11.26989,11.26917,11.26845,11.26782,11.26719,11.26665,11.26611,11.26557,11.26512,11.264669999999999,11.26422,11.26386,11.2635,11.26314,11.262870000000001,11.26251,11.26224,11.262060000000002,11.26188,11.2617,11.26152,11.26143,11.26143,11.26143,11.26143,11.26152,11.2617,11.26188,11.26215,11.26251,11.26296,11.26341,11.26404,11.264669999999999,11.26548,11.266290000000001,11.26728,11.26845,11.269620000000002,11.27097,11.27241,11.27403,11.275830000000001,11.27772,11.27979,11.28195,11.28438,11.286900000000001,11.2896,11.292480000000001,11.295630000000001,11.298869999999999,11.30229,11.305980000000002,11.309849999999999,11.31381,11.31813,11.32254,11.32713,11.331990000000001,11.33712,11.34234,11.34783,11.3535,11.35935,11.36538,11.37168,11.378160000000001,11.384820000000001,11.391660000000002,11.39868,11.40588,11.41335,11.42091,11.42865,11.43657,11.44467,11.452860000000001,11.46123,11.46978,11.47842,11.48724,11.49615,11.50515,11.51433,11.52351,11.532869999999999,11.54232,11.551770000000001,11.5614,11.57103,11.58075,11.59047,11.600280000000001,11.61009,11.6199,11.629800000000001,11.6397,11.649600000000001,11.6595,11.6694,11.679300000000001,11.68911,11.699010000000001,11.708730000000001,11.71854,11.72826,11.73789,11.74752,11.75706,11.76651,11.775960000000001,11.78523,11.794500000000001,11.80368,11.81268,11.821679999999999,11.8305,11.83923,11.84787,11.85642,11.86479,11.87307,11.881170000000001,11.889180000000001,11.89701,11.90475,11.912310000000002,11.91969,11.92698,11.93409,11.94102,11.94777,11.95443,11.96082,11.96712,11.97315,11.979090000000001,11.98476,11.99034,11.99565,12.000779999999999,12.005730000000002,12.01041,12.01491,12.01923,12.02328,12.02715,12.03075,12.03417,12.037320000000001,12.0402,12.042900000000001,12.04533,12.047490000000002,12.04938,12.051,12.05235,12.05343,12.05424,12.05478,12.05496,12.05487,12.05442,12.053700000000001,12.052620000000001,12.05127,12.04947,12.0474,12.044970000000001,12.04209,12.03894,12.03534,12.03129,12.02688,12.022110000000001,12.0168,12.011130000000001,12.00492,11.99835,11.991240000000001,11.98359,11.97549,11.96685,11.95767,11.94786,11.9376,11.92671,11.91519,11.90304,11.89035,11.876940000000001,11.86281,11.84805,11.83248,11.81628,11.79927,11.781450000000001,11.762910000000002,11.74347,11.723220000000001,11.70198,11.67993,11.656979999999999,11.63304,11.60811,11.58219,11.55519,11.52711,11.49795,11.46771,11.436209999999999,11.40363,11.36979,11.33469,11.29824,11.26062,11.22156,11.18115,11.13939,11.09619,11.05155,11.00547,10.95795,10.908900000000001,10.85832,10.8063,10.752839999999999,10.69776,10.64133,10.58346,10.52415,10.46358,10.40166,10.338569999999999,10.27449,10.20933,10.14345,10.07685,10.00989,9.94266,9.87552,9.80865,9.7425,9.677249999999999,9.613529999999999,9.55161,9.49203,9.43524,9.381780000000001,9.3321,9.28683,9.246509999999999,9.21159,9.18252,9.15993,9.14409,9.13536,9.13401,9.14022,9.15417,9.17568,9.204930000000001,9.24147,9.285210000000001,9.335880000000001,9.392940000000001,9.45612,9.52479,9.59868,9.67716,9.759780000000001,9.84609,9.935550000000001,10.0278,10.12239,10.218960000000001,10.31706,10.41642,10.51677,10.61775,10.71927,10.82097,10.92267,11.024280000000001,11.12571,11.22669,11.32722,11.42712,11.526390000000001,11.62503,11.72277,11.819790000000001,11.916,12.01131,12.10572,12.19932,12.29193,12.38373,12.47463,12.56454,12.65364,12.74193,12.82932
16.368750000000002,16.32105,16.27344,16.226010000000002,16.17876,16.13169,16.08471,16.03782,15.991200000000001,15.94476,15.89841,15.852240000000002,15.80634,15.760530000000001,15.714899999999998,15.66954,15.62427,15.579270000000001,15.53454,15.489989999999999,15.44562,15.401430000000001,15.3576,15.31395,15.27048,15.22737,15.18444,15.14178,15.099390000000001,15.05736,15.01551,14.97402,14.932799999999999,14.891850000000002,14.85126,14.811030000000002,14.771069999999998,14.731470000000002,14.69223,14.653350000000001,14.614740000000001,14.576580000000002,14.53878,14.50134,14.464350000000001,14.42763,14.39145,14.35563,14.320170000000001,14.285160000000001,14.2506,14.21649,14.18283,14.14962,14.11677,14.08446,14.052600000000002,14.02128,13.99032,13.9599,13.92993,13.90041,13.87143,13.8429,13.81491,13.787370000000001,13.760370000000002,13.73382,13.70772,13.682160000000001,13.65705,13.63248,13.608270000000001,13.58469,13.561470000000002,13.53879,13.51656,13.49478,13.47345,13.45257,13.43205,13.41207,13.39245,13.37328,13.354560000000001,13.3362,13.318200000000001,13.300559999999999,13.28337,13.26645,13.249889999999999,13.233690000000001,13.21785,13.20228,13.18698,13.17195,13.15728,13.14279,13.12866,13.11462,13.10094,13.087349999999999,13.07403,13.06089,13.047930000000001,13.03515,13.02246,13.009950000000002,12.997620000000001,12.985380000000001,12.973230000000001,12.961079999999999,12.949110000000001,12.937230000000001,12.92535,12.91356,12.901860000000001,12.89007,12.87837,12.866760000000001,12.85506,12.84336,12.831660000000001,12.81996,12.80826,12.79647,12.78468,12.7728,12.76092,12.74895,12.73689,12.72483,12.71259,12.70035,12.68802,12.6756,12.66309,12.650490000000001,12.6378,12.62502,12.612060000000001,12.5991,12.585960000000002,12.57273,12.55941,12.546,12.532409999999999,12.518730000000001,12.504959999999999,12.4911,12.47706,12.46302,12.4488,12.43449,12.420000000000002,12.40551,12.39084,12.376080000000002,12.36123,12.34638,12.33135,12.31623,12.30102,12.285720000000001,12.27033,12.25494,12.23937,12.2238,12.20814,12.19248,12.176730000000001,12.16098,12.14514,12.12921,12.113370000000002,12.097439999999999,12.08151,12.06558,12.049650000000002,12.03363,12.0177,12.00186,11.98593,11.97009,11.95425,11.938500000000001,11.92275,11.90709,11.89152,11.876040000000001,11.86065,11.845260000000001,11.830050000000002,11.81493,11.799990000000001,11.78514,11.770380000000001,11.755799999999999,11.7414,11.727089999999999,11.71296,11.699100000000001,11.68533,11.67174,11.65842,11.64528,11.63232,11.61954,11.60703,11.594790000000001,11.58273,11.57094,11.559330000000001,11.54799,11.53701,11.52612,11.51559,11.50533,11.49534,11.485619999999999,11.476080000000001,11.4669,11.45799,11.44935,11.44098,11.43288,11.42505,11.41749,11.410200000000001,11.403179999999999,11.396429999999999,11.38986,11.383650000000001,11.37771,11.37195,11.36646,11.36124,11.35629,11.35152,11.347019999999999,11.3427,11.33856,11.33469,11.331,11.32758,11.32425,11.321100000000001,11.31822,11.31543,11.31282,11.31039,11.30814,11.305980000000002,11.304,11.30211,11.30031,11.29869,11.297070000000001,11.295630000000001,11.29437,11.29311,11.29194,11.29086,11.28978,11.28888,11.28798,11.28717,11.28636,11.28564,11.28501,11.28438,11.28384,11.2833,11.282760000000001,11.28231,11.28186,11.281500000000001,11.28105,11.28078,11.28042,11.28015,11.27988,11.2797,11.27952,11.279340000000001,11.279250000000001,11.279160000000001,11.279160000000001,11.279160000000001,11.279250000000001,11.279340000000001,11.27952,11.2797,11.27997,11.28033,11.28078,11.28123,11.28186,11.28249,11.28321,11.28411,11.28501,11.286090000000002,11.28726,11.28852,11.28987,11.2914,11.29311,11.29491,11.2968,11.298869999999999,11.301120000000001,11.30355,11.30607,11.30877,11.31174,11.3148,11.31804,11.32146,11.325059999999999,11.32884,11.3328,11.33694,11.34135,11.34585,11.350620000000001,11.35557,11.3607,11.36601,11.37159,11.377260000000001,11.3832,11.38923,11.39553,11.40201,11.408669999999999,11.41551,11.42244,11.429640000000001,11.43702,11.444490000000002,11.45214,11.45997,11.46789,11.47599,11.48418,11.492550000000001,11.50101,11.50965,11.51829,11.52711,11.53602,11.545020000000001,11.55411,11.5632,11.572470000000001,11.581740000000002,11.59101,11.60046,11.609820000000001,11.61927,11.62872,11.63826,11.6478,11.657250000000001,11.66679,11.67633,11.68578,11.69523,11.70468,11.71413,11.72349,11.732850000000001,11.74212,11.7513,11.76048,11.76957,11.77857,11.78748,11.79639,11.80512,11.81385,11.8224,11.830860000000001,11.83923,11.84751,11.85561,11.863620000000001,11.87154,11.87937,11.886930000000001,11.894490000000001,11.90187,11.90907,11.91609,11.92302,11.92977,11.936430000000001,11.94291,11.94912,11.95524,11.96118,11.96694,11.97252,11.97792,11.98314,11.98818,11.99295,11.997630000000001,12.00204,12.006269999999999,12.01023,12.01401,12.01761,12.020940000000001,12.024,12.02688,12.02958,12.031920000000001,12.03408,12.03597,12.03759,12.03894,12.04002,12.04083,12.04137,12.041640000000001,12.04155,12.04119,12.04056,12.039480000000001,12.03822,12.036510000000002,12.03453,12.03219,12.0294,12.026340000000001,12.02283,12.01896,12.01473,12.01005,12.00492,11.99943,11.993400000000001,11.98692,11.97999,11.97261,11.964690000000001,11.956230000000001,11.947320000000001,11.93778,11.9277,11.91708,11.90583,11.89404,11.881530000000001,11.86839,11.85453,11.84004,11.82492,11.808900000000001,11.79225,11.77479,11.75652,11.737440000000001,11.717459999999999,11.69667,11.67489,11.6523,11.628630000000001,11.60406,11.5785,11.551770000000001,11.52405,11.49525,11.465190000000002,11.43405,11.40165,11.36808,11.33316,11.29698,11.259450000000001,11.22057,11.18025,11.13849,11.0952,11.05047,11.00421,10.95642,10.90701,10.85607,10.803420000000001,10.74924,10.69335,10.63593,10.5768,10.51614,10.453859999999999,10.39014,10.324980000000002,10.258379999999999,10.190520000000001,10.12158,10.05156,9.980640000000001,9.90918,9.83727,9.765179999999999,9.69327,9.62181,9.551340000000001,9.48213,9.414629999999999,9.34956,9.28719,9.228240000000001,9.173340000000001,9.12303,9.07785,9.03861,9.00567,8.979614999999999,8.960958,8.950068000000002,8.947269,8.95275,8.966646,8.98893,9.01953,9.05823,9.10467,9.15858,9.219420000000001,9.28674,9.360000000000001,9.438659999999999,9.52209,9.60984,9.701369999999999,9.79605,9.89352,9.99324,10.094850000000001,10.1979,10.30203,10.40697,10.512450000000001,10.6182,10.72395,10.82961,10.935,11.039940000000001,11.144250000000001,11.24802,11.35098,11.45313,11.55447,11.65482,11.75427,11.852820000000001,11.95029,12.04677,12.14235,12.23685,12.33036,12.422880000000001,12.5145,12.605039999999999,12.69477,12.78342
16.38,16.33257,16.28532,16.23816,16.191180000000003,16.144379999999998,16.09767,16.05114,16.00479,15.95853,15.912539999999998,15.86673,15.821010000000001,15.775560000000002,15.730290000000002,15.685200000000002,15.64029,15.595559999999999,15.5511,15.506910000000001,15.462810000000001,15.419070000000001,15.37542,15.33213,15.28902,15.24618,15.203610000000001,15.16131,15.11928,15.077520000000002,15.036030000000002,14.994810000000001,14.95395,14.913359999999999,14.873040000000001,14.83308,14.79348,14.75424,14.71527,14.676660000000002,14.63841,14.60052,14.562990000000001,14.525820000000001,14.4891,14.452739999999999,14.416739999999999,14.38119,14.346,14.31126,14.27697,14.24304,14.20956,14.17653,14.14404,14.11191,14.08023,14.049,14.01822,13.98789,13.9581,13.92876,13.89987,13.87143,13.843530000000001,13.816080000000001,13.78908,13.76253,13.73652,13.710960000000002,13.68585,13.66128,13.637070000000001,13.6134,13.59018,13.56741,13.54509,13.52322,13.501800000000001,13.480830000000001,13.46022,13.44006,13.420350000000001,13.401000000000002,13.382010000000001,13.36347,13.34529,13.32747,13.31001,13.292910000000001,13.27617,13.2597,13.243500000000001,13.22775,13.21218,13.19688,13.181939999999999,13.16718,13.152690000000002,13.13847,13.12443,13.11057,13.09698,13.08348,13.070250000000001,13.05711,13.04415,13.03137,13.01868,13.00608,12.99357,12.981240000000001,12.968910000000001,12.956760000000001,12.944609999999999,12.93246,12.92049,12.908430000000001,12.89646,12.884490000000001,12.87252,12.86055,12.84858,12.83661,12.824639999999999,12.81267,12.800609999999999,12.78846,12.77631,12.76416,12.75192,12.73959,12.72717,12.71475,12.70224,12.68964,12.67695,12.66417,12.6513,12.638340000000001,12.625200000000001,12.612060000000001,12.59883,12.585510000000001,12.57201,12.558510000000002,12.544830000000001,12.531060000000002,12.517199999999999,12.50325,12.48912,12.47499,12.46068,12.44628,12.431790000000001,12.41721,12.40254,12.387780000000001,12.37293,12.35799,12.34296,12.32784,12.31263,12.29742,12.282029999999999,12.26664,12.251159999999999,12.23568,12.22002,12.20445,12.188699999999999,12.17304,12.157290000000001,12.14145,12.1257,12.10986,12.09402,12.07818,12.06234,12.0465,12.030660000000001,12.01482,11.99907,11.98332,11.96766,11.952,11.936430000000001,11.92095,11.905470000000001,11.89017,11.87487,11.85966,11.84463,11.82969,11.81484,11.800080000000001,11.7855,11.7711,11.75679,11.74266,11.728710000000001,11.71494,11.70135,11.68794,11.67471,11.66166,11.64888,11.63628,11.62386,11.61171,11.59983,11.58813,11.57661,11.56545,11.55447,11.54376,11.53332,11.523060000000001,11.513160000000001,11.503530000000001,11.49408,11.4849,11.476080000000001,11.46744,11.45907,11.45106,11.443230000000002,11.43567,11.42838,11.42136,11.41461,11.408130000000002,11.401919999999999,11.395890000000001,11.39022,11.38464,11.379420000000001,11.37438,11.36961,11.365020000000001,11.3607,11.35656,11.3526,11.34891,11.34531,11.34198,11.33883,11.33586,11.332980000000001,11.33037,11.32785,11.32551,11.323260000000001,11.321190000000001,11.3193,11.31741,11.315700000000001,11.31417,11.31264,11.31129,11.30994,11.30877,11.3076,11.306610000000001,11.30562,11.304720000000001,11.30382,11.303099999999999,11.30229,11.30166,11.301029999999999,11.3004,11.29986,11.29941,11.29896,11.29851,11.29815,11.29779,11.29752,11.29716,11.29698,11.296710000000001,11.29662,11.29644,11.29635,11.29626,11.29626,11.29626,11.29635,11.29653,11.296710000000001,11.29689,11.29716,11.29752,11.297970000000001,11.29842,11.299050000000001,11.29968,11.3004,11.301210000000001,11.30211,11.303099999999999,11.30427,11.30544,11.306790000000001,11.30823,11.309849999999999,11.311470000000002,11.31336,11.315339999999999,11.31741,11.31966,11.32209,11.32461,11.32731,11.33019,11.33325,11.33649,11.33991,11.34342,11.3472,11.35107,11.35521,11.359440000000001,11.36394,11.36853,11.37339,11.37843,11.383560000000001,11.38896,11.394540000000001,11.4003,11.40624,11.412270000000001,11.41857,11.42505,11.43162,11.43837,11.445300000000001,11.45241,11.459700000000002,11.46708,11.474549999999999,11.48229,11.49003,11.498040000000001,11.50605,11.51424,11.52252,11.53089,11.53935,11.5479,11.55654,11.565270000000002,11.57409,11.583,11.59191,11.600819999999999,11.609910000000001,11.618910000000001,11.628,11.63709,11.646270000000001,11.65536,11.66454,11.673630000000001,11.68272,11.6919,11.70099,11.709990000000001,11.71908,11.72808,11.73699,11.7459,11.75472,11.76354,11.77218,11.78082,11.78946,11.797920000000001,11.80629,11.81457,11.82285,11.83095,11.83896,11.84679,11.854619999999999,11.86227,11.86983,11.87721,11.884500000000001,11.89161,11.89863,11.905560000000001,11.912310000000002,11.91888,11.92527,11.93157,11.93769,11.94363,11.949390000000001,11.955060000000001,11.960460000000001,11.96577,11.97081,11.975760000000001,11.98044,11.98494,11.989260000000002,11.993400000000001,11.997359999999999,12.001050000000001,12.00456,12.007800000000001,12.01086,12.01374,12.01635,12.018690000000001,12.020760000000001,12.02265,12.024270000000001,12.02562,12.0267,12.027600000000001,12.02814,12.028410000000001,12.02832,12.02805,12.02742,12.026430000000001,12.025170000000001,12.02364,12.02175,12.01941,12.0168,12.013829999999999,12.0105,12.00672,12.00258,11.998080000000002,11.993129999999999,11.987729999999999,11.98197,11.975670000000001,11.96892,11.961720000000001,11.95407,11.94579,11.93706,11.92779,11.91798,11.907630000000001,11.896650000000001,11.88513,11.87289,11.86002,11.846520000000002,11.83239,11.81745,11.80188,11.7855,11.768400000000002,11.750490000000001,11.73177,11.712150000000001,11.69172,11.670390000000001,11.64807,11.62485,11.60064,11.57544,11.54916,11.5218,11.49327,11.463659999999999,11.43288,11.40084,11.36754,11.332980000000001,11.297070000000001,11.25981,11.221110000000001,11.18106,11.13948,11.09628,11.05164,11.005379999999999,10.957500000000001,10.908,10.8567,10.803780000000001,10.74906,10.69263,10.634490000000001,10.57446,10.51272,10.44918,10.38393,10.31706,10.24839,10.17828,10.10655,10.033560000000001,9.95922,9.883890000000001,9.80766,9.7308,9.653490000000001,9.57618,9.49923,9.422910000000002,9.34785,9.27441,9.20322,9.134820000000001,9.069930000000001,9.009179999999999,8.953227,8.902818,8.858619000000001,8.821296,8.791461,8.769663000000001,8.756361,8.751933000000001,8.756604,8.770518000000001,8.793657000000001,8.825895,8.866971000000001,8.916534,8.974124999999999,9.03924,9.11124,9.18954,9.2736,9.36261,9.45603,9.55323,9.65367,9.75681,9.862020000000001,9.96903,10.0773,10.18656,10.29645,10.40661,10.51677,10.626840000000001,10.736640000000001,10.84581,10.95444,11.06226,11.16927,11.27538,11.3805,11.48454,11.58759,11.68947,11.790360000000002,11.89008,11.98863,12.0861,12.18249,12.2778,12.37203,12.46518,12.557250000000002,12.64833,12.738420000000001
16.39107,16.34391,16.296840000000003,16.25004,16.203329999999998,16.15671,16.110270000000003,16.0641,16.01802,15.97212,15.926310000000003,15.88077,15.83541,15.79023,15.745230000000001,15.7005,15.655859999999999,15.61149,15.567300000000001,15.523380000000001,15.47964,15.436169999999999,15.392880000000002,15.34986,15.30711,15.26454,15.22233,15.1803,15.138539999999999,15.09714,15.05592,15.01506,14.974470000000002,14.934239999999999,14.89428,14.85459,14.815260000000002,14.77629,14.73768,14.69934,14.661360000000002,14.62374,14.58648,14.54967,14.513129999999999,14.47704,14.44131,14.40603,14.37111,14.336640000000001,14.30253,14.26887,14.23557,14.20272,14.17041,14.13846,14.10696,14.07582,14.04522,14.01507,13.985370000000001,13.95612,13.92741,13.89906,13.87125,13.8438,13.81689,13.790429999999999,13.76442,13.73886,13.713750000000001,13.68918,13.66497,13.641300000000001,13.61799,13.595130000000001,13.57281,13.55085,13.529250000000001,13.50819,13.487490000000001,13.46715,13.44726,13.42782,13.40865,13.389930000000001,13.37157,13.353570000000001,13.335930000000001,13.318560000000002,13.30155,13.2849,13.26852,13.25241,13.23666,13.22109,13.20588,13.19085,13.17609,13.161510000000002,13.147200000000002,13.13307,13.11921,13.10544,13.09185,13.078439999999999,13.06521,13.05207,13.03911,13.02624,13.01346,13.00077,12.98826,12.975750000000001,12.963330000000001,12.95091,12.938580000000002,12.926340000000001,12.914010000000001,12.90177,12.88953,12.87738,12.86514,12.8529,12.84066,12.82842,12.81609,12.80376,12.79143,12.77901,12.7665,12.75399,12.74139,12.72879,12.71601,12.70323,12.69036,12.6774,12.66444,12.6513,12.638069999999999,12.62475,12.61143,12.59793,12.58434,12.57066,12.55689,12.54303,12.52908,12.51504,12.500910000000001,12.486600000000001,12.472290000000001,12.4578,12.44331,12.42873,12.41397,12.39921,12.384360000000001,12.369330000000001,12.3543,12.33918,12.324060000000001,12.30876,12.29346,12.278070000000001,12.26259,12.247110000000001,12.23154,12.21597,12.2004,12.184650000000001,12.16899,12.15333,12.13758,12.121830000000001,12.10608,12.09033,12.074580000000001,12.05883,12.04308,12.02742,12.011759999999999,11.99619,11.98062,11.96505,11.94966,11.934270000000001,11.91897,11.90367,11.88855,11.873520000000001,11.85858,11.843820000000001,11.82906,11.81448,11.800080000000001,11.78577,11.77164,11.75769,11.74383,11.73024,11.71674,11.70342,11.69037,11.67741,11.66472,11.6523,11.63997,11.628,11.61612,11.6046,11.59317,11.5821,11.57121,11.560590000000001,11.55024,11.54007,11.53026,11.52063,11.51127,11.502180000000001,11.493360000000001,11.48481,11.47653,11.46843,11.46069,11.45313,11.44593,11.43891,11.432160000000001,11.42568,11.41938,11.41335,11.40759,11.4021,11.396790000000001,11.39175,11.386980000000001,11.3823,11.37798,11.37375,11.36979,11.36601,11.36241,11.35899,11.35584,11.352780000000001,11.349900000000002,11.3472,11.34459,11.34225,11.34,11.33784,11.33586,11.333969999999999,11.332170000000001,11.330549999999999,11.32902,11.32758,11.32623,11.325059999999999,11.32389,11.32281,11.32182,11.320829999999999,11.32002,11.31921,11.3184,11.317770000000001,11.31714,11.316510000000001,11.31597,11.315520000000001,11.31507,11.31471,11.314350000000001,11.31399,11.31372,11.31345,11.31327,11.31309,11.31291,11.31291,11.31282,11.31282,11.31282,11.31291,11.31309,11.31327,11.313540000000001,11.31381,11.31417,11.31453,11.31507,11.315610000000001,11.31624,11.316960000000002,11.317770000000001,11.31858,11.319569999999999,11.32065,11.32182,11.323080000000001,11.324430000000001,11.32596,11.32758,11.32929,11.33118,11.33316,11.33532,11.337570000000001,11.34,11.34252,11.345220000000001,11.3481,11.35116,11.35431,11.35764,11.36115,11.36484,11.36871,11.37276,11.376900000000001,11.38131,11.385810000000001,11.39058,11.39544,11.40048,11.4057,11.411100000000001,11.41668,11.42244,11.42838,11.4345,11.440710000000001,11.447099999999999,11.45367,11.46033,11.467260000000001,11.47419,11.48139,11.48868,11.49606,11.503530000000001,11.511180000000001,11.51901,11.526840000000002,11.53485,11.542860000000001,11.55105,11.559330000000001,11.56761,11.57598,11.58444,11.59299,11.60154,11.61018,11.618820000000001,11.62755,11.63628,11.645010000000001,11.65374,11.662469999999999,11.67129,11.68002,11.68884,11.697569999999999,11.70621,11.71494,11.72358,11.73222,11.74077,11.74932,11.75778,11.76615,11.77452,11.7828,11.79099,11.79909,11.8071,11.81502,11.82285,11.830589999999999,11.83824,11.8458,11.85327,11.86056,11.86776,11.874780000000001,11.88171,11.88855,11.89521,11.90178,11.90817,11.914380000000001,11.920499999999999,11.92644,11.93229,11.93787,11.94336,11.948670000000002,11.953800000000001,11.95875,11.96352,11.968110000000001,11.97252,11.97675,11.9808,11.984580000000001,11.98827,11.99169,11.99484,11.9979,12.00069,12.003210000000001,12.00555,12.00762,12.00951,12.01104,12.01239,12.01356,12.01437,12.01491,12.015179999999999,12.015179999999999,12.01491,12.01437,12.01347,12.0123,12.01077,12.00897,12.00681,12.004290000000001,12.00141,11.99817,11.99457,11.990520000000002,11.9862,11.98134,11.97621,11.97054,11.964419999999999,11.95794,11.95092,11.94345,11.93544,11.92698,11.91798,11.90835,11.89827,11.887559999999999,11.87631,11.86443,11.85183,11.83869,11.82483,11.81034,11.79504,11.77902,11.76228,11.74473,11.72637,11.7072,11.68713,11.66625,11.64438,11.62152,11.597760000000001,11.57292,11.54709,11.52018,11.4921,11.46294,11.43261,11.40093,11.36808,11.333969999999999,11.29842,11.26152,11.223180000000001,11.1834,11.142090000000001,11.09925,11.054789999999999,11.00871,10.960920000000002,10.91142,10.86012,10.80711,10.75221,10.69542,10.63674,10.576170000000001,10.513710000000001,10.44927,10.382850000000001,10.31454,10.244340000000001,10.17225,10.09836,10.02276,9.94554,9.866790000000002,9.78678,9.7056,9.62343,9.54072,9.45774,9.37476,9.29232,9.21078,9.13086,9.053099999999999,8.978102999999999,8.906625,8.839413,8.77725,8.720946,8.671275000000001,8.629029,8.594909999999999,8.569575,8.553573,8.547317999999999,8.551116,8.565102000000001,8.589248999999999,8.623413,8.66727,8.720388,8.782227,8.852157,8.929494,9.0135,9.1035,9.198630000000001,9.298350000000001,9.401760000000001,9.50841,9.61767,9.72891,9.84177,9.95562,10.07028,10.1853,10.300410000000001,10.41534,10.52991,10.64385,10.757069999999999,10.86939,10.980810000000002,11.09124,11.2005,11.308589999999999,11.41551,11.52117,11.62557,11.7288,11.830680000000001,11.93139,12.03084,12.12912,12.226140000000001,12.321990000000001,12.41667,12.51027,12.6027,12.694139999999999
16.40187,16.35489,16.30818,16.26156,16.21512,16.16877,16.122690000000002,16.0767,16.030890000000003,15.985259999999998,15.93981,15.89454,15.84945,15.804540000000001,15.75981,15.71535,15.671069999999999,15.62697,15.583139999999998,15.539490000000002,15.496020000000001,15.45282,15.40989,15.367140000000001,15.32466,15.282449999999999,15.240510000000002,15.198839999999999,15.157350000000001,15.11622,15.07536,15.034770000000002,14.994539999999999,14.95449,14.91489,14.875470000000002,14.8365,14.7978,14.75937,14.72139,14.68368,14.646330000000003,14.609340000000001,14.5728,14.536530000000003,14.50071,14.465250000000001,14.430150000000001,14.3955,14.36121,14.32728,14.2938,14.26077,14.228190000000001,14.19597,14.1642,14.13288,14.10192,14.0715,14.04144,14.01192,13.98276,13.95405,13.925880000000001,13.89807,13.870709999999999,13.84389,13.81743,13.79142,13.76595,13.74084,13.71618,13.69206,13.6683,13.6449,13.62204,13.59963,13.57758,13.55589,13.534740000000001,13.51386,13.49343,13.47345,13.453740000000002,13.434479999999999,13.41558,13.39704,13.37886,13.360949999999999,13.3434,13.326210000000001,13.30929,13.29273,13.27635,13.260330000000002,13.244580000000001,13.2291,13.2138,13.19877,13.18392,13.16934,13.15494,13.14081,13.12677,13.112910000000001,13.09923,13.08573,13.072320000000001,13.059,13.045860000000001,13.03281,13.01985,13.00698,12.994200000000001,12.98151,12.968820000000001,12.95622,12.94371,12.9312,12.918690000000002,12.906179999999999,12.89367,12.88125,12.86874,12.856230000000002,12.84381,12.83121,12.8187,12.806099999999999,12.7935,12.78081,12.76803,12.75525,12.74247,12.729510000000001,12.71655,12.7035,12.69036,12.67722,12.6639,12.650580000000001,12.63717,12.62367,12.609990000000002,12.59631,12.582540000000002,12.56868,12.554730000000001,12.540690000000001,12.52656,12.51225,12.49794,12.48354,12.46905,12.45447,12.4398,12.42513,12.41028,12.395340000000001,12.3804,12.36537,12.35025,12.335040000000001,12.31974,12.30444,12.28914,12.27366,12.258270000000001,12.2427,12.22722,12.21156,12.19599,12.18033,12.16467,12.14901,12.13335,12.11769,12.102030000000001,12.08637,12.07071,12.055140000000002,12.03957,12.024,12.00852,11.99304,11.97765,11.96226,11.94705,11.931840000000001,11.91672,11.90178,11.88684,11.87199,11.85732,11.842740000000001,11.82834,11.81403,11.799900000000001,11.78586,11.772,11.75832,11.744819999999999,11.73141,11.71827,11.70531,11.69253,11.67993,11.6676,11.65545,11.64348,11.631780000000001,11.62026,11.60901,11.59803,11.587230000000002,11.5767,11.56644,11.556360000000002,11.54655,11.53701,11.52774,11.518650000000001,11.509920000000001,11.50137,11.49309,11.48508,11.47734,11.46987,11.46258,11.45565,11.4489,11.44242,11.436119999999999,11.430090000000002,11.42433,11.41884,11.41353,11.4084,11.403540000000001,11.39895,11.394540000000001,11.390310000000001,11.38626,11.38248,11.37879,11.37537,11.37213,11.36907,11.3661,11.3634,11.360790000000001,11.358270000000001,11.356020000000001,11.35386,11.35179,11.349900000000002,11.3481,11.346390000000001,11.34486,11.34333,11.34198,11.34072,11.339550000000001,11.338470000000001,11.33739,11.33649,11.33559,11.33478,11.334060000000001,11.33334,11.33271,11.332080000000001,11.33163,11.33109,11.33064,11.33028,11.329920000000001,11.32965,11.32938,11.3292,11.32902,11.32893,11.32884,11.328750000000001,11.328750000000001,11.32884,11.32893,11.32902,11.3292,11.32947,11.32983,11.3301,11.330549999999999,11.331,11.33163,11.332170000000001,11.33289,11.3337,11.33451,11.335500000000001,11.33649,11.337570000000001,11.33883,11.34009,11.341529999999999,11.343060000000001,11.34477,11.346480000000001,11.34837,11.350439999999999,11.352509999999999,11.35485,11.35728,11.3598,11.3625,11.36538,11.368350000000001,11.3715,11.374830000000001,11.37825,11.38185,11.38563,11.38959,11.393730000000001,11.397960000000001,11.40246,11.40705,11.41182,11.41677,11.421809999999999,11.42712,11.43252,11.4381,11.44386,11.44971,11.45574,11.46195,11.46834,11.474820000000001,11.48139,11.48814,11.49507,11.502089999999999,11.5092,11.51649,11.52387,11.53134,11.5389,11.54655,11.554290000000002,11.56221,11.57013,11.57814,11.58615,11.59434,11.60253,11.61072,11.619,11.62728,11.63565,11.64402,11.65239,11.66085,11.66922,11.67759,11.686050000000002,11.694420000000001,11.70279,11.71116,11.71944,11.72772,11.735999999999999,11.74419,11.75229,11.760390000000001,11.76849,11.77641,11.78433,11.792159999999999,11.799900000000001,11.80755,11.81511,11.82267,11.830050000000002,11.83734,11.84445,11.851560000000001,11.85849,11.86533,11.87208,11.87865,11.88513,11.89152,11.89773,11.90376,11.9097,11.91546,11.92113,11.92653,11.931840000000001,11.93706,11.94201,11.94687,11.95146,11.95596,11.96028,11.964419999999999,11.96829,11.97207,11.97558,11.97891,11.98206,11.985030000000002,11.987729999999999,11.99025,11.9925,11.99457,11.99637,11.99799,11.99934,12.00042,12.00123,12.00177,12.00213,12.00213,12.00195,12.00141,12.0006,11.99943,11.99799,11.99628,11.99421,11.99178,11.98899,11.985840000000001,11.982420000000001,11.97855,11.97432,11.96964,11.9646,11.959200000000001,11.95326,11.94696,11.94012,11.932920000000001,11.92518,11.9169,11.90808,11.898810000000001,11.889000000000001,11.87856,11.86758,11.85597,11.843820000000001,11.83095,11.81745,11.80323,11.78838,11.77272,11.75634,11.73924,11.72133,11.702520000000002,11.6829,11.66238,11.64096,11.61864,11.595329999999999,11.57094,11.54556,11.51919,11.49156,11.46285,11.432970000000001,11.401919999999999,11.36952,11.33586,11.30076,11.2644,11.226510000000001,11.18718,11.146230000000001,11.10375,11.059650000000001,11.01393,10.966410000000002,10.91718,10.86606,10.81305,10.75824,10.70136,10.6425,10.581660000000001,10.51875,10.45368,10.38654,10.31724,10.24578,10.17225,10.09665,10.018979999999999,9.93933,9.85779,9.77445,9.68949,9.60318,9.51561,9.427050000000001,9.337950000000001,9.24867,9.15957,9.07128,8.984259,8.89929,8.817039,8.738316,8.663958000000001,8.594865,8.531955,8.476146,8.428338,8.389386,8.360055000000001,8.340993000000001,8.332704,8.33553,8.349642000000001,8.375013,8.411427000000002,8.458506,8.515728,8.582427000000001,8.657856,8.741214000000001,8.831628,8.928261,9.030240000000001,9.1368,9.24714,9.36063,9.476460000000001,9.59418,9.71325,9.83313,9.95346,10.073970000000001,10.19421,10.314000000000002,10.43325,10.55151,10.66887,10.78515,10.90026,11.01402,11.126520000000001,11.23767,11.347380000000001,11.45574,11.562660000000001,11.668230000000001,11.772359999999999,11.87514,11.97657,12.07665,12.17547,12.27294,12.369240000000001,12.46419,12.558060000000001,12.65076
16.41231,16.36569,16.31916,16.27281,16.22664,16.18056,16.13466,16.08894,16.043490000000002,15.998130000000002,15.952950000000001,15.90795,15.863129999999998,15.81849,15.774030000000002,15.72984,15.68583,15.64209,15.598440000000002,15.555060000000001,15.511949999999999,15.46902,15.42636,15.38397,15.341759999999999,15.29982,15.258240000000002,15.21675,15.175619999999999,15.134850000000002,15.09426,15.05394,15.013980000000002,14.974290000000002,14.93487,14.895809999999999,14.85702,14.81859,14.78052,14.74281,14.705370000000002,14.668290000000002,14.631570000000002,14.59521,14.55921,14.52366,14.48838,14.45355,14.419080000000001,14.384970000000001,14.35131,14.318100000000001,14.285250000000001,14.25276,14.22072,14.18913,14.15799,14.12721,14.09688,14.067,14.03757,14.0085,13.979880000000001,13.9518,13.92408,13.89681,13.86999,13.84362,13.81761,13.79214,13.76703,13.74237,13.718160000000001,13.6944,13.671,13.648050000000001,13.62555,13.60341,13.58172,13.56039,13.53942,13.5189,13.49874,13.47894,13.4595,13.44042,13.421700000000001,13.40334,13.385250000000001,13.36752,13.350150000000001,13.33305,13.31622,13.299660000000001,13.28337,13.26735,13.2516,13.23612,13.22082,13.2057,13.19085,13.17618,13.16178,13.14747,13.133339999999999,13.11939,13.10562,13.09194,13.07835,13.06494,13.05162,13.03839,13.02525,13.0122,12.99924,12.98628,12.97341,12.96063,12.94785,12.93507,12.92238,12.9096,12.89691,12.88422,12.871440000000002,12.85875,12.845970000000001,12.83319,12.820409999999999,12.807540000000001,12.79467,12.7818,12.76875,12.75579,12.742650000000001,12.729510000000001,12.716280000000001,12.70305,12.68973,12.67623,12.66273,12.649230000000001,12.63555,12.621780000000001,12.60801,12.594149999999999,12.58011,12.566070000000002,12.55194,12.53772,12.52341,12.50901,12.49452,12.48003,12.46536,12.45069,12.43584,12.42099,12.40605,12.39111,12.37599,12.36087,12.34566,12.33045,12.315150000000001,12.29985,12.284370000000001,12.268979999999999,12.2535,12.23802,12.22245,12.20688,12.19131,12.175740000000001,12.16017,12.14451,12.12894,12.113370000000002,12.097800000000001,12.08223,12.06666,12.05118,12.03579,12.02031,12.00501,11.98971,11.9745,11.959290000000001,11.94426,11.92923,11.914380000000001,11.89953,11.88486,11.87028,11.855879999999999,11.841569999999999,11.827350000000001,11.81331,11.79945,11.785680000000001,11.77218,11.75877,11.74554,11.73249,11.71962,11.70693,11.694510000000001,11.68227,11.67021,11.65833,11.64672,11.635290000000001,11.62413,11.613240000000001,11.60253,11.59209,11.58183,11.57184,11.56212,11.552669999999999,11.5434,11.534400000000002,11.52567,11.51721,11.509020000000001,11.50101,11.49327,11.485800000000001,11.4786,11.47158,11.46483,11.458350000000001,11.45214,11.446110000000001,11.440349999999999,11.43477,11.42946,11.42433,11.41947,11.41479,11.41038,11.40615,11.4021,11.39823,11.394540000000001,11.39112,11.38779,11.38464,11.38167,11.37888,11.37627,11.37375,11.371410000000001,11.36916,11.367090000000001,11.3652,11.36331,11.361600000000001,11.36007,11.35854,11.3571,11.35584,11.35467,11.3535,11.352509999999999,11.35152,11.350620000000001,11.349810000000002,11.34909,11.34837,11.34774,11.3472,11.34666,11.34621,11.34576,11.3454,11.345130000000001,11.34486,11.34459,11.344410000000002,11.34432,11.34423,11.34414,11.34414,11.34423,11.34432,11.344410000000002,11.34468,11.34486,11.345220000000001,11.34558,11.34594,11.346480000000001,11.347019999999999,11.34756,11.348279999999999,11.349,11.349810000000002,11.350710000000001,11.3517,11.352780000000001,11.353950000000001,11.35521,11.35656,11.35809,11.359620000000001,11.36133,11.36313,11.365020000000001,11.367,11.36916,11.3715,11.373930000000001,11.37645,11.37915,11.38194,11.384910000000001,11.38806,11.391300000000001,11.39472,11.39832,11.40201,11.40588,11.40993,11.41407,11.418389999999999,11.42289,11.427570000000001,11.43234,11.43729,11.44242,11.44773,11.45313,11.45862,11.46438,11.47023,11.47626,11.482380000000001,11.48859,11.49498,11.50155,11.50821,11.51496,11.5218,11.52882,11.53593,11.54313,11.55042,11.5578,11.565270000000002,11.57274,11.580390000000001,11.58813,11.59587,11.60361,11.61153,11.61936,11.62737,11.635290000000001,11.6433,11.65131,11.659320000000001,11.667420000000002,11.67543,11.683530000000001,11.691540000000002,11.69955,11.70756,11.715570000000001,11.72358,11.7315,11.739329999999999,11.747160000000001,11.75499,11.76273,11.770380000000001,11.778030000000001,11.7855,11.79297,11.80044,11.80773,11.81493,11.822040000000001,11.82906,11.83599,11.84283,11.84958,11.856240000000001,11.86272,11.869110000000001,11.87532,11.881530000000001,11.88747,11.893410000000001,11.89908,11.90466,11.91015,11.91546,11.92059,11.92563,11.93049,11.935170000000001,11.93967,11.943990000000001,11.948220000000001,11.95218,11.95605,11.959650000000002,11.96307,11.96631,11.969370000000001,11.97225,11.97495,11.97738,11.97963,11.981610000000002,11.98341,11.98494,11.98629,11.98737,11.98818,11.98881,11.98908,11.989170000000001,11.98899,11.98845,11.987729999999999,11.986650000000001,11.9853,11.98359,11.981610000000002,11.97927,11.97657,11.973600000000001,11.970270000000001,11.96658,11.96244,11.95794,11.95308,11.94777,11.9421,11.93598,11.929409999999999,11.92239,11.91483,11.90682,11.89836,11.88927,11.87973,11.86965,11.85894,11.84769,11.83581,11.823300000000001,11.810160000000002,11.7963,11.78181,11.7666,11.750580000000001,11.733839999999999,11.716380000000001,11.69802,11.67885,11.65887,11.6379,11.61603,11.59317,11.569410000000001,11.54448,11.51856,11.49156,11.46339,11.43405,11.403540000000001,11.37168,11.33856,11.30409,11.268180000000001,11.23092,11.19204,11.151720000000001,11.10978,11.066130000000001,11.02086,10.97379,10.92492,10.87416,10.82151,10.76688,10.71018,10.65141,10.590570000000001,10.52748,10.46214,10.39455,10.32471,10.25253,10.17792,10.10106,10.02186,9.94032,9.856530000000001,9.77049,9.68247,9.59247,9.500670000000001,9.407340000000001,9.312750000000001,9.217260000000001,9.12114,9.02502,8.929314,8.834706,8.741907,8.6517,8.564985,8.482698,8.405865,8.335539,8.2728,8.21871,8.174259,8.140374,8.117837999999999,8.107245,8.109009,8.123327999999999,8.150148000000002,8.189217000000001,8.240058000000001,8.302014000000002,8.374302,8.456022,8.546193,8.643825000000001,8.747919000000001,8.857512,8.971677,9.089550000000001,9.210420000000001,9.333450000000001,9.4581,9.58374,9.71001,9.83637,9.96264,10.08828,10.2132,10.33722,10.46007,10.581660000000001,10.70181,10.82061,10.93788,11.05371,11.16783,11.28042,11.39148,11.50092,11.60883,11.71521,11.82006,11.923380000000002,12.02535,12.12588,12.224969999999999,12.32271,12.41919,12.51441,12.60837
16.42257,16.37613,16.329870000000003,16.28379,16.237800000000004,16.19199,16.14636,16.100910000000002,16.05564,16.010550000000002,15.96564,15.920910000000001,15.87636,15.832080000000001,15.78789,15.743970000000001,15.700230000000001,15.65667,15.61338,15.57036,15.52743,15.484860000000001,15.44247,15.40035,15.358410000000001,15.31683,15.27543,15.2343,15.193439999999999,15.15285,15.11253,15.072569999999999,15.032879999999999,14.993460000000002,14.95431,14.91552,14.87709,14.838840000000001,14.801039999999999,14.76351,14.72643,14.68953,14.65308,14.61699,14.58126,14.54589,14.51088,14.476230000000001,14.44203,14.408100000000001,14.37462,14.34159,14.30892,14.27661,14.244750000000002,14.21334,14.18229,14.15169,14.121450000000001,14.091750000000001,14.06241,14.033430000000001,14.00499,13.97691,13.94928,13.92201,13.89528,13.868910000000001,13.84299,13.81752,13.79241,13.76775,13.74354,13.71969,13.69629,13.673250000000001,13.65066,13.62852,13.60665,13.58523,13.56426,13.543560000000001,13.52331,13.50333,13.4838,13.46454,13.445640000000001,13.427100000000001,13.40883,13.39092,13.37328,13.356,13.3389,13.32216,13.30569,13.2894,13.273470000000001,13.25772,13.24215,13.22685,13.211730000000001,13.19688,13.182120000000001,13.167539999999999,13.153229999999999,13.13901,13.12488,13.11093,13.09716,13.08348,13.069890000000001,13.05639,13.04298,13.02966,13.01643,13.00329,12.99015,12.9771,12.96405,12.951,12.93804,12.925080000000001,12.91212,12.89925,12.886289999999999,12.87333,12.860370000000001,12.847320000000002,12.83436,12.82131,12.80826,12.795119999999999,12.781979999999999,12.76875,12.75543,12.7422,12.72879,12.71538,12.701880000000001,12.68829,12.674610000000001,12.66093,12.647160000000001,12.6333,12.61935,12.605400000000001,12.59127,12.57714,12.56292,12.54861,12.53421,12.51972,12.505230000000001,12.49056,12.47589,12.46113,12.44628,12.43143,12.41649,12.40146,12.38634,12.37122,12.35601,12.3408,12.3255,12.31011,12.29481,12.279330000000002,12.26394,12.248460000000001,12.23298,12.21741,12.20193,12.18636,12.17079,12.15531,12.13974,12.12426,12.108690000000001,12.09321,12.077820000000001,12.062429999999999,12.04704,12.031740000000001,12.01644,12.00123,11.98611,11.97108,11.95614,11.9412,11.92644,11.91177,11.89719,11.8827,11.86839,11.85417,11.84013,11.82618,11.81241,11.798820000000001,11.78532,11.77209,11.75895,11.74599,11.733300000000002,11.7207,11.70837,11.69622,11.68425,11.672460000000001,11.66094,11.649690000000001,11.63853,11.627730000000001,11.61711,11.606670000000001,11.596589999999999,11.5866,11.576970000000001,11.56752,11.55834,11.549430000000001,11.540700000000001,11.532330000000002,11.524140000000001,11.51613,11.50848,11.50101,11.49381,11.48679,11.480129999999999,11.473650000000001,11.46735,11.46132,11.45556,11.449980000000002,11.44467,11.43954,11.43468,11.43,11.425500000000001,11.421270000000002,11.41713,11.413260000000001,11.40957,11.406060000000002,11.40273,11.39958,11.39661,11.393730000000001,11.39112,11.3886,11.386170000000002,11.38392,11.38185,11.37987,11.37798,11.37627,11.37465,11.37312,11.37168,11.370420000000001,11.36916,11.36799,11.367,11.36601,11.365110000000001,11.3643,11.36358,11.362860000000001,11.36223,11.361690000000001,11.36115,11.3607,11.36034,11.35998,11.35971,11.359440000000001,11.359259999999999,11.35917,11.35899,11.35899,11.35899,11.35899,11.35917,11.359259999999999,11.359440000000001,11.35971,11.35998,11.36034,11.360790000000001,11.36124,11.36178,11.36241,11.36304,11.363760000000001,11.36457,11.36547,11.366370000000002,11.36745,11.36862,11.36979,11.37105,11.37249,11.37402,11.37555,11.377260000000001,11.37915,11.38104,11.38311,11.38527,11.38752,11.38995,11.392470000000001,11.39517,11.397960000000001,11.40093,11.40399,11.40723,11.41056,11.41407,11.41767,11.42154,11.425410000000001,11.42955,11.43378,11.4381,11.44269,11.447370000000001,11.45214,11.45709,11.46222,11.46753,11.47284,11.47842,11.48409,11.48985,11.49579,11.50182,11.50803,11.51433,11.52072,11.5272,11.53386,11.540610000000001,11.547450000000001,11.554290000000002,11.56131,11.56842,11.57562,11.58282,11.590200000000001,11.59758,11.60496,11.61243,11.61999,11.62755,11.635200000000001,11.642850000000001,11.650500000000001,11.658150000000001,11.66589,11.67354,11.681280000000001,11.688930000000001,11.69667,11.70432,11.711969999999999,11.71962,11.72727,11.73483,11.7423,11.749770000000002,11.75724,11.76462,11.77191,11.7792,11.7864,11.79351,11.80053,11.80746,11.814390000000001,11.821140000000002,11.8278,11.83446,11.84094,11.847330000000001,11.85354,11.85975,11.86578,11.87172,11.87748,11.88324,11.88873,11.89413,11.89944,11.90457,11.909519999999999,11.914380000000001,11.91906,11.92365,11.92797,11.9322,11.93625,11.94012,11.943900000000001,11.947410000000001,11.950740000000001,11.95389,11.956859999999999,11.959650000000002,11.96226,11.9646,11.96685,11.96874,11.97054,11.97207,11.973329999999999,11.97441,11.97522,11.97585,11.97621,11.97621,11.97603,11.97558,11.974860000000001,11.97387,11.97252,11.97099,11.96901,11.96685,11.96424,11.96136,11.95812,11.95452,11.95056,11.94624,11.94156,11.936430000000001,11.930940000000001,11.925,11.918610000000001,11.91186,11.90457,11.896740000000001,11.88855,11.87982,11.87046,11.86065,11.8503,11.83932,11.8278,11.815650000000002,11.80287,11.78937,11.77533,11.76048,11.744909999999999,11.728620000000001,11.71152,11.6937,11.674980000000001,11.65545,11.635019999999999,11.61369,11.591370000000001,11.568060000000001,11.54376,11.51838,11.49201,11.46438,11.43567,11.4057,11.374469999999999,11.34198,11.30814,11.27295,11.23623,11.19807,11.15829,11.11698,11.07396,11.02932,10.98279,10.93446,10.88433,10.832130000000001,10.77795,10.72161,10.663200000000002,10.60254,10.539629999999999,10.47438,10.4067,10.33659,10.26396,10.18881,10.11114,10.03086,9.94797,9.86256,9.77454,9.684,9.59112,9.49581,9.39852,9.29916,9.19827,9.09594,8.992674000000001,8.888949,8.785332,8.682471,8.581149000000002,8.482221000000001,8.386668,8.295561000000001,8.21007,8.131401,8.060823,7.999569,7.948845,7.909758,7.883235,7.870014,7.870608,7.8852150000000005,7.9137900000000005,7.955991,8.011233,8.078706,8.157438,8.246349,8.344278000000001,8.450054999999999,8.56251,8.680536,8.803089,8.929233,9.058050000000001,9.18891,9.32094,9.453780000000002,9.58671,9.71946,9.85167,9.98298,10.11321,10.242090000000001,10.36953,10.49544,10.61973,10.74231,10.86309,10.98216,11.099430000000002,11.2149,11.328570000000001,11.44053,11.55078,11.659320000000001,11.766240000000002,11.87154,11.97522,12.07746,12.17808,12.27735,12.37527,12.47175,12.566970000000001
16.43247,16.386300000000002,16.34022,16.294410000000003,16.24869,16.20315,16.15779,16.11261,16.06752,16.0227,15.97806,15.9336,15.889320000000001,15.84522,15.80139,15.757650000000002,15.71418,15.670979999999998,15.62796,15.585120000000002,15.54255,15.500160000000001,15.45804,15.416190000000002,15.374609999999999,15.33321,15.29208,15.251310000000002,15.21072,15.170400000000003,15.13035,15.09066,15.051150000000002,15.01209,14.973210000000002,14.934690000000002,14.89644,14.85855,14.82093,14.78367,14.746770000000001,14.71023,14.673960000000001,14.638140000000002,14.602590000000001,14.567400000000001,14.532660000000002,14.498190000000001,14.464170000000001,14.43051,14.397210000000001,14.36436,14.33187,14.29974,14.26806,14.236740000000001,14.20587,14.175360000000001,14.1453,14.11569,14.08644,14.057640000000001,14.0292,14.00121,13.97367,13.94649,13.91976,13.89339,13.867560000000001,13.842,13.816980000000001,13.79232,13.76802,13.74417,13.72077,13.69764,13.67505,13.65273,13.63086,13.60935,13.5882,13.56741,13.54698,13.526909999999999,13.5072,13.48785,13.46877,13.45005,13.43169,13.4136,13.39578,13.37823,13.360949999999999,13.34403,13.32729,13.31082,13.29462,13.278599999999999,13.26285,13.24737,13.23198,13.21686,13.20183,13.18707,13.172490000000002,13.158,13.143690000000001,13.129470000000001,13.11543,13.10148,13.087620000000001,13.07385,13.06026,13.04667,13.03317,13.01976,13.00635,12.993030000000001,12.979800000000001,12.966569999999999,12.95334,12.9402,12.92697,12.913829999999999,12.900689999999999,12.88746,12.87432,12.86109,12.847859999999999,12.83463,12.8214,12.80808,12.79476,12.78135,12.767940000000001,12.75444,12.74094,12.727260000000001,12.71367,12.699900000000001,12.68613,12.67236,12.65841,12.64446,12.630419999999999,12.616290000000001,12.60207,12.58785,12.57354,12.55914,12.544649999999999,12.53016,12.51549,12.50082,12.48615,12.4713,12.45645,12.441510000000001,12.42648,12.41145,12.39633,12.38121,12.366,12.35079,12.33549,12.3201,12.3048,12.28941,12.27393,12.25854,12.243060000000002,12.22758,12.212100000000001,12.196530000000001,12.181049999999999,12.16557,12.15009,12.1347,12.11922,12.10383,12.08844,12.07314,12.05784,12.042629999999999,12.02742,12.0123,11.99727,11.982330000000001,11.96748,11.95272,11.93796,11.923380000000002,11.908980000000001,11.894580000000001,11.88036,11.86623,11.85228,11.838510000000001,11.82483,11.81133,11.797920000000001,11.784780000000001,11.771730000000002,11.75886,11.74626,11.73375,11.72151,11.70945,11.697569999999999,11.685960000000001,11.67453,11.66328,11.6523,11.6415,11.63097,11.62062,11.61054,11.60073,11.591099999999999,11.581740000000002,11.57256,11.563649999999999,11.555010000000001,11.54664,11.53845,11.53053,11.52288,11.5155,11.5083,11.50128,11.494620000000001,11.48814,11.48184,11.4759,11.47005,11.46456,11.45916,11.45403,11.44917,11.444490000000002,11.43999,11.43567,11.43162,11.42766,11.42397,11.42046,11.417040000000002,11.41389,11.410829999999999,11.40804,11.405339999999999,11.40273,11.40039,11.398050000000001,11.39598,11.39391,11.39211,11.390310000000001,11.38869,11.38716,11.385720000000001,11.38437,11.38311,11.38203,11.38095,11.379959999999999,11.37906,11.37825,11.37753,11.37681,11.37618,11.37564,11.37519,11.374740000000001,11.37438,11.37402,11.373840000000001,11.37357,11.37339,11.3733,11.3733,11.3733,11.3733,11.37339,11.37357,11.37375,11.373930000000001,11.37429,11.37465,11.37501,11.37546,11.376000000000001,11.37663,11.377260000000001,11.37798,11.37879,11.3796,11.3805,11.381580000000001,11.38266,11.38383,11.38509,11.38635,11.38779,11.38932,11.39103,11.39274,11.394540000000001,11.39652,11.39859,11.40075,11.403,11.40543,11.40795,11.41056,11.41335,11.416319999999999,11.41929,11.422530000000002,11.42577,11.42919,11.432789999999999,11.436480000000001,11.440349999999999,11.4444,11.44854,11.452770000000001,11.457180000000001,11.461680000000001,11.466450000000002,11.471219999999999,11.476170000000002,11.4813,11.48652,11.49183,11.49732,11.5029,11.50866,11.514510000000001,11.52045,11.52648,11.53269,11.5389,11.54529,11.551770000000001,11.55834,11.565,11.57175,11.57859,11.58543,11.59245,11.59947,11.60649,11.6136,11.620800000000001,11.628,11.635290000000001,11.64258,11.64987,11.657250000000001,11.66454,11.67192,11.679300000000001,11.68668,11.69397,11.70135,11.70864,11.71602,11.72331,11.730509999999999,11.73771,11.744909999999999,11.75202,11.75913,11.76615,11.77317,11.78001,11.786850000000001,11.793690000000002,11.80035,11.80692,11.81349,11.819880000000001,11.826270000000001,11.83248,11.83869,11.84472,11.850660000000001,11.85651,11.86218,11.86776,11.87325,11.87865,11.88387,11.88891,11.89386,11.89872,11.903400000000001,11.9079,11.912310000000002,11.916540000000001,11.92059,11.92455,11.92833,11.93193,11.93535,11.938590000000001,11.94165,11.94453,11.94723,11.94975,11.952,11.954160000000002,11.95605,11.95776,11.959200000000001,11.960550000000001,11.96154,11.962349999999999,11.96298,11.96325,11.96334,11.96325,11.9628,11.96208,11.96118,11.95992,11.958390000000001,11.9565,11.95434,11.95191,11.94912,11.946060000000001,11.94255,11.93877,11.93454,11.93004,11.92509,11.91978,11.91402,11.9079,11.90124,11.89422,11.88675,11.87874,11.870190000000001,11.86128,11.85174,11.841660000000001,11.83104,11.819790000000001,11.808,11.79558,11.78253,11.76885,11.75436,11.73924,11.7234,11.70684,11.68947,11.6712,11.65221,11.63223,11.61144,11.58966,11.566980000000001,11.543310000000002,11.518469999999999,11.49273,11.465729999999999,11.437650000000001,11.40831,11.3778,11.34603,11.31282,11.27826,11.24235,11.20491,11.165849999999999,11.12526,11.08296,11.03904,10.99323,10.94562,10.89612,10.84455,10.791,10.73529,10.67742,10.617210000000002,10.55475,10.48977,10.42236,10.352430000000002,10.279800000000002,10.20456,10.12644,10.04562,9.96192,9.87543,9.78597,9.693719999999999,9.598590000000002,9.500670000000001,9.40005,9.29691,9.19143,9.08379,8.974377,8.863542,8.751771,8.639658,8.527887,8.417285999999999,8.3088,8.2035,8.102583,8.007381,7.919289000000001,7.839783,7.770348,7.7124239999999995,7.667333999999999,7.636221000000001,7.6200030000000005,7.6192649999999995,7.634286,7.664976000000001,7.710903,7.771311000000001,7.845219,7.931421,8.028603,8.135379,8.250345,8.372169,8.499573,8.631387,8.76654,8.904105,9.04329,9.18324,9.323550000000001,9.46368,9.60309,9.74151,9.87867,10.0143,10.14831,10.280520000000001,10.41084,10.53918,10.66554,10.78983,10.912230000000001,11.03247,11.15082,11.26719,11.38167,11.49417,11.60487,11.71377,11.82096,11.92644,12.0303,12.13254,12.23325,12.33252,12.43026,12.52674
16.4421,16.3962,16.35039,16.304759999999998,16.25922,16.21395,16.16886,16.12386,16.07913,16.034489999999998,15.990120000000001,15.94593,15.901830000000002,15.858,15.814440000000001,15.77097,15.727770000000001,15.684840000000001,15.642,15.59952,15.557129999999999,15.5151,15.47325,15.43167,15.390270000000001,15.34914,15.30837,15.267780000000002,15.22746,15.18741,15.147630000000001,15.10821,15.068970000000002,15.03009,14.99148,14.95323,14.915250000000002,14.87763,14.84028,14.8032,14.76657,14.730210000000001,14.694209999999998,14.65857,14.62329,14.58837,14.55372,14.51952,14.485679999999999,14.4522,14.419080000000001,14.38641,14.3541,14.32215,14.29056,14.25942,14.22864,14.198310000000001,14.16834,14.138819999999999,14.10966,14.08095,14.052600000000002,14.024700000000001,13.997160000000001,13.97007,13.94343,13.91715,13.89123,13.86576,13.84074,13.815990000000001,13.79178,13.76784,13.74435,13.72131,13.69854,13.67622,13.65426,13.63266,13.611419999999999,13.59054,13.57002,13.54977,13.52997,13.51044,13.49118,13.472280000000001,13.453740000000002,13.43547,13.417470000000002,13.399740000000001,13.382370000000002,13.365179999999999,13.34826,13.331610000000001,13.315140000000001,13.29894,13.28292,13.26717,13.2516,13.23621,13.221,13.205969999999999,13.191120000000002,13.17636,13.16187,13.14738,13.13307,13.11894,13.10481,13.090860000000001,13.07691,13.06314,13.04946,13.035779999999999,13.02219,13.008600000000001,12.9951,12.9816,12.96819,12.95478,12.941370000000001,12.92805,12.91464,12.90123,12.887910000000002,12.8745,12.86109,12.84768,12.83418,12.820680000000001,12.80718,12.79359,12.78,12.76632,12.752640000000001,12.73896,12.7251,12.71124,12.69738,12.683430000000001,12.66939,12.65526,12.64113,12.62691,12.6126,12.59829,12.5838,12.5694,12.55482,12.54024,12.52557,12.510810000000001,12.49596,12.481110000000001,12.46626,12.45123,12.4362,12.42117,12.40605,12.39084,12.375630000000001,12.360330000000001,12.34512,12.32973,12.314430000000002,12.29904,12.283560000000001,12.26817,12.252690000000001,12.2373,12.221820000000001,12.20634,12.19095,12.17547,12.16008,12.14469,12.1293,12.113909999999999,12.09861,12.083400000000001,12.068190000000001,12.052980000000002,12.03795,12.022920000000001,12.00798,11.99304,11.978280000000002,11.96361,11.94903,11.93454,11.92014,11.90592,11.89179,11.87775,11.86389,11.85012,11.83662,11.82312,11.80989,11.79684,11.78388,11.77119,11.75859,11.74626,11.734020000000001,11.72205,11.71026,11.69874,11.687310000000002,11.67624,11.66526,11.65455,11.644110000000001,11.63385,11.62377,11.61405,11.604420000000001,11.59515,11.58606,11.57724,11.5686,11.56023,11.55213,11.54421,11.536560000000001,11.52918,11.52198,11.51505,11.50839,11.50191,11.4957,11.48967,11.48391,11.47833,11.47302,11.46789,11.46294,11.458260000000001,11.45376,11.449440000000001,11.445300000000001,11.44143,11.437650000000001,11.43414,11.430719999999999,11.427480000000001,11.42451,11.42163,11.41884,11.416319999999999,11.41389,11.411550000000002,11.40948,11.407409999999999,11.405520000000001,11.40372,11.4021,11.40057,11.39913,11.39778,11.39652,11.39535,11.394359999999999,11.39337,11.392470000000001,11.391660000000002,11.390939999999999,11.39022,11.38968,11.389140000000001,11.3886,11.388240000000001,11.387880000000001,11.38761,11.38734,11.38716,11.387070000000001,11.386980000000001,11.386980000000001,11.386980000000001,11.387070000000001,11.38725,11.38743,11.3877,11.38797,11.388330000000002,11.38869,11.389140000000001,11.38968,11.39022,11.39085,11.39157,11.392380000000001,11.39319,11.39409,11.39508,11.39616,11.39724,11.3985,11.39976,11.40111,11.402640000000002,11.40417,11.40579,11.40759,11.40939,11.41137,11.41344,11.4156,11.41794,11.42028,11.4228,11.425410000000001,11.4282,11.43108,11.43405,11.4372,11.44044,11.443769999999999,11.447280000000001,11.45097,11.454749999999999,11.45862,11.462670000000001,11.46681,11.47113,11.47554,11.480039999999999,11.48472,11.48949,11.494439999999999,11.49948,11.5047,11.51001,11.515410000000001,11.520900000000001,11.52657,11.53224,11.53809,11.544030000000001,11.55015,11.55627,11.56248,11.56878,11.57517,11.58165,11.58813,11.594790000000001,11.60145,11.6082,11.61495,11.62179,11.628630000000001,11.63556,11.64249,11.64951,11.65644,11.66346,11.67048,11.6775,11.68452,11.691540000000002,11.69856,11.70558,11.7126,11.719529999999999,11.726550000000001,11.73339,11.74032,11.747160000000001,11.753910000000001,11.76066,11.76732,11.77398,11.78055,11.78703,11.79342,11.79981,11.80602,11.812230000000001,11.81835,11.82438,11.83023,11.836079999999999,11.841750000000001,11.84742,11.85291,11.858310000000001,11.863529999999999,11.86875,11.87379,11.87865,11.88342,11.8881,11.8926,11.89692,11.90115,11.905289999999999,11.90916,11.912939999999999,11.916630000000001,11.92005,11.923380000000002,11.92653,11.9295,11.93229,11.934899999999999,11.937330000000001,11.93949,11.94156,11.94345,11.94507,11.94651,11.94777,11.94876,11.949570000000001,11.95011,11.95047,11.95056,11.950380000000001,11.95002,11.949390000000001,11.9484,11.94723,11.94579,11.943990000000001,11.941920000000001,11.93958,11.93688,11.933910000000001,11.93058,11.92689,11.92284,11.918429999999999,11.91375,11.90853,11.90304,11.89701,11.89071,11.88387,11.876579999999999,11.86884,11.86065,11.85192,11.842740000000001,11.832930000000001,11.82267,11.81178,11.80035,11.78829,11.7756,11.76228,11.74833,11.73366,11.71827,11.70207,11.68524,11.66751,11.64897,11.62962,11.60937,11.58813,11.566080000000001,11.54295,11.518830000000001,11.49363,11.46735,11.4399,11.41137,11.381490000000001,11.350439999999999,11.31804,11.28429,11.24901,11.21238,11.174220000000002,11.13435,11.09295,11.04975,11.004840000000002,10.95804,10.90935,10.85859,10.805850000000001,10.75095,10.6938,10.63431,10.57248,10.508220000000001,10.44126,10.371780000000001,10.29951,10.224450000000001,10.14651,10.0656,9.981630000000001,9.8946,9.80433,9.711,9.61434,9.51453,9.411570000000001,9.30546,9.19638,9.08451,8.969958,8.853084,8.734257,8.613954,8.492769000000001,8.371404,8.250741000000001,8.131788,8.015715,7.903872000000001,7.7977620000000005,7.698996,7.60932,7.530480000000001,7.464222,7.412166,7.375734,7.356033,7.35381,7.369389,7.402634999999999,7.452999,7.519536,7.600995000000001,7.695881999999999,7.802594999999999,7.919469,8.044848,8.177175000000002,8.314992,8.456985,8.601975000000001,8.748963,8.897058,9.045539999999999,9.193769999999999,9.341280000000001,9.48771,9.63252,9.77571,9.916920000000001,10.05615,10.19313,10.327860000000001,10.46034,10.590570000000001,10.71846,10.84401,10.9674,11.08854,11.20752,11.32434,11.43918,11.55204,11.66292,11.77191,11.8791,11.984580000000001,12.08826,12.19041,12.290939999999999,12.390030000000001,12.48759
16.45146,16.40574,16.360200000000003,16.31475,16.26948,16.22448,16.179570000000002,16.13484,16.09029,16.045920000000002,16.001820000000002,15.957809999999998,15.914070000000002,15.870510000000001,15.82713,15.783930000000002,15.741,15.69825,15.65568,15.61338,15.57135,15.529499999999999,15.48792,15.446610000000002,15.40548,15.36462,15.324030000000002,15.28371,15.24366,15.20388,15.16437,15.125130000000002,15.08625,15.047550000000001,15.00921,14.971229999999998,14.933430000000001,14.896080000000001,14.858909999999998,14.82219,14.78574,14.74956,14.713830000000002,14.678370000000001,14.64327,14.60853,14.574150000000001,14.54013,14.506470000000002,14.47317,14.44023,14.407740000000002,14.37552,14.34375,14.31234,14.28138,14.250779999999999,14.22054,14.190660000000001,14.16123,14.13216,14.10354,14.075280000000001,14.04747,14.02002,13.992930000000001,13.96629,13.94001,13.91418,13.888710000000001,13.8636,13.838940000000001,13.81464,13.790790000000001,13.76721,13.74408,13.72131,13.6989,13.67685,13.65516,13.63383,13.612860000000001,13.59216,13.57191,13.55193,13.53222,13.512870000000001,13.49388,13.47507,13.456620000000001,13.43853,13.42062,13.402980000000001,13.38561,13.36851,13.35168,13.335030000000001,13.318560000000002,13.30236,13.286430000000001,13.27059,13.25502,13.23954,13.22433,13.20921,13.19427,13.17942,13.16475,13.15026,13.13586,13.12155,13.107330000000001,13.0932,13.079160000000002,13.06521,13.051260000000001,13.03749,13.02372,13.009950000000002,12.99627,12.98259,12.969000000000001,12.95541,12.94182,12.92823,12.91464,12.90105,12.88746,12.87387,12.86028,12.846599999999999,12.832920000000001,12.81924,12.805470000000001,12.791699999999999,12.77793,12.76407,12.750210000000001,12.736260000000001,12.72231,12.70818,12.694139999999999,12.680010000000001,12.665790000000001,12.65148,12.63717,12.62277,12.60837,12.59379,12.579210000000002,12.56463,12.54996,12.535200000000001,12.52044,12.5055,12.49065,12.475710000000001,12.46068,12.44556,12.43044,12.415320000000001,12.400110000000002,12.3849,12.3696,12.3543,12.339,12.32361,12.30822,12.29283,12.27744,12.26205,12.24666,12.23118,12.21579,12.2004,12.18501,12.16962,12.15423,12.13893,12.12363,12.108419999999999,12.09321,12.078,12.06297,12.04794,12.033,12.01806,12.0033,11.98863,11.97396,11.95947,11.94507,11.93076,11.916630000000001,11.90259,11.88864,11.87487,11.86119,11.84778,11.83437,11.82123,11.80827,11.7954,11.782710000000002,11.77029,11.757959999999999,11.7459,11.734020000000001,11.722320000000002,11.7108,11.69955,11.68839,11.67759,11.666970000000001,11.65653,11.646360000000001,11.63637,11.62665,11.61711,11.607840000000001,11.598840000000001,11.59002,11.58147,11.5731,11.565,11.557170000000001,11.549610000000001,11.54214,11.53503,11.5281,11.52144,11.51496,11.50875,11.50272,11.49696,11.491380000000001,11.48607,11.48094,11.47599,11.47131,11.46681,11.46249,11.458350000000001,11.45439,11.450700000000001,11.447099999999999,11.44368,11.44053,11.43747,11.43459,11.4318,11.42919,11.426760000000002,11.42451,11.42235,11.42028,11.418389999999999,11.416590000000001,11.41497,11.41335,11.41191,11.41056,11.40939,11.40822,11.40714,11.40615,11.405339999999999,11.40453,11.40381,11.40309,11.40255,11.40201,11.40156,11.4012,11.40093,11.40066,11.40039,11.4003,11.40021,11.400120000000001,11.40021,11.40021,11.40039,11.40057,11.40084,11.40111,11.401380000000001,11.40183,11.402280000000001,11.40282,11.403360000000001,11.40399,11.40462,11.40543,11.40624,11.40714,11.40804,11.40912,11.410200000000001,11.41137,11.41263,11.41389,11.41533,11.41686,11.418389999999999,11.4201,11.4219,11.4237,11.42568,11.42775,11.42991,11.432250000000002,11.43459,11.43711,11.439720000000001,11.44242,11.445210000000001,11.44818,11.45124,11.45448,11.45781,11.46123,11.46474,11.46843,11.4723,11.476170000000002,11.480220000000001,11.48445,11.48868,11.49309,11.49768,11.502270000000001,11.50704,11.51199,11.51694,11.522070000000001,11.52729,11.5326,11.538,11.54358,11.54916,11.554920000000001,11.56077,11.56662,11.57256,11.57868,11.5848,11.59101,11.59722,11.60361,11.610000000000001,11.61639,11.62287,11.62944,11.63601,11.64258,11.64924,11.6559,11.66256,11.66931,11.67597,11.68272,11.689380000000002,11.69613,11.70279,11.70945,11.716109999999999,11.72277,11.72934,11.73591,11.74248,11.74896,11.75544,11.76183,11.76813,11.77443,11.780640000000002,11.78676,11.79288,11.79891,11.80485,11.810699999999999,11.816460000000001,11.82213,11.82771,11.8332,11.8386,11.843820000000001,11.84904,11.854080000000002,11.85903,11.86389,11.86857,11.87316,11.87766,11.88198,11.88621,11.89026,11.89413,11.897910000000001,11.9016,11.90511,11.90844,11.91159,11.91465,11.917440000000001,11.92014,11.92266,11.925,11.92716,11.92914,11.930940000000001,11.93247,11.933910000000001,11.935080000000001,11.93607,11.93679,11.93742,11.93769,11.93778,11.93769,11.937240000000001,11.93661,11.93571,11.93463,11.93319,11.931479999999999,11.9295,11.927249999999999,11.92464,11.921759999999999,11.918520000000001,11.915009999999999,11.911140000000001,11.90682,11.902230000000001,11.89728,11.89197,11.88621,11.879999999999999,11.87343,11.86641,11.85894,11.85102,11.84256,11.83365,11.8242,11.81421,11.80368,11.79261,11.781,11.76867,11.755799999999999,11.742210000000002,11.72799,11.71305,11.69739,11.68092,11.66373,11.64573,11.62692,11.6073,11.58669,11.56518,11.54268,11.51919,11.494710000000001,11.469149999999999,11.44242,11.414520000000001,11.385449999999999,11.35521,11.32353,11.29059,11.25621,11.22039,11.18313,11.144160000000001,11.103660000000001,11.06136,11.01735,10.971540000000001,10.92375,10.873980000000001,10.82223,10.76823,10.71198,10.65348,10.592550000000001,10.52901,10.462950000000001,10.39419,10.32264,10.24821,10.170720000000001,10.09017,10.00638,9.91935,9.82899,9.73512,9.63774,9.536850000000001,9.43236,9.32418,9.21258,9.097380000000001,8.978913,8.857224,8.732601,8.605413,8.476101,8.345250000000002,8.213598000000001,8.082036,7.951644,7.8237,7.699689000000001,7.581303,7.470432000000001,7.369092,7.279389,7.203447000000001,7.143255000000001,7.100568,7.076799,7.072875,7.089201,7.125579,7.1812890000000005,7.255116,7.345467000000001,7.450497,7.5682350000000005,7.696665,7.8338339999999995,7.977924,8.127288,8.280459,8.43615,8.593281000000001,8.750943,8.908389000000001,9.06498,9.22023,9.37386,9.52542,9.67473,9.821610000000002,9.96606,10.1079,10.24704,10.38366,10.517669999999999,10.64907,10.77786,10.90422,11.02815,11.149740000000001,11.26899,11.38599,11.50083,11.61369,11.724480000000002,11.83329,11.9403,12.04551,12.14892,12.2508,12.35097,12.4497
16.46055,16.415010000000002,16.36965,16.32447,16.27947,16.23465,16.18992,16.14546,16.10118,16.057080000000003,16.013160000000003,15.969420000000001,15.92586,15.882480000000001,15.83937,15.79644,15.75378,15.711210000000001,15.669,15.62697,15.585120000000002,15.543540000000002,15.502229999999999,15.461099999999998,15.420240000000002,15.37965,15.339330000000002,15.29919,15.259409999999999,15.2199,15.180570000000001,15.141600000000002,15.1029,15.064559999999998,15.026400000000002,14.9886,14.951070000000001,14.913900000000002,14.877,14.84046,14.804280000000002,14.768370000000003,14.732820000000002,14.69754,14.662619999999999,14.62815,14.59395,14.560110000000002,14.526629999999999,14.49351,14.460749999999999,14.428350000000002,14.396310000000001,14.36472,14.33349,14.30253,14.272110000000001,14.24196,14.21226,14.182920000000001,14.15394,14.12541,14.097240000000001,14.06943,14.04198,14.014980000000001,13.988430000000001,13.962150000000001,13.93632,13.91085,13.88583,13.86108,13.836780000000001,13.81284,13.78935,13.76613,13.74327,13.72077,13.698720000000002,13.67694,13.655520000000001,13.63437,13.61367,13.59324,13.573080000000001,13.55328,13.53384,13.514669999999999,13.49577,13.47714,13.45878,13.44078,13.422960000000002,13.40541,13.38813,13.371030000000001,13.354199999999999,13.33764,13.32117,13.30497,13.28895,13.2732,13.25754,13.24206,13.22676,13.21155,13.196520000000001,13.18167,13.16691,13.15224,13.13766,13.12326,13.10886,13.09464,13.08042,13.06638,13.05234,13.0383,13.02435,13.010489999999999,12.99663,12.98277,12.968910000000001,12.95514,12.941370000000001,12.927600000000002,12.913829999999999,12.90006,12.886289999999999,12.87243,12.85866,12.844800000000001,12.83094,12.817079999999999,12.80313,12.78918,12.77514,12.7611,12.74706,12.732930000000001,12.71871,12.70449,12.690270000000002,12.675870000000002,12.661560000000001,12.647070000000001,12.632579999999999,12.61809,12.60351,12.588840000000001,12.57408,12.559320000000001,12.54456,12.529710000000001,12.51477,12.499830000000001,12.4848,12.46968,12.45465,12.439440000000001,12.42432,12.40911,12.39381,12.37851,12.36321,12.34791,12.33252,12.31713,12.30174,12.28635,12.27096,12.25557,12.240179999999999,12.22479,12.2094,12.19401,12.17871,12.16341,12.148109999999999,12.132810000000001,12.11769,12.10248,12.08745,12.072420000000001,12.05748,12.042539999999999,12.02778,12.01302,11.99835,11.98386,11.969370000000001,11.955060000000001,11.94084,11.9268,11.91276,11.89899,11.88531,11.87172,11.858310000000001,11.84508,11.83194,11.819070000000002,11.80629,11.793690000000002,11.78127,11.769120000000001,11.75706,11.74527,11.73366,11.72223,11.710980000000001,11.700000000000001,11.6892,11.67858,11.668230000000001,11.658150000000001,11.64825,11.63853,11.62908,11.6199,11.6109,11.602079999999999,11.59362,11.58525,11.57724,11.569410000000001,11.561850000000002,11.55447,11.54736,11.540429999999999,11.53377,11.52729,11.52108,11.51514,11.50938,11.5038,11.49849,11.493360000000001,11.488410000000002,11.483730000000001,11.479140000000001,11.474820000000001,11.47077,11.46681,11.463030000000002,11.45943,11.4561,11.452860000000001,11.4498,11.44683,11.44413,11.44152,11.43909,11.43675,11.43459,11.43252,11.430629999999999,11.428830000000001,11.42721,11.42568,11.424150000000001,11.42289,11.42163,11.42046,11.41947,11.41848,11.41758,11.41677,11.41614,11.41551,11.41488,11.414430000000001,11.41398,11.413620000000002,11.41335,11.413170000000001,11.41299,11.41281,11.41281,11.41281,11.412899999999999,11.41299,11.413170000000001,11.41335,11.413620000000002,11.41398,11.414340000000001,11.41479,11.41533,11.41587,11.416500000000001,11.41722,11.41794,11.418750000000001,11.41956,11.42046,11.42145,11.422530000000002,11.4237,11.42487,11.42622,11.427570000000001,11.42901,11.43054,11.432160000000001,11.43378,11.435580000000002,11.43747,11.43945,11.44152,11.44368,11.44593,11.44836,11.450790000000001,11.4534,11.4561,11.45889,11.461770000000001,11.46483,11.46798,11.471219999999999,11.474549999999999,11.47806,11.481660000000002,11.48535,11.489130000000001,11.49309,11.49714,11.50137,11.505600000000001,11.51001,11.514510000000001,11.5191,11.52387,11.52864,11.53359,11.538630000000001,11.54376,11.54898,11.554290000000002,11.55969,11.565270000000002,11.57085,11.57643,11.58219,11.588040000000001,11.59389,11.59983,11.60586,11.61189,11.61801,11.624220000000001,11.63043,11.636640000000002,11.642940000000001,11.64924,11.65554,11.661930000000002,11.668230000000001,11.67462,11.68101,11.6874,11.69379,11.70018,11.706570000000001,11.71287,11.71926,11.72556,11.73177,11.738069999999999,11.744280000000002,11.750399999999999,11.75652,11.76255,11.76858,11.77452,11.78037,11.78622,11.79198,11.797649999999999,11.80323,11.808810000000001,11.81421,11.81952,11.82483,11.82996,11.835,11.83995,11.84481,11.84958,11.85417,11.85876,11.86308,11.8674,11.87154,11.87559,11.879460000000002,11.88324,11.88684,11.89035,11.89368,11.89692,11.899980000000001,11.90286,11.905560000000001,11.90817,11.9106,11.91285,11.91492,11.91681,11.918520000000001,11.92005,11.92131,11.92248,11.923380000000002,11.924190000000001,11.92464,11.925,11.92509,11.92491,11.92455,11.923919999999999,11.92311,11.921940000000001,11.92059,11.91897,11.91708,11.91483,11.912400000000002,11.90961,11.906460000000001,11.90304,11.89926,11.89521,11.8908,11.88594,11.88081,11.87523,11.869290000000001,11.8629,11.856150000000001,11.84895,11.84121,11.83311,11.82447,11.81538,11.80575,11.79549,11.784780000000001,11.77353,11.761650000000001,11.74914,11.735999999999999,11.72214,11.70774,11.69253,11.6766,11.65995,11.64249,11.624220000000001,11.60514,11.58516,11.56428,11.5425,11.51964,11.49588,11.47095,11.44503,11.41794,11.38959,11.36016,11.32938,11.29725,11.263770000000001,11.22885,11.19249,11.15451,11.11491,11.073690000000001,11.03067,10.985850000000001,10.93914,10.890450000000001,10.839690000000001,10.78686,10.73169,10.67427,10.614419999999999,10.552050000000001,10.48698,10.4193,10.348650000000001,10.275120000000001,10.19853,10.1187,10.035630000000001,9.949140000000002,9.85905,9.765360000000001,9.66798,9.56664,9.46143,9.352260000000001,9.23904,9.121770000000001,9.00045,8.875224,8.7462,8.613576,8.477667,8.338905,8.197839,8.055198,7.911881999999999,7.769034,7.628012999999999,7.490466,7.358283,7.233624,7.118883,7.016571,6.92928,6.859485,6.809418,6.780843,6.774966,6.792264,6.832485,6.894666,6.9772229999999995,7.07814,7.195068,7.325586,7.467245999999999,7.617762000000001,7.775028000000001,7.937163,8.102547,8.269821,8.437833000000001,8.605647000000001,8.772525,8.937846,9.10116,9.26217,9.42048,9.57609,9.72873,9.878400000000001,10.0251,10.168740000000001,10.30941,10.44711,10.58202,10.71405,10.84329,10.96992,11.09394,11.215530000000001,11.33469,11.451600000000001,11.56617,11.67867,11.789100000000001,11.89764,12.004199999999999,12.10896,12.21201,12.31335,12.413160000000001
16.46928,16.42401,16.37883,16.333920000000003,16.2891,16.24446,16.2,16.155720000000002,16.111710000000002,16.067790000000002,16.024050000000003,15.98058,15.937290000000003,15.89418,15.85125,15.80859,15.766110000000001,15.72381,15.68178,15.640020000000002,15.598440000000002,15.557129999999999,15.515999999999998,15.475140000000001,15.43455,15.394140000000002,15.35409,15.314219999999999,15.274620000000002,15.23529,15.196319999999998,15.15753,15.1191,15.08094,15.043050000000001,15.005429999999999,14.96817,14.93118,14.894549999999999,14.85819,14.82219,14.786460000000002,14.751090000000001,14.71608,14.68143,14.64705,14.61303,14.57937,14.546069999999999,14.513129999999999,14.480550000000001,14.44824,14.41638,14.38488,14.35383,14.32305,14.292629999999999,14.26266,14.23305,14.203800000000001,14.17491,14.146469999999999,14.11839,14.09067,14.06331,14.03631,14.00976,13.98357,13.95774,13.93227,13.907250000000001,13.8825,13.8582,13.83426,13.810590000000001,13.787370000000001,13.764510000000001,13.74192,13.71978,13.69791,13.6764,13.65525,13.63437,13.613850000000001,13.5936,13.57371,13.55409,13.534740000000001,13.51575,13.49694,13.47849,13.46022,13.44231,13.42458,13.407029999999999,13.38984,13.37283,13.356,13.339350000000001,13.32297,13.30677,13.290750000000001,13.27491,13.25925,13.24368,13.228290000000001,13.213080000000001,13.19796,13.18293,13.16808,13.15332,13.13865,13.12416,13.10967,13.095270000000001,13.08096,13.06665,13.052430000000001,13.0383,13.02417,13.01013,12.996089999999999,12.982050000000001,12.968100000000002,12.95415,12.9402,12.92616,12.91221,12.89826,12.88431,12.87027,12.85632,12.84228,12.828240000000001,12.81411,12.800070000000002,12.78585,12.77172,12.7575,12.74319,12.72888,12.71457,12.70017,12.68577,12.671280000000001,12.6567,12.64212,12.62745,12.61278,12.59802,12.583260000000001,12.56841,12.55356,12.538620000000002,12.52359,12.508650000000001,12.49353,12.47841,12.46329,12.448080000000001,12.43287,12.41766,12.40236,12.387060000000002,12.37176,12.35637,12.34098,12.32559,12.31029,12.2949,12.27942,12.26403,12.24873,12.23334,12.21795,12.20265,12.18735,12.17205,12.15684,12.141630000000001,12.126510000000001,12.11139,12.09636,12.081330000000001,12.06648,12.051630000000001,12.03687,12.022200000000002,12.00762,11.993129999999999,11.978819999999999,11.96451,11.950380000000001,11.936340000000001,11.92248,11.90871,11.89512,11.88162,11.8683,11.85507,11.84211,11.82924,11.816550000000001,11.80404,11.79171,11.77956,11.76759,11.755889999999999,11.744280000000002,11.732940000000001,11.72178,11.7108,11.70009,11.68956,11.679300000000001,11.66922,11.659320000000001,11.649690000000001,11.64033,11.631150000000002,11.622240000000001,11.61351,11.60496,11.596770000000001,11.58867,11.58093,11.573369999999999,11.565990000000001,11.55888,11.55204,11.545380000000002,11.53899,11.53278,11.52675,11.52099,11.5155,11.51019,11.50506,11.500110000000001,11.49543,11.49084,11.48652,11.482470000000001,11.47851,11.474730000000001,11.47113,11.46771,11.46447,11.46141,11.45853,11.45574,11.45322,11.450700000000001,11.44845,11.44629,11.44422,11.44233,11.44053,11.43882,11.43729,11.43585,11.4345,11.43333,11.432160000000001,11.43117,11.43018,11.429369999999999,11.42856,11.42793,11.427299999999999,11.426760000000002,11.42631,11.42586,11.42559,11.425320000000001,11.425139999999999,11.42496,11.42487,11.42487,11.42496,11.42505,11.425229999999999,11.425410000000001,11.42568,11.42604,11.4264,11.42685,11.427299999999999,11.42784,11.42847,11.4291,11.42991,11.430629999999999,11.43153,11.43243,11.43333,11.43441,11.43549,11.43666,11.43792,11.43927,11.440620000000001,11.44215,11.44368,11.445300000000001,11.44701,11.44881,11.450700000000001,11.452679999999999,11.454749999999999,11.45691,11.45916,11.4615,11.463930000000001,11.46654,11.469149999999999,11.471940000000002,11.474820000000001,11.47779,11.48085,11.484,11.48733,11.49075,11.49426,11.49786,11.50155,11.505419999999999,11.50938,11.51343,11.517570000000001,11.5218,11.52612,11.53062,11.535210000000001,11.5398,11.54457,11.549430000000001,11.55438,11.55942,11.56455,11.56977,11.574990000000001,11.580390000000001,11.585790000000001,11.591280000000001,11.596860000000001,11.60253,11.6082,11.61396,11.619720000000001,11.62557,11.63142,11.637360000000001,11.6433,11.64933,11.65536,11.66139,11.667420000000002,11.673449999999999,11.67957,11.6856,11.69172,11.697750000000001,11.70387,11.7099,11.71593,11.721960000000001,11.7279,11.733839999999999,11.73978,11.74563,11.75148,11.75724,11.763,11.76867,11.77425,11.77983,11.78532,11.79072,11.79603,11.801340000000001,11.80656,11.8116,11.81664,11.82159,11.82645,11.83113,11.83581,11.84031,11.84472,11.84904,11.85327,11.85741,11.861369999999999,11.86524,11.86893,11.872530000000001,11.87595,11.87928,11.88252,11.885580000000001,11.88846,11.891250000000001,11.89386,11.89629,11.89863,11.90079,11.90277,11.90457,11.90619,11.907630000000001,11.908890000000001,11.90997,11.91087,11.9115,11.91204,11.912310000000002,11.912400000000002,11.91222,11.91186,11.91132,11.91042,11.90934,11.90799,11.906460000000001,11.90457,11.9025,11.900070000000001,11.89737,11.8944,11.891070000000001,11.88747,11.883510000000001,11.87919,11.874600000000001,11.86956,11.86425,11.85849,11.85228,11.8458,11.83878,11.8314,11.82348,11.8152,11.80638,11.79702,11.78721,11.776860000000001,11.76597,11.75445,11.7423,11.72961,11.71629,11.70225,11.68758,11.672189999999999,11.656080000000001,11.63916,11.62143,11.60298,11.58354,11.56338,11.54214,11.520090000000001,11.49696,11.47284,11.44764,11.421270000000002,11.393820000000002,11.3652,11.33523,11.30409,11.27151,11.237580000000001,11.20212,11.16522,11.12661,11.08647,11.04453,11.00088,10.95525,10.90773,10.85823,10.80657,10.75266,10.69641,10.637820000000001,10.57671,10.51299,10.446480000000001,10.377089999999999,10.30482,10.2294,10.15074,10.068660000000001,9.98316,9.89397,9.801,9.70407,9.60318,9.49806,9.388620000000001,9.27477,9.15642,9.033570000000001,8.906085000000001,8.774055,8.637561,8.496729,8.351829,8.203221,8.051409,7.897104,7.741187999999999,7.584831,7.429473000000001,7.276887,7.129179000000001,6.988833,6.858621,6.741603,6.640929,6.559722,6.500808,6.466491,6.458319,6.476913000000001,6.521895,6.5919870000000005,6.6851009999999995,6.7986,6.92955,7.074909000000001,7.231752,7.397361000000001,7.569315,7.745526,7.924221000000001,8.10396,8.283555000000002,8.46207,8.638794,8.813160000000002,8.984754,9.15327,9.31851,9.48042,9.638819999999999,9.7938,9.94527,10.09332,10.237950000000001,10.379340000000001,10.51758,10.65267,10.784790000000001,10.91403,11.04048,11.16432,11.28546,11.40426,11.52063,11.63475,11.74671,11.8566,11.96451,12.07053,12.17475,12.27717,12.37788
16.47774,16.432650000000002,16.38774,16.34301,16.298370000000002,16.253999999999998,16.20972,16.16571,16.12188,16.07814,16.03467,15.991380000000001,15.948360000000001,15.905429999999999,15.86277,15.82029,15.77808,15.73605,15.694199999999999,15.65262,15.611310000000001,15.57018,15.52932,15.488730000000002,15.44832,15.408180000000002,15.368310000000001,15.328710000000001,15.28938,15.25032,15.21144,15.17292,15.134760000000002,15.09678,15.059069999999998,15.02172,14.98464,14.94792,14.911470000000001,14.87529,14.839469999999999,14.804009999999998,14.768820000000002,14.733989999999999,14.69943,14.66532,14.631480000000002,14.597999999999999,14.56488,14.532029999999999,14.499630000000002,14.4675,14.43582,14.40441,14.37345,14.34285,14.31252,14.28264,14.253120000000001,14.22396,14.19516,14.16681,14.13873,14.1111,14.08383,14.05692,14.03037,14.00418,13.978349999999999,13.95297,13.92786,13.9032,13.87881,13.85487,13.8312,13.80789,13.784939999999999,13.76235,13.740120000000001,13.718160000000001,13.696560000000002,13.675320000000001,13.65435,13.63374,13.6134,13.59333,13.57362,13.55418,13.53501,13.51611,13.49739,13.47903,13.46094,13.44303,13.42539,13.40793,13.390740000000001,13.37373,13.356990000000001,13.34034,13.32396,13.30776,13.29165,13.27581,13.26006,13.24449,13.22901,13.21371,13.1985,13.183470000000002,13.16853,13.15359,13.138829999999999,13.12416,13.109580000000001,13.095,13.0806,13.0662,13.0518,13.03749,13.02327,13.00905,12.99483,12.98061,12.96648,12.952350000000001,12.93822,12.924,12.909870000000002,12.89574,12.88161,12.86739,12.85326,12.839039999999999,12.82482,12.81051,12.79629,12.78189,12.76758,12.75318,12.73878,12.72429,12.7098,12.69522,12.68064,12.66597,12.6513,12.63654,12.621780000000001,12.60693,12.59208,12.57714,12.5622,12.54717,12.53214,12.51711,12.50199,12.48678,12.47157,12.45636,12.44115,12.42585,12.41055,12.39525,12.37986,12.36447,12.349169999999999,12.33378,12.318389999999999,12.303,12.28761,12.27222,12.25683,12.241439999999999,12.226140000000001,12.210840000000001,12.19554,12.18033,12.16512,12.14991,12.13479,12.119760000000001,12.10473,12.08979,12.074940000000002,12.06018,12.04551,12.03084,12.01635,12.00195,11.987639999999999,11.97342,11.95938,11.94543,11.93157,11.917890000000002,11.904300000000001,11.89089,11.87766,11.86452,11.851560000000001,11.83878,11.82618,11.81376,11.80143,11.78937,11.77749,11.76579,11.75427,11.743020000000001,11.731950000000001,11.721060000000001,11.71035,11.699910000000001,11.68965,11.67966,11.66985,11.66022,11.65086,11.64177,11.63286,11.62413,11.61567,11.60748,11.59947,11.59173,11.58417,11.576880000000001,11.56977,11.56293,11.55627,11.54988,11.54376,11.53773,11.53197,11.52648,11.52117,11.51604,11.511090000000001,11.50641,11.50191,11.49759,11.493450000000001,11.48949,11.485800000000001,11.482199999999999,11.47878,11.47554,11.47248,11.4696,11.46681,11.4642,11.461770000000001,11.45943,11.45727,11.45529,11.4534,11.451600000000001,11.44989,11.44836,11.44692,11.44566,11.4444,11.44332,11.44233,11.44134,11.44053,11.439810000000001,11.43909,11.438550000000001,11.43801,11.437650000000001,11.43729,11.43693,11.43675,11.43657,11.436480000000001,11.436480000000001,11.436480000000001,11.43657,11.43675,11.43693,11.4372,11.43747,11.43783,11.438279999999999,11.43873,11.43927,11.4399,11.44053,11.44125,11.44206,11.44287,11.443769999999999,11.44467,11.44575,11.44683,11.44791,11.44917,11.45043,11.45178,11.45322,11.45466,11.456280000000001,11.4579,11.459700000000002,11.4615,11.46339,11.46537,11.46744,11.4696,11.47185,11.47419,11.47662,11.479140000000001,11.48175,11.48445,11.48724,11.49021,11.49318,11.49633,11.49957,11.5029,11.50632,11.509830000000001,11.51343,11.51712,11.52099,11.52486,11.528910000000002,11.533050000000001,11.53728,11.5416,11.54601,11.55042,11.555010000000001,11.55969,11.56446,11.56932,11.57418,11.579220000000001,11.58426,11.58939,11.59461,11.599920000000001,11.60523,11.61063,11.61603,11.62152,11.6271,11.63268,11.63826,11.64393,11.649600000000001,11.65527,11.66103,11.66679,11.672550000000001,11.67831,11.68407,11.68983,11.695590000000001,11.70135,11.70711,11.71278,11.71854,11.72421,11.729880000000001,11.735460000000002,11.74113,11.74662,11.75211,11.7576,11.763,11.768310000000001,11.77362,11.77884,11.78406,11.789100000000001,11.79414,11.79909,11.80395,11.80872,11.8134,11.81808,11.82258,11.82699,11.83131,11.835540000000002,11.83959,11.843639999999999,11.84751,11.85129,11.854980000000001,11.85858,11.862,11.86524,11.868480000000002,11.871450000000001,11.87442,11.87712,11.87982,11.88225,11.88459,11.88675,11.888819999999999,11.89071,11.892420000000001,11.89395,11.8953,11.896469999999999,11.89755,11.89836,11.89899,11.89944,11.89971,11.89971,11.89962,11.89917,11.89863,11.89782,11.896740000000001,11.895480000000001,11.89386,11.89206,11.89008,11.88774,11.88513,11.88216,11.879010000000001,11.8755,11.87172,11.86758,11.86308,11.858310000000001,11.85309,11.84751,11.841569999999999,11.83527,11.82852,11.82141,11.81385,11.80575,11.79729,11.78829,11.77875,11.76876,11.758230000000001,11.74707,11.735370000000001,11.723130000000001,11.71026,11.69667,11.68245,11.6676,11.65203,11.63565,11.618549999999999,11.60064,11.58183,11.5623,11.54178,11.52036,11.49795,11.474549999999999,11.45016,11.424600000000002,11.398050000000001,11.370239999999999,11.34117,11.31093,11.279340000000001,11.246310000000001,11.21193,11.17602,11.138580000000001,11.09952,11.05875,11.01627,10.971900000000002,10.92564,10.8774,10.827,10.77453,10.71963,10.66248,10.60272,10.54044,10.47546,10.4076,10.336680000000001,10.26279,10.18557,10.104930000000001,10.02078,9.93285,9.84114,9.74538,9.64539,9.541080000000001,9.43227,9.31869,9.20034,9.07695,8.948511,8.814906,8.676081000000002,8.532054,8.382897,8.22879,8.070012,7.907013,7.740423,7.571088,7.4001779999999995,7.229169000000001,7.059942,6.894819,6.7365900000000005,6.588513,6.454242,6.337665,6.242751,6.173136,6.131862,6.120972,6.1412580000000005,6.192216,6.272064,6.378012,6.5066310000000005,6.6541500000000005,6.816798,6.9910380000000005,7.173666,7.3619460000000005,7.553574000000001,7.746669,7.939719000000001,8.131545000000001,8.321247,8.508159,8.691795,8.871804,9.047970000000001,9.22014,9.38835,9.55242,9.712530000000001,9.86868,10.021049999999999,10.16964,10.31454,10.45602,10.59408,10.72899,10.860750000000001,10.98945,11.11536,11.23857,11.35908,11.47716,11.59281,11.70621,11.81745,11.92653,12.033719999999999,12.13893,12.24243,12.34413
16.48593,16.44102,16.39629,16.351740000000003,16.30737,16.263180000000002,16.219170000000002,16.175340000000002,16.13169,16.088220000000003,16.04493,16.001820000000002,15.958979999999999,15.916319999999999,15.87384,15.831629999999999,15.7896,15.747839999999998,15.70626,15.664860000000001,15.62373,15.58287,15.542190000000002,15.50178,15.461640000000001,15.42177,15.38208,15.34266,15.303600000000001,15.264719999999999,15.22611,15.187859999999999,15.149790000000001,15.11208,15.07464,15.03747,15.000570000000002,14.96403,14.927760000000001,14.891850000000002,14.856210000000003,14.82093,14.785919999999999,14.75127,14.716890000000001,14.68296,14.649300000000002,14.61591,14.58297,14.550300000000002,14.517990000000001,14.486130000000001,14.454540000000001,14.42331,14.39244,14.361930000000001,14.33169,14.3019,14.27247,14.243490000000001,14.214780000000001,14.186430000000001,14.15844,14.13081,14.10363,14.07672,14.05026,14.02407,13.99833,13.972859999999999,13.947750000000001,13.92309,13.8987,13.87467,13.851,13.82769,13.80474,13.78206,13.75974,13.73778,13.71609,13.69476,13.6737,13.65291,13.63248,13.61232,13.59243,13.5729,13.55355,13.534559999999999,13.51575,13.49721,13.47894,13.46085,13.44303,13.42548,13.40811,13.39092,13.37391,13.35717,13.340610000000002,13.324140000000002,13.30794,13.291830000000001,13.2759,13.26015,13.24449,13.22892,13.21353,13.19832,13.183110000000001,13.16808,13.15314,13.138200000000001,13.12344,13.108680000000001,13.09401,13.07943,13.064850000000002,13.050360000000001,13.035960000000001,13.021469999999999,13.007069999999999,12.99276,12.97836,12.96405,12.94974,12.93543,12.92112,12.90681,12.8925,12.878190000000002,12.863790000000002,12.849480000000002,12.835080000000001,12.820680000000001,12.806280000000001,12.79179,12.7773,12.76281,12.74823,12.73365,12.71898,12.70431,12.68964,12.67488,12.660120000000001,12.64527,12.630419999999999,12.615480000000002,12.60054,12.585510000000001,12.57048,12.55545,12.54033,12.52521,12.51,12.49479,12.47958,12.46428,12.44898,12.43368,12.418379999999999,12.40299,12.387599999999999,12.37221,12.356819999999999,12.34143,12.32604,12.31065,12.29526,12.279869999999999,12.26457,12.24918,12.23388,12.218580000000001,12.203280000000001,12.18807,12.17286,12.15774,12.14271,12.12768,12.11274,12.097800000000001,12.08295,12.06828,12.053609999999999,12.03903,12.02454,12.01023,11.99592,11.98179,11.96775,11.95389,11.94012,11.92644,11.912939999999999,11.89962,11.88639,11.87334,11.860470000000001,11.84769,11.83518,11.82276,11.81061,11.79855,11.78676,11.77506,11.763630000000001,11.75238,11.7414,11.730509999999999,11.71989,11.70954,11.69928,11.68929,11.67957,11.67003,11.660670000000001,11.65158,11.64276,11.634120000000001,11.625660000000002,11.61747,11.60955,11.60181,11.59425,11.58705,11.57994,11.5731,11.56653,11.56014,11.55393,11.54799,11.54232,11.53674,11.53143,11.5263,11.52144,11.51676,11.51226,11.50794,11.5038,11.49984,11.49615,11.492550000000001,11.489130000000001,11.48598,11.482920000000002,11.47995,11.47725,11.474639999999999,11.47221,11.46987,11.46771,11.465729999999999,11.463840000000001,11.46204,11.460420000000001,11.45889,11.45745,11.456190000000001,11.455020000000001,11.45385,11.452860000000001,11.45196,11.45115,11.45043,11.4498,11.449259999999999,11.44881,11.44836,11.44809,11.44782,11.44764,11.44755,11.447460000000001,11.447460000000001,11.44755,11.44764,11.44782,11.44809,11.44845,11.44881,11.44917,11.44971,11.45025,11.450790000000001,11.45142,11.45214,11.452860000000001,11.45367,11.45457,11.45556,11.45655,11.457540000000002,11.45871,11.45988,11.46114,11.4624,11.463840000000001,11.46528,11.46681,11.46834,11.47005,11.47176,11.473650000000001,11.47554,11.47752,11.47959,11.481660000000002,11.48391,11.48625,11.48868,11.491200000000001,11.49372,11.49642,11.49921,11.502089999999999,11.50506,11.50803,11.511180000000001,11.51442,11.51775,11.52126,11.52477,11.52837,11.53206,11.53584,11.5398,11.54376,11.54781,11.55195,11.55618,11.560590000000001,11.565,11.569410000000001,11.574,11.57868,11.58336,11.58822,11.59299,11.59794,11.60289,11.607930000000001,11.613059999999999,11.61819,11.62341,11.628630000000001,11.63394,11.639249999999999,11.64456,11.64996,11.65536,11.66076,11.66625,11.671650000000001,11.677140000000001,11.682630000000001,11.688120000000001,11.693610000000001,11.699010000000001,11.704500000000001,11.7099,11.7153,11.7207,11.7261,11.73141,11.736720000000002,11.74203,11.747250000000001,11.752469999999999,11.7576,11.76264,11.76768,11.772630000000001,11.77758,11.78244,11.78721,11.79189,11.79648,11.80107,11.805480000000001,11.80989,11.81421,11.81835,11.82249,11.82645,11.83041,11.834190000000001,11.83788,11.84148,11.84499,11.84832,11.851560000000001,11.85471,11.85768,11.86065,11.86335,11.865960000000001,11.868480000000002,11.87082,11.87298,11.87505,11.87703,11.87874,11.88036,11.8818,11.88306,11.88423,11.88513,11.88594,11.88648,11.886930000000001,11.88711,11.88711,11.886930000000001,11.88657,11.88594,11.88513,11.88414,11.88288,11.88135,11.87955,11.87757,11.87532,11.8728,11.87001,11.866859999999999,11.863529999999999,11.85984,11.85579,11.85147,11.84688,11.841840000000001,11.83653,11.830770000000001,11.82465,11.81817,11.81124,11.80395,11.79621,11.78802,11.779290000000001,11.77011,11.76048,11.750309999999999,11.739600000000001,11.72826,11.716470000000001,11.70396,11.69091,11.67723,11.662830000000001,11.64771,11.631960000000001,11.615400000000001,11.59812,11.57994,11.56104,11.54115,11.52045,11.498850000000001,11.476170000000002,11.452589999999999,11.42784,11.4021,11.37519,11.347019999999999,11.317680000000001,11.28708,11.25513,11.22174,11.187,11.15064,11.11275,11.07324,11.031930000000001,10.988909999999999,10.94391,10.89702,10.84806,10.796940000000001,10.74366,10.68795,10.62981,10.569149999999999,10.505700000000001,10.43955,10.37034,10.29816,10.22265,10.14372,10.06128,9.975150000000001,9.88506,9.79092,9.692459999999999,9.58959,9.482040000000001,9.36963,9.252089999999999,9.129330000000001,9.001080000000002,8.867214,8.72757,8.582022,8.430498,8.272988999999999,8.109567,7.940412,7.765875,7.586487,7.403013,7.216551,7.028576999999999,6.841044,6.656445,6.477885000000001,6.309126,6.154533000000001,6.0189390000000005,5.907384,5.824656,5.774814,5.760621,5.783175,5.841693,5.9337089999999995,6.055443,6.202314,6.369489,6.552270000000001,6.7463820000000005,6.948135000000001,7.15446,7.362855,7.571367,7.778493000000001,7.983099,8.184366,8.381709,8.574741000000001,8.76321,8.946990000000001,9.126090000000001,9.30042,9.47007,9.63522,9.79596,9.95238,10.10475,10.253160000000001,10.3977,10.538640000000001,10.67607,10.810170000000001,10.941030000000001,11.06892,11.19393,11.31615,11.43585,11.552940000000001,11.6676,11.780100000000001,11.89035,11.998619999999999,12.10482,12.20922,12.31182
16.49376,16.44912,16.40457,16.360200000000003,16.316010000000002,16.272,16.228170000000002,16.184520000000003,16.14114,16.09785,16.05483,16.0119,15.969240000000001,15.92685,15.88455,15.842519999999999,15.80076,15.75918,15.717780000000001,15.676650000000002,15.635790000000002,15.59511,15.554610000000002,15.51447,15.47451,15.43482,15.395400000000002,15.356250000000001,15.317280000000002,15.278669999999998,15.240239999999998,15.20217,15.16437,15.126840000000001,15.089580000000002,15.052590000000002,15.01596,14.9796,14.94351,14.90778,14.87232,14.837220000000002,14.802389999999999,14.76792,14.73372,14.699970000000002,14.6664,14.633280000000001,14.60043,14.567939999999998,14.53581,14.503950000000001,14.47254,14.4414,14.410710000000002,14.38029,14.35023,14.32053,14.29119,14.26221,14.23359,14.20533,14.177430000000001,14.14989,14.122710000000001,14.0958,14.06934,14.04324,14.0175,13.99203,13.96701,13.942260000000001,13.91787,13.89384,13.870170000000002,13.846770000000001,13.823730000000001,13.80105,13.77864,13.756590000000001,13.73481,13.71339,13.69224,13.67145,13.65084,13.63059,13.61061,13.590900000000001,13.57146,13.55229,13.53339,13.514669999999999,13.496310000000001,13.47804,13.460130000000001,13.44231,13.42476,13.40748,13.39029,13.37337,13.356630000000001,13.33998,13.3236,13.30731,13.291200000000002,13.27518,13.25934,13.24368,13.228110000000001,13.21263,13.19724,13.18203,13.16682,13.15179,13.136759999999999,13.121820000000001,13.10697,13.092210000000001,13.07745,13.06278,13.0482,13.03353,13.01895,13.004460000000002,12.98997,12.975389999999999,12.9609,12.9465,12.93201,12.91752,12.903030000000001,12.88854,12.87405,12.85956,12.84498,12.830490000000001,12.81591,12.80133,12.78666,12.77208,12.75741,12.742650000000001,12.72789,12.71313,12.69828,12.683430000000001,12.66858,12.65364,12.6387,12.62367,12.608640000000001,12.59361,12.57849,12.56337,12.54816,12.53295,12.51774,12.50244,12.48714,12.47184,12.45654,12.44115,12.42576,12.41037,12.39498,12.37959,12.3642,12.34881,12.33333,12.31794,12.30255,12.28716,12.27186,12.25647,12.24117,12.22587,12.210659999999999,12.19545,12.18024,12.16512,12.15009,12.13506,12.12021,12.10527,12.09051,12.075840000000001,12.06117,12.04668,12.03228,12.017970000000002,12.00375,11.98962,11.975670000000001,11.961810000000002,11.94804,11.93445,11.92104,11.907720000000001,11.894580000000001,11.881530000000001,11.86875,11.856060000000001,11.84355,11.83122,11.819070000000002,11.8071,11.79531,11.7837,11.772359999999999,11.76111,11.75013,11.739329999999999,11.7288,11.71845,11.70828,11.69838,11.688659999999999,11.679120000000001,11.66985,11.66076,11.65194,11.64339,11.63493,11.62683,11.618910000000001,11.611170000000001,11.603700000000002,11.59641,11.58939,11.58264,11.57598,11.56968,11.56347,11.55762,11.55186,11.54637,11.54106,11.53593,11.531070000000001,11.526390000000001,11.521889999999999,11.517570000000001,11.51352,11.50956,11.50587,11.502270000000001,11.498940000000001,11.4957,11.492640000000002,11.48976,11.48697,11.48445,11.48202,11.47977,11.47761,11.47554,11.47374,11.471940000000002,11.47032,11.46879,11.46744,11.46618,11.46501,11.463930000000001,11.46294,11.46204,11.46132,11.4606,11.45997,11.45943,11.45907,11.45862,11.458350000000001,11.458169999999999,11.45799,11.4579,11.4579,11.45799,11.458079999999999,11.458260000000001,11.45853,11.4588,11.45916,11.459610000000001,11.46006,11.4606,11.46114,11.461770000000001,11.46249,11.46321,11.46402,11.46492,11.46582,11.46681,11.4678,11.46888,11.47005,11.47131,11.47257,11.47392,11.47527,11.4768,11.47833,11.47995,11.481660000000002,11.48337,11.48526,11.487150000000002,11.489130000000001,11.491200000000001,11.49327,11.49552,11.49786,11.500200000000001,11.50272,11.50524,11.507850000000001,11.51055,11.51343,11.51631,11.51928,11.52234,11.525490000000001,11.52873,11.53206,11.53548,11.53899,11.54259,11.546280000000001,11.55006,11.55393,11.55789,11.561850000000002,11.565990000000001,11.57013,11.57436,11.57868,11.58309,11.5875,11.59209,11.59668,11.60127,11.60595,11.61072,11.61558,11.62044,11.6253,11.63025,11.635290000000001,11.64033,11.64537,11.650500000000001,11.65554,11.660670000000001,11.66589,11.67102,11.67615,11.681370000000001,11.686589999999999,11.69172,11.696940000000001,11.70207,11.7072,11.71233,11.717459999999999,11.72259,11.72763,11.73267,11.73762,11.74257,11.74752,11.75238,11.75715,11.76192,11.76669,11.77128,11.775870000000001,11.78046,11.784870000000002,11.78928,11.7936,11.79774,11.80197,11.80602,11.80998,11.81385,11.81763,11.82132,11.82492,11.828429999999999,11.83185,11.835090000000001,11.838330000000001,11.84139,11.84436,11.847150000000001,11.84985,11.85246,11.854980000000001,11.85732,11.85948,11.861550000000001,11.863529999999999,11.86533,11.86695,11.86839,11.86974,11.871,11.87199,11.87289,11.873520000000001,11.87406,11.87442,11.874600000000001,11.874600000000001,11.87433,11.873970000000002,11.87334,11.872530000000001,11.871450000000001,11.870190000000001,11.86875,11.867040000000001,11.865060000000001,11.8629,11.860380000000001,11.85768,11.85471,11.85147,11.84787,11.844000000000001,11.83986,11.83536,11.8305,11.825370000000001,11.819790000000001,11.81394,11.807640000000001,11.80098,11.79396,11.7864,11.77848,11.77011,11.761289999999999,11.75202,11.742210000000002,11.73186,11.720970000000001,11.70954,11.69748,11.68488,11.671650000000001,11.65779,11.64321,11.628,11.612070000000001,11.595329999999999,11.57778,11.55951,11.54034,11.52036,11.49948,11.47761,11.454749999999999,11.430900000000001,11.40597,11.37987,11.35269,11.32434,11.29473,11.263770000000001,11.23155,11.1978,11.162700000000001,11.12598,11.08764,11.04768,11.00592,10.96236,10.91691,10.86939,10.819890000000001,10.768049999999999,10.71405,10.65762,10.59858,10.53702,10.47258,10.40535,10.33497,10.26144,10.18458,10.104120000000002,10.01997,9.93195,9.839879999999999,9.743490000000001,9.6426,9.536940000000001,9.42633,9.310500000000001,9.18918,9.062280000000001,8.929332,8.790246,8.644752,8.492652,8.333766,8.167995,7.995285,7.815690000000001,7.629417000000001,7.4368620000000005,7.238655,7.0357769999999995,6.829614,6.6221190000000005,6.415875000000001,6.214275,6.021603,5.843025000000001,5.6845170000000005,5.552541,5.453487,5.392899000000001,5.3746469999999995,5.400216,5.468472,5.575869,5.717169,5.8862250000000005,6.076755,6.282936,6.499674000000001,6.7227570000000005,6.948819,7.175259,7.400097,7.621929,7.839710999999999,8.05275,8.260614,8.463042,8.659899,8.851176,9.036900000000001,9.217260000000001,9.3924,9.562320000000001,9.72747,9.88785,10.043730000000002,10.19529,10.3428,10.48635,10.62621,10.762559999999999,10.89549,11.02518,11.1519,11.275649999999999,11.396700000000001,11.51514,11.631150000000002,11.74473,11.856060000000001,11.96523,12.072420000000001,12.17763,12.28095
16.501320000000003,16.45686,16.412490000000002,16.3683,16.32429,16.28055,16.236900000000002,16.19343,16.15023,16.10712,16.06428,16.021620000000002,15.97923,15.93693,15.894900000000002,15.85305,15.811470000000002,15.770070000000002,15.728940000000001,15.687990000000001,15.64731,15.606810000000001,15.56658,15.52662,15.48693,15.44742,15.408180000000002,15.369209999999999,15.33051,15.29208,15.253919999999999,15.216030000000002,15.17841,15.14106,15.10398,15.06726,15.03072,14.994539999999999,14.95872,14.923169999999999,14.887890000000002,14.85297,14.81832,14.783940000000001,14.75001,14.716350000000002,14.68296,14.64993,14.61726,14.584950000000001,14.552909999999999,14.52123,14.489910000000002,14.458860000000001,14.428260000000002,14.39793,14.36805,14.33844,14.309190000000001,14.2803,14.25168,14.223510000000001,14.1957,14.16816,14.141070000000001,14.11425,14.08779,14.06169,14.03595,14.01048,13.985460000000002,13.96071,13.93632,13.91229,13.88853,13.86513,13.84209,13.81932,13.79691,13.77477,13.7529,13.73139,13.71015,13.68927,13.66857,13.64823,13.628160000000001,13.608270000000001,13.58874,13.56948,13.5504,13.53159,13.51296,13.49469,13.476510000000001,13.4586,13.44087,13.42341,13.40613,13.38894,13.37202,13.35528,13.33863,13.32225,13.30596,13.289760000000001,13.27374,13.2579,13.24206,13.22649,13.210920000000002,13.19544,13.180140000000002,13.16484,13.14972,13.134599999999999,13.11957,13.104540000000002,13.089690000000001,13.07475,13.05999,13.04523,13.030470000000001,13.01571,13.001040000000001,12.986369999999999,12.9717,12.957120000000002,12.94245,12.92778,12.913200000000002,12.89853,12.88395,12.869280000000002,12.85461,12.83994,12.82518,12.81051,12.79575,12.780990000000001,12.76614,12.751290000000001,12.73644,12.721589999999999,12.70665,12.69171,12.676680000000001,12.66174,12.64662,12.631590000000001,12.61647,12.60126,12.58614,12.57093,12.555629999999999,12.54042,12.525120000000001,12.50973,12.49443,12.479040000000001,12.46365,12.448260000000001,12.43287,12.417480000000001,12.402,12.386610000000001,12.371129999999999,12.35574,12.340259999999999,12.32487,12.309479999999999,12.29409,12.2787,12.26331,12.24801,12.232800000000001,12.2175,12.20229,12.18717,12.17205,12.15702,12.14208,12.12714,12.11229,12.09753,12.08286,12.06828,12.053790000000001,12.039390000000001,12.025170000000001,12.01095,11.99691,11.98296,11.9691,11.95542,11.941920000000001,11.92851,11.91519,11.902140000000001,11.889180000000001,11.8764,11.863710000000001,11.85129,11.83905,11.8269,11.81502,11.80323,11.79171,11.78037,11.769210000000001,11.75832,11.74752,11.73699,11.72664,11.71656,11.706660000000001,11.697030000000002,11.68749,11.67831,11.66931,11.66049,11.65194,11.64357,11.63547,11.62755,11.61981,11.61243,11.60514,11.598210000000002,11.591370000000001,11.5848,11.5785,11.57238,11.56644,11.56077,11.55528,11.54997,11.54493,11.54007,11.53539,11.53089,11.52666,11.52252,11.518650000000001,11.51487,11.51136,11.50803,11.50479,11.50173,11.498850000000001,11.49615,11.49363,11.491200000000001,11.488949999999999,11.48679,11.48481,11.48301,11.48121,11.47968,11.478150000000001,11.4768,11.47554,11.47437,11.47338,11.47239,11.47158,11.47086,11.47014,11.4696,11.469149999999999,11.4687,11.46843,11.468160000000001,11.46798,11.46789,11.4678,11.46789,11.46798,11.468160000000001,11.46834,11.46861,11.46897,11.469420000000001,11.46987,11.47032,11.47095,11.47158,11.47221,11.47302,11.47383,11.474639999999999,11.47554,11.47653,11.47752,11.4786,11.47977,11.48094,11.482199999999999,11.48346,11.4849,11.48634,11.48778,11.4894,11.491019999999999,11.49273,11.494439999999999,11.49633,11.49822,11.500200000000001,11.502270000000001,11.504430000000001,11.506590000000001,11.50884,11.51127,11.5137,11.51622,11.518740000000001,11.52144,11.524230000000001,11.52702,11.52999,11.53296,11.53602,11.53917,11.54241,11.54574,11.54916,11.552669999999999,11.55618,11.55987,11.56356,11.567340000000002,11.57121,11.57517,11.579220000000001,11.58327,11.58741,11.59164,11.59587,11.60019,11.6046,11.60901,11.61351,11.6181,11.62269,11.62728,11.631960000000001,11.63673,11.6415,11.646270000000001,11.65104,11.6559,11.66076,11.66562,11.67048,11.67534,11.68029,11.68515,11.69001,11.69496,11.69982,11.70468,11.70954,11.7144,11.71917,11.72394,11.728710000000001,11.73348,11.73816,11.74275,11.74734,11.751930000000002,11.75643,11.76084,11.76525,11.76957,11.773890000000002,11.778120000000001,11.78226,11.78631,11.790270000000001,11.794229999999999,11.79801,11.80179,11.805480000000001,11.80899,11.8125,11.81592,11.81916,11.8224,11.82546,11.828429999999999,11.83131,11.8341,11.8368,11.83932,11.841750000000001,11.84409,11.84625,11.84832,11.85021,11.852010000000002,11.853720000000001,11.85525,11.8566,11.85786,11.85894,11.85984,11.86065,11.86128,11.861730000000001,11.862,11.86209,11.862,11.86182,11.861369999999999,11.86074,11.85984,11.85885,11.85759,11.856150000000001,11.85444,11.852549999999999,11.850389999999999,11.84796,11.84535,11.84247,11.83923,11.83581,11.83203,11.82798,11.82366,11.81898,11.81403,11.80872,11.80296,11.79693,11.79054,11.7837,11.7765,11.76885,11.76084,11.75229,11.74329,11.733839999999999,11.72385,11.713410000000001,11.70234,11.69082,11.67867,11.66589,11.65248,11.63844,11.62377,11.60838,11.592270000000001,11.57544,11.55771,11.53926,11.520000000000001,11.49975,11.47869,11.45664,11.4336,11.40957,11.38437,11.35818,11.33073,11.30211,11.27223,11.24109,11.20851,11.17449,11.13903,11.10204,11.06334,11.02293,10.980810000000002,10.9368,10.8909,10.84293,10.792800000000002,10.74042,10.685699999999999,10.62855,10.56888,10.50642,10.44117,10.37286,10.30149,10.22679,10.148670000000001,10.06686,9.98118,9.89145,9.797490000000002,9.69903,9.5958,9.48762,9.374220000000001,9.25524,9.13041,8.999559000000001,8.862246,8.71821,8.567154,8.408772,8.242794,8.068986,7.887168,7.697241000000001,7.4992410000000005,7.293375,7.080066,6.860106,6.63471,6.405705,6.175674,5.948172,5.727942,5.521014,5.334732,5.177421000000001,5.0577119999999995,4.9833810000000005,4.959981,4.989654,5.070645000000001,5.197779000000001,5.363586,5.559705,5.7780000000000005,6.011271000000001,6.253551,6.5001690000000005,6.747552,6.993117,7.234992000000001,7.471908000000001,7.703046,7.927893000000001,8.146188,8.357832,8.562852,8.761374,8.95356,9.13968,9.31986,9.49437,9.66357,9.82764,9.98685,10.14138,10.291590000000001,10.437660000000001,10.57968,10.71801,10.85283,10.98423,11.112480000000001,11.23767,11.36007,11.47968,11.596770000000001,11.711340000000002,11.82366,11.93373,12.04173,12.14766,12.25179
16.50861,16.46424,16.42014,16.37613,16.3323,16.28874,16.24527,16.20198,16.15896,16.116120000000002,16.07346,16.03098,15.98868,15.94665,15.904800000000002,15.863220000000002,15.821819999999999,15.7806,15.73965,15.698970000000001,15.65847,15.61815,15.578100000000001,15.53832,15.49881,15.45957,15.42051,15.381720000000001,15.3432,15.304950000000002,15.26697,15.229259999999998,15.19191,15.15474,15.11784,15.081300000000002,15.04503,15.009030000000001,14.9733,14.93793,14.902830000000002,14.86809,14.83362,14.79942,14.765579999999998,14.7321,14.69889,14.66595,14.63346,14.60124,14.569379999999999,14.53779,14.506560000000002,14.47569,14.44518,14.414940000000001,14.38515,14.35563,14.32647,14.29767,14.26914,14.24106,14.21325,14.1858,14.15871,14.13189,14.10552,14.07942,14.05368,14.0283,14.003190000000002,13.978439999999999,13.95405,13.93002,13.90626,13.88277,13.859729999999999,13.83687,13.81437,13.79223,13.77027,13.74867,13.727430000000002,13.70637,13.68567,13.66515,13.64499,13.62501,13.605390000000002,13.58595,13.56678,13.54779,13.529069999999999,13.51062,13.49235,13.47426,13.456439999999999,13.4388,13.421339999999999,13.40406,13.38696,13.36995,13.35321,13.33656,13.32009,13.3038,13.2876,13.27158,13.255560000000001,13.23981,13.224060000000001,13.208400000000001,13.192919999999999,13.17744,13.162139999999999,13.14684,13.13163,13.11651,13.10139,13.08636,13.07133,13.05639,13.041450000000001,13.0266,13.01175,12.9969,12.98214,12.96729,12.952530000000001,12.93777,12.922920000000001,12.90816,12.893400000000002,12.87855,12.863790000000002,12.84894,12.83409,12.81924,12.80439,12.78954,12.774600000000001,12.75966,12.74463,12.72969,12.71466,12.699629999999999,12.68451,12.66939,12.65427,12.63906,12.623850000000001,12.608640000000001,12.59334,12.57813,12.562740000000002,12.54744,12.53205,12.51675,12.50127,12.485880000000002,12.47049,12.455010000000001,12.43953,12.424140000000001,12.40866,12.393180000000001,12.3777,12.362219999999999,12.34683,12.33135,12.31596,12.300569999999999,12.28518,12.26979,12.25449,12.23919,12.223980000000001,12.208770000000001,12.193650000000002,12.17853,12.1635,12.14856,12.13362,12.118860000000002,12.1041,12.08943,12.07485,12.06045,12.04605,12.031740000000001,12.01761,12.003570000000002,11.98971,11.97594,11.96226,11.94876,11.93535,11.922120000000001,11.90907,11.8962,11.88342,11.87082,11.8584,11.84616,11.8341,11.82222,11.81052,11.79909,11.78775,11.77668,11.7657,11.75499,11.74455,11.73429,11.72421,11.714310000000001,11.70468,11.69523,11.686050000000002,11.677050000000001,11.668320000000001,11.65977,11.6514,11.6433,11.63547,11.62782,11.62044,11.613240000000001,11.60622,11.59947,11.5929,11.5866,11.580480000000001,11.574629999999999,11.56896,11.56347,11.55825,11.55321,11.548350000000001,11.54367,11.53926,11.534939999999999,11.53089,11.52702,11.52333,11.51982,11.516399999999999,11.513250000000001,11.51028,11.5074,11.5047,11.502180000000001,11.49975,11.4975,11.49543,11.493450000000001,11.49165,11.48994,11.488410000000002,11.48688,11.485619999999999,11.48436,11.48328,11.48229,11.4813,11.48058,11.47986,11.47923,11.47869,11.478240000000001,11.47788,11.47761,11.477430000000002,11.47725,11.47725,11.47725,11.47734,11.477430000000002,11.4777,11.47797,11.478240000000001,11.47869,11.479140000000001,11.47959,11.480220000000001,11.48085,11.48148,11.482199999999999,11.48301,11.48382,11.48472,11.485710000000001,11.4867,11.48778,11.48886,11.490120000000001,11.491290000000001,11.492550000000001,11.493900000000002,11.49534,11.496780000000001,11.49831,11.499929999999999,11.50155,11.50326,11.50506,11.506950000000002,11.50884,11.51082,11.51289,11.51496,11.51712,11.51937,11.52171,11.524140000000001,11.52666,11.52918,11.53179,11.53449,11.53728,11.54016,11.54304,11.546100000000001,11.54916,11.55231,11.55555,11.55879,11.56221,11.56563,11.569139999999999,11.57274,11.57634,11.580119999999999,11.5839,11.587769999999999,11.59164,11.595600000000001,11.59965,11.60379,11.607930000000001,11.612070000000001,11.6163,11.62062,11.62494,11.62935,11.633759999999999,11.63817,11.642669999999999,11.647170000000001,11.651670000000001,11.65626,11.66085,11.66544,11.67003,11.67462,11.679300000000001,11.683890000000002,11.68848,11.69307,11.697750000000001,11.70234,11.70693,11.71143,11.71602,11.72052,11.725019999999999,11.72943,11.733839999999999,11.73825,11.74257,11.74689,11.75112,11.755260000000002,11.759400000000001,11.76354,11.76759,11.77155,11.77542,11.7792,11.78298,11.786669999999999,11.790270000000001,11.79378,11.7972,11.80062,11.80386,11.80701,11.810160000000002,11.813130000000001,11.81601,11.8188,11.8215,11.824110000000001,11.82654,11.82897,11.83122,11.83338,11.83536,11.837250000000001,11.83905,11.84067,11.8422,11.843639999999999,11.844899999999999,11.84598,11.84697,11.84778,11.8485,11.84904,11.849400000000001,11.84958,11.84967,11.849490000000001,11.84922,11.84877,11.84814,11.847240000000001,11.84616,11.84499,11.84346,11.841840000000001,11.83995,11.83788,11.835540000000002,11.832930000000001,11.830050000000002,11.82699,11.82366,11.81997,11.8161,11.81187,11.80737,11.80251,11.79738,11.79189,11.78604,11.77992,11.77335,11.76633,11.75904,11.75121,11.743020000000001,11.73438,11.725290000000001,11.71566,11.70558,11.69496,11.6838,11.6721,11.65977,11.6469,11.6334,11.61927,11.604420000000001,11.588940000000001,11.57265,11.55564,11.537820000000002,11.51928,11.49984,11.479500000000002,11.458169999999999,11.43603,11.41281,11.3886,11.36322,11.33685,11.30922,11.28042,11.25027,11.218860000000001,11.1861,11.151810000000001,11.11608,11.07882,11.039760000000001,10.99908,10.9566,10.912230000000001,10.86588,10.817459999999999,10.76688,10.71396,10.65879,10.60101,10.54062,10.477440000000001,10.41138,10.34235,10.26999,10.1943,10.11501,10.03194,9.94491,9.85365,9.75807,9.657720000000001,9.55251,9.44199,9.32598,9.204210000000002,9.07623,8.941707000000001,8.800335,8.651718,8.495469,8.331192000000001,8.158508999999999,7.977060000000001,7.786512000000001,7.586586,7.377111,7.1580509999999995,6.929595000000001,6.692229,6.4468890000000005,6.195123,5.939334000000001,5.6830680000000005,5.431356,5.191038000000001,4.97097,4.781871,4.63554,4.543164,4.513041,4.548393,4.646439,4.799295000000001,4.996107,5.225355,5.476509,5.740839,6.011586,6.283746,6.553764,6.819201,7.078473,7.330572,7.5749580000000005,7.811379,8.039781,8.260290000000001,8.473095,8.678466,8.8767,9.06813,9.25308,9.43182,9.604800000000001,9.77229,9.93447,10.091790000000001,10.24443,10.39266,10.53666,10.67688,10.81332,10.94625,11.07585,11.2023,11.32587,11.446560000000002,11.56455,11.68011,11.79324,11.904029999999999,12.01275,12.119399999999999,12.22416
16.51554,16.47135,16.42743,16.3836,16.33995,16.29657,16.25328,16.210259999999998,16.16733,16.124670000000002,16.08219,16.03998,15.997860000000001,15.95601,15.914340000000001,15.872940000000002,15.831720000000002,15.790770000000002,15.75,15.709409999999998,15.66909,15.629040000000002,15.589260000000001,15.549660000000001,15.51033,15.47118,15.432389999999998,15.39378,15.35544,15.317370000000002,15.27957,15.242130000000001,15.204870000000001,15.167880000000002,15.131160000000001,15.0948,15.05871,15.02289,14.98734,14.95215,14.91723,14.88258,14.84829,14.81427,14.78061,14.74722,14.71419,14.68143,14.649030000000002,14.6169,14.585130000000001,14.55372,14.52267,14.49189,14.46147,14.431320000000001,14.40162,14.37219,14.34303,14.31432,14.28588,14.257800000000001,14.23008,14.20272,14.17563,14.148900000000001,14.122530000000001,14.096520000000002,14.070780000000001,14.0454,14.02029,13.99554,13.97115,13.947030000000002,13.92327,13.89978,13.87665,13.85379,13.8312,13.80897,13.78701,13.765320000000001,13.74399,13.72284,13.702050000000002,13.68144,13.66119,13.64112,13.62132,13.60179,13.58253,13.56345,13.544550000000001,13.525920000000001,13.50756,13.48938,13.47138,13.45356,13.435920000000001,13.41846,13.40127,13.38417,13.36725,13.35042,13.333770000000001,13.317300000000001,13.300920000000001,13.28472,13.26861,13.25259,13.23666,13.22091,13.20525,13.189589999999999,13.17411,13.15863,13.14324,13.12794,13.112639999999999,13.09743,13.08231,13.06719,13.05207,13.03704,13.0221,13.007069999999999,12.992130000000001,12.97719,12.96216,12.94731,12.93237,12.917430000000001,12.90249,12.88755,12.87261,12.85767,12.842730000000001,12.8277,12.81267,12.79773,12.7827,12.76758,12.75255,12.73743,12.72231,12.7071,12.691980000000001,12.676770000000001,12.661470000000001,12.64626,12.63096,12.61566,12.60027,12.58497,12.56958,12.55419,12.53871,12.52332,12.507840000000002,12.49236,12.476880000000001,12.461400000000001,12.44592,12.43035,12.41487,12.39939,12.38391,12.36834,12.352860000000002,12.33747,12.321990000000001,12.3066,12.291210000000001,12.27582,12.26052,12.24522,12.229920000000002,12.21471,12.19959,12.18456,12.16953,12.1545,12.13965,12.1248,12.11013,12.09546,12.080969999999999,12.06648,12.05217,12.03795,12.02382,12.009780000000001,11.99592,11.982149999999999,11.968560000000002,11.955060000000001,11.94174,11.92851,11.91546,11.90259,11.8899,11.8773,11.86497,11.852730000000001,11.84067,11.82888,11.81718,11.80575,11.794500000000001,11.783430000000001,11.772540000000001,11.76183,11.75139,11.74113,11.73114,11.72124,11.7117,11.70225,11.69307,11.68416,11.67543,11.66688,11.658600000000002,11.650590000000001,11.64276,11.63511,11.627730000000001,11.62053,11.6136,11.60685,11.60037,11.59407,11.587950000000001,11.5821,11.57643,11.57103,11.565809999999999,11.56077,11.55591,11.55132,11.54691,11.54268,11.538630000000001,11.53476,11.531070000000001,11.527560000000001,11.524230000000001,11.52108,11.51811,11.51523,11.51262,11.5101,11.507760000000001,11.50551,11.50344,11.50155,11.49975,11.498040000000001,11.496509999999999,11.49507,11.49381,11.492640000000002,11.49156,11.49057,11.48967,11.488949999999999,11.48832,11.487689999999999,11.48724,11.48679,11.48652,11.48625,11.48607,11.48607,11.48598,11.48607,11.48625,11.48643,11.4867,11.48697,11.48742,11.487870000000001,11.48832,11.48886,11.48949,11.49021,11.49093,11.49174,11.492550000000001,11.493450000000001,11.49435,11.49534,11.49642,11.4975,11.49867,11.499929999999999,11.50119,11.50254,11.50389,11.50533,11.50677,11.50839,11.51001,11.51163,11.513340000000001,11.51514,11.51703,11.51892,11.520900000000001,11.52297,11.52504,11.5272,11.529449999999999,11.53179,11.53413,11.536560000000001,11.53908,11.5416,11.5443,11.547,11.54979,11.552669999999999,11.55555,11.558520000000001,11.56158,11.56473,11.56797,11.57121,11.57454,11.577960000000001,11.58138,11.58489,11.58849,11.59209,11.59578,11.59956,11.60334,11.60721,11.611170000000001,11.61513,11.61909,11.623140000000001,11.62719,11.63133,11.63547,11.6397,11.64393,11.648159999999999,11.65239,11.65671,11.66103,11.66535,11.66967,11.67399,11.678400000000002,11.68272,11.68704,11.691450000000001,11.695770000000001,11.70009,11.70441,11.708730000000001,11.71296,11.71719,11.72142,11.72565,11.72979,11.733929999999999,11.73798,11.74203,11.74599,11.74995,11.75382,11.7576,11.761379999999999,11.76516,11.76876,11.772359999999999,11.775870000000001,11.779290000000001,11.782710000000002,11.78604,11.78919,11.792340000000001,11.7954,11.79837,11.801250000000001,11.80404,11.806740000000001,11.80935,11.81178,11.81421,11.816550000000001,11.81871,11.820780000000001,11.82276,11.82465,11.82636,11.82798,11.82951,11.830860000000001,11.832120000000002,11.83329,11.834280000000001,11.835090000000001,11.83581,11.83644,11.83689,11.83716,11.837250000000001,11.837250000000001,11.83707,11.83671,11.836170000000001,11.83545,11.83464,11.83356,11.8323,11.830860000000001,11.82915,11.827350000000001,11.825280000000001,11.82294,11.82042,11.81763,11.81466,11.81133,11.80782,11.80404,11.799990000000001,11.79558,11.7909,11.78595,11.780640000000002,11.77506,11.76903,11.76273,11.755980000000001,11.74896,11.7414,11.73348,11.725200000000001,11.716380000000001,11.7072,11.69748,11.68722,11.67651,11.66526,11.65347,11.64105,11.628,11.61441,11.6001,11.58516,11.56959,11.55321,11.53602,11.51811,11.499390000000002,11.47986,11.45943,11.43801,11.415690000000001,11.39229,11.36799,11.34252,11.31588,11.288160000000001,11.259179999999999,11.22885,11.19726,11.16432,11.129850000000001,11.09385,11.056320000000001,11.01708,10.976130000000001,10.93329,10.88865,10.84194,10.79316,10.742130000000001,10.68885,10.633140000000001,10.574910000000001,10.51389,10.45017,10.38348,10.31364,10.24056,10.16397,10.08369,9.99954,9.911340000000001,9.81882,9.72171,9.61983,9.51273,9.400229999999999,9.28206,9.157680000000001,9.02682,8.889111,8.744094,8.591337000000001,8.430372,8.260722000000001,8.081883,7.89336,7.694658000000001,7.4853000000000005,7.264899000000001,7.03314,6.789879,6.535251,6.269750999999999,5.994504,5.711472,5.423895000000001,5.136777,4.857471,4.596345,4.366998,4.185639,4.068855,4.029615000000001,4.0730580000000005,4.194549,4.381569,4.617900000000001,4.887612,5.177286,5.476689,5.778504,6.077745,6.371163,6.656724,6.933276,7.200243,7.457408999999999,7.704855,7.942815,8.171604,8.391627000000002,8.603307,8.807076,9.00333,9.1926,9.375210000000001,9.55152,9.72198,9.88686,10.046610000000001,10.20141,10.35153,10.49742,10.639170000000002,10.777050000000001,10.91124,11.0421,11.16963,11.29419,11.415780000000002,11.53467,11.65095,11.7648,11.8764,11.98566,12.09294,12.19815
16.5222,16.47819,16.43436,16.390710000000002,16.34733,16.30404,16.26093,16.21809,16.17543,16.13286,16.09056,16.048530000000003,16.00659,15.964920000000001,15.923519999999998,15.882209999999999,15.841260000000002,15.800400000000002,15.75981,15.71949,15.679350000000001,15.639479999999999,15.599880000000002,15.56046,15.52131,15.48234,15.44373,15.4053,15.367140000000001,15.329339999999998,15.29172,15.254370000000002,15.217290000000002,15.180480000000001,15.144029999999999,15.10776,15.071850000000001,15.03621,15.00084,14.965739999999998,14.931000000000001,14.89653,14.86233,14.828489999999999,14.794920000000001,14.76171,14.728860000000001,14.696190000000001,14.663969999999999,14.63193,14.600340000000001,14.56902,14.538060000000002,14.50737,14.47704,14.44707,14.417370000000002,14.38803,14.35905,14.33034,14.30199,14.274,14.24628,14.21892,14.191920000000001,14.165280000000001,14.13891,14.11281,14.08716,14.06178,14.036669999999999,14.01192,13.987530000000001,13.963410000000001,13.93956,13.916070000000001,13.892850000000001,13.86999,13.8474,13.82508,13.803030000000001,13.78134,13.759830000000001,13.73868,13.7178,13.697099999999999,13.676760000000002,13.6566,13.636709999999999,13.617,13.59765,13.57839,13.55949,13.54068,13.52214,13.503870000000001,13.48569,13.46778,13.44996,13.432409999999999,13.414950000000001,13.39776,13.38066,13.36374,13.346910000000001,13.33026,13.313790000000001,13.297320000000001,13.28112,13.26492,13.2489,13.232880000000002,13.21704,13.20129,13.185540000000001,13.169970000000001,13.1544,13.13892,13.12353,13.10814,13.092839999999999,13.07754,13.062330000000001,13.047120000000001,13.031910000000002,13.01679,13.00167,12.986550000000001,12.971520000000002,12.9564,12.941370000000001,12.926250000000001,12.91122,12.8961,12.881070000000001,12.865950000000002,12.85092,12.8358,12.820680000000001,12.805560000000002,12.79035,12.775229999999999,12.760019999999999,12.74481,12.7296,12.714300000000001,12.699,12.6837,12.6684,12.65301,12.63762,12.62223,12.60684,12.591450000000002,12.57597,12.56049,12.545010000000001,12.52953,12.51396,12.49848,12.48291,12.46734,12.45177,12.43629,12.420720000000001,12.40515,12.389669999999999,12.3741,12.35862,12.343140000000002,12.32766,12.31218,12.29679,12.281400000000001,12.26601,12.25071,12.2355,12.22029,12.205169999999999,12.19005,12.17502,12.16008,12.14514,12.130379999999999,12.11562,12.101040000000001,12.086459999999999,12.07206,12.05775,12.04353,12.0294,12.015360000000001,12.001500000000002,11.987820000000001,11.97423,11.96073,11.947410000000001,11.934270000000001,11.92122,11.90835,11.89566,11.88315,11.87082,11.85867,11.84661,11.83482,11.823210000000001,11.81178,11.80053,11.78946,11.77866,11.76804,11.7576,11.74734,11.73735,11.72754,11.718,11.70864,11.69946,11.69055,11.68182,11.67336,11.66508,11.65707,11.64924,11.641680000000001,11.6343,11.62719,11.62026,11.61351,11.60703,11.600819999999999,11.5947,11.588940000000001,11.58327,11.57787,11.57265,11.5677,11.56284,11.55825,11.553840000000001,11.549610000000001,11.54565,11.54178,11.53818,11.53467,11.53134,11.52828,11.52531,11.52252,11.51991,11.51739,11.51505,11.51289,11.51082,11.50893,11.50722,11.505600000000001,11.50407,11.50272,11.501460000000002,11.50029,11.4993,11.49831,11.4975,11.496780000000001,11.49615,11.495610000000001,11.49525,11.49489,11.494620000000001,11.494439999999999,11.49426,11.49426,11.49435,11.494439999999999,11.494620000000001,11.49489,11.49516,11.495610000000001,11.495970000000002,11.496509999999999,11.49705,11.49768,11.49831,11.49912,11.49984,11.50074,11.50155,11.50254,11.503530000000001,11.50461,11.505690000000001,11.50677,11.50803,11.50929,11.51055,11.5119,11.513340000000001,11.51478,11.51631,11.517930000000002,11.51955,11.52117,11.52297,11.52477,11.52657,11.528550000000001,11.53053,11.53251,11.53458,11.53674,11.53899,11.54124,11.54358,11.54601,11.54844,11.55096,11.55357,11.55627,11.55897,11.56176,11.56455,11.56752,11.57049,11.57346,11.57661,11.57976,11.58291,11.58624,11.58957,11.5929,11.59632,11.59983,11.60343,11.60694,11.61063,11.61432,11.61801,11.62179,11.625660000000002,11.62944,11.63331,11.637270000000001,11.64123,11.64519,11.64915,11.6532,11.657250000000001,11.6613,11.66535,11.6694,11.67354,11.67759,11.68173,11.68578,11.68983,11.69397,11.69802,11.70207,11.70612,11.710080000000001,11.714039999999999,11.718,11.721960000000001,11.72583,11.7297,11.73357,11.73735,11.74104,11.74473,11.74833,11.751930000000002,11.75544,11.75895,11.76237,11.7657,11.768939999999999,11.77218,11.77533,11.77839,11.781360000000001,11.78433,11.78712,11.78991,11.79252,11.79513,11.797649999999999,11.799990000000001,11.80233,11.80449,11.80665,11.808629999999999,11.81052,11.812320000000001,11.81403,11.81556,11.81709,11.81844,11.819609999999999,11.820780000000001,11.82177,11.82258,11.82339,11.82393,11.82447,11.82474,11.82492,11.82501,11.82492,11.82465,11.8242,11.82366,11.82285,11.821950000000001,11.82087,11.819609999999999,11.81817,11.816460000000001,11.81466,11.81259,11.81034,11.80782,11.80512,11.802150000000001,11.799,11.79558,11.79189,11.78793,11.7837,11.77911,11.77434,11.769210000000001,11.76381,11.757959999999999,11.751930000000002,11.74545,11.73861,11.73141,11.72376,11.71575,11.70729,11.69838,11.689020000000001,11.679210000000001,11.66895,11.65806,11.64672,11.63475,11.62233,11.609190000000002,11.59551,11.58111,11.566080000000001,11.55033,11.53386,11.516670000000001,11.49867,11.47977,11.46015,11.43954,11.41812,11.39562,11.37222,11.34774,11.32209,11.29545,11.267550000000002,11.23839,11.207970000000001,11.176290000000002,11.14308,11.10843,11.07234,11.03454,10.99512,10.95399,10.91097,10.86597,10.818990000000001,10.76994,10.718639999999999,10.665,10.608929999999999,10.55025,10.48887,10.424610000000001,10.357380000000001,10.28691,10.2132,10.13589,10.0548,9.969840000000001,9.880650000000001,9.787049999999999,9.68868,9.58545,9.47682,9.36261,9.24246,9.115920000000001,8.982666000000002,8.842167000000002,8.693991,8.537625,8.372529,8.198136,8.013834000000001,7.818975,7.61292,7.395003000000001,7.1645579999999995,6.920991,6.663789,6.392637,6.10749,5.808843,5.497965000000001,5.1773489999999995,4.851432,4.527513,4.216941,3.9363750000000004,3.7079730000000004,3.556935,3.5047170000000003,3.5601570000000002,3.714993,3.9482549999999996,4.235148000000001,4.553784,4.887693,5.225607,5.560281,5.887277999999999,6.204041999999999,6.509259,6.80238,7.083351,7.352423999999999,7.610022,7.856676,8.092953,8.319447,8.536743,8.745399,8.945973,9.13896,9.324900000000001,9.50409,9.67716,9.844380000000001,10.006110000000001,10.1628,10.31463,10.46196,10.60506,10.744110000000001,10.879470000000001,11.01132,11.13984,11.26512,11.38752,11.50713,11.62413,11.73852,11.850660000000001,11.960460000000001,12.068190000000001,12.17394
16.528499999999998,16.484669999999998,16.44102,16.39755,16.35426,16.31124,16.26831,16.22556,16.18308,16.14078,16.09866,16.056720000000002,16.01505,15.97347,15.932250000000002,15.89112,15.85035,15.809669999999999,15.769260000000001,15.729120000000002,15.689160000000001,15.64947,15.610050000000001,15.57081,15.53184,15.493050000000002,15.454620000000002,15.41637,15.37839,15.34068,15.303239999999999,15.26616,15.229259999999998,15.192630000000001,15.15627,15.120180000000001,15.08445,15.0489,15.01371,14.97879,14.944230000000001,14.909850000000002,14.87583,14.84217,14.80878,14.77566,14.7429,14.71041,14.67828,14.64642,14.614920000000001,14.58369,14.552819999999999,14.52222,14.49198,14.4621,14.432490000000001,14.403239999999998,14.37426,14.34573,14.317380000000002,14.289480000000001,14.26185,14.234490000000001,14.20758,14.180850000000001,14.15457,14.12856,14.102820000000001,14.077440000000001,14.05242,14.02767,14.003190000000002,13.97907,13.95522,13.93173,13.908510000000001,13.88556,13.86288,13.84056,13.81842,13.79664,13.77513,13.75389,13.73283,13.71213,13.691609999999999,13.67136,13.651380000000001,13.63167,13.61214,13.592789999999999,13.57371,13.55481,13.53618,13.51773,13.49946,13.48137,13.463460000000001,13.445730000000001,13.42818,13.41081,13.39353,13.376520000000001,13.35951,13.34277,13.32603,13.30947,13.29309,13.27671,13.26051,13.244399999999999,13.22838,13.21245,13.196610000000002,13.180860000000001,13.16511,13.14945,13.13388,13.118400000000001,13.10292,13.087530000000001,13.07214,13.056750000000001,13.041450000000001,13.02615,13.01085,12.99564,12.98043,12.96522,12.95001,12.934800000000001,12.919590000000001,12.904380000000002,12.889170000000002,12.87396,12.85875,12.84354,12.828240000000001,12.813030000000001,12.79773,12.78243,12.767130000000002,12.75183,12.73653,12.72114,12.70575,12.69036,12.67497,12.65949,12.64401,12.628530000000001,12.61305,12.59757,12.582,12.56643,12.55086,12.535290000000002,12.51972,12.50415,12.48858,12.47292,12.45735,12.44178,12.426210000000001,12.41055,12.39498,12.37941,12.36393,12.34836,12.332880000000001,12.317400000000001,12.301919999999999,12.28653,12.27114,12.25584,12.240540000000001,12.225330000000001,12.21021,12.19509,12.180060000000001,12.16512,12.15018,12.13542,12.120659999999999,12.10608,12.0915,12.077100000000002,12.06279,12.04857,12.034440000000002,12.02049,12.00663,11.99286,11.97927,11.965860000000001,11.95254,11.939400000000001,11.92644,11.91357,11.90088,11.88837,11.876040000000001,11.86389,11.85192,11.84013,11.82852,11.81718,11.80593,11.79495,11.78415,11.77353,11.76309,11.75292,11.742930000000001,11.73312,11.72358,11.714310000000001,11.705129999999999,11.69622,11.68758,11.679120000000001,11.67093,11.66292,11.655090000000001,11.647530000000001,11.64024,11.633130000000001,11.626199999999999,11.61954,11.613059999999999,11.60685,11.600819999999999,11.59497,11.58939,11.58399,11.578859999999999,11.57391,11.569139999999999,11.56455,11.56014,11.556000000000001,11.55204,11.54817,11.54457,11.54115,11.53791,11.53476,11.531880000000001,11.52909,11.52648,11.52405,11.5218,11.51964,11.51766,11.51577,11.51406,11.51253,11.511,11.50974,11.50848,11.5074,11.50641,11.50551,11.50479,11.50407,11.503530000000001,11.50308,11.50263,11.502360000000001,11.502180000000001,11.501999999999999,11.501999999999999,11.501999999999999,11.502089999999999,11.502270000000001,11.50254,11.50281,11.50317,11.503620000000002,11.50416,11.5047,11.50533,11.50596,11.50668,11.507489999999999,11.5083,11.5092,11.5101,11.511090000000001,11.51217,11.513250000000001,11.51442,11.51559,11.51685,11.51811,11.51946,11.520900000000001,11.52234,11.52378,11.52531,11.52693,11.528550000000001,11.53026,11.53206,11.53386,11.53575,11.53764,11.53962,11.5416,11.54367,11.54583,11.54799,11.55024,11.55258,11.554920000000001,11.55735,11.55987,11.562389999999999,11.565,11.56761,11.570310000000001,11.5731,11.57589,11.57877,11.581740000000002,11.584710000000001,11.587769999999999,11.59083,11.59398,11.59722,11.60046,11.60379,11.60712,11.61045,11.61396,11.61738,11.620890000000001,11.62449,11.62809,11.631689999999999,11.635380000000001,11.63907,11.64276,11.64645,11.650229999999999,11.65401,11.65779,11.66166,11.66544,11.66922,11.67309,11.67696,11.68074,11.684610000000001,11.68839,11.692260000000001,11.69604,11.69982,11.7036,11.70738,11.71107,11.714760000000002,11.71845,11.72214,11.725740000000002,11.72925,11.732850000000001,11.736270000000001,11.739690000000001,11.74311,11.746440000000002,11.749770000000002,11.75292,11.756160000000001,11.75922,11.76228,11.76525,11.76813,11.77101,11.773800000000001,11.77641,11.77902,11.78163,11.78406,11.7864,11.78865,11.7909,11.79297,11.79495,11.79693,11.79873,11.80044,11.80206,11.80359,11.80494,11.80629,11.80746,11.80854,11.80953,11.81034,11.811060000000001,11.81169,11.81214,11.8125,11.81277,11.81277,11.81277,11.81259,11.812230000000001,11.81169,11.811060000000001,11.81025,11.80935,11.80818,11.80692,11.805390000000001,11.80377,11.80188,11.79981,11.797649999999999,11.79513,11.79252,11.78964,11.78649,11.78316,11.77956,11.775689999999999,11.77155,11.76723,11.76255,11.7576,11.75229,11.74671,11.740860000000001,11.73465,11.72799,11.721060000000001,11.71377,11.70603,11.69793,11.68929,11.68038,11.67093,11.66094,11.650590000000001,11.639610000000001,11.62818,11.61621,11.60361,11.59038,11.57661,11.56212,11.547,11.53125,11.51469,11.49741,11.47932,11.460420000000001,11.440620000000001,11.420010000000001,11.39841,11.375910000000001,11.35242,11.32785,11.30211,11.27538,11.24739,11.218140000000002,11.18763,11.15577,11.12247,11.087729999999999,11.05146,11.01357,10.974060000000001,10.93266,10.88946,10.844370000000001,10.79721,10.74789,10.69632,10.6425,10.58607,10.52712,10.46538,10.40076,10.333079999999999,10.26225,10.188,10.11006,10.02843,9.94275,9.85275,9.758339999999999,9.65907,9.554670000000002,9.444870000000002,9.32931,9.207540000000002,9.07929,8.944002000000001,8.801217000000001,8.650431,8.491068,8.322524999999999,8.144136,7.955208,7.754957999999999,7.542585,7.3172250000000005,7.077996000000001,6.823980000000001,6.554277000000001,6.268068,5.964714,5.6439,5.305896,4.952052,4.585482,4.212333,3.8437200000000002,3.4984260000000003,3.205683,3.0043439999999997,2.932398,3.006657,3.210948,3.5078400000000003,3.858894,4.235157,4.617981,4.99635,5.364135,5.718186,6.057117,6.380577,6.688809,6.982371,7.262001,7.5285,7.782704999999999,8.025435,8.257455,8.479512,8.692299,8.896455,9.09261,9.28125,9.46287,9.6381,9.807210000000001,9.970650000000001,10.12878,10.28196,10.43046,10.574639999999999,10.714770000000001,10.85094,10.983600000000001,11.11284,11.238840000000001,11.36187,11.48202,11.59947,11.7144,11.8269,11.93715,12.04524,12.15135
16.53453,16.49088,16.447409999999998,16.404030000000002,16.36092,16.31799,16.27524,16.232760000000003,16.19037,16.14825,16.10631,16.06455,16.02297,15.981660000000002,15.94053,15.89967,15.858989999999999,15.81849,15.778350000000001,15.738299999999999,15.698519999999998,15.659010000000002,15.61968,15.580710000000002,15.54183,15.503309999999999,15.46497,15.426990000000002,15.389190000000001,15.35166,15.3144,15.27732,15.2406,15.20415,15.16797,15.132060000000001,15.096420000000002,15.06114,15.02604,14.9913,14.95683,14.92272,14.88879,14.855220000000001,14.821920000000002,14.788980000000002,14.756310000000001,14.724,14.691960000000002,14.660190000000002,14.62878,14.59773,14.566950000000002,14.536439999999999,14.506289999999998,14.476500000000001,14.44698,14.41782,14.38893,14.3604,14.33214,14.30424,14.2767,14.24943,14.22252,14.195879999999999,14.16951,14.14359,14.11785,14.09247,14.06745,14.0427,14.01822,13.9941,13.970250000000002,13.94667,13.92336,13.90041,13.877730000000001,13.85532,13.83318,13.81131,13.78971,13.76838,13.74732,13.72653,13.70592,13.685580000000002,13.66551,13.64562,13.626000000000001,13.60656,13.58739,13.5684,13.54959,13.53105,13.51269,13.49442,13.476420000000001,13.45851,13.44087,13.42332,13.40595,13.388670000000001,13.37166,13.35465,13.33782,13.32117,13.30452,13.28805,13.27176,13.25547,13.239270000000001,13.22316,13.20714,13.1913,13.175370000000001,13.15962,13.14387,13.128210000000001,13.11255,13.09698,13.0815,13.06602,13.05054,13.03506,13.019670000000001,13.00428,12.98889,12.973590000000002,12.9582,12.9429,12.92751,12.91221,12.89691,12.88152,12.86622,12.85083,12.83553,12.82014,12.80475,12.78936,12.77397,12.75849,12.7431,12.72762,12.71214,12.69666,12.68109,12.665610000000001,12.65004,12.63447,12.618900000000002,12.60333,12.587670000000001,12.572099999999999,12.55644,12.540780000000002,12.525120000000001,12.50946,12.4938,12.47814,12.462570000000001,12.44691,12.43125,12.41559,12.39993,12.384360000000001,12.36879,12.35322,12.337650000000002,12.32217,12.30669,12.291210000000001,12.27582,12.26052,12.24522,12.23001,12.2148,12.199679999999999,12.184650000000001,12.16962,12.154770000000001,12.13992,12.125160000000001,12.11058,12.096,12.0816,12.06729,12.05307,12.03894,12.02499,12.011130000000001,11.99745,11.98386,11.97045,11.957130000000001,11.943990000000001,11.93103,11.91816,11.905560000000001,11.893049999999999,11.88072,11.86857,11.8566,11.844899999999999,11.83329,11.821860000000001,11.810699999999999,11.799719999999999,11.788920000000001,11.7783,11.76795,11.75778,11.74779,11.738069999999999,11.728530000000001,11.71926,11.71017,11.701260000000001,11.69262,11.68416,11.67597,11.66805,11.66031,11.65275,11.64546,11.63835,11.63151,11.62485,11.61837,11.612160000000001,11.60622,11.60046,11.59488,11.58948,11.584349999999999,11.5794,11.57472,11.57013,11.565809999999999,11.56167,11.55771,11.55393,11.55042,11.547,11.54376,11.540700000000001,11.537820000000002,11.535120000000001,11.53251,11.53017,11.52792,11.52576,11.52387,11.522070000000001,11.52036,11.518830000000001,11.51739,11.51613,11.51496,11.51397,11.512979999999999,11.51217,11.51145,11.51082,11.51028,11.509920000000001,11.50956,11.50929,11.5092,11.509110000000002,11.509110000000002,11.5092,11.50938,11.50956,11.509920000000001,11.51028,11.51064,11.511180000000001,11.51172,11.51235,11.512979999999999,11.51379,11.514510000000001,11.515410000000001,11.51622,11.51721,11.5182,11.51928,11.52036,11.52144,11.5227,11.52387,11.52522,11.52648,11.52792,11.52936,11.5308,11.532330000000002,11.53386,11.53548,11.53719,11.5389,11.540610000000001,11.5425,11.5443,11.546280000000001,11.54817,11.55024,11.55231,11.55438,11.55654,11.55879,11.56104,11.56338,11.565809999999999,11.568240000000001,11.57067,11.57319,11.575800000000001,11.57841,11.58111,11.5839,11.58669,11.58948,11.59236,11.595329999999999,11.5983,11.60136,11.604420000000001,11.607569999999999,11.61072,11.61387,11.61711,11.62044,11.62377,11.6271,11.63043,11.63385,11.637270000000001,11.640780000000001,11.64429,11.6478,11.65131,11.65482,11.65842,11.66202,11.66553,11.669130000000001,11.67273,11.67633,11.67993,11.683530000000001,11.68713,11.69064,11.69424,11.697750000000001,11.701260000000001,11.70477,11.70828,11.7117,11.71512,11.71854,11.721870000000001,11.725200000000001,11.728439999999999,11.73168,11.73492,11.738069999999999,11.74113,11.74419,11.747160000000001,11.75004,11.75292,11.75571,11.7585,11.7612,11.76381,11.76633,11.76876,11.77119,11.77344,11.775689999999999,11.777849999999999,11.77992,11.7819,11.78379,11.785590000000001,11.7873,11.788920000000001,11.79045,11.79189,11.79324,11.794500000000001,11.79558,11.796660000000001,11.79756,11.79837,11.79909,11.79963,11.800080000000001,11.80044,11.80071,11.8008,11.80071,11.80062,11.80026,11.799900000000001,11.79927,11.79855,11.79774,11.796660000000001,11.79549,11.79414,11.79261,11.79099,11.789100000000001,11.78703,11.784870000000002,11.78244,11.77974,11.77695,11.773890000000002,11.77056,11.767050000000001,11.76336,11.75931,11.75508,11.750580000000001,11.74572,11.74068,11.73528,11.72961,11.72358,11.71719,11.71053,11.70342,11.69604,11.68821,11.67993,11.67129,11.6622,11.652660000000001,11.642669999999999,11.63214,11.62116,11.60964,11.59758,11.58489,11.57166,11.5578,11.543310000000002,11.5281,11.51226,11.495610000000001,11.478240000000001,11.46015,11.44116,11.42136,11.40066,11.37906,11.35647,11.33289,11.30832,11.28258,11.25567,11.22768,11.19834,11.16783,11.13588,11.10258,11.06775,11.03139,10.99341,10.95372,10.912320000000001,10.86903,10.82376,10.776420000000002,10.727010000000002,10.67535,10.62126,10.56474,10.50552,10.4436,10.37871,10.31076,10.23957,10.16496,10.08666,10.004579999999999,9.91845,9.827910000000001,9.73278,9.63288,9.52767,9.416970000000001,9.30042,9.177480000000001,9.047880000000001,8.911089,8.766567,8.613774,8.452098000000001,8.280864000000001,8.099352000000001,7.906761,7.702218000000001,7.484787000000001,7.253415,7.007004,6.744357,6.464196,6.165234,5.846166,5.505822,5.143311,4.758417000000001,4.3522110000000005,3.9283110000000003,3.495222,3.0708,2.689641,2.410416,2.305503,2.41191,2.6933670000000003,3.078081,3.507813,3.9482190000000004,4.381596,4.799466000000001,5.198229,5.5767690000000005,5.935248,6.274476,6.595533,6.899634000000001,7.187994,7.4617830000000005,7.722117000000001,7.970022,8.206452,8.432289,8.648325,8.855288999999999,9.05382,9.244620000000001,9.42813,9.604980000000001,9.775530000000002,9.940230000000001,10.09953,10.2537,10.4031,10.54809,10.68885,10.825740000000001,10.95903,11.08872,11.215259999999999,11.33874,11.45925,11.57715,11.692350000000001,11.805209999999999,11.91582,12.024180000000001,12.13047
16.540200000000002,16.49673,16.45335,16.410239999999998,16.36722,16.32447,16.2819,16.239510000000003,16.197300000000002,16.155359999999998,16.1136,16.071930000000002,16.030620000000003,15.989399999999998,15.948450000000001,15.907770000000001,15.86727,15.82695,15.786900000000001,15.74712,15.70752,15.668099999999999,15.628950000000001,15.590069999999999,15.551459999999999,15.513119999999999,15.474960000000001,15.43707,15.399449999999998,15.36201,15.32493,15.28812,15.251490000000002,15.21522,15.17922,15.143400000000002,15.107940000000001,15.07275,15.03792,15.00327,14.968890000000002,14.93487,14.901119999999999,14.86773,14.834610000000001,14.801760000000002,14.76918,14.736960000000002,14.70501,14.67342,14.6421,14.61114,14.580450000000003,14.55003,14.519969999999999,14.49027,14.46084,14.43168,14.40288,14.37444,14.34627,14.31846,14.29092,14.26365,14.236740000000001,14.210189999999999,14.183910000000001,14.1579,14.13225,14.10687,14.08185,14.05701,14.03262,14.00841,13.98456,13.960980000000001,13.93767,13.914629999999999,13.89195,13.86945,13.84731,13.82535,13.80366,13.782330000000002,13.761180000000001,13.74021,13.7196,13.69917,13.67901,13.659030000000001,13.63932,13.61979,13.600530000000001,13.58136,13.56246,13.54383,13.52529,13.50693,13.488750000000001,13.470749999999999,13.45293,13.43529,13.41783,13.40046,13.383180000000001,13.36608,13.34916,13.33233,13.31559,13.29894,13.28247,13.266,13.24971,13.233419999999999,13.217310000000001,13.2012,13.18527,13.16925,13.153410000000001,13.13757,13.121820000000001,13.10607,13.09041,13.07475,13.05918,13.043610000000001,13.02804,13.012559999999999,12.99708,12.98151,12.966030000000002,12.95064,12.935160000000002,12.91968,12.9042,12.888720000000001,12.87333,12.857850000000001,12.842369999999999,12.82689,12.81141,12.79584,12.78036,12.76479,12.749310000000001,12.733740000000001,12.71817,12.70251,12.68694,12.671280000000001,12.65571,12.64005,12.624390000000002,12.608730000000001,12.59298,12.57732,12.56157,12.54591,12.53016,12.5145,12.49875,12.482999999999999,12.46734,12.451590000000001,12.43593,12.42018,12.40452,12.38886,12.373199999999999,12.35763,12.34206,12.32649,12.311010000000001,12.29553,12.280140000000001,12.26475,12.249360000000001,12.234150000000001,12.21894,12.20373,12.188699999999999,12.173670000000001,12.15882,12.14397,12.12921,12.11454,12.10005,12.085560000000001,12.07125,12.05703,12.042900000000001,12.028950000000002,12.015089999999999,12.00141,11.987820000000001,11.97441,11.96109,11.947949999999999,11.93499,11.92221,11.909519999999999,11.89701,11.88477,11.872620000000001,11.86065,11.84895,11.83734,11.826,11.81484,11.80386,11.79306,11.78244,11.77209,11.76201,11.75202,11.7423,11.73276,11.72349,11.71449,11.70558,11.696940000000001,11.68857,11.68038,11.672460000000001,11.66472,11.657250000000001,11.64996,11.642850000000001,11.63601,11.62944,11.623050000000001,11.61684,11.6109,11.60514,11.59965,11.59434,11.58921,11.58426,11.57958,11.57508,11.570760000000002,11.56671,11.562750000000001,11.55906,11.55555,11.55213,11.54898,11.545919999999999,11.54313,11.540429999999999,11.53791,11.53557,11.53341,11.53134,11.529449999999999,11.527650000000001,11.52603,11.52459,11.52324,11.52198,11.520900000000001,11.51991,11.51901,11.5182,11.517570000000001,11.51703,11.516580000000001,11.51622,11.51595,11.51577,11.51568,11.51568,11.51568,11.515860000000002,11.51613,11.516399999999999,11.51676,11.51721,11.51766,11.5182,11.518830000000001,11.51955,11.52027,11.52108,11.521889999999999,11.52279,11.52369,11.52468,11.52576,11.526840000000002,11.52801,11.52918,11.53044,11.5317,11.533050000000001,11.534400000000002,11.53584,11.53728,11.53881,11.54034,11.541960000000001,11.54358,11.54529,11.547,11.548800000000002,11.5506,11.55249,11.55438,11.556360000000002,11.55834,11.560410000000001,11.56248,11.56464,11.56689,11.569139999999999,11.571390000000001,11.573730000000001,11.57607,11.5785,11.58102,11.58354,11.58606,11.58867,11.591370000000001,11.59407,11.596770000000001,11.59956,11.602440000000001,11.60532,11.6082,11.611170000000001,11.61414,11.6172,11.62026,11.62332,11.626470000000001,11.62962,11.63277,11.63601,11.639249999999999,11.64249,11.64573,11.64906,11.65239,11.655719999999999,11.65905,11.66238,11.66571,11.66904,11.672460000000001,11.675790000000001,11.679120000000001,11.68245,11.68587,11.6892,11.69244,11.695770000000001,11.699010000000001,11.70234,11.70558,11.708730000000001,11.711969999999999,11.71512,11.71818,11.72124,11.7243,11.72727,11.73024,11.73312,11.735999999999999,11.738790000000002,11.741489999999999,11.74419,11.7468,11.749410000000001,11.751930000000002,11.75436,11.7567,11.75904,11.761289999999999,11.763449999999999,11.76552,11.76759,11.76948,11.771370000000001,11.77308,11.77479,11.77641,11.777940000000001,11.779380000000002,11.780640000000002,11.7819,11.78307,11.78415,11.78505,11.78595,11.786669999999999,11.7873,11.787840000000001,11.78829,11.78865,11.788829999999999,11.788920000000001,11.788920000000001,11.788739999999999,11.78847,11.78811,11.78757,11.786850000000001,11.78604,11.78514,11.78406,11.7828,11.781450000000001,11.77983,11.778120000000001,11.77623,11.77425,11.772,11.76957,11.766960000000001,11.764170000000002,11.76111,11.757959999999999,11.75445,11.75085,11.74689,11.74275,11.73834,11.73375,11.7288,11.72358,11.71809,11.712240000000001,11.70612,11.699639999999999,11.692800000000002,11.68569,11.67813,11.67021,11.661930000000002,11.6532,11.64402,11.63439,11.624310000000001,11.61378,11.60271,11.591099999999999,11.57895,11.56626,11.552940000000001,11.53908,11.5245,11.50929,11.493360000000001,11.476709999999999,11.45934,11.44116,11.42217,11.40237,11.381580000000001,11.35998,11.33739,11.31372,11.289060000000001,11.26332,11.2365,11.20842,11.17908,11.148480000000001,11.11653,11.08323,11.04831,11.01195,10.973970000000001,10.934280000000001,10.89279,10.84941,10.80414,10.7568,10.7073,10.65555,10.60137,10.54476,10.48545,10.42344,10.35837,10.29033,10.218960000000001,10.14417,10.065690000000002,9.98334,9.896849999999999,9.80604,9.710550000000001,9.6102,9.50454,9.3933,9.27603,9.15237,9.02196,8.884116,8.738433,8.584290000000001,8.42103,8.247950999999999,8.06427,7.869114000000001,7.661538,7.440480000000001,7.20477,6.953112,6.684093000000001,6.396129,6.087492,5.756337,5.400666,5.018463,4.607856,4.167441,3.6971820000000006,3.200265,2.687724,2.190078,1.78398,1.615329,1.784799,2.192553,2.6933219999999998,3.210858,3.714885,4.194477,4.646484,5.0709420000000005,5.469183,5.8430159999999995,6.194394,6.525189,6.8371830000000005,7.132005,7.411131000000001,7.675902,7.927533,8.167104,8.395605,8.613918000000002,8.822826000000001,9.023040000000002,9.21528,9.40005,9.57798,9.74952,9.91503,10.07505,10.229940000000001,10.379880000000002,10.52541,10.66671,10.80396,10.93752,11.06766,11.19447,11.31822,11.439000000000002,11.557080000000001,11.672550000000001,11.785590000000001,11.89629,12.00492,12.11139
16.5456,16.50222,16.459020000000002,16.416,16.37325,16.33059,16.2882,16.245990000000003,16.203960000000002,16.16211,16.120440000000002,16.079040000000003,16.03782,15.996780000000001,15.95601,15.915420000000001,15.8751,15.83496,15.79509,15.7554,15.71598,15.676740000000002,15.63777,15.599070000000001,15.560640000000001,15.52239,15.484409999999999,15.4467,15.409170000000001,15.371999999999998,15.335010000000002,15.298290000000001,15.26193,15.225750000000001,15.189840000000002,15.154290000000001,15.118920000000001,15.08391,15.04917,15.014610000000001,14.980410000000001,14.94657,14.91291,14.879610000000001,14.846580000000001,14.813910000000002,14.78142,14.749380000000002,14.717519999999999,14.68602,14.654790000000002,14.62392,14.59332,14.562990000000001,14.53302,14.503409999999999,14.474070000000001,14.445,14.41629,14.38785,14.35977,14.33196,14.30442,14.27724,14.25042,14.22387,14.19759,14.17158,14.145930000000002,14.12064,14.09553,14.070780000000001,14.0463,14.02209,13.99824,13.97466,13.95135,13.92822,13.90545,13.88295,13.86072,13.83876,13.81707,13.79556,13.774320000000001,13.75335,13.73265,13.71213,13.691880000000001,13.671809999999999,13.65201,13.632390000000001,13.61304,13.59378,13.57479,13.555980000000002,13.53735,13.5189,13.500630000000001,13.48245,13.46454,13.44672,13.42908,13.41162,13.394250000000001,13.37706,13.359960000000001,13.34295,13.32603,13.30929,13.29264,13.27608,13.25961,13.24323,13.22694,13.21074,13.19463,13.178519999999999,13.1625,13.14657,13.130640000000001,13.114799999999999,13.09896,13.08321,13.067459999999999,13.05171,13.036050000000001,13.02039,13.00473,12.98916,12.9735,12.957930000000001,12.94236,12.92679,12.91122,12.89565,12.88008,12.864419999999999,12.84885,12.83328,12.81762,12.802050000000001,12.78639,12.77082,12.75516,12.7395,12.723840000000001,12.70809,12.69243,12.676680000000001,12.66102,12.64527,12.62952,12.61377,12.59793,12.582180000000001,12.56643,12.55059,12.53484,12.51909,12.50325,12.4875,12.47166,12.455910000000001,12.44016,12.42441,12.40866,12.393,12.37734,12.361680000000002,12.346020000000001,12.33045,12.31488,12.2994,12.28392,12.26844,12.25314,12.23784,12.22254,12.20742,12.192300000000001,12.17727,12.16233,12.14748,12.13272,12.11805,12.10347,12.08907,12.07467,12.06045,12.04632,12.03237,12.01851,12.00483,11.991240000000001,11.97774,11.96451,11.951369999999999,11.938410000000001,11.92554,11.912939999999999,11.90043,11.8881,11.876040000000001,11.86407,11.85237,11.84076,11.82942,11.81826,11.80728,11.79648,11.78595,11.7756,11.76552,11.75553,11.7459,11.73636,11.727089999999999,11.71809,11.709270000000002,11.70063,11.692260000000001,11.68407,11.67615,11.6685,11.66103,11.65374,11.64672,11.63988,11.63331,11.62701,11.620800000000001,11.61486,11.609190000000002,11.603700000000002,11.59839,11.593350000000001,11.58849,11.583810000000001,11.5794,11.57508,11.57103,11.56716,11.56347,11.55996,11.55663,11.55357,11.5506,11.54781,11.5452,11.54268,11.540429999999999,11.53827,11.53629,11.534400000000002,11.53269,11.53116,11.529720000000001,11.52846,11.52729,11.52621,11.52531,11.5245,11.52378,11.52315,11.5227,11.52225,11.52198,11.5218,11.52162,11.52162,11.52171,11.5218,11.522070000000001,11.52234,11.5227,11.523060000000001,11.5236,11.524140000000001,11.52477,11.525490000000001,11.52621,11.52702,11.52783,11.52873,11.529720000000001,11.53071,11.53179,11.532869999999999,11.534040000000001,11.535210000000001,11.536470000000001,11.53773,11.53908,11.540429999999999,11.54187,11.543310000000002,11.54484,11.54637,11.5479,11.549520000000001,11.55123,11.552940000000001,11.55465,11.55645,11.55825,11.56014,11.56203,11.564010000000001,11.565990000000001,11.568060000000001,11.57013,11.57229,11.57445,11.57661,11.578859999999999,11.5812,11.58354,11.585880000000001,11.58831,11.59074,11.593259999999999,11.59578,11.59839,11.601,11.60361,11.606309999999999,11.6091,11.611799999999999,11.61459,11.61747,11.62026,11.623140000000001,11.62611,11.62908,11.63205,11.635019999999999,11.63799,11.64105,11.644110000000001,11.647170000000001,11.65032,11.65338,11.65653,11.65959,11.662740000000001,11.66589,11.66904,11.672189999999999,11.67534,11.678400000000002,11.68155,11.684610000000001,11.68776,11.69082,11.69388,11.696940000000001,11.700000000000001,11.70297,11.70594,11.708820000000001,11.71179,11.71467,11.717459999999999,11.720250000000002,11.723040000000001,11.725740000000002,11.728349999999999,11.73096,11.73357,11.73609,11.73852,11.740950000000002,11.74329,11.74554,11.747700000000002,11.74986,11.751930000000002,11.754000000000001,11.755889999999999,11.75778,11.75958,11.761289999999999,11.762910000000002,11.76444,11.76597,11.76732,11.76867,11.76993,11.77101,11.77209,11.77308,11.773890000000002,11.774700000000001,11.77533,11.775960000000001,11.77641,11.77677,11.77704,11.777220000000002,11.77731,11.777220000000002,11.77704,11.77677,11.77641,11.775870000000001,11.77524,11.77452,11.77362,11.772540000000001,11.771370000000001,11.77011,11.76867,11.767050000000001,11.76525,11.76336,11.761289999999999,11.75904,11.75661,11.75409,11.7513,11.74833,11.745090000000001,11.741760000000001,11.73816,11.73438,11.73033,11.72601,11.72151,11.71665,11.71161,11.7063,11.70063,11.69478,11.68848,11.68191,11.675070000000002,11.66778,11.66013,11.65221,11.64375,11.635019999999999,11.62575,11.61612,11.60595,11.595329999999999,11.58417,11.57256,11.560410000000001,11.54763,11.53431,11.52036,11.50578,11.490480000000002,11.474549999999999,11.4579,11.44053,11.42235,11.403360000000001,11.38347,11.36277,11.34108,11.31849,11.29491,11.27025,11.24451,11.217690000000001,11.18961,11.16027,11.129760000000001,11.09781,11.06442,11.02959,10.99323,10.95525,10.91556,10.87416,10.83078,10.78551,10.73817,10.68876,10.63701,10.58283,10.52622,10.46691,10.4049,10.33992,10.271790000000001,10.200420000000001,10.12554,10.04706,9.96462,9.87813,9.787230000000001,9.69165,9.59112,9.48528,9.37377,9.25632,9.1323,9.00144,8.863209000000001,8.716968000000001,8.562159000000001,8.398116,8.224083,8.03925,7.842708,7.633458,7.410366,7.172181,6.91749,6.644709,6.352074,6.03756,5.698926,5.333598,4.938723,4.511097,4.047246,3.543624,2.9971710000000003,2.407311,1.783125,1.177227,0.8512353,1.177587,1.784772,2.41182,3.006504,3.5599499999999997,4.0728420000000005,4.548258,4.9897350000000005,5.400675000000001,5.784219,6.143121,6.479856,6.7965930000000006,7.09524,7.37748,7.644816,7.898553000000001,8.139888000000001,8.369847,8.589384,8.799336,9.00045,9.19341,9.37881,9.55728,9.72927,9.89523,10.055520000000001,10.21068,10.36098,10.506689999999999,10.64808,10.7856,10.91934,11.049570000000001,11.17647,11.30031,11.421180000000001,11.53935,11.65491,11.76804,11.87883,11.98746,12.09402
16.55064,16.50744,16.46442,16.42149,16.37883,16.33635,16.294140000000002,16.25202,16.210169999999998,16.1685,16.127010000000002,16.085700000000003,16.04466,16.003800000000002,15.963209999999998,15.92271,15.882570000000001,15.842610000000002,15.802830000000002,15.763320000000002,15.72408,15.685020000000002,15.646139999999999,15.607619999999999,15.56928,15.531210000000002,15.49341,15.455790000000002,15.418439999999999,15.381359999999999,15.344640000000002,15.308010000000001,15.27174,15.23574,15.20001,15.16455,15.129360000000002,15.09444,15.059790000000001,15.025500000000001,14.99139,14.95764,14.92416,14.89095,14.8581,14.82543,14.793120000000002,14.76117,14.7294,14.697989999999999,14.666940000000002,14.63607,14.60556,14.575410000000002,14.54553,14.51592,14.48667,14.45769,14.42898,14.40063,14.37255,14.344830000000002,14.317380000000002,14.2902,14.26338,14.23683,14.21064,14.18472,14.15907,14.133690000000001,14.10867,14.08383,14.05935,14.03523,14.011289999999999,13.98762,13.964310000000001,13.94127,13.91841,13.89591,13.87359,13.85154,13.82976,13.80825,13.78701,13.76595,13.74516,13.724549999999999,13.704210000000002,13.68405,13.664159999999999,13.64445,13.62492,13.60566,13.58649,13.567590000000001,13.548869999999999,13.530240000000001,13.51188,13.4937,13.47561,13.457699999999999,13.43988,13.42224,13.40478,13.387410000000001,13.37022,13.35312,13.33611,13.319189999999999,13.30245,13.285710000000002,13.26915,13.25259,13.23621,13.219830000000002,13.20354,13.18734,13.171230000000001,13.15512,13.13901,13.123080000000002,13.107149999999999,13.09122,13.07529,13.05945,13.043700000000001,13.02786,13.01211,12.996360000000001,12.98061,12.96495,12.9492,12.93354,12.91779,12.90213,12.886379999999999,12.87072,12.854970000000002,12.839310000000001,12.82356,12.8079,12.79215,12.7764,12.76065,12.7449,12.72906,12.71331,12.69756,12.68172,12.66588,12.65004,12.63429,12.618360000000001,12.60252,12.586680000000001,12.570839999999999,12.555,12.53907,12.52323,12.507390000000001,12.49155,12.475710000000001,12.45987,12.444030000000001,12.42819,12.41244,12.396690000000001,12.38094,12.36519,12.34953,12.333870000000001,12.318299999999999,12.30273,12.28725,12.271770000000002,12.25638,12.24108,12.22578,12.21057,12.19545,12.18042,12.16539,12.150540000000001,12.13578,12.121020000000001,12.10644,12.091949999999999,12.07764,12.06333,12.0492,12.035250000000001,12.02139,12.00762,11.99403,11.98053,11.967300000000002,11.954160000000002,11.94111,11.92833,11.91564,11.90322,11.89089,11.87883,11.866859999999999,11.85507,11.84355,11.83221,11.82105,11.81007,11.79936,11.788739999999999,11.77848,11.768310000000001,11.75841,11.74869,11.73924,11.729970000000002,11.720970000000001,11.712150000000001,11.7036,11.69523,11.68713,11.679210000000001,11.671560000000001,11.664090000000002,11.65689,11.64987,11.64312,11.636550000000002,11.63025,11.62413,11.61819,11.61252,11.60712,11.60181,11.596770000000001,11.592,11.58732,11.58291,11.57877,11.57472,11.57085,11.56725,11.56383,11.560590000000001,11.55744,11.55456,11.55186,11.54925,11.54682,11.54457,11.5425,11.540610000000001,11.53881,11.53719,11.53566,11.53431,11.533050000000001,11.53197,11.530980000000001,11.53008,11.52936,11.52873,11.52819,11.52774,11.527379999999999,11.5272,11.52702,11.52702,11.52702,11.5272,11.527379999999999,11.527650000000001,11.52801,11.52846,11.528910000000002,11.52954,11.53017,11.5308,11.53161,11.53242,11.53323,11.53413,11.535120000000001,11.53611,11.53719,11.53827,11.53944,11.540700000000001,11.541960000000001,11.54322,11.54457,11.545919999999999,11.54736,11.548800000000002,11.55033,11.55186,11.55339,11.555010000000001,11.55663,11.55834,11.56005,11.561850000000002,11.563649999999999,11.56545,11.567340000000002,11.56932,11.57121,11.57319,11.57526,11.57733,11.5794,11.58156,11.58372,11.585970000000001,11.58822,11.59047,11.59281,11.59515,11.59758,11.60001,11.602440000000001,11.60496,11.60748,11.610000000000001,11.61261,11.615219999999999,11.61792,11.62053,11.62323,11.62602,11.62872,11.63151,11.6343,11.637179999999999,11.63997,11.642850000000001,11.64573,11.64861,11.651489999999999,11.65437,11.657340000000001,11.66022,11.66319,11.666070000000001,11.66904,11.67192,11.67489,11.67777,11.68065,11.683530000000001,11.68641,11.68929,11.692079999999999,11.69496,11.697750000000001,11.70045,11.703240000000001,11.70594,11.708549999999999,11.71125,11.71386,11.716380000000001,11.718900000000001,11.72133,11.72376,11.72619,11.728530000000001,11.730780000000001,11.73303,11.73519,11.73726,11.739329999999999,11.74131,11.7432,11.745090000000001,11.7468,11.748510000000001,11.75022,11.75175,11.75328,11.75472,11.756070000000001,11.757330000000001,11.7585,11.75958,11.76057,11.761560000000001,11.76237,11.76318,11.76381,11.76444,11.764890000000001,11.76534,11.76561,11.76579,11.76597,11.76597,11.765880000000001,11.7657,11.76534,11.764980000000001,11.76444,11.76381,11.763,11.7621,11.76111,11.76003,11.75877,11.757420000000002,11.755889999999999,11.75418,11.75238,11.750490000000001,11.74833,11.74608,11.74365,11.74104,11.73825,11.735370000000001,11.73222,11.72889,11.725290000000001,11.721599999999999,11.717640000000001,11.713410000000001,11.709,11.70441,11.69946,11.69424,11.68884,11.68308,11.677050000000001,11.67075,11.664090000000002,11.65707,11.64978,11.642040000000001,11.634030000000001,11.62557,11.616660000000001,11.60739,11.59767,11.5875,11.576880000000001,11.56572,11.55402,11.54178,11.529,11.51568,11.50173,11.487150000000002,11.47185,11.45592,11.43927,11.4219,11.40372,11.38473,11.36484,11.34414,11.32254,11.29995,11.27637,11.251800000000001,11.22606,11.19924,11.17125,11.142000000000001,11.11149,11.079630000000002,11.04633,11.01159,10.97523,10.93734,10.897739999999999,10.85634,10.81314,10.76796,10.72071,10.6713,10.61964,10.56564,10.509120000000001,10.449990000000001,10.388069999999999,10.32318,10.255230000000001,10.183950000000001,10.10925,10.03086,9.9486,9.8622,9.77139,9.675989999999999,9.57555,9.46989,9.35856,9.241200000000001,9.11736,8.986599,8.848422000000001,8.702252999999999,8.547489,8.383455,8.209386,8.024472,7.827786000000001,7.6182929999999995,7.39485,7.156179000000001,6.900822,6.627141,6.333291,6.017157,5.676345,5.308083,4.909176,4.475943,4.004064,3.48849,2.923245,2.301228,1.613925,0.8510382000000001,0.0,0.8512272,1.615275,2.305359,2.932146,3.504366,4.02921,4.512672,4.959783,5.374782000000001,5.761305,6.12243,6.460839,6.778836,7.078437,7.361406,7.6292729999999995,7.883424,8.125047,8.355213,8.574893999999999,8.784927,8.986095,9.1791,9.3645,9.54288,9.714780000000001,9.880740000000001,10.040939999999999,10.196010000000001,10.346219999999999,10.49184,10.633230000000001,10.77057,10.90422,11.034360000000001,11.16126,11.28501,11.40588,11.523959999999999,11.63943,11.752469999999999,11.86326,11.9718,12.078360000000002
16.555410000000002,16.512300000000003,16.469369999999998,16.42671,16.38414,16.341839999999998,16.29972,16.25778,16.21602,16.17444,16.13313,16.092,16.05105,16.01037,15.96987,15.929640000000001,15.889590000000002,15.849720000000001,15.810210000000001,15.77079,15.731640000000002,15.69276,15.65406,15.61572,15.57747,15.53958,15.50187,15.46443,15.42726,15.390360000000001,15.35364,15.317280000000002,15.2811,15.24528,15.20964,15.174359999999998,15.13926,15.104520000000003,15.06996,15.03576,15.001830000000002,14.96817,14.934780000000002,14.901750000000002,14.868900000000002,14.83641,14.804280000000002,14.772329999999998,14.740739999999999,14.709420000000001,14.678370000000001,14.647680000000001,14.61726,14.58711,14.55732,14.5278,14.49864,14.469660000000001,14.441040000000001,14.41278,14.38479,14.35707,14.32971,14.30253,14.27571,14.24925,14.22306,14.19714,14.17149,14.14611,14.121089999999999,14.09634,14.071860000000001,14.047649999999999,14.02371,14.00004,13.97664,13.9536,13.93074,13.908150000000001,13.88583,13.86369,13.84191,13.820310000000001,13.79898,13.77783,13.756950000000002,13.73634,13.715910000000001,13.69566,13.67568,13.65588,13.63626,13.616909999999999,13.59765,13.578660000000001,13.559849999999999,13.54113,13.522590000000001,13.50432,13.48614,13.46805,13.45023,13.432409999999999,13.414860000000001,13.3974,13.38003,13.36275,13.345650000000001,13.32864,13.311720000000001,13.29489,13.27815,13.2615,13.24494,13.22847,13.21209,13.19571,13.17942,13.16322,13.14702,13.13091,13.114799999999999,13.09878,13.08276,13.066830000000001,13.0509,13.03497,13.01904,13.003200000000001,12.98736,12.971520000000002,12.955680000000001,12.93984,12.924,12.908249999999999,12.89241,12.87657,12.86082,12.84498,12.82914,12.8133,12.797460000000001,12.78162,12.765780000000001,12.74994,12.73401,12.71817,12.70224,12.6864,12.67047,12.65454,12.63861,12.62268,12.60675,12.59082,12.57489,12.55896,12.54303,12.5271,12.511170000000002,12.495239999999999,12.47931,12.46338,12.44754,12.431610000000001,12.41577,12.39993,12.384179999999999,12.36843,12.35268,12.33693,12.32127,12.3057,12.29013,12.274650000000001,12.25917,12.243780000000001,12.22848,12.21327,12.19806,12.18294,12.168,12.15306,12.13821,12.12354,12.10887,12.094380000000001,12.07998,12.06567,12.05154,12.0375,12.02364,12.009870000000001,11.99628,11.98278,11.96946,11.956320000000002,11.94336,11.93049,11.917800000000002,11.90538,11.893049999999999,11.8809,11.869019999999999,11.85723,11.84571,11.834280000000001,11.823210000000001,11.812230000000001,11.80143,11.7909,11.780640000000002,11.770470000000001,11.76057,11.75094,11.741489999999999,11.73222,11.723220000000001,11.7144,11.705850000000002,11.697569999999999,11.68947,11.68155,11.6739,11.66652,11.659320000000001,11.6523,11.64555,11.63907,11.63277,11.62665,11.620800000000001,11.615219999999999,11.609820000000001,11.6046,11.59956,11.594790000000001,11.590200000000001,11.585880000000001,11.58165,11.57769,11.57391,11.5704,11.566980000000001,11.56374,11.56077,11.55789,11.55519,11.552669999999999,11.55033,11.54817,11.546190000000001,11.5443,11.54259,11.54097,11.539530000000001,11.53827,11.5371,11.53602,11.535120000000001,11.53431,11.53368,11.533050000000001,11.5326,11.53224,11.53206,11.531880000000001,11.53179,11.53179,11.53197,11.53215,11.53242,11.53278,11.53323,11.53368,11.53431,11.534939999999999,11.53557,11.53638,11.53719,11.53809,11.53899,11.53998,11.54097,11.542050000000001,11.54322,11.54439,11.54565,11.54691,11.54817,11.549520000000001,11.550870000000002,11.55231,11.55375,11.55528,11.55681,11.558430000000001,11.56005,11.56167,11.56329,11.56509,11.5668,11.5686,11.5704,11.5722,11.57409,11.57607,11.577960000000001,11.57994,11.58201,11.58408,11.58615,11.58822,11.59038,11.59254,11.594790000000001,11.59704,11.59929,11.60154,11.60388,11.60622,11.60865,11.61108,11.61351,11.61594,11.61846,11.620980000000001,11.6235,11.62611,11.628630000000001,11.63124,11.63385,11.636550000000002,11.63916,11.64186,11.64456,11.64726,11.64996,11.652660000000001,11.65536,11.65806,11.66085,11.66355,11.66625,11.66904,11.67174,11.67444,11.677140000000001,11.67984,11.68245,11.68515,11.68776,11.69037,11.69298,11.695590000000001,11.69811,11.70063,11.703059999999999,11.705490000000001,11.707920000000001,11.71026,11.7126,11.71494,11.71719,11.71935,11.72151,11.72358,11.72565,11.72763,11.72952,11.73141,11.73321,11.73501,11.736720000000002,11.73834,11.73987,11.7414,11.74275,11.7441,11.74545,11.74662,11.747700000000002,11.74878,11.749770000000002,11.750670000000001,11.75148,11.7522,11.75283,11.75346,11.753910000000001,11.75427,11.75463,11.75481,11.75499,11.75499,11.754900000000001,11.75481,11.75454,11.75418,11.75373,11.7531,11.752469999999999,11.75175,11.75085,11.74986,11.74869,11.74752,11.74617,11.74464,11.74311,11.74131,11.739510000000001,11.737440000000001,11.73528,11.73303,11.7306,11.72799,11.725200000000001,11.72223,11.71917,11.71584,11.71233,11.70864,11.70477,11.70072,11.6964,11.69181,11.68704,11.682,11.67678,11.6712,11.66535,11.65923,11.65284,11.64609,11.63898,11.6316,11.62386,11.61576,11.60721,11.5983,11.588940000000001,11.579220000000001,11.56896,11.55834,11.54709,11.53548,11.52324,11.51046,11.49705,11.4831,11.468520000000002,11.45331,11.43738,11.42073,11.403360000000001,11.38518,11.36619,11.346480000000001,11.32578,11.30418,11.28168,11.25819,11.23362,11.207970000000001,11.18124,11.15334,11.12418,11.09376,11.061900000000001,11.028780000000001,10.99413,10.95795,10.92015,10.880640000000001,10.839419999999999,10.79631,10.75131,10.70424,10.655100000000001,10.603620000000001,10.5498,10.49346,10.43451,10.37286,10.30824,10.24047,10.169550000000001,10.09512,10.017000000000001,9.9351,9.849060000000001,9.758610000000001,9.66357,9.56367,9.45837,9.34758,9.23067,9.107460000000001,8.977266,8.839737,8.69427,8.540262,8.377047,8.203887,8.019963,7.824366,7.616097,7.394013,7.156872,6.90327,6.631605,6.3401130000000006,6.026778,5.689332,5.32521,4.931541,4.505121000000001,4.0424489999999995,3.539952,2.994552,2.405628,1.7822069999999999,1.176822,0.8510274000000001,1.177191,1.783863,2.410164,3.003939,3.556377,4.068188999999999,4.542489,4.982823,5.392629,5.77503,6.132825,6.468471,6.784146,7.081758,7.363008,7.629372000000001,7.882191,8.122626,8.351739,8.570457,8.779626,8.979993,9.17226,9.35703,9.534780000000001,9.70614,9.87156,10.03131,10.18593,10.33569,10.48095,10.621979999999999,10.75905,10.89234,11.022210000000001,11.148840000000002,11.27232,11.39292,11.51082,11.62611,11.73897,11.84958,11.95803,12.06441
16.55982,16.5168,16.474050000000002,16.43148,16.38909,16.34688,16.30494,16.263090000000002,16.221510000000002,16.180110000000003,16.13889,16.09794,16.05717,16.01658,15.97626,15.93612,15.896160000000002,15.856560000000002,15.81705,15.777809999999999,15.738840000000001,15.700050000000001,15.661530000000003,15.623280000000001,15.58521,15.5475,15.50988,15.472620000000001,15.435540000000001,15.39882,15.362279999999998,15.32601,15.29001,15.254280000000001,15.218820000000001,15.18354,15.148620000000001,15.113969999999998,15.07959,15.04548,15.01173,14.978159999999999,14.94486,14.91192,14.879249999999999,14.846850000000002,14.81472,14.78295,14.75145,14.72022,14.68926,14.658660000000001,14.628329999999998,14.598270000000001,14.568570000000001,14.53914,14.50998,14.48109,14.45256,14.4243,14.396310000000001,14.36868,14.34132,14.31423,14.2875,14.26104,14.23485,14.208929999999999,14.18328,14.15799,14.13288,14.108130000000001,14.08365,14.05944,14.0355,14.01183,13.988430000000001,13.9653,13.94244,13.91976,13.89744,13.8753,13.85343,13.831740000000002,13.810319999999999,13.78917,13.76829,13.7475,13.726980000000001,13.70673,13.68666,13.66677,13.64706,13.62762,13.608270000000001,13.58919,13.5702,13.55148,13.53285,13.5144,13.496129999999999,13.47795,13.459950000000001,13.44213,13.4244,13.40676,13.3893,13.371929999999999,13.35474,13.33755,13.32054,13.30353,13.2867,13.269960000000001,13.253309999999999,13.23666,13.2201,13.20363,13.18725,13.17087,13.15458,13.13838,13.12209,13.10598,13.08987,13.07376,13.05765,13.041630000000001,13.02561,13.00968,12.99366,12.977730000000001,12.9618,12.945780000000001,12.92985,12.913920000000001,12.89808,12.88215,12.86622,12.850290000000001,12.83436,12.81843,12.8025,12.786480000000001,12.77055,12.75462,12.7386,12.72267,12.70665,12.69063,12.6747,12.65868,12.64266,12.62664,12.610619999999999,12.5946,12.57858,12.56256,12.54654,12.530520000000001,12.5145,12.49848,12.48255,12.466529999999999,12.4506,12.43467,12.418740000000001,12.40281,12.38697,12.371129999999999,12.35538,12.33963,12.323879999999999,12.30822,12.29256,12.27708,12.261510000000001,12.24612,12.230730000000001,12.21543,12.20022,12.1851,12.170069999999999,12.15504,12.14019,12.12543,12.11076,12.09627,12.08178,12.06747,12.05334,12.0393,12.02535,12.01158,11.9979,11.9844,11.97108,11.95794,11.944890000000001,11.93202,11.91942,11.906910000000002,11.894580000000001,11.882430000000001,11.87046,11.85876,11.847150000000001,11.83581,11.82465,11.81367,11.80296,11.792430000000001,11.78208,11.772,11.7621,11.75238,11.742930000000001,11.73375,11.72475,11.71602,11.70747,11.699100000000001,11.69109,11.683169999999999,11.67552,11.668140000000001,11.66103,11.6541,11.64735,11.640870000000001,11.63457,11.628540000000001,11.622779999999999,11.61711,11.611799999999999,11.606580000000001,11.60163,11.596950000000001,11.59245,11.58813,11.58399,11.58003,11.57634,11.572830000000002,11.569500000000001,11.56635,11.56338,11.560590000000001,11.55798,11.55555,11.55321,11.55114,11.54916,11.54736,11.54574,11.54421,11.542860000000001,11.5416,11.54052,11.539530000000001,11.53872,11.538,11.537370000000001,11.53692,11.536560000000001,11.53629,11.53611,11.53602,11.53602,11.53611,11.53629,11.536560000000001,11.53692,11.537370000000001,11.53791,11.53845,11.53908,11.5398,11.540610000000001,11.54142,11.54232,11.54322,11.5443,11.54529,11.54637,11.547540000000001,11.548800000000002,11.54997,11.55123,11.55258,11.55393,11.55537,11.55681,11.55825,11.559780000000002,11.56131,11.56293,11.56455,11.56617,11.56779,11.569500000000001,11.571299999999999,11.57301,11.574810000000001,11.5767,11.5785,11.580390000000001,11.582370000000001,11.58426,11.58624,11.58831,11.59029,11.59236,11.594430000000001,11.596589999999999,11.598749999999999,11.60091,11.60307,11.60532,11.60748,11.609820000000001,11.612070000000001,11.61441,11.616750000000001,11.61909,11.62143,11.62386,11.626290000000001,11.62872,11.631150000000002,11.63358,11.6361,11.638620000000001,11.64105,11.64357,11.64609,11.6487,11.65122,11.65374,11.65626,11.65887,11.66139,11.66391,11.66643,11.66895,11.67147,11.67399,11.67651,11.67903,11.68146,11.683890000000002,11.68632,11.68875,11.69109,11.69343,11.695770000000001,11.69811,11.700360000000002,11.70261,11.70477,11.70693,11.709,11.71107,11.71305,11.71503,11.71701,11.71881,11.72061,11.72241,11.72412,11.725740000000002,11.727360000000001,11.72889,11.73033,11.73177,11.73312,11.73438,11.73555,11.73663,11.73771,11.7387,11.739600000000001,11.7405,11.74122,11.74194,11.74248,11.743020000000001,11.74347,11.74383,11.7441,11.74437,11.74446,11.74446,11.74437,11.744280000000002,11.74401,11.74374,11.74329,11.74275,11.74212,11.7414,11.74059,11.739690000000001,11.7387,11.737530000000001,11.73636,11.73501,11.73357,11.731950000000001,11.73024,11.728439999999999,11.726550000000001,11.724480000000002,11.72223,11.71989,11.717459999999999,11.714760000000002,11.711969999999999,11.70909,11.70594,11.7027,11.69919,11.695590000000001,11.69172,11.68776,11.683530000000001,11.67903,11.67444,11.669490000000001,11.66436,11.65896,11.65338,11.64744,11.64123,11.63475,11.62791,11.620800000000001,11.613330000000001,11.6055,11.59731,11.58876,11.57985,11.57049,11.56068,11.55042,11.53971,11.528550000000001,11.51685,11.50461,11.49183,11.47851,11.46456,11.449980000000002,11.43477,11.41884,11.402280000000001,11.384910000000001,11.36682,11.34792,11.32821,11.3076,11.286090000000002,11.26368,11.24028,11.2158,11.190240000000001,11.1636,11.135790000000002,11.10681,11.07648,11.0448,11.01177,10.9773,10.9413,10.90368,10.86444,10.8234,10.780470000000001,10.73565,10.68885,10.639890000000001,10.58877,10.53522,10.47915,10.42056,10.35918,10.294920000000001,10.22769,10.15713,10.08315,10.00557,9.92412,9.83862,9.748890000000001,9.65448,9.555209999999999,9.45072,9.34074,9.224730000000001,9.102509999999999,8.973405,8.837064000000002,8.692911,8.540361,8.378775,8.207424000000001,8.025543,7.8322590000000005,7.626627000000001,7.407576,7.173945,6.924437999999999,6.657624,6.371919,6.065604,5.736789,5.383494,5.003667,4.5954,4.15728,3.689199,3.1942980000000003,2.68353,2.187297,1.782144,1.6138350000000001,1.782972,2.189808,2.6892,3.205026,3.707118,4.184622,4.634451,5.056686,5.452695,5.824305,6.173487,6.502131,6.812028000000001,7.104807,7.381962000000001,7.644824999999999,7.894620000000001,8.132427,8.359236000000001,8.57592,8.78328,8.982036,9.1728,9.356309999999999,9.53289,9.70317,9.867600000000001,10.026539999999999,10.18035,10.3293,10.473930000000001,10.614329999999999,10.75077,10.883610000000001,11.01294,11.13912,11.26224,11.38248,11.50002,11.61495,11.72754,11.83788,11.946060000000001,12.05217
16.56387,16.52103,16.478460000000002,16.43598,16.39368,16.351650000000003,16.3098,16.268130000000003,16.22664,16.18533,16.144289999999998,16.103430000000003,16.06284,16.022340000000003,15.982199999999999,15.94215,15.90237,15.86286,15.823530000000002,15.78447,15.745590000000002,15.706980000000001,15.668640000000002,15.63048,15.59259,15.55488,15.517439999999999,15.480269999999999,15.443370000000002,15.406740000000001,15.370379999999999,15.334200000000001,15.298380000000002,15.26274,15.22737,15.192269999999999,15.15753,15.12297,15.08868,15.05475,15.021,14.98761,14.9544,14.92155,14.888969999999999,14.856660000000002,14.824710000000001,14.793029999999998,14.761530000000002,14.730390000000002,14.69961,14.66901,14.638770000000001,14.6088,14.579190000000002,14.54976,14.52069,14.49189,14.46345,14.435190000000002,14.40729,14.37966,14.352390000000002,14.3253,14.29857,14.272110000000001,14.246010000000002,14.22009,14.19444,14.16915,14.14413,14.11938,14.09481,14.0706,14.046660000000001,14.02299,13.99959,13.97637,13.95351,13.93083,13.90842,13.88628,13.86432,13.84263,13.82121,13.79997,13.778910000000002,13.75812,13.7376,13.717170000000001,13.69701,13.67712,13.65732,13.6377,13.618350000000001,13.59918,13.5801,13.5612,13.542480000000001,13.52394,13.50558,13.48731,13.46922,13.451220000000001,13.4334,13.41567,13.398119999999999,13.38066,13.363290000000001,13.346010000000001,13.32891,13.311810000000001,13.2948,13.27797,13.261140000000001,13.244399999999999,13.22775,13.21119,13.19463,13.17816,13.16169,13.14531,13.12902,13.112729999999999,13.096530000000001,13.08033,13.06413,13.047930000000001,13.03182,13.01571,12.999600000000001,12.98358,12.96747,12.95145,12.93534,12.919319999999999,12.9033,12.88728,12.87126,12.85524,12.83913,12.82311,12.80709,12.791070000000001,12.77496,12.75894,12.74283,12.72681,12.7107,12.69459,12.67848,12.662370000000001,12.646350000000002,12.63024,12.614130000000001,12.59802,12.58191,12.5658,12.54969,12.53358,12.517470000000001,12.50136,12.48534,12.46932,12.45321,12.437280000000001,12.42126,12.40533,12.3894,12.373470000000001,12.35763,12.341790000000001,12.32604,12.31029,12.29463,12.278970000000001,12.263399999999999,12.24792,12.23253,12.21714,12.20193,12.186720000000001,12.1716,12.15657,12.141720000000001,12.12687,12.1122,12.097620000000001,12.08313,12.06873,12.05451,12.04047,12.02652,12.01266,11.998980000000001,11.98548,11.97216,11.958929999999999,11.945879999999999,11.933010000000001,11.92032,11.90781,11.895480000000001,11.883329999999999,11.871360000000001,11.859570000000001,11.84796,11.83662,11.82546,11.81448,11.80377,11.79324,11.78289,11.77281,11.762910000000002,11.753190000000002,11.74383,11.73456,11.72556,11.716830000000002,11.70828,11.700000000000001,11.69199,11.68416,11.67651,11.669130000000001,11.66202,11.655090000000001,11.648430000000001,11.64195,11.63574,11.629710000000001,11.62395,11.61846,11.613059999999999,11.607930000000001,11.60307,11.59839,11.59389,11.58966,11.585609999999999,11.581740000000002,11.57805,11.574629999999999,11.571299999999999,11.568240000000001,11.56536,11.562660000000001,11.56005,11.55771,11.55546,11.55348,11.551590000000001,11.54979,11.54826,11.54682,11.54556,11.54439,11.5434,11.5425,11.54169,11.54106,11.54052,11.54016,11.539890000000002,11.53962,11.539530000000001,11.53962,11.53971,11.539890000000002,11.54016,11.54052,11.54097,11.54142,11.542050000000001,11.54268,11.5434,11.54421,11.54511,11.54601,11.54691,11.54799,11.54907,11.55015,11.55132,11.55258,11.553840000000001,11.555100000000001,11.55645,11.55789,11.55924,11.56077,11.56221,11.56374,11.565270000000002,11.56689,11.56851,11.57013,11.57184,11.573550000000001,11.57526,11.577060000000001,11.578859999999999,11.58066,11.582550000000001,11.584349999999999,11.58633,11.58822,11.590200000000001,11.59209,11.59416,11.59614,11.598210000000002,11.60019,11.602350000000001,11.604420000000001,11.606580000000001,11.60865,11.61081,11.613059999999999,11.615219999999999,11.61747,11.619720000000001,11.62197,11.624220000000001,11.62656,11.62881,11.631150000000002,11.63349,11.63583,11.63817,11.640509999999999,11.642850000000001,11.64528,11.647620000000002,11.64996,11.65239,11.65473,11.657160000000001,11.6595,11.66184,11.66427,11.66661,11.66895,11.67129,11.673630000000001,11.675880000000001,11.67822,11.680470000000001,11.68272,11.68497,11.68713,11.68929,11.691450000000001,11.693610000000001,11.695680000000001,11.697750000000001,11.69973,11.70171,11.7036,11.705490000000001,11.70738,11.70918,11.710890000000001,11.7126,11.714220000000001,11.71584,11.717369999999999,11.71881,11.720250000000002,11.721599999999999,11.722949999999999,11.72412,11.72538,11.726460000000001,11.727450000000001,11.728439999999999,11.72934,11.73024,11.73096,11.73168,11.73231,11.732850000000001,11.733300000000002,11.73375,11.734020000000001,11.73429,11.73438,11.73447,11.73447,11.73438,11.73429,11.734020000000001,11.73366,11.73321,11.73276,11.73213,11.73141,11.730690000000001,11.72979,11.7288,11.727810000000002,11.72664,11.72538,11.72403,11.7225,11.720970000000001,11.71926,11.717459999999999,11.715570000000001,11.71359,11.71143,11.70909,11.706750000000001,11.70423,11.70153,11.69874,11.695770000000001,11.69262,11.689380000000002,11.685960000000001,11.68236,11.67858,11.67462,11.67048,11.666070000000001,11.661480000000001,11.65671,11.651760000000001,11.64654,11.64105,11.635290000000001,11.62926,11.62296,11.61639,11.60955,11.602350000000001,11.59488,11.58696,11.57877,11.57022,11.56122,11.55186,11.542050000000001,11.53179,11.52108,11.509920000000001,11.49822,11.48598,11.4732,11.45988,11.44602,11.43144,11.416319999999999,11.40048,11.38392,11.36664,11.348640000000001,11.32983,11.310120000000001,11.28969,11.268270000000001,11.24595,11.22264,11.198250000000002,11.172870000000001,11.14641,11.11869,11.0898,11.059650000000001,11.02824,10.99539,10.9611,10.92528,10.88793,10.84887,10.808100000000001,10.76553,10.72098,10.67445,10.62585,10.575000000000001,10.5219,10.466280000000001,10.408050000000001,10.34721,10.2834,10.21662,10.146690000000001,10.07334,9.996390000000002,9.91566,9.830969999999999,9.74196,9.648539999999999,9.55017,9.44676,9.337950000000001,9.22329,9.10242,8.974872,8.84025,8.698005,8.547588000000001,8.388378000000001,8.219718,8.040879,7.851069,7.649406,7.4349359999999995,7.2066419999999995,6.963399000000001,6.704001,6.42717,6.131601000000001,5.815971,5.479083,5.120019,4.738518,4.335606,3.914802,3.484557,3.062592,2.6833590000000003,2.405385,2.300922,2.406906,2.6871570000000005,3.070008,3.497382,3.93507,4.365477,4.780233,5.175783,5.551083,5.906321999999999,6.242337,6.560244,6.861267000000001,7.146621000000001,7.417502999999999,7.675019999999999,7.920207000000001,8.154027,8.377353000000001,8.590977,8.795637000000001,8.991999000000002,9.180629999999999,9.362160000000001,9.53712,9.70587,9.868860000000002,10.02645,10.17909,10.327050000000002,10.470690000000001,10.61019,10.74582,10.87794,11.006639999999999,11.1321,11.25459,11.37429,11.491380000000001,11.60586,11.71809,11.82798,11.9358,12.04155
16.56765,16.524990000000003,16.48242,16.44012,16.398,16.356060000000003,16.3143,16.27272,16.23141,16.19028,16.14933,16.10856,16.068060000000003,16.027739999999998,15.987689999999999,15.94782,15.90822,15.868800000000002,15.82956,15.790680000000002,15.75189,15.71346,15.675209999999998,15.63714,15.59934,15.561810000000001,15.524550000000001,15.487560000000002,15.450750000000001,15.414209999999999,15.37794,15.341940000000001,15.306210000000002,15.270660000000001,15.235470000000001,15.20046,15.16581,15.13143,15.09723,15.063390000000002,15.02973,14.996430000000002,14.963400000000002,14.93064,14.89815,14.86602,14.834069999999999,14.80248,14.771160000000002,14.740110000000001,14.70933,14.67882,14.64867,14.618789999999999,14.58918,14.559840000000001,14.530859999999999,14.502149999999999,14.47371,14.44554,14.41764,14.3901,14.36283,14.33583,14.309099999999999,14.28264,14.256540000000001,14.23062,14.205060000000001,14.17977,14.15466,14.12991,14.10543,14.08122,14.05728,14.033520000000001,14.01012,13.9869,13.96395,13.94127,13.91886,13.89663,13.87467,13.85289,13.83138,13.81014,13.78908,13.7682,13.74759,13.72707,13.70691,13.68684,13.667040000000002,13.64733,13.627889999999999,13.60854,13.589459999999999,13.57047,13.55166,13.53303,13.51458,13.49622,13.47795,13.459950000000001,13.44195,13.42413,13.406490000000002,13.38885,13.371390000000002,13.35402,13.33674,13.31955,13.30245,13.28553,13.26852,13.25169,13.234950000000001,13.21821,13.20156,13.185,13.16844,13.15197,13.1355,13.11912,13.10274,13.08645,13.07016,13.053870000000002,13.03758,13.02138,13.005180000000001,12.98898,12.97278,12.95667,12.94047,12.92436,12.90816,12.892050000000001,12.87594,12.85974,12.84363,12.827520000000002,12.81132,12.79521,12.77901,12.7629,12.7467,12.7305,12.71439,12.69819,12.68199,12.665790000000001,12.64959,12.63339,12.61719,12.60099,12.58479,12.56859,12.55239,12.53628,12.52008,12.50388,12.48777,12.47166,12.455549999999999,12.439440000000001,12.42333,12.40731,12.391290000000001,12.37536,12.35943,12.3435,12.32766,12.311910000000001,12.29616,12.2805,12.26484,12.249270000000001,12.23379,12.2184,12.2031,12.1878,12.17268,12.15756,12.142619999999999,12.127770000000002,12.113010000000001,12.09843,12.083850000000002,12.069450000000002,12.05523,12.0411,12.02706,12.013200000000001,11.99952,11.98593,11.97252,11.959290000000001,11.94624,11.93337,11.92059,11.90808,11.89566,11.883510000000001,11.87154,11.85975,11.84814,11.8368,11.82564,11.81466,11.80386,11.793330000000001,11.78298,11.7729,11.763,11.75337,11.743920000000001,11.73474,11.725740000000002,11.71701,11.70846,11.70018,11.69217,11.68434,11.67678,11.6694,11.66229,11.65545,11.64879,11.6424,11.636190000000001,11.63025,11.62449,11.619,11.61369,11.60865,11.60379,11.59911,11.5947,11.59056,11.58651,11.58273,11.579130000000001,11.57571,11.57256,11.569500000000001,11.56662,11.564010000000001,11.56158,11.55924,11.557080000000001,11.555100000000001,11.5533,11.551680000000001,11.55015,11.548800000000002,11.54763,11.54655,11.54565,11.54484,11.544120000000001,11.54358,11.54313,11.542860000000001,11.54268,11.5425,11.5425,11.54259,11.54277,11.54304,11.54349,11.543849999999999,11.54439,11.545020000000001,11.54565,11.54646,11.54727,11.54808,11.54907,11.55006,11.55105,11.55222,11.55339,11.55456,11.55582,11.557080000000001,11.558430000000001,11.559780000000002,11.56122,11.562660000000001,11.5641,11.56563,11.56716,11.56878,11.5704,11.57202,11.573640000000001,11.57535,11.577060000000001,11.578859999999999,11.58057,11.582370000000001,11.58426,11.58606,11.587950000000001,11.589839999999999,11.59173,11.59362,11.595600000000001,11.59758,11.59956,11.60154,11.60352,11.60559,11.60766,11.609729999999999,11.611799999999999,11.61387,11.61603,11.6181,11.62026,11.62242,11.62458,11.62674,11.62899,11.631150000000002,11.6334,11.63556,11.63781,11.64006,11.64222,11.64447,11.64672,11.64897,11.65122,11.65347,11.65563,11.65788,11.66013,11.66229,11.66454,11.666699999999999,11.66886,11.67102,11.67318,11.67534,11.67741,11.67948,11.68155,11.68362,11.6856,11.68758,11.68956,11.691450000000001,11.69334,11.69514,11.696940000000001,11.69874,11.70045,11.70207,11.70369,11.70531,11.70684,11.70828,11.70972,11.71116,11.71242,11.71368,11.71494,11.71602,11.7171,11.71818,11.71908,11.71998,11.72079,11.721599999999999,11.72223,11.722859999999999,11.7234,11.72385,11.7243,11.72466,11.72484,11.725019999999999,11.725200000000001,11.725200000000001,11.72511,11.725019999999999,11.72484,11.72457,11.72412,11.72376,11.723220000000001,11.72259,11.721870000000001,11.72115,11.720250000000002,11.71926,11.71827,11.7171,11.71593,11.71458,11.71323,11.7117,11.710080000000001,11.70837,11.706570000000001,11.70468,11.7027,11.70054,11.698290000000002,11.69595,11.693520000000001,11.69091,11.68821,11.68533,11.68236,11.679210000000001,11.67597,11.672550000000001,11.66895,11.66517,11.661209999999999,11.657160000000001,11.65284,11.648430000000001,11.64375,11.6388,11.633759999999999,11.62836,11.62287,11.61702,11.6109,11.6046,11.59794,11.59101,11.583810000000001,11.576250000000002,11.56833,11.56005,11.5515,11.5425,11.533050000000001,11.52324,11.513069999999999,11.502360000000001,11.491200000000001,11.479500000000002,11.46735,11.45457,11.44134,11.427480000000001,11.41299,11.397870000000001,11.38212,11.36565,11.348460000000001,11.330549999999999,11.31183,11.292300000000001,11.27187,11.250630000000001,11.2284,11.20527,11.18106,11.15586,11.12949,11.10204,11.07333,11.04336,11.012129999999999,10.979550000000001,10.94553,10.90998,10.8729,10.83411,10.793700000000001,10.7514,10.70721,10.661130000000002,10.61289,10.56249,10.50984,10.45467,10.397070000000001,10.336680000000001,10.27359,10.20744,10.13814,10.06551,9.98946,9.90963,9.825840000000001,9.737910000000001,9.64557,9.54855,9.44649,9.33912,9.226080000000001,9.10701,8.981478,8.849070000000001,8.709282,8.561619,8.405514,8.240345999999999,8.065476,7.880175000000001,7.683696,7.47522,7.253874000000001,7.018776,6.768981,6.503598,6.221781000000001,5.922864000000001,5.606478,5.272884,4.923351,4.560921,4.191651,3.8265390000000004,3.484233,3.193794,2.9939400000000003,2.9225250000000003,2.996307,3.1991940000000003,3.493881,3.8420730000000005,4.214997,4.594131,4.968585,5.332311,5.682222,6.017004,6.336333000000001,6.640488,6.930054,7.2057780000000005,7.468488000000001,7.719021,7.958196,8.186796,8.405568,8.615196000000001,8.816328,9.009540000000001,9.19548,9.37449,9.547110000000002,9.713880000000001,9.875070000000001,10.03104,10.18215,10.32876,10.47114,10.60947,10.744110000000001,10.875240000000002,11.00304,11.127780000000001,11.24955,11.36853,11.4849,11.598840000000001,11.71053,11.81997,11.927249999999999,12.03264
16.57107,16.528499999999998,16.486110000000004,16.443900000000003,16.40187,16.360020000000002,16.31844,16.27704,16.23582,16.19478,16.15392,16.11333,16.07292,16.03278,15.99282,15.95313,15.91362,15.874290000000002,15.83523,15.79644,15.757830000000002,15.719400000000002,15.68133,15.64344,15.605730000000001,15.568380000000001,15.531210000000002,15.494310000000002,15.457590000000001,15.42123,15.38505,15.34914,15.313500000000001,15.27813,15.24303,15.2082,15.17364,15.13926,15.10524,15.071489999999999,15.03801,15.004800000000001,14.971860000000001,14.93919,14.906789999999999,14.87466,14.84289,14.811300000000001,14.78007,14.749109999999998,14.71842,14.68809,14.65794,14.62815,14.598630000000002,14.569379999999999,14.5404,14.51169,14.483340000000002,14.455259999999999,14.42736,14.39991,14.37264,14.345640000000001,14.319,14.292539999999999,14.26644,14.24061,14.21505,14.18967,14.16465,14.1399,14.11542,14.09121,14.06718,14.04351,14.02002,13.9968,13.97385,13.951080000000001,13.92867,13.90635,13.88439,13.86261,13.84101,13.81968,13.79853,13.777650000000001,13.756950000000002,13.73643,13.71618,13.69602,13.67613,13.65642,13.6368,13.61745,13.598279999999999,13.5792,13.5603,13.541580000000002,13.52295,13.50459,13.48623,13.46805,13.45005,13.43214,13.41432,13.39659,13.379040000000002,13.36158,13.34421,13.32693,13.309740000000001,13.29255,13.275540000000001,13.25862,13.2417,13.224870000000001,13.20813,13.19139,13.17474,13.158180000000002,13.141620000000001,13.12506,13.10859,13.092210000000001,13.075740000000001,13.059360000000002,13.04298,13.02669,13.0104,12.994019999999999,12.977820000000001,12.96153,12.94524,12.92895,12.91275,12.89646,12.880260000000002,12.86397,12.84777,12.831479999999999,12.815280000000001,12.79899,12.7827,12.7665,12.750210000000001,12.73392,12.71763,12.70134,12.68505,12.66876,12.65247,12.636180000000001,12.61989,12.60369,12.5874,12.571110000000001,12.55482,12.53853,12.52224,12.50604,12.489749999999999,12.473550000000001,12.45735,12.44124,12.425040000000001,12.40893,12.39291,12.376800000000001,12.36078,12.344850000000001,12.32892,12.313080000000001,12.29724,12.281490000000002,12.265830000000001,12.25017,12.2346,12.21912,12.20373,12.18843,12.17322,12.158100000000001,12.14307,12.12813,12.113370000000002,12.09861,12.08412,12.06963,12.05532,12.0411,12.02706,12.013200000000001,11.99943,11.985840000000001,11.97234,11.95911,11.94597,11.933010000000001,11.92032,11.907720000000001,11.8953,11.88315,11.871089999999999,11.8593,11.84769,11.836260000000001,11.825099999999999,11.814119999999999,11.803320000000001,11.79279,11.78244,11.772359999999999,11.76246,11.752740000000001,11.74338,11.734110000000001,11.725200000000001,11.716470000000001,11.707920000000001,11.699639999999999,11.69163,11.683890000000002,11.67633,11.66895,11.661930000000002,11.655090000000001,11.648430000000001,11.642040000000001,11.63592,11.62998,11.624310000000001,11.618820000000001,11.6136,11.60856,11.60379,11.5992,11.59488,11.59074,11.586780000000001,11.583,11.57949,11.57616,11.57301,11.57013,11.567340000000002,11.56473,11.562389999999999,11.56014,11.55807,11.55618,11.55447,11.552940000000001,11.5515,11.55024,11.54916,11.54817,11.54727,11.54655,11.54601,11.54556,11.5452,11.54493,11.54484,11.54484,11.54493,11.54511,11.545380000000002,11.54574,11.546190000000001,11.54673,11.54736,11.54808,11.548800000000002,11.5497,11.5506,11.5515,11.55258,11.55366,11.55474,11.55591,11.557170000000001,11.558430000000001,11.559780000000002,11.56113,11.562570000000001,11.564010000000001,11.56545,11.566980000000001,11.56851,11.57013,11.57166,11.573369999999999,11.574990000000001,11.5767,11.57841,11.580119999999999,11.58192,11.58363,11.58552,11.58732,11.58912,11.59101,11.5929,11.594790000000001,11.59668,11.59866,11.60055,11.60253,11.604510000000001,11.60649,11.60847,11.61045,11.61252,11.61459,11.61657,11.61864,11.620709999999999,11.622779999999999,11.62485,11.62692,11.62908,11.631150000000002,11.63331,11.635380000000001,11.637450000000001,11.639610000000001,11.64177,11.64384,11.645999999999999,11.64807,11.65014,11.6523,11.65437,11.65644,11.658600000000002,11.660670000000001,11.662650000000001,11.66472,11.66679,11.66877,11.67075,11.67273,11.67471,11.6766,11.67858,11.68038,11.68227,11.68407,11.68587,11.68758,11.689380000000002,11.691,11.69262,11.69424,11.69586,11.6973,11.69883,11.70018,11.70162,11.70288,11.70414,11.705400000000001,11.706570000000001,11.70765,11.708730000000001,11.70972,11.710619999999999,11.71143,11.712240000000001,11.71296,11.71368,11.714310000000001,11.71485,11.7153,11.71566,11.71602,11.71629,11.716470000000001,11.71656,11.71656,11.71656,11.716470000000001,11.71629,11.71602,11.71566,11.7153,11.714760000000002,11.714220000000001,11.71359,11.71287,11.712060000000001,11.71116,11.71017,11.70918,11.708010000000002,11.70684,11.705490000000001,11.70414,11.70261,11.701080000000001,11.69946,11.69766,11.69586,11.69388,11.6919,11.68974,11.68758,11.68524,11.68272,11.6802,11.6775,11.6748,11.67183,11.66886,11.66562,11.66238,11.65896,11.65536,11.65158,11.64771,11.64366,11.63943,11.635019999999999,11.63043,11.625660000000002,11.620709999999999,11.615490000000001,11.61009,11.604420000000001,11.59848,11.59236,11.585970000000001,11.57931,11.57229,11.565,11.55744,11.549520000000001,11.54124,11.5326,11.5236,11.51424,11.504430000000001,11.49417,11.48355,11.47239,11.46078,11.448630000000001,11.43594,11.42271,11.408940000000001,11.394540000000001,11.37951,11.363850000000001,11.34747,11.33037,11.31255,11.29392,11.27457,11.25432,11.23317,11.21112,11.188170000000001,11.16414,11.13912,11.11293,11.085659999999999,11.057220000000001,11.02752,10.99656,10.96425,10.9305,10.89522,10.8585,10.82007,10.78002,10.73808,10.69434,10.64871,10.60092,10.55106,10.49895,10.444410000000001,10.38735,10.327679999999999,10.265310000000001,10.19988,10.13148,10.059750000000001,9.984689999999999,9.905940000000001,9.82332,9.736650000000001,9.64566,9.550080000000001,9.449639999999999,9.34407,9.23301,9.1161,8.992971,8.863227,8.726427000000001,8.582094,8.429724,8.268777,8.098686,7.918839,7.728588,7.527285,7.314255000000001,7.088832,6.850386,6.598413,6.332535,6.052716,5.7593700000000005,5.453703,5.138172,4.817106,4.4976780000000005,4.19112,3.9139290000000004,3.688119,3.538719,3.487095,3.54204,3.6953460000000002,3.9261600000000003,4.209849,4.524669,4.85433,5.187681,5.517576,5.839677,6.151491,6.451767,6.7399830000000005,7.016139,7.280487,7.533486,7.775667,8.007624000000002,8.229942,8.443206,8.648001,8.844866999999999,9.03429,9.21681,9.392850000000001,9.56277,9.72711,9.886050000000001,10.04004,10.189350000000001,10.33434,10.47519,10.61217,10.745550000000001,10.87542,11.00223,11.12598,11.24685,11.365020000000001,11.48067,11.59389,11.70486,11.81367,11.920499999999999,12.02535
16.57422,16.531740000000003,16.489440000000002,16.44732,16.40547,16.36371,16.32222,16.280910000000002,16.23978,16.19892,16.158240000000003,16.11774,16.07742,16.03737,15.997589999999999,15.957990000000002,15.91857,15.87942,15.84045,15.801750000000002,15.763230000000002,15.72498,15.687,15.649200000000002,15.61167,15.57441,15.53733,15.50052,15.463980000000001,15.42771,15.391710000000002,15.35589,15.320340000000002,15.28506,15.250140000000002,15.215399999999999,15.18093,15.14664,15.112709999999998,15.07905,15.045660000000002,15.01254,14.979690000000002,14.94711,14.91489,14.882850000000001,14.851080000000001,14.81967,14.78853,14.757570000000001,14.72697,14.69664,14.66667,14.636880000000001,14.60745,14.5782,14.54931,14.52069,14.492339999999999,14.464350000000001,14.43654,14.40909,14.38182,14.35491,14.32827,14.3019,14.2758,14.24997,14.22441,14.19912,14.17401,14.14926,14.124780000000001,14.10057,14.07654,14.05287,14.029380000000002,14.006070000000001,13.98312,13.96035,13.93785,13.91553,13.89348,13.8717,13.8501,13.82868,13.80753,13.786560000000001,13.76577,13.74525,13.724910000000001,13.704749999999999,13.68468,13.66488,13.64526,13.62582,13.60656,13.58739,13.5684,13.54959,13.53096,13.51242,13.49397,13.475700000000002,13.45761,13.43961,13.421700000000001,13.403880000000001,13.38624,13.368599999999999,13.351140000000001,13.333770000000001,13.31649,13.29921,13.28211,13.26501,13.248000000000001,13.23108,13.21425,13.197420000000001,13.18068,13.16394,13.14729,13.130640000000001,13.11408,13.09752,13.08096,13.06449,13.04802,13.03155,13.01517,12.99879,12.98232,12.96594,12.94965,12.93327,12.91689,12.90051,12.88422,12.86784,12.851460000000001,12.83517,12.81879,12.80241,12.78603,12.769739999999999,12.75336,12.73698,12.720600000000001,12.704220000000001,12.68784,12.67146,12.65508,12.6387,12.62232,12.60594,12.58956,12.57318,12.5568,12.54042,12.52404,12.507750000000001,12.49146,12.47517,12.45888,12.442590000000001,12.42639,12.41019,12.39399,12.37788,12.36177,12.345749999999999,12.32973,12.3138,12.297870000000001,12.282029999999999,12.266280000000002,12.250620000000001,12.234960000000001,12.21939,12.20391,12.18861,12.17331,12.158100000000001,12.142980000000001,12.12804,12.1131,12.09834,12.08376,12.06927,12.05487,12.040650000000001,12.02652,12.01257,11.998709999999999,11.98512,11.97162,11.958300000000001,11.94516,11.93211,11.91933,11.90673,11.894309999999999,11.882069999999999,11.87001,11.858220000000001,11.846520000000002,11.835090000000001,11.82393,11.81286,11.80206,11.79153,11.781179999999999,11.7711,11.7612,11.75148,11.74203,11.732850000000001,11.72394,11.71521,11.706660000000001,11.69847,11.69046,11.682630000000001,11.67516,11.66787,11.66076,11.653920000000001,11.64735,11.64105,11.63493,11.62908,11.62341,11.61801,11.61279,11.607840000000001,11.60316,11.59857,11.59434,11.590200000000001,11.58633,11.58264,11.579220000000001,11.57598,11.57292,11.57004,11.567340000000002,11.564820000000001,11.562570000000001,11.560410000000001,11.558430000000001,11.55663,11.555010000000001,11.55348,11.55222,11.55105,11.54997,11.54916,11.548350000000001,11.54772,11.54727,11.54691,11.54664,11.54655,11.54655,11.54655,11.54682,11.54709,11.547450000000001,11.5479,11.54844,11.54907,11.54979,11.5506,11.5515,11.5524,11.55339,11.55438,11.55555,11.55672,11.55789,11.55915,11.560500000000001,11.561850000000002,11.56329,11.56473,11.56617,11.5677,11.56923,11.57085,11.572470000000001,11.57409,11.575800000000001,11.57742,11.579130000000001,11.58093,11.58264,11.58444,11.58624,11.588040000000001,11.58993,11.59173,11.59362,11.59551,11.5974,11.59929,11.60127,11.60316,11.60514,11.60703,11.60901,11.61099,11.61297,11.61495,11.61702,11.619,11.620980000000001,11.62296,11.62503,11.62701,11.62908,11.631060000000002,11.633130000000001,11.63511,11.637179999999999,11.63916,11.64123,11.64321,11.64528,11.64726,11.64924,11.65122,11.6532,11.655180000000001,11.657160000000001,11.659139999999999,11.66103,11.66301,11.664900000000001,11.66679,11.66859,11.67048,11.67228,11.67408,11.675790000000001,11.67759,11.679300000000001,11.68092,11.682630000000001,11.68416,11.68578,11.687310000000002,11.68875,11.690280000000001,11.69163,11.69298,11.69433,11.695590000000001,11.69685,11.69802,11.699100000000001,11.70018,11.701170000000001,11.70207,11.70297,11.70387,11.704590000000001,11.70531,11.70594,11.706570000000001,11.70711,11.70756,11.707920000000001,11.70819,11.70846,11.70864,11.708730000000001,11.708820000000001,11.708730000000001,11.70864,11.70846,11.70828,11.707920000000001,11.70756,11.70702,11.706479999999999,11.705850000000002,11.70522,11.70441,11.7036,11.70261,11.70162,11.70054,11.69937,11.69811,11.69685,11.695409999999999,11.69397,11.69244,11.69073,11.689020000000001,11.68722,11.68533,11.68335,11.681280000000001,11.679120000000001,11.67687,11.67453,11.6721,11.669490000000001,11.66688,11.664090000000002,11.6613,11.65833,11.655180000000001,11.65203,11.6487,11.64519,11.64159,11.6379,11.634030000000001,11.62998,11.62584,11.62143,11.61693,11.61225,11.6073,11.602260000000001,11.596950000000001,11.591460000000001,11.5857,11.57976,11.573550000000001,11.56716,11.560410000000001,11.55339,11.546100000000001,11.53845,11.53053,11.52225,11.51361,11.50461,11.49525,11.48544,11.47527,11.46465,11.45349,11.441970000000001,11.42991,11.41731,11.40408,11.390400000000001,11.376090000000001,11.36115,11.34558,11.32929,11.31237,11.29473,11.27619,11.25702,11.23686,11.21598,11.19411,11.17125,11.147490000000001,11.12265,11.09673,11.06973,11.04156,11.012129999999999,10.98144,10.9494,10.91601,10.88109,10.84473,10.806750000000001,10.76706,10.725660000000001,10.68237,10.63719,10.59003,10.54071,10.489230000000001,10.435319999999999,10.37907,10.32012,10.258560000000001,10.19412,10.126619999999999,10.05597,9.981990000000001,9.90441,9.82314,9.737910000000001,9.64845,9.554670000000002,9.45612,9.35262,9.24381,9.129420000000001,9.00909,8.882397,8.749026,8.608536,8.460477000000001,8.304381000000001,8.13978,7.966151999999999,7.783011000000001,7.589844000000001,7.386183000000001,7.171605,6.9457770000000005,6.708546,6.459984,6.2005680000000005,5.931342,5.6542319999999995,5.372361,5.090643,4.816305,4.559571,4.333887,4.1553,4.04028,4.001688000000001,4.044636000000001,4.164525,4.348953,4.581846,4.847418,5.132421,5.426748,5.723217000000001,6.016941,6.304734,6.5846610000000005,6.855597,7.117011000000001,7.368722999999999,7.610841000000001,7.843608000000001,8.067357,8.282511000000001,8.489493,8.688735,8.880687,9.06579,9.24435,9.41688,9.58365,9.74511,9.90153,10.05318,10.200420000000001,10.34343,10.482569999999999,10.617930000000001,10.74987,10.87848,11.00403,11.12661,11.246400000000001,11.36358,11.47842,11.59083,11.70099,11.80917,11.915280000000001,12.0195
16.57701,16.53462,16.49241,16.450470000000003,16.40862,16.367040000000003,16.325640000000003,16.28442,16.243470000000002,16.2027,16.16211,16.1217,16.081560000000003,16.041600000000003,16.001910000000002,15.9624,15.92307,15.884010000000002,15.84522,15.80661,15.76827,15.730110000000002,15.69222,15.654599999999999,15.61716,15.57999,15.543,15.506369999999999,15.46992,15.433739999999998,15.397829999999999,15.3621,15.32673,15.291540000000001,15.25662,15.222059999999999,15.18768,15.15357,15.119730000000002,15.08616,15.05286,15.01983,14.987070000000001,14.95458,14.922360000000001,14.89041,14.85882,14.827410000000002,14.79636,14.76549,14.73498,14.70474,14.674769999999999,14.645070000000002,14.615639999999999,14.58657,14.557680000000001,14.52915,14.500799999999998,14.47281,14.44509,14.41764,14.390460000000001,14.36355,14.33691,14.310540000000001,14.28453,14.258700000000001,14.23314,14.20785,14.18283,14.15808,14.133600000000001,14.1093,14.08536,14.0616,14.03811,14.0148,13.99185,13.96908,13.94649,13.92417,13.90212,13.88025,13.85856,13.83714,13.815900000000001,13.79493,13.774140000000001,13.753530000000001,13.7331,13.71285,13.69278,13.67289,13.653179999999999,13.633650000000001,13.6143,13.595130000000001,13.57605,13.55715,13.53834,13.51971,13.50126,13.4829,13.464720000000002,13.44654,13.42854,13.410720000000001,13.392900000000001,13.37526,13.357619999999999,13.340160000000001,13.322790000000001,13.30542,13.28823,13.27104,13.25394,13.236930000000001,13.21992,13.203,13.18617,13.16934,13.15251,13.13586,13.11912,13.10247,13.08582,13.06926,13.0527,13.036140000000001,13.019580000000001,13.003110000000001,12.986550000000001,12.97008,12.95361,12.93714,12.92067,12.9042,12.88773,12.871350000000001,12.854880000000001,12.838410000000001,12.821940000000001,12.805470000000001,12.789000000000001,12.772530000000001,12.756060000000002,12.73959,12.72312,12.70665,12.69018,12.67371,12.65724,12.64077,12.6243,12.60783,12.59136,12.57489,12.55842,12.54195,12.52548,12.5091,12.49263,12.47625,12.45987,12.44358,12.427200000000001,12.41091,12.39471,12.37851,12.36231,12.3462,12.33009,12.31407,12.29805,12.28212,12.266280000000002,12.250530000000001,12.23478,12.21921,12.20364,12.188160000000002,12.17286,12.15756,12.14244,12.127320000000001,12.11238,12.09753,12.08286,12.06828,12.053880000000001,12.03957,12.02535,12.01131,11.99745,11.983770000000002,11.970270000000001,11.956859999999999,11.94363,11.93058,11.917800000000002,11.90511,11.8926,11.88036,11.8683,11.85642,11.84472,11.83329,11.822040000000001,11.810970000000001,11.80017,11.78955,11.7792,11.769120000000001,11.75922,11.7495,11.74005,11.73087,11.721960000000001,11.71323,11.70477,11.69649,11.68848,11.68074,11.67327,11.66598,11.65896,11.65212,11.64564,11.63934,11.633220000000001,11.62737,11.62179,11.61648,11.61135,11.6064,11.60172,11.59731,11.59308,11.58903,11.58525,11.58165,11.57823,11.57508,11.57211,11.56932,11.56671,11.56428,11.56203,11.56005,11.558159999999999,11.55645,11.554920000000001,11.55348,11.55231,11.55123,11.55024,11.549520000000001,11.54889,11.548350000000001,11.54799,11.54772,11.547540000000001,11.547540000000001,11.54763,11.54781,11.54808,11.54844,11.54898,11.549520000000001,11.55015,11.550870000000002,11.551770000000001,11.55258,11.55357,11.55456,11.55564,11.55681,11.55807,11.559330000000001,11.560590000000001,11.56194,11.56338,11.564820000000001,11.56626,11.56779,11.569410000000001,11.57094,11.57256,11.57427,11.57589,11.5776,11.5794,11.58111,11.58291,11.584710000000001,11.58651,11.58831,11.590200000000001,11.592,11.59389,11.59578,11.59767,11.59956,11.60154,11.60343,11.605410000000001,11.6073,11.60928,11.611170000000001,11.61315,11.61513,11.61711,11.61909,11.620980000000001,11.62296,11.62494,11.62692,11.6289,11.63088,11.63286,11.63484,11.63673,11.638710000000001,11.640690000000001,11.64258,11.64456,11.64645,11.648340000000001,11.650229999999999,11.65212,11.65401,11.6559,11.6577,11.65959,11.66139,11.66319,11.664900000000001,11.666699999999999,11.66841,11.670119999999999,11.67174,11.67336,11.674980000000001,11.6766,11.67813,11.67966,11.681099999999999,11.682540000000001,11.68398,11.68533,11.686589999999999,11.68785,11.68911,11.690280000000001,11.69136,11.69244,11.693520000000001,11.694510000000001,11.695409999999999,11.69622,11.697030000000002,11.697750000000001,11.69847,11.699100000000001,11.699639999999999,11.70018,11.70063,11.70099,11.701260000000001,11.70153,11.70171,11.7018,11.7018,11.7018,11.70171,11.70153,11.701260000000001,11.700899999999999,11.70054,11.70009,11.69955,11.69892,11.6982,11.69748,11.69667,11.695770000000001,11.69478,11.6937,11.69253,11.69136,11.690100000000001,11.68875,11.687310000000002,11.68578,11.68416,11.682540000000001,11.68074,11.678939999999999,11.677050000000001,11.675070000000002,11.673,11.67093,11.66868,11.66634,11.664000000000001,11.661480000000001,11.65896,11.65626,11.65356,11.65068,11.64771,11.64465,11.6415,11.63826,11.63484,11.63133,11.627730000000001,11.624039999999999,11.62008,11.61612,11.61198,11.60766,11.60316,11.59857,11.59371,11.58876,11.58354,11.57823,11.57265,11.5668,11.56077,11.55456,11.54808,11.54124,11.53422,11.52693,11.51928,11.51136,11.50308,11.494439999999999,11.48544,11.476170000000002,11.46636,11.456190000000001,11.44566,11.43459,11.42307,11.411100000000001,11.3985,11.385449999999999,11.371860000000002,11.35764,11.34288,11.3274,11.31129,11.29446,11.276909999999999,11.258640000000002,11.23956,11.21967,11.198879999999999,11.177190000000001,11.1546,11.131110000000001,11.10654,11.08089,11.054160000000001,11.02626,10.9971,10.96677,10.93509,10.90206,10.867590000000002,10.83159,10.79406,10.75482,10.71396,10.67121,10.62666,10.58004,10.53144,10.48059,10.42749,10.37196,10.31391,10.25325,10.1898,10.123380000000001,10.0539,9.98118,9.90504,9.82521,9.7416,9.654029999999999,9.56205,9.46566,9.36441,9.25821,9.14661,9.02943,8.906184,8.776656,8.640450000000001,8.497179,8.346465,8.187921000000001,8.02116,7.845795,7.661502,7.467984,7.2650429999999995,7.052634,6.830892,6.6002670000000006,6.36165,6.116526,5.867199,5.617143,5.371254,5.136255,4.920849,4.7356110000000005,4.592187,4.501647,4.472217,4.507083,4.6035,4.753692,4.946913,5.171805,5.417991,5.676894000000001,5.941854,6.207993,6.471855,6.731073,6.984117,7.2300510000000004,7.468343999999999,7.69878,7.921359000000001,8.136189,8.343495,8.543547,8.736651,8.92314,9.10332,9.277560000000001,9.44622,9.60948,9.76779,9.92133,10.07037,10.21518,10.35612,10.49319,10.626840000000001,10.757069999999999,10.88415,11.008260000000002,11.129579999999999,11.248199999999999,11.36439,11.47806,11.58957,11.69892,11.80629,11.91168,12.015270000000001
16.57944,16.53714,16.49511,16.453170000000004,16.4115,16.37001,16.3287,16.287660000000002,16.24671,16.20603,16.16553,16.125300000000003,16.08525,16.045469999999998,16.005779999999998,15.966450000000002,15.92721,15.888330000000002,15.849540000000001,15.811110000000001,15.772860000000001,15.73479,15.69699,15.659460000000001,15.622110000000001,15.585120000000002,15.54822,15.51168,15.475320000000002,15.439229999999998,15.40341,15.367859999999999,15.332580000000002,15.29748,15.26274,15.228180000000002,15.193890000000001,15.159870000000002,15.12612,15.092640000000001,15.05943,15.02649,14.993820000000001,14.96142,14.92938,14.897520000000002,14.865930000000002,14.834610000000001,14.80365,14.772870000000001,14.742450000000002,14.712210000000002,14.68233,14.65272,14.62329,14.594220000000002,14.565420000000001,14.536980000000002,14.50872,14.480730000000001,14.45301,14.425650000000001,14.398470000000001,14.37165,14.34501,14.31873,14.292629999999999,14.2668,14.241330000000001,14.216040000000001,14.19102,14.166269999999999,14.14179,14.11749,14.09346,14.0697,14.04621,14.02299,13.99995,13.977089999999999,13.954590000000001,13.93218,13.91013,13.88817,13.86648,13.84506,13.823730000000001,13.802669999999999,13.781880000000001,13.761180000000001,13.74066,13.72041,13.70025,13.68036,13.66056,13.640939999999999,13.6215,13.60224,13.58316,13.56417,13.54527,13.52664,13.50801,13.489650000000001,13.47129,13.45311,13.43502,13.41702,13.3992,13.38138,13.36374,13.346100000000002,13.32864,13.31118,13.2939,13.27662,13.25943,13.24224,13.22523,13.20822,13.19121,13.17429,13.15746,13.14063,13.123800000000001,13.10706,13.09032,13.07358,13.05693,13.040280000000001,13.02363,13.00698,12.99042,12.97386,12.95721,12.940650000000002,12.92409,12.90753,12.89097,12.874410000000001,12.857850000000001,12.84129,12.82473,12.808169999999999,12.79161,12.77505,12.75849,12.74193,12.72537,12.708810000000001,12.69225,12.6756,12.659040000000001,12.64248,12.62592,12.60936,12.59271,12.57615,12.55959,12.54303,12.52656,12.51,12.49353,12.47706,12.46059,12.44412,12.42774,12.41136,12.39498,12.378689999999999,12.362400000000001,12.3462,12.33,12.31389,12.29778,12.28176,12.265830000000001,12.24999,12.23424,12.218490000000001,12.20283,12.18735,12.17187,12.15648,12.14127,12.126149999999999,12.11112,12.09618,12.08142,12.06675,12.05226,12.03786,12.02364,12.009599999999999,11.99565,11.98188,11.96829,11.95479,11.94156,11.92851,11.91555,11.90286,11.89035,11.878020000000001,11.865870000000001,11.85399,11.84229,11.830770000000001,11.81952,11.80845,11.79756,11.786940000000001,11.77659,11.76642,11.75652,11.74689,11.737440000000001,11.72817,11.71926,11.71053,11.70207,11.69379,11.68587,11.67813,11.67066,11.66337,11.65635,11.649600000000001,11.64312,11.63682,11.63079,11.62503,11.61954,11.61414,11.6091,11.604239999999999,11.59965,11.59524,11.591099999999999,11.58714,11.583450000000001,11.57994,11.57661,11.57346,11.57058,11.567879999999999,11.56536,11.56302,11.56095,11.55897,11.557170000000001,11.55555,11.55411,11.55285,11.551770000000001,11.55078,11.54997,11.54925,11.54871,11.548350000000001,11.54808,11.5479,11.5479,11.54799,11.54817,11.54844,11.548800000000002,11.549339999999999,11.54988,11.5506,11.55132,11.55222,11.55312,11.55411,11.55519,11.55627,11.55753,11.5587,11.56005,11.5614,11.56284,11.56428,11.56572,11.56725,11.56887,11.57049,11.57211,11.57382,11.57544,11.57724,11.57895,11.58075,11.582550000000001,11.584349999999999,11.58615,11.588040000000001,11.58993,11.59182,11.59371,11.595600000000001,11.59749,11.59938,11.60136,11.603250000000001,11.60523,11.60712,11.6091,11.61099,11.61297,11.61495,11.61684,11.618820000000001,11.620800000000001,11.62269,11.62467,11.62656,11.628540000000001,11.63043,11.63241,11.6343,11.636190000000001,11.63808,11.63997,11.64186,11.64375,11.64564,11.64744,11.64924,11.65113,11.65284,11.65464,11.65644,11.658150000000001,11.65986,11.661570000000001,11.66319,11.664900000000001,11.66652,11.66805,11.66967,11.6712,11.67264,11.67417,11.67552,11.67696,11.67831,11.67966,11.68092,11.68209,11.68335,11.684429999999999,11.68551,11.686589999999999,11.68758,11.68857,11.689380000000002,11.690280000000001,11.691,11.69172,11.69244,11.69307,11.693610000000001,11.69406,11.694510000000001,11.694870000000002,11.69514,11.695409999999999,11.6955,11.695590000000001,11.695680000000001,11.695590000000001,11.6955,11.69532,11.69505,11.69478,11.69433,11.69388,11.69334,11.69271,11.692079999999999,11.69127,11.69046,11.68956,11.68857,11.68758,11.68641,11.68524,11.68398,11.682630000000001,11.68119,11.67975,11.67813,11.67651,11.6748,11.673,11.6712,11.66922,11.66724,11.66517,11.66301,11.66076,11.658510000000001,11.656080000000001,11.653649999999999,11.65113,11.64852,11.64582,11.64303,11.64015,11.637179999999999,11.634120000000001,11.63097,11.627730000000001,11.624400000000001,11.620980000000001,11.61738,11.61369,11.609910000000001,11.60604,11.60199,11.59785,11.59362,11.58912,11.584620000000001,11.57985,11.574900000000001,11.56986,11.56464,11.55915,11.55348,11.54763,11.5416,11.535300000000001,11.52873,11.52198,11.51487,11.507579999999999,11.499929999999999,11.49201,11.483730000000001,11.47509,11.46618,11.456819999999999,11.447189999999999,11.43702,11.42649,11.41551,11.40408,11.392199999999999,11.37978,11.36682,11.35332,11.33919,11.324520000000001,11.30922,11.2932,11.27655,11.259179999999999,11.24109,11.22219,11.20257,11.18196,11.160540000000001,11.13822,11.11491,11.090610000000002,11.06532,11.03886,11.01132,10.982520000000001,10.95255,10.921230000000001,10.88865,10.854540000000002,10.819080000000001,10.782,10.7433,10.70298,10.66086,10.61685,10.57095,10.52307,10.47303,10.42074,10.366109999999999,10.30905,10.24938,10.187009999999999,10.12185,10.05363,9.98235,9.90765,9.82953,9.747720000000001,9.661950000000001,9.57222,9.47808,9.37944,9.27594,9.16749,9.05364,8.934192000000001,8.80884,8.677278000000001,8.539191,8.394282,8.242254,8.082819,7.9157340000000005,7.74081,7.557921000000001,7.367085000000001,7.1684730000000005,6.962472,6.74982,6.531678,6.309792000000001,6.086655,5.865732,5.65164,5.450274,5.268834,5.1155100000000004,4.998798,4.926366000000001,4.903695,4.9329,5.012271,5.1367140000000004,5.2988669999999995,5.490504,5.703641999999999,5.931216,6.167403,6.407630999999999,6.648444,6.887313,7.122465,7.3526940000000005,7.577199,7.795512,8.007417,8.212824000000001,8.411787,8.604432000000001,8.790957,8.97156,9.14652,9.315990000000001,9.48042,9.63981,9.79461,9.945,10.09125,10.23345,10.37196,10.506870000000001,10.63854,10.76688,10.89234,11.01492,11.1348,11.25216,11.367090000000001,11.47968,11.590110000000001,11.69856,11.80503,11.90961,12.01239
16.5816,16.53939,16.49745,16.4556,16.41402,16.37262,16.331400000000002,16.29045,16.24968,16.209090000000003,16.16868,16.12854,16.08858,16.04889,16.00938,15.970049999999999,15.930990000000001,15.892110000000002,15.853499999999999,15.815159999999999,15.777000000000001,15.73902,15.701400000000001,15.66396,15.6267,15.58971,15.55299,15.51654,15.480269999999999,15.44436,15.40863,15.37317,15.337890000000002,15.30297,15.26823,15.233760000000002,15.19965,15.16572,15.132060000000001,15.09867,15.06555,15.0327,15.000119999999999,14.96781,14.935770000000002,14.904,14.872499999999999,14.841270000000002,14.81031,14.779620000000001,14.749290000000002,14.719140000000001,14.68926,14.65974,14.6304,14.601420000000001,14.57262,14.54418,14.516010000000001,14.488109999999999,14.46039,14.43303,14.40594,14.37912,14.35248,14.3262,14.300189999999999,14.27436,14.248890000000001,14.223600000000001,14.19858,14.17383,14.14935,14.12505,14.10111,14.077350000000001,14.05377,14.03055,14.00751,13.98465,13.962060000000001,13.93965,13.91751,13.89564,13.87386,13.852350000000001,13.83102,13.80996,13.78908,13.76829,13.74777,13.727430000000002,13.70727,13.68729,13.6674,13.64778,13.62825,13.6089,13.589730000000001,13.57065,13.55175,13.53294,13.51431,13.49577,13.47741,13.45914,13.44096,13.422870000000001,13.404959999999999,13.387139999999999,13.36932,13.35168,13.33404,13.31658,13.29912,13.28175,13.264470000000001,13.247280000000002,13.23009,13.212990000000001,13.19589,13.178880000000001,13.16187,13.14495,13.12803,13.1112,13.094370000000001,13.07754,13.0608,13.04406,13.02732,13.010580000000001,12.99384,12.97719,12.960540000000002,12.9438,12.927150000000001,12.9105,12.89385,12.8772,12.86055,12.843900000000001,12.82725,12.81051,12.79386,12.77721,12.76056,12.743910000000001,12.72717,12.71052,12.69387,12.67722,12.66048,12.643830000000001,12.627180000000001,12.61044,12.59379,12.57714,12.56049,12.54384,12.527190000000001,12.51054,12.493979999999999,12.47733,12.46077,12.4443,12.42774,12.41127,12.3948,12.37842,12.36204,12.345749999999999,12.329460000000001,12.31326,12.29706,12.28095,12.264930000000001,12.249,12.23307,12.21732,12.20157,12.18591,12.170430000000001,12.15495,12.13965,12.12444,12.10932,12.09429,12.07944,12.064680000000001,12.0501,12.0357,12.02139,12.00717,11.993219999999999,11.97936,11.965679999999999,11.95218,11.93886,11.92572,11.91276,11.899980000000001,11.88738,11.87496,11.86281,11.85084,11.83914,11.827530000000001,11.81628,11.80512,11.794319999999999,11.7837,11.77326,11.76309,11.753190000000002,11.74347,11.734020000000001,11.72484,11.71584,11.70711,11.69865,11.69046,11.68245,11.67471,11.66724,11.66004,11.653110000000002,11.646360000000001,11.63988,11.63367,11.627730000000001,11.62197,11.61648,11.611170000000001,11.60622,11.60136,11.596860000000001,11.59254,11.5884,11.58453,11.58093,11.57751,11.57427,11.57121,11.56842,11.565809999999999,11.56338,11.56113,11.55915,11.557260000000001,11.55564,11.55411,11.55276,11.551590000000001,11.5506,11.5497,11.54898,11.54844,11.54799,11.54772,11.547540000000001,11.547540000000001,11.54763,11.54781,11.54808,11.54853,11.54907,11.549610000000001,11.55033,11.55114,11.55204,11.552940000000001,11.55402,11.555100000000001,11.55627,11.55753,11.55879,11.56014,11.56158,11.56302,11.56455,11.566080000000001,11.5677,11.56932,11.57094,11.57265,11.57436,11.57616,11.577960000000001,11.57976,11.58156,11.58336,11.58525,11.58714,11.58903,11.59092,11.5929,11.594790000000001,11.596770000000001,11.59866,11.60064,11.60262,11.604510000000001,11.60649,11.60847,11.61045,11.61234,11.61432,11.6163,11.61828,11.620170000000002,11.622150000000001,11.624039999999999,11.62602,11.62791,11.629800000000001,11.631689999999999,11.63358,11.63547,11.637360000000001,11.63916,11.64105,11.642850000000001,11.64465,11.64645,11.64825,11.64996,11.651670000000001,11.65338,11.655090000000001,11.6568,11.65842,11.66004,11.66166,11.66319,11.66472,11.66625,11.66769,11.669130000000001,11.67057,11.67192,11.67318,11.67453,11.675790000000001,11.67696,11.67813,11.679210000000001,11.68029,11.681370000000001,11.68236,11.68326,11.68416,11.68497,11.68569,11.68641,11.68713,11.68767,11.68821,11.68875,11.68911,11.68947,11.68974,11.69001,11.690190000000001,11.690280000000001,11.690280000000001,11.690280000000001,11.690100000000001,11.689919999999999,11.68974,11.689380000000002,11.689020000000001,11.68848,11.688030000000001,11.6874,11.68668,11.685960000000001,11.68515,11.68425,11.68326,11.68218,11.681099999999999,11.67984,11.67858,11.67732,11.675880000000001,11.67435,11.67282,11.6712,11.669490000000001,11.66778,11.66589,11.664000000000001,11.66202,11.65995,11.65779,11.65563,11.65338,11.65104,11.64861,11.646180000000001,11.64357,11.64096,11.63826,11.63547,11.63268,11.629710000000001,11.62674,11.62359,11.62044,11.6172,11.61387,11.61045,11.60694,11.603250000000001,11.59956,11.59578,11.59182,11.587769999999999,11.58363,11.57931,11.574900000000001,11.5704,11.56572,11.56086,11.55582,11.55069,11.545380000000002,11.5398,11.53413,11.52819,11.522070000000001,11.51577,11.5092,11.502360000000001,11.49534,11.487960000000001,11.480310000000001,11.47239,11.4642,11.45556,11.44665,11.43738,11.42775,11.417760000000001,11.40723,11.39634,11.385,11.37321,11.360880000000002,11.3481,11.33469,11.32074,11.30616,11.29104,11.2752,11.25873,11.24163,11.22372,11.205,11.18556,11.16522,11.144070000000001,11.12202,11.098980000000001,11.07504,11.04993,11.02392,10.99665,10.9683,10.93869,10.90782,10.87569,10.84212,10.80702,10.77057,10.73241,10.692720000000001,10.65123,10.607940000000001,10.56276,10.5156,10.466460000000001,10.41507,10.36143,10.30536,10.246860000000002,10.18566,10.12176,10.05498,9.98514,9.91215,9.83574,9.75582,9.67221,9.58473,9.49311,9.39726,9.29682,9.191609999999999,9.08136,8.96598,8.845074,8.718453,8.585856,8.447067,8.30187,8.150094,7.991604,7.8263370000000005,7.654329000000001,7.475751000000001,7.2909630000000005,7.10055,6.905439,6.706944,6.506937000000001,6.30792,6.113169,5.926842,5.7539880000000005,5.600439000000001,5.472531,5.376519,5.317875000000001,5.300388,5.325525,5.392188,5.496903,5.63454,5.79906,5.9843340000000005,6.184665000000001,6.395094,6.6115260000000005,6.830694,7.050087,7.267824,7.482519,7.693227000000001,7.899282,8.100279,8.295984,8.486289,8.671212,8.850825,9.0252,9.19458,9.3591,9.518939999999999,9.67428,9.8253,9.97236,10.11546,10.25487,10.390860000000002,10.523430000000001,10.652849999999999,10.779300000000001,10.90287,11.02383,11.14218,11.25801,11.37168,11.4831,11.59236,11.69973,11.805209999999999,11.908890000000001,12.01095
16.583399999999997,16.54128,16.49934,16.45767,16.41618,16.374869999999998,16.33374,16.29288,16.252200000000002,16.2117,16.17138,16.131330000000002,16.09146,16.05186,16.012439999999998,15.97329,15.93432,15.89553,15.85701,15.81876,15.78069,15.742890000000001,15.705269999999999,15.66792,15.63084,15.59394,15.557310000000001,15.520950000000001,15.484770000000001,15.448950000000002,15.413310000000001,15.37785,15.34275,15.307920000000001,15.273270000000002,15.23889,15.204870000000001,15.17103,15.137460000000003,15.10416,15.07113,15.03828,15.005790000000001,14.97357,14.94162,14.90994,14.878530000000001,14.84739,14.816520000000002,14.785829999999999,14.7555,14.725439999999999,14.695649999999999,14.666220000000001,14.636970000000002,14.607990000000001,14.57928,14.55084,14.52267,14.49486,14.46723,14.43987,14.41278,14.38596,14.35941,14.33313,14.307120000000001,14.28138,14.25582,14.23062,14.2056,14.180850000000001,14.15637,14.132069999999999,14.108130000000001,14.08437,14.06079,14.03748,14.01444,13.99158,13.968990000000002,13.94658,13.92444,13.90248,13.880700000000001,13.8591,13.837769999999999,13.81662,13.79565,13.77495,13.754340000000001,13.73391,13.713750000000001,13.69368,13.67379,13.65408,13.63446,13.615110000000001,13.59585,13.576680000000001,13.557690000000001,13.53888,13.520159999999999,13.50153,13.48308,13.464720000000002,13.44645,13.428360000000001,13.41027,13.39236,13.37445,13.35672,13.33908,13.32144,13.30389,13.286520000000001,13.26906,13.25178,13.2345,13.217310000000001,13.20012,13.18302,13.16592,13.14891,13.1319,13.114980000000001,13.09806,13.08114,13.06431,13.04739,13.030560000000001,13.013819999999999,12.99699,12.98016,12.963420000000001,12.94659,12.92985,12.91311,12.896370000000001,12.87954,12.8628,12.846060000000001,12.82932,12.81258,12.79575,12.77901,12.762270000000001,12.74544,12.728700000000002,12.71187,12.69513,12.67839,12.661560000000001,12.64482,12.62799,12.61125,12.594420000000001,12.577679999999999,12.56094,12.5442,12.52746,12.510720000000001,12.493979999999999,12.47733,12.46068,12.444030000000001,12.42738,12.41082,12.394260000000001,12.3777,12.36123,12.344850000000001,12.32847,12.31218,12.29589,12.27969,12.263580000000001,12.24747,12.23154,12.215610000000002,12.199770000000001,12.18402,12.16845,12.15288,12.137490000000001,12.12219,12.10698,12.09186,12.07692,12.06207,12.0474,12.03282,12.01851,12.004199999999999,11.99016,11.97621,11.96244,11.94885,11.93553,11.9223,11.90925,11.89638,11.88378,11.871360000000001,11.85912,11.847059999999999,11.83527,11.82375,11.812320000000001,11.801250000000001,11.790270000000001,11.77965,11.769210000000001,11.75904,11.74905,11.739329999999999,11.729880000000001,11.7207,11.7117,11.70297,11.694510000000001,11.68632,11.678400000000002,11.67066,11.66319,11.655990000000001,11.64906,11.6424,11.63592,11.629800000000001,11.62386,11.6181,11.6127,11.60748,11.60253,11.59785,11.593350000000001,11.58912,11.58507,11.581290000000001,11.57769,11.57436,11.57121,11.56833,11.56554,11.56302,11.56077,11.55861,11.55672,11.554920000000001,11.55339,11.55195,11.55078,11.5497,11.548800000000002,11.54808,11.547450000000001,11.547,11.54673,11.54655,11.54646,11.54655,11.54682,11.54709,11.547540000000001,11.54808,11.54871,11.549430000000001,11.55024,11.55114,11.55213,11.55321,11.55438,11.55555,11.556899999999999,11.55825,11.5596,11.56113,11.562570000000001,11.56419,11.565809999999999,11.56743,11.569139999999999,11.57085,11.57256,11.57436,11.57616,11.57805,11.57994,11.58183,11.58372,11.585609999999999,11.58759,11.58948,11.591460000000001,11.593440000000001,11.59542,11.5974,11.59938,11.60136,11.60334,11.60532,11.6073,11.60928,11.61135,11.613330000000001,11.615219999999999,11.6172,11.61918,11.62116,11.623050000000001,11.62503,11.62692,11.62881,11.630700000000001,11.63259,11.63448,11.63637,11.63817,11.63997,11.64177,11.64357,11.64528,11.64708,11.64879,11.650500000000001,11.65212,11.65374,11.65536,11.656979999999999,11.658510000000001,11.66004,11.661570000000001,11.66301,11.66445,11.6658,11.66715,11.6685,11.66976,11.67102,11.67228,11.67336,11.67453,11.675609999999999,11.6766,11.67759,11.67849,11.67939,11.6802,11.68101,11.68173,11.68236,11.68299,11.683530000000001,11.68398,11.684429999999999,11.684790000000001,11.68506,11.68533,11.68551,11.6856,11.6856,11.6856,11.68551,11.68533,11.68506,11.684790000000001,11.68434,11.683890000000002,11.68335,11.68281,11.68209,11.681370000000001,11.680560000000002,11.67966,11.67867,11.677679999999999,11.67651,11.67534,11.67408,11.67273,11.67129,11.66985,11.668320000000001,11.666699999999999,11.66499,11.66319,11.66139,11.659410000000001,11.65743,11.65536,11.65329,11.65113,11.64879,11.64654,11.644110000000001,11.641680000000001,11.63916,11.636550000000002,11.63385,11.631150000000002,11.62836,11.62548,11.62251,11.61954,11.61639,11.613330000000001,11.61009,11.60676,11.60343,11.599920000000001,11.59641,11.59281,11.58912,11.58534,11.58138,11.57742,11.573369999999999,11.569139999999999,11.564820000000001,11.560410000000001,11.55591,11.55123,11.54646,11.54151,11.536470000000001,11.53116,11.52576,11.52018,11.51442,11.50848,11.502360000000001,11.495970000000002,11.4894,11.48256,11.47545,11.468160000000001,11.460510000000001,11.452589999999999,11.4444,11.43585,11.42703,11.417850000000001,11.40822,11.39823,11.387880000000001,11.37708,11.36583,11.354130000000001,11.34198,11.32929,11.31606,11.302200000000001,11.287889999999999,11.27286,11.257290000000001,11.241,11.22399,11.20635,11.187899999999999,11.16864,11.14866,11.127780000000001,11.106,11.08323,11.05956,11.0349,11.00916,10.98234,10.95435,10.925189999999999,10.89486,10.86309,10.830060000000001,10.79559,10.75968,10.722150000000001,10.683090000000002,10.64232,10.59975,10.55538,10.509030000000001,10.460790000000001,10.41039,10.35774,10.30284,10.245510000000001,10.18566,10.12311,10.05777,9.989550000000001,9.91836,9.84384,9.76599,9.68463,9.59958,9.51057,9.4176,9.320310000000001,9.21861,9.11232,9.001080000000002,8.884853999999999,8.763381,8.636499,8.504046,8.365896,8.221968,8.072217,7.916715000000001,7.755615000000001,7.589214000000001,7.418006999999999,7.242723000000001,7.064379,6.884397,6.704631,6.527484,6.355953,6.193683,6.044904000000001,5.914341,5.806881000000001,5.727222,5.679342,5.66595,5.688108000000001,5.745087,5.834466,5.952555,6.094908,6.256791000000001,6.433641,6.621327,6.816258,7.015473,7.216569,7.417674000000001,7.617348000000001,7.814520000000001,8.008416,8.198496,8.384409,8.565921,8.742942000000001,8.915427,9.083430000000002,9.24696,9.40626,9.56133,9.712349999999999,9.8595,10.00296,10.14282,10.27926,10.41246,10.54251,10.66968,10.79397,10.915650000000001,11.03472,11.15145,11.26584,11.378070000000001,11.48814,11.59623,11.702520000000002,11.80692,11.9097,12.01077
16.584840000000003,16.54281,16.50105,16.45938,16.41798,16.37676,16.335720000000002,16.29495,16.254360000000002,16.21395,16.17372,16.133760000000002,16.094070000000002,16.054470000000002,16.01514,15.976080000000001,15.937199999999999,15.8985,15.86007,15.821909999999999,15.783930000000002,15.74622,15.70869,15.67143,15.634440000000001,15.59763,15.56109,15.52482,15.488820000000002,15.453000000000001,15.417450000000002,15.38217,15.347159999999999,15.312330000000001,15.27786,15.24357,15.20955,15.175799999999999,15.14232,15.109110000000001,15.076080000000001,15.04341,15.011009999999999,14.97888,14.946930000000002,14.915340000000002,14.883930000000001,14.85288,14.8221,14.7915,14.76126,14.73129,14.701500000000001,14.67207,14.64291,14.61393,14.58531,14.556959999999998,14.52879,14.500980000000002,14.473440000000002,14.446080000000002,14.419080000000001,14.39226,14.36571,14.33952,14.31351,14.28777,14.26221,14.23701,14.21199,14.187240000000001,14.16276,14.13855,14.11452,14.09076,14.06718,14.04387,14.02083,13.99797,13.97538,13.95288,13.93074,13.90869,13.88691,13.865400000000001,13.84398,13.822830000000002,13.801770000000001,13.780980000000001,13.760370000000002,13.73994,13.71969,13.699530000000001,13.679640000000001,13.65984,13.64022,13.62069,13.60143,13.582170000000001,13.563180000000001,13.54428,13.52547,13.50675,13.48821,13.469850000000001,13.45149,13.43331,13.41513,13.39713,13.37922,13.3614,13.343580000000001,13.32594,13.308300000000001,13.290750000000001,13.273290000000001,13.25592,13.23855,13.22127,13.20399,13.1868,13.16961,13.15251,13.13541,13.118400000000001,13.10139,13.08438,13.06737,13.050450000000001,13.03353,13.01661,12.999690000000001,12.98277,12.96594,12.94902,12.93219,12.915360000000002,12.89844,12.88161,12.86478,12.847859999999999,12.83103,12.8142,12.79728,12.78045,12.76353,12.7467,12.72978,12.712950000000001,12.69603,12.6792,12.66228,12.64536,12.628530000000001,12.61161,12.59469,12.577860000000001,12.56103,12.544110000000002,12.527280000000001,12.510449999999999,12.49362,12.476880000000001,12.46005,12.44331,12.42657,12.40992,12.393270000000001,12.376619999999999,12.36006,12.3435,12.32703,12.31065,12.29427,12.277980000000001,12.26169,12.24549,12.229470000000001,12.21345,12.197519999999999,12.18168,12.16593,12.150269999999999,12.13479,12.11931,12.10401,12.088890000000001,12.07386,12.05892,12.044160000000002,12.02949,12.015,12.00069,11.98647,11.97252,11.95866,11.94498,11.931479999999999,11.91825,11.90511,11.89224,11.87955,11.867040000000001,11.85471,11.84265,11.830770000000001,11.81916,11.80773,11.796570000000001,11.785590000000001,11.77488,11.76444,11.75427,11.744280000000002,11.73456,11.725019999999999,11.71584,11.70684,11.69811,11.68965,11.68146,11.67354,11.6658,11.65842,11.65122,11.64429,11.63763,11.63124,11.62512,11.61918,11.6136,11.6082,11.60307,11.598210000000002,11.593530000000001,11.58912,11.58489,11.58102,11.57724,11.57382,11.57049,11.56752,11.56464,11.56203,11.5596,11.55744,11.55537,11.55357,11.55195,11.550510000000001,11.54925,11.54808,11.547179999999999,11.54637,11.54574,11.54529,11.545020000000001,11.54484,11.54475,11.54484,11.545020000000001,11.545380000000002,11.54583,11.54637,11.547,11.54781,11.54862,11.549610000000001,11.5506,11.551770000000001,11.552940000000001,11.5542,11.55555,11.55699,11.558430000000001,11.55996,11.561490000000001,11.56311,11.564820000000001,11.56653,11.56833,11.57013,11.57193,11.573730000000001,11.57562,11.5776,11.57949,11.58147,11.583450000000001,11.58543,11.58741,11.58939,11.591460000000001,11.593440000000001,11.59551,11.59749,11.59956,11.60163,11.60361,11.605680000000001,11.60766,11.609729999999999,11.61171,11.61378,11.61576,11.61774,11.619720000000001,11.6217,11.62368,11.62557,11.62755,11.62944,11.63133,11.633220000000001,11.635019999999999,11.63691,11.638710000000001,11.640509999999999,11.64222,11.64402,11.64573,11.64744,11.64906,11.65068,11.6523,11.653920000000001,11.65545,11.656979999999999,11.65842,11.65986,11.6613,11.662650000000001,11.664000000000001,11.66535,11.66661,11.66778,11.66895,11.670119999999999,11.6712,11.672189999999999,11.67327,11.67417,11.675070000000002,11.675880000000001,11.67669,11.67741,11.67813,11.67876,11.679300000000001,11.67975,11.6802,11.68065,11.68092,11.68119,11.681370000000001,11.68155,11.68155,11.68155,11.68146,11.681370000000001,11.681099999999999,11.68083,11.680470000000001,11.68002,11.67948,11.678939999999999,11.67831,11.67759,11.67678,11.675880000000001,11.67489,11.6739,11.67282,11.671560000000001,11.670300000000001,11.66904,11.6676,11.666160000000001,11.66454,11.66292,11.661209999999999,11.6595,11.65761,11.655719999999999,11.65374,11.651670000000001,11.64951,11.64735,11.645010000000001,11.642669999999999,11.64033,11.63781,11.635290000000001,11.63268,11.63007,11.62728,11.62449,11.62161,11.618730000000001,11.61576,11.6127,11.60955,11.6064,11.60316,11.59983,11.5965,11.59308,11.58957,11.585970000000001,11.582279999999999,11.57859,11.574810000000001,11.57094,11.566980000000001,11.56293,11.55879,11.55456,11.55015,11.54574,11.54124,11.536560000000001,11.53179,11.52693,11.521889999999999,11.516670000000001,11.51136,11.50596,11.50029,11.494439999999999,11.4885,11.48229,11.4759,11.469330000000001,11.46249,11.45538,11.44809,11.44053,11.43261,11.42442,11.41596,11.40714,11.398050000000001,11.38851,11.37861,11.368350000000001,11.35773,11.34657,11.33496,11.3229,11.31039,11.29725,11.28366,11.26944,11.25468,11.23929,11.223180000000001,11.206439999999999,11.18907,11.17089,11.1519,11.13219,11.11158,11.09007,11.06775,11.04444,11.020050000000001,10.994760000000001,10.9683,10.94085,10.912139999999999,10.88217,10.85103,10.81845,10.78461,10.74924,10.71243,10.674,10.63404,10.59228,10.548720000000001,10.50336,10.45602,10.40661,10.355039999999999,10.30131,10.245239999999999,10.18674,10.12572,10.062,9.99549,9.9261,9.85356,9.77787,9.69894,9.61641,9.530190000000001,9.440280000000001,9.34632,9.24822,9.145890000000001,9.039060000000001,8.927658000000001,8.811495,8.690463,8.564472,8.433477,8.297451,8.156475,8.010675,7.860330000000001,7.705818000000001,7.547742000000001,7.386912,7.2243900000000005,7.061598,6.900327,6.742808999999999,6.591717,6.450201000000001,6.32178,6.2102520000000005,6.119433,6.052905000000001,6.013602,6.003531,6.023484,6.072948,6.150222,6.252606,6.376743,6.518997000000001,6.675714,6.843465,7.01919,7.200234000000001,7.384391999999999,7.569864,7.755219000000001,7.93935,8.121393000000001,8.300735999999999,8.47692,8.64963,8.818686,8.983953,9.14544,9.303030000000001,9.45693,9.607050000000001,9.75366,9.89676,10.03644,10.172880000000001,10.30617,10.43658,10.564020000000001,10.68876,10.8108,10.93041,11.04768,11.16261,11.27538,11.38608,11.4948,11.60163,11.706660000000001,11.80998,11.91168,12.01185
16.585919999999998,16.54407,16.502309999999998,16.46073,16.419420000000002,16.37829,16.33734,16.29666,16.25616,16.215840000000004,16.1757,16.13583,16.09614,16.056720000000002,16.01748,15.978419999999998,15.93963,15.90111,15.86277,15.824699999999998,15.786810000000001,15.749099999999999,15.71175,15.67458,15.63759,15.600959999999999,15.56451,15.528329999999999,15.492329999999999,15.4566,15.42114,15.385950000000001,15.35103,15.31629,15.281820000000002,15.247710000000001,15.21378,15.180030000000002,15.14664,15.11352,15.08067,15.048,15.015690000000001,14.983559999999999,14.9517,14.9202,14.888879999999999,14.857830000000002,14.82714,14.79663,14.76639,14.736509999999999,14.70681,14.67738,14.64822,14.61942,14.5908,14.562449999999998,14.534370000000001,14.506560000000002,14.479020000000002,14.45175,14.42475,14.39802,14.37147,14.34528,14.31927,14.29353,14.26806,14.24286,14.217839999999999,14.193180000000002,14.168610000000001,14.1444,14.12037,14.09661,14.07303,14.049719999999999,14.02668,14.00382,13.98114,13.958730000000001,13.9365,13.91445,13.892669999999999,13.87107,13.84965,13.82841,13.80735,13.786560000000001,13.765860000000002,13.74534,13.72509,13.704930000000001,13.68495,13.66506,13.64544,13.625910000000001,13.60647,13.58721,13.56813,13.549140000000001,13.53033,13.511610000000001,13.492980000000001,13.474440000000001,13.45608,13.437809999999999,13.419540000000001,13.40145,13.38345,13.365540000000001,13.34772,13.32999,13.31226,13.29462,13.27707,13.25961,13.24215,13.22478,13.20741,13.19013,13.17294,13.155660000000001,13.13856,13.12137,13.10427,13.08717,13.07016,13.05306,13.036050000000001,13.01904,13.00203,12.985109999999999,12.968100000000002,12.95109,12.93417,12.917159999999999,12.90024,12.88332,12.86631,12.849390000000001,12.83238,12.81546,12.798449999999999,12.78153,12.764520000000001,12.74751,12.73059,12.71358,12.696570000000001,12.67956,12.66264,12.64563,12.628620000000002,12.61161,12.5946,12.577679999999999,12.56067,12.543750000000001,12.52674,12.509820000000001,12.4929,12.47598,12.459060000000001,12.44223,12.4254,12.408570000000001,12.39183,12.37509,12.35844,12.341790000000001,12.32514,12.30867,12.29211,12.27573,12.25935,12.243060000000002,12.22686,12.21075,12.19473,12.1788,12.16296,12.147210000000001,12.13155,12.11598,12.10059,12.08529,12.070170000000001,12.055140000000002,12.04029,12.025530000000002,12.01095,11.99655,11.98224,11.968110000000001,11.95425,11.94048,11.92689,11.91357,11.90034,11.88738,11.874600000000001,11.862,11.84967,11.83752,11.82564,11.81394,11.80242,11.79126,11.780190000000001,11.76948,11.75895,11.74869,11.7387,11.72898,11.71944,11.71026,11.701260000000001,11.69253,11.68407,11.675880000000001,11.667959999999999,11.66022,11.65284,11.64573,11.6388,11.63214,11.62584,11.619720000000001,11.61387,11.60829,11.60298,11.59785,11.59308,11.58849,11.58417,11.58003,11.57616,11.57256,11.569139999999999,11.565990000000001,11.56302,11.560319999999999,11.5578,11.55555,11.55339,11.5515,11.54979,11.54826,11.54691,11.54583,11.54484,11.544030000000001,11.5434,11.542860000000001,11.5425,11.54232,11.54232,11.54241,11.54259,11.54295,11.5434,11.54394,11.54466,11.54547,11.54637,11.54736,11.54844,11.549610000000001,11.550870000000002,11.55213,11.55357,11.555010000000001,11.55654,11.558159999999999,11.559780000000002,11.561490000000001,11.5632,11.565,11.5668,11.56869,11.57058,11.57256,11.57445,11.57643,11.5785,11.580480000000001,11.582550000000001,11.584620000000001,11.58669,11.58876,11.59083,11.5929,11.59506,11.59713,11.5992,11.60136,11.60343,11.6055,11.607569999999999,11.60964,11.61171,11.61378,11.61585,11.61783,11.61981,11.62188,11.62377,11.62575,11.627730000000001,11.62962,11.63151,11.6334,11.635290000000001,11.63709,11.63889,11.640690000000001,11.6424,11.644110000000001,11.64582,11.647530000000001,11.64915,11.65068,11.6523,11.653830000000001,11.65527,11.6568,11.658150000000001,11.65959,11.66094,11.6622,11.66346,11.66472,11.66589,11.666970000000001,11.66805,11.66904,11.67003,11.67102,11.67183,11.67273,11.673449999999999,11.67417,11.6748,11.67543,11.67597,11.67651,11.67687,11.67723,11.6775,11.67777,11.677950000000001,11.678040000000001,11.678040000000001,11.678040000000001,11.677950000000001,11.67777,11.6775,11.677140000000001,11.67678,11.67624,11.6757,11.675070000000002,11.67444,11.673630000000001,11.67282,11.67183,11.67084,11.66976,11.66859,11.66733,11.666070000000001,11.664629999999999,11.66319,11.66166,11.66004,11.65833,11.65653,11.65473,11.65275,11.65077,11.6487,11.64654,11.64438,11.642040000000001,11.6397,11.637270000000001,11.63484,11.63223,11.62962,11.62692,11.624220000000001,11.62143,11.618549999999999,11.61558,11.61261,11.60955,11.6064,11.603250000000001,11.60001,11.59668,11.593350000000001,11.58993,11.58642,11.58291,11.57931,11.57562,11.57193,11.568150000000001,11.56428,11.560410000000001,11.556360000000002,11.55231,11.54817,11.544030000000001,11.53971,11.535300000000001,11.53089,11.5263,11.52162,11.51685,11.51199,11.50704,11.50191,11.496690000000001,11.491290000000001,11.485710000000001,11.480039999999999,11.47419,11.468160000000001,11.46195,11.45556,11.4489,11.44215,11.43504,11.42775,11.42019,11.412360000000001,11.40426,11.395890000000001,11.38716,11.378070000000001,11.36862,11.3589,11.34873,11.33811,11.32713,11.315700000000001,11.30382,11.2914,11.278530000000002,11.265030000000001,11.251080000000002,11.2365,11.22129,11.20545,11.18898,11.17179,11.153880000000001,11.135250000000001,11.11572,11.09547,11.07432,11.05236,11.02941,11.00547,10.98054,10.95462,10.92753,10.899270000000001,10.86993,10.83924,10.80738,10.77408,10.73943,10.70325,10.66554,10.6263,10.58544,10.54278,10.49832,10.451970000000001,10.40364,10.35333,10.30086,10.24605,10.18899,10.1295,10.06749,10.002690000000001,9.93519,9.86481,9.79146,9.71487,9.63504,9.5517,9.46494,9.374400000000001,9.28008,9.1818,9.07947,8.972982,8.86221,8.7471,8.627616,8.503776,8.375634,8.243316,8.107047,7.96716,7.824132,7.678593,7.531389,7.383609000000001,7.2366209999999995,7.092108,6.952095,6.818931,6.695298,6.584139,6.488487,6.411366,6.3555209999999995,6.323184,6.315867,6.334164,6.377733,6.4453320000000005,6.534954,6.644061000000001,6.769818000000001,6.9092910000000005,7.059672,7.218351000000001,7.383006000000001,7.551648,7.722602999999999,7.8944849999999995,8.066187,8.236836,8.405748,8.572401,8.736435,8.897571,9.05562,9.210510000000001,9.362160000000001,9.51057,9.65574,9.79776,9.93663,10.07253,10.20546,10.335510000000001,10.462860000000001,10.5876,10.70982,10.82961,10.94706,11.06235,11.17539,11.28645,11.39562,11.5029,11.60838,11.712150000000001,11.814300000000001,11.91492,12.01401
16.58673,16.54488,16.50321,16.46181,16.4205,16.37946,16.3386,16.298009999999998,16.25751,16.217280000000002,16.177319999999998,16.137449999999998,16.09794,16.05852,16.01937,15.98049,15.9417,15.903270000000001,15.865020000000001,15.82695,15.789150000000001,15.751619999999999,15.71427,15.677190000000001,15.64038,15.60375,15.567390000000001,15.531300000000002,15.495389999999999,15.45975,15.424380000000001,15.38928,15.354360000000002,15.319799999999999,15.285419999999998,15.251310000000002,15.21738,15.18381,15.15051,15.11739,15.08463,15.05205,15.01974,14.987789999999999,14.956019999999999,14.92452,14.893290000000002,14.86233,14.831640000000002,14.801219999999999,14.771069999999998,14.741190000000001,14.71149,14.682150000000002,14.65308,14.624279999999999,14.595660000000002,14.567400000000001,14.539410000000002,14.5116,14.48406,14.456879999999998,14.42988,14.40315,14.37669,14.3505,14.32449,14.29875,14.27337,14.248080000000002,14.22315,14.1984,14.173919999999999,14.14971,14.125680000000001,14.10192,14.07834,14.05503,14.0319,14.00904,13.98636,13.96395,13.94172,13.91967,13.8978,13.876199999999999,13.85478,13.833450000000001,13.812389999999999,13.79151,13.77081,13.75029,13.72995,13.70979,13.689720000000001,13.669830000000001,13.650120000000001,13.6305,13.61106,13.591800000000001,13.57263,13.55355,13.534650000000001,13.51584,13.49721,13.478670000000001,13.46022,13.44186,13.42359,13.40541,13.38732,13.36932,13.35141,13.33359,13.315769999999999,13.29813,13.28049,13.26294,13.24539,13.227929999999999,13.21047,13.193100000000001,13.17582,13.15845,13.14126,13.123980000000001,13.10679,13.0896,13.0725,13.05531,13.038210000000001,13.02111,13.004010000000001,12.987,12.969899999999999,12.9528,12.93579,12.918690000000002,12.90168,12.88458,12.86757,12.85047,12.83346,12.81636,12.79926,12.782250000000001,12.76515,12.748050000000001,12.73095,12.71385,12.69675,12.67965,12.66255,12.64545,12.62835,12.61125,12.594149999999999,12.577050000000002,12.55995,12.54294,12.52584,12.50874,12.49173,12.47472,12.45771,12.440700000000001,12.42378,12.40686,12.389940000000001,12.37311,12.35628,12.33954,12.3228,12.30615,12.289589999999999,12.27303,12.25656,12.240179999999999,12.2238,12.207600000000001,12.19149,12.17538,12.159450000000001,12.14352,12.127770000000002,12.112110000000001,12.09663,12.081240000000001,12.06594,12.05082,12.03588,12.02103,12.006269999999999,11.99178,11.97738,11.96316,11.949209999999999,11.93535,11.92167,11.90817,11.89494,11.88189,11.869019999999999,11.85633,11.843910000000001,11.83167,11.8197,11.808,11.79648,11.78514,11.77416,11.76336,11.752740000000001,11.74248,11.73249,11.72268,11.71314,11.70387,11.694870000000002,11.68614,11.677679999999999,11.669490000000001,11.661570000000001,11.653920000000001,11.64654,11.63943,11.63259,11.62593,11.61963,11.6136,11.607750000000001,11.602260000000001,11.596950000000001,11.592,11.587230000000002,11.58273,11.57841,11.57445,11.57067,11.56716,11.56383,11.56077,11.55789,11.55528,11.552940000000001,11.55069,11.54871,11.54691,11.545380000000002,11.54394,11.54277,11.54169,11.54088,11.54016,11.53971,11.53935,11.53908,11.53908,11.53917,11.53935,11.53971,11.54025,11.540790000000001,11.54151,11.54241,11.543310000000002,11.5443,11.54547,11.54673,11.54799,11.549339999999999,11.550870000000002,11.5524,11.55393,11.55564,11.55735,11.55915,11.56095,11.56284,11.56473,11.56662,11.5686,11.57067,11.57265,11.57472,11.576880000000001,11.57895,11.58111,11.58318,11.58534,11.5875,11.58966,11.59182,11.59398,11.59623,11.59839,11.60055,11.60271,11.60478,11.60694,11.6091,11.611170000000001,11.613330000000001,11.615400000000001,11.61747,11.61954,11.62152,11.62359,11.62557,11.62755,11.62944,11.63133,11.633220000000001,11.63511,11.63691,11.638710000000001,11.640509999999999,11.64222,11.64393,11.64564,11.64726,11.64888,11.650500000000001,11.65203,11.65347,11.65491,11.65635,11.6577,11.65905,11.66031,11.661570000000001,11.662740000000001,11.66391,11.66499,11.66598,11.666970000000001,11.667959999999999,11.66886,11.66967,11.67048,11.6712,11.67183,11.672460000000001,11.673,11.673449999999999,11.6739,11.67417,11.67453,11.67471,11.67489,11.674980000000001,11.674980000000001,11.67489,11.6748,11.67462,11.67435,11.67399,11.67354,11.67309,11.672460000000001,11.67183,11.67111,11.670300000000001,11.6694,11.66841,11.667420000000002,11.66625,11.66508,11.66382,11.662469999999999,11.66103,11.6595,11.65788,11.65617,11.65446,11.65257,11.65068,11.6487,11.64663,11.64447,11.64231,11.63997,11.63763,11.635200000000001,11.63268,11.63007,11.62746,11.62476,11.62197,11.61909,11.61621,11.613240000000001,11.61018,11.60712,11.60397,11.60073,11.59749,11.59416,11.59074,11.58732,11.583810000000001,11.580300000000001,11.5767,11.57301,11.56932,11.56554,11.56176,11.55789,11.55393,11.54997,11.545919999999999,11.54178,11.53764,11.53341,11.52909,11.52477,11.52027,11.51577,11.511180000000001,11.5065,11.50173,11.496780000000001,11.49183,11.48679,11.481570000000001,11.47626,11.47077,11.465190000000002,11.45943,11.45358,11.44755,11.44134,11.434859999999999,11.42829,11.42145,11.414430000000001,11.40714,11.39967,11.39184,11.38383,11.37546,11.36682,11.35782,11.348550000000001,11.338920000000002,11.32884,11.3184,11.3076,11.29626,11.284559999999999,11.27232,11.25963,11.246400000000001,11.23254,11.21823,11.20329,11.18772,11.171429999999999,11.15451,11.13696,11.118599999999999,11.099430000000002,11.079540000000001,11.05875,11.03706,11.014560000000001,10.99107,10.96659,10.941030000000001,10.914480000000001,10.886759999999999,10.85796,10.827900000000001,10.79658,10.76391,10.729980000000001,10.69452,10.65762,10.61919,10.57914,10.537469999999999,10.494,10.448730000000001,10.40157,10.352430000000002,10.30122,10.24785,10.19223,10.134360000000001,10.074060000000001,10.01115,9.945630000000001,9.87741,9.80631,9.732330000000001,9.6552,9.57492,9.49131,9.40428,9.31383,9.21969,9.121860000000002,9.020340000000001,8.914986,8.805798,8.692794,8.576046,8.455653,8.331813,8.204796000000002,8.074980000000002,7.942896,7.809201000000001,7.67475,7.540596,7.408035,7.278615000000001,7.154145,7.036677,6.928488,6.831999,6.749694000000001,6.683949,6.6369240000000005,6.610329,6.605325,6.622380000000001,6.661269000000001,6.721056,6.800238,6.896862,7.0086960000000005,7.133409,7.268679,7.412300999999999,7.562268000000001,7.716816,7.8744060000000005,8.033733,8.193735,8.353530000000001,8.512425,8.669862,8.825418,8.978778,9.12969,9.2781,9.423720000000001,9.56664,9.70677,9.84411,9.97884,10.11078,10.240110000000001,10.36692,10.49121,10.61316,10.73277,10.85013,10.96542,11.07855,11.18979,11.299050000000001,11.40651,11.51226,11.61639,11.71881,11.819790000000001,11.91924,12.01734
16.58718,16.54542,16.50384,16.46244,16.42131,16.38027,16.3395,16.29891,16.25859,16.21845,16.17849,16.1388,16.099290000000003,16.05996,16.020899999999997,15.98202,15.94341,15.90498,15.86682,15.82884,15.79113,15.75369,15.716430000000003,15.679440000000001,15.64263,15.60609,15.569820000000002,15.533819999999999,15.498,15.462449999999999,15.427170000000002,15.39207,15.357240000000001,15.322680000000002,15.288390000000001,15.254370000000002,15.22062,15.187050000000001,15.153839999999999,15.120809999999999,15.088050000000003,15.055560000000002,15.02334,14.99139,14.959710000000001,14.9283,14.89707,14.866200000000001,14.835600000000001,14.80518,14.77512,14.74524,14.71572,14.686380000000002,14.657310000000003,14.628510000000002,14.60007,14.57181,14.54382,14.516010000000001,14.488560000000001,14.461380000000002,14.43438,14.407740000000002,14.38128,14.35509,14.329170000000001,14.30343,14.27805,14.252849999999999,14.22783,14.20317,14.17869,14.154390000000001,14.13045,14.1066,14.08311,14.05971,14.036669999999999,14.013720000000001,13.99104,13.96863,13.94631,13.92426,13.90248,13.88079,13.85928,13.838040000000001,13.816980000000001,13.79601,13.77531,13.7547,13.73436,13.71411,13.694040000000001,13.67406,13.65435,13.63464,13.6152,13.59585,13.576590000000001,13.55751,13.53852,13.51971,13.50099,13.48236,13.46382,13.44537,13.427100000000001,13.40883,13.390740000000001,13.37265,13.35465,13.33674,13.31892,13.3011,13.28346,13.265820000000001,13.24818,13.23063,13.21317,13.19571,13.17825,13.16088,13.14351,13.12623,13.10895,13.09167,13.074480000000001,13.0572,13.040009999999999,13.02282,13.00563,12.988529999999999,12.97134,12.95415,12.93705,12.91986,12.90267,12.88557,12.86838,12.85128,12.83409,12.8169,12.79971,12.78252,12.76542,12.74823,12.73104,12.71376,12.696570000000001,12.67938,12.66219,12.645000000000001,12.62772,12.610529999999999,12.59334,12.57615,12.55887,12.54168,12.52449,12.507390000000001,12.4902,12.47301,12.455910000000001,12.43881,12.421710000000001,12.4047,12.38769,12.37077,12.35376,12.33693,12.3201,12.30327,12.28653,12.26988,12.25332,12.23676,12.22029,12.20391,12.18762,12.17151,12.1554,12.139380000000001,12.12354,12.1077,12.092130000000001,12.07656,12.06117,12.04596,12.03084,12.0159,12.001050000000001,11.986379999999999,11.97189,11.95758,11.94345,11.9295,11.91582,11.902230000000001,11.888819999999999,11.875680000000001,11.86272,11.85003,11.83752,11.82519,11.813130000000001,11.801340000000001,11.78973,11.77839,11.76732,11.75643,11.7459,11.73555,11.72547,11.71566,11.70612,11.69685,11.68776,11.67903,11.67057,11.66238,11.65446,11.64681,11.63943,11.63232,11.62557,11.619,11.6127,11.606670000000001,11.60091,11.59551,11.59029,11.58534,11.58066,11.57616,11.57202,11.568060000000001,11.56446,11.56095,11.5578,11.554829999999999,11.55213,11.549610000000001,11.54727,11.5452,11.543310000000002,11.54169,11.54025,11.53899,11.53791,11.53701,11.53629,11.53575,11.53539,11.535120000000001,11.535120000000001,11.535210000000001,11.53539,11.53584,11.53629,11.53692,11.53773,11.538540000000001,11.539530000000001,11.540610000000001,11.54178,11.54304,11.54439,11.54583,11.54736,11.54898,11.55069,11.5524,11.5542,11.55609,11.55798,11.55987,11.56194,11.563920000000001,11.565990000000001,11.568060000000001,11.57022,11.57238,11.57454,11.576789999999999,11.57895,11.5812,11.583450000000001,11.5857,11.587950000000001,11.590200000000001,11.59245,11.5947,11.596950000000001,11.5992,11.60136,11.60361,11.60586,11.60802,11.61018,11.61234,11.6145,11.616660000000001,11.618730000000001,11.620800000000001,11.62287,11.62485,11.62692,11.6289,11.63079,11.63268,11.63457,11.63646,11.63826,11.64006,11.64177,11.64348,11.64519,11.64681,11.648340000000001,11.64996,11.6514,11.65293,11.65428,11.655719999999999,11.656979999999999,11.65833,11.6595,11.660670000000001,11.66184,11.66292,11.66391,11.664900000000001,11.6658,11.666699999999999,11.66751,11.668230000000001,11.66895,11.669580000000002,11.670119999999999,11.67057,11.67102,11.67138,11.67174,11.67192,11.6721,11.672189999999999,11.672189999999999,11.672189999999999,11.67201,11.67183,11.671560000000001,11.6712,11.67075,11.670300000000001,11.66967,11.66904,11.668320000000001,11.66751,11.66661,11.66562,11.66454,11.66337,11.6622,11.66085,11.659410000000001,11.65797,11.65644,11.65482,11.653020000000001,11.65122,11.64933,11.64744,11.64537,11.64321,11.64105,11.638710000000001,11.63637,11.63394,11.63142,11.62881,11.626199999999999,11.62341,11.62062,11.61774,11.61486,11.611799999999999,11.608740000000001,11.60559,11.602440000000001,11.5992,11.59587,11.59245,11.58903,11.58552,11.58201,11.57841,11.574810000000001,11.57103,11.567340000000002,11.56356,11.55969,11.55582,11.55186,11.54781,11.54376,11.53971,11.53557,11.53134,11.52711,11.52279,11.518469999999999,11.51406,11.50956,11.50506,11.50047,11.49579,11.491109999999999,11.48625,11.48139,11.47635,11.47131,11.46618,11.46087,11.455470000000002,11.449980000000002,11.44431,11.438550000000001,11.43261,11.42658,11.42037,11.41389,11.40732,11.40057,11.39355,11.38626,11.37888,11.37114,11.36313,11.35485,11.3463,11.337480000000001,11.3283,11.318670000000001,11.30877,11.29851,11.2878,11.27673,11.26512,11.253150000000002,11.24055,11.22759,11.214,11.19987,11.185200000000002,11.1699,11.153880000000001,11.13732,11.120040000000001,11.10195,11.08314,11.06361,11.043180000000001,11.02194,10.9998,10.97676,10.95273,10.92771,10.9017,10.87452,10.84626,10.816830000000001,10.786140000000001,10.75419,10.72089,10.68624,10.650150000000002,10.612530000000001,10.57347,10.5327,10.490219999999999,10.44612,10.40013,10.35216,10.302299999999999,10.25046,10.19637,10.14012,10.08153,10.0206,9.95715,9.89118,9.82251,9.751050000000001,9.67671,9.599400000000001,9.519120000000001,9.43569,9.349020000000001,9.259110000000002,9.16587,9.0693,8.96931,8.86599,8.759385,8.649576,8.536752,8.421111,8.302995000000001,8.1828,8.061075,7.938485999999999,7.815861000000001,7.694226,7.574769000000001,7.458894000000001,7.3481939999999994,7.2444690000000005,7.149627,7.065684,6.9946649999999995,6.938478,6.8988059999999995,6.877017,6.873993,6.890121,6.925248000000001,6.978672,7.049232000000001,7.135434,7.235496000000001,7.347555,7.469685,7.600041,7.736913,7.878717,8.024076,8.171802,8.320869,8.47044,8.619795,8.768385,8.91576,9.06156,9.205470000000002,9.3474,9.48717,9.624600000000001,9.759689999999999,9.89244,10.02285,10.150920000000001,10.27665,10.40004,10.521270000000001,10.64034,10.75725,10.87218,10.98522,11.09628,11.20545,11.313,11.418750000000001,11.52297,11.62557,11.72664,11.82636,11.92464,12.02166
16.58727,16.5456,16.50411,16.4628,16.421670000000002,16.38072,16.340040000000002,16.29954,16.25922,16.219170000000002,16.1793,16.13961,16.10019,16.060950000000002,16.02198,15.98319,15.94467,15.90633,15.86817,15.830370000000002,15.79266,15.755310000000001,15.718140000000002,15.68115,15.64443,15.60798,15.5718,15.5358,15.500070000000001,15.46461,15.429419999999999,15.39441,15.35967,15.325199999999999,15.290999999999999,15.256980000000002,15.22332,15.189840000000002,15.156629999999998,15.123689999999998,15.091020000000002,15.058530000000001,15.026400000000002,14.994539999999999,14.96286,14.931539999999998,14.900400000000001,14.86953,14.838930000000001,14.80869,14.77863,14.74884,14.719320000000002,14.689979999999998,14.661,14.63229,14.603850000000001,14.57559,14.547600000000001,14.519969999999999,14.492519999999999,14.465340000000001,14.43843,14.411700000000002,14.385330000000002,14.35914,14.33322,14.30757,14.2821,14.2569,14.23197,14.20731,14.18283,14.15862,14.13459,14.11083,14.087250000000001,14.06394,14.04081,14.01795,13.995180000000001,13.97277,13.95045,13.928400000000002,13.90653,13.88484,13.863330000000001,13.84209,13.82094,13.79997,13.77918,13.75866,13.73823,13.71789,13.69782,13.67784,13.65804,13.638330000000002,13.6188,13.599450000000001,13.58019,13.561020000000001,13.54203,13.523040000000002,13.50432,13.4856,13.46706,13.44852,13.43016,13.411890000000001,13.39362,13.375530000000001,13.35753,13.33953,13.321620000000001,13.3038,13.28598,13.26825,13.25061,13.23297,13.21542,13.197870000000002,13.18041,13.16295,13.14549,13.128120000000001,13.110750000000001,13.09338,13.0761,13.05873,13.041450000000001,13.02417,13.00689,12.98961,12.97242,12.95514,12.93786,12.92067,12.90339,12.88611,12.868920000000001,12.85164,12.83436,12.817079999999999,12.7998,12.78252,12.76524,12.74796,12.730680000000001,12.7134,12.69603,12.67875,12.66138,12.6441,12.62673,12.60945,12.59208,12.5748,12.55743,12.54015,12.522870000000001,12.5055,12.48822,12.47094,12.453750000000001,12.436470000000002,12.41928,12.402180000000001,12.38499,12.367890000000001,12.35079,12.33378,12.31686,12.299940000000001,12.28311,12.266280000000002,12.24954,12.232890000000001,12.216330000000001,12.199770000000001,12.183390000000001,12.167010000000001,12.15081,12.1347,12.11868,12.10275,12.087,12.07134,12.055860000000001,12.04047,12.02526,12.01014,11.9952,11.98044,11.965860000000001,11.95146,11.93715,11.92311,11.90925,11.89557,11.882069999999999,11.86884,11.85579,11.84301,11.83041,11.81799,11.80584,11.79396,11.782350000000001,11.77092,11.75976,11.74887,11.73816,11.727810000000002,11.717730000000001,11.70783,11.698290000000002,11.688930000000001,11.67993,11.6712,11.662740000000001,11.65455,11.64663,11.63898,11.6316,11.62458,11.61774,11.611260000000001,11.60496,11.599020000000001,11.593350000000001,11.587950000000001,11.58273,11.57787,11.57328,11.56896,11.564820000000001,11.56104,11.55744,11.55411,11.55096,11.54817,11.54556,11.54313,11.54097,11.53899,11.53728,11.53575,11.534400000000002,11.53332,11.532330000000002,11.53161,11.531070000000001,11.53062,11.53044,11.53035,11.53044,11.53071,11.531070000000001,11.53161,11.53224,11.533050000000001,11.53395,11.534939999999999,11.53611,11.537370000000001,11.53872,11.54007,11.5416,11.54322,11.54493,11.54664,11.54844,11.55033,11.55231,11.554290000000002,11.55627,11.558430000000001,11.560500000000001,11.562660000000001,11.56491,11.56707,11.56932,11.57166,11.57391,11.576250000000002,11.57859,11.58093,11.58327,11.585609999999999,11.587950000000001,11.59029,11.59263,11.59497,11.59722,11.59956,11.6019,11.60415,11.6064,11.60865,11.6109,11.61315,11.615310000000001,11.61747,11.61963,11.6217,11.62377,11.62584,11.62782,11.629800000000001,11.631780000000001,11.63367,11.63556,11.637450000000001,11.639249999999999,11.64096,11.642669999999999,11.64438,11.645999999999999,11.647620000000002,11.64915,11.650590000000001,11.65203,11.65347,11.65482,11.656080000000001,11.657340000000001,11.658510000000001,11.65968,11.66076,11.66175,11.662740000000001,11.663640000000001,11.66454,11.66535,11.666070000000001,11.666699999999999,11.66733,11.66787,11.668320000000001,11.66868,11.66904,11.66931,11.669490000000001,11.66967,11.66967,11.66967,11.669580000000002,11.6694,11.669130000000001,11.66877,11.66841,11.66787,11.66733,11.666699999999999,11.66589,11.66508,11.66418,11.66319,11.66211,11.66103,11.65977,11.65842,11.65707,11.65554,11.653920000000001,11.6523,11.650500000000001,11.6487,11.64681,11.644739999999999,11.642669999999999,11.640509999999999,11.63826,11.63592,11.63349,11.63097,11.62845,11.62575,11.623050000000001,11.62026,11.61738,11.61441,11.61135,11.60829,11.60505,11.60181,11.59857,11.59515,11.59173,11.58831,11.584710000000001,11.58111,11.57742,11.573730000000001,11.56995,11.56617,11.5623,11.55834,11.55438,11.55042,11.54637,11.54223,11.53809,11.53395,11.529720000000001,11.5254,11.52117,11.51676,11.51235,11.50794,11.50344,11.498940000000001,11.49435,11.48967,11.484990000000002,11.480310000000001,11.47545,11.470590000000001,11.46564,11.46069,11.45556,11.45043,11.44512,11.439810000000001,11.434320000000001,11.428740000000001,11.42307,11.41731,11.41137,11.40525,11.39904,11.39265,11.38608,11.37924,11.37231,11.365110000000001,11.35773,11.35008,11.34216,11.334060000000001,11.3256,11.31678,11.30778,11.29833,11.28861,11.27844,11.26791,11.25693,11.245590000000002,11.2338,11.22147,11.20869,11.19537,11.18151,11.16702,11.15199,11.13633,11.120040000000001,11.10303,11.08539,11.06694,11.04777,11.02779,11.006910000000001,10.98522,10.96263,10.93914,10.91457,10.889100000000001,10.86246,10.83483,10.805940000000001,10.775970000000001,10.74474,10.71216,10.678320000000001,10.64304,10.60641,10.56816,10.52847,10.487070000000001,10.44405,10.399230000000001,10.3527,10.30419,10.2537,10.201319999999999,10.146690000000001,10.08999,10.03095,9.969660000000001,9.905850000000001,9.83961,9.770760000000001,9.6993,9.62505,9.5481,9.46818,9.38547,9.2997,9.210960000000002,9.119340000000001,9.02466,8.927145000000001,8.826786,8.723754,8.618229000000001,8.510489999999999,8.400860999999999,8.289783,8.177787,8.065548,7.953857999999999,7.843653000000001,7.736058000000001,7.632306,7.533819,7.442127000000001,7.358859000000001,7.285707000000001,7.2242999999999995,7.176186,7.142733000000001,7.124994,7.123689000000001,7.139133,7.171209,7.219403999999999,7.282809,7.360254,7.4503260000000004,7.551504,7.662222,7.780914,7.906113,8.036451,8.170695,8.307746999999999,8.446671,8.586657,8.727012,8.867187,9.00675,9.14517,9.28242,9.41805,9.55197,9.684,9.81414,9.942300000000001,10.068480000000001,10.192499999999999,10.31463,10.43469,10.55277,10.66896,10.78317,10.895669999999999,11.00628,11.115179999999999,11.22246,11.32803,11.432160000000001,11.53467,11.63583,11.73555,11.833919999999999,11.930940000000001,12.02679
16.58709,16.54542,16.50402,16.462709999999998,16.421670000000002,16.38081,16.34022,16.29972,16.25949,16.21953,16.17975,16.14015,16.100730000000002,16.06158,16.0227,15.983909999999998,15.945479999999998,15.907230000000002,15.86916,15.83136,15.79383,15.756480000000002,15.719310000000002,15.682500000000001,15.64587,15.609420000000002,15.57333,15.537420000000001,15.50178,15.46632,15.431130000000001,15.39621,15.36156,15.32718,15.29298,15.25914,15.225480000000001,15.192089999999999,15.15888,15.12603,15.093449999999999,15.061050000000002,15.02892,14.99715,14.96556,14.934239999999999,14.90319,14.87232,14.84181,14.81157,14.7816,14.751809999999999,14.722290000000001,14.693130000000002,14.664150000000001,14.635440000000001,14.607000000000001,14.57883,14.550930000000001,14.5233,14.49585,14.46867,14.441850000000002,14.41521,14.388750000000002,14.36265,14.336730000000001,14.31108,14.2857,14.2605,14.23557,14.21091,14.186430000000001,14.16222,14.13819,14.11443,14.09085,14.06754,14.044410000000001,14.02155,13.99878,13.97637,13.95405,13.932,13.91004,13.88835,13.86684,13.84551,13.82436,13.80339,13.7826,13.76199,13.74156,13.721219999999999,13.70106,13.68108,13.66119,13.64148,13.62195,13.602509999999999,13.58316,13.56399,13.54491,13.526010000000001,13.507109999999999,13.48839,13.46976,13.451220000000001,13.43277,13.41441,13.39614,13.37796,13.35987,13.34187,13.32387,13.30596,13.28814,13.27032,13.25259,13.23486,13.217220000000001,13.19967,13.182120000000001,13.16457,13.14702,13.12956,13.112100000000002,13.09473,13.07727,13.059899999999999,13.04253,13.025160000000001,13.00779,12.99042,12.97314,12.955770000000001,12.9384,12.92112,12.90375,12.886379999999999,12.86901,12.85164,12.83436,12.81699,12.79962,12.782160000000001,12.76479,12.74742,12.72996,12.71259,12.69513,12.67776,12.660300000000001,12.64284,12.62538,12.607920000000002,12.59046,12.57309,12.555629999999999,12.538170000000001,12.52071,12.50334,12.485880000000002,12.46851,12.45114,12.43377,12.41649,12.39912,12.38184,12.364650000000001,12.34746,12.33027,12.313170000000001,12.29616,12.27915,12.262139999999999,12.24531,12.22848,12.21174,12.19518,12.17862,12.16215,12.14577,12.129480000000001,12.113370000000002,12.09726,12.08142,12.06558,12.04992,12.034440000000002,12.01905,12.00384,11.98881,11.97387,11.95911,11.94462,11.93022,11.91609,11.902050000000001,11.88828,11.874690000000001,11.861369999999999,11.848230000000001,11.83527,11.82258,11.81007,11.797920000000001,11.78586,11.77416,11.76264,11.75148,11.7405,11.72979,11.71935,11.70918,11.69928,11.68974,11.68038,11.67129,11.66256,11.6541,11.64591,11.63799,11.63034,11.62296,11.61594,11.609190000000002,11.60271,11.5965,11.59056,11.58498,11.57958,11.57454,11.56968,11.56518,11.56095,11.556899999999999,11.55321,11.5497,11.54646,11.54349,11.540700000000001,11.53827,11.53593,11.53395,11.53215,11.53053,11.52909,11.52792,11.52693,11.52621,11.525580000000001,11.52513,11.52495,11.52486,11.52495,11.52522,11.525580000000001,11.52612,11.526840000000002,11.527650000000001,11.528550000000001,11.529630000000001,11.5308,11.53215,11.5335,11.53503,11.53665,11.53827,11.54007,11.54187,11.54376,11.54574,11.54781,11.54988,11.55195,11.5542,11.556360000000002,11.5587,11.56095,11.56329,11.56563,11.568060000000001,11.5704,11.572830000000002,11.57526,11.57769,11.580119999999999,11.58264,11.58507,11.5875,11.58993,11.59236,11.594790000000001,11.59722,11.59956,11.60199,11.604330000000001,11.606670000000001,11.60892,11.611260000000001,11.61351,11.61576,11.61792,11.62008,11.622240000000001,11.624310000000001,11.626380000000001,11.62845,11.63043,11.63241,11.6343,11.636190000000001,11.63799,11.63979,11.6415,11.64321,11.64483,11.64645,11.64798,11.64951,11.65095,11.6523,11.653649999999999,11.65491,11.65617,11.657340000000001,11.65842,11.6595,11.66049,11.66139,11.66229,11.6631,11.66382,11.66445,11.66508,11.66562,11.666070000000001,11.66643,11.66679,11.666970000000001,11.66715,11.66724,11.66724,11.66724,11.667060000000001,11.66688,11.66661,11.66625,11.66571,11.66517,11.66454,11.66391,11.6631,11.6622,11.661209999999999,11.66022,11.65905,11.65779,11.65653,11.655090000000001,11.65356,11.65203,11.65032,11.64861,11.64672,11.64483,11.64276,11.640690000000001,11.63844,11.636190000000001,11.633759999999999,11.63133,11.62881,11.626199999999999,11.62341,11.62062,11.61774,11.61486,11.611799999999999,11.60865,11.6055,11.602260000000001,11.598930000000001,11.59551,11.592,11.58849,11.58489,11.5812,11.57751,11.573730000000001,11.56986,11.565990000000001,11.56203,11.55807,11.55402,11.54988,11.54574,11.5416,11.537370000000001,11.533050000000001,11.52882,11.52441,11.520090000000001,11.51559,11.511180000000001,11.50668,11.502180000000001,11.49759,11.493,11.48832,11.483640000000001,11.47896,11.47419,11.469420000000001,11.46456,11.459610000000001,11.454749999999999,11.44971,11.44467,11.43954,11.434320000000001,11.4291,11.42379,11.4183,11.41281,11.40723,11.40147,11.39571,11.38968,11.383650000000001,11.377350000000002,11.37096,11.36448,11.35773,11.3508,11.34369,11.336310000000001,11.328750000000001,11.32092,11.31291,11.304540000000001,11.2959,11.286990000000001,11.27772,11.268089999999999,11.25819,11.24784,11.23704,11.22588,11.21427,11.20221,11.18961,11.17656,11.16297,11.148840000000002,11.13408,11.118780000000001,11.10276,11.08611,11.06883,11.050740000000001,11.031930000000001,11.012400000000001,10.99197,10.97073,10.948590000000001,10.92564,10.90161,10.87668,10.850670000000001,10.82358,10.79541,10.766070000000001,10.73556,10.703790000000001,10.670760000000001,10.636379999999999,10.60056,10.56339,10.524600000000001,10.48437,10.44252,10.398959999999999,10.35369,10.30662,10.25766,10.206809999999999,10.15398,10.09908,10.04211,9.982890000000001,9.92142,9.85761,9.79146,9.722790000000002,9.6516,9.57798,9.50166,9.42273,9.341099999999999,9.256950000000002,9.1701,9.08064,8.988768,8.894493,8.797995,8.699499,8.599293,8.497719,8.395218,8.29233,8.189685,8.088039,7.988274,7.891371,7.798473,7.710804,7.629678,7.556490000000001,7.492635000000001,7.439472,7.398261000000001,7.370091,7.355817000000001,7.356024000000001,7.370964,7.400574000000001,7.444431,7.501851,7.571907,7.653456,7.745274,7.8460469999999995,7.954488,8.069319,8.189361,8.313525,8.440821000000001,8.570376000000001,8.701434,8.833347000000002,8.965566,9.09765,9.229140000000001,9.359820000000001,9.489329999999999,9.61758,9.74439,9.869670000000001,9.99324,10.11519,10.23534,10.35378,10.47051,10.58544,10.69875,10.81026,10.92015,11.02851,11.135250000000001,11.24046,11.34414,11.44647,11.54736,11.64699,11.74527,11.84229,11.93814,12.03282
16.586550000000003,16.54497,16.50357,16.46235,16.4214,16.380540000000003,16.33995,16.29963,16.2594,16.21953,16.17975,16.14024,16.100910000000002,16.06185,16.02297,15.98427,15.94584,15.907680000000001,15.8697,15.831990000000001,15.794459999999999,15.7572,15.72012,15.683309999999999,15.646770000000002,15.61041,15.57432,15.5385,15.50295,15.46758,15.432480000000002,15.39765,15.363000000000001,15.32862,15.29451,15.26067,15.2271,15.193800000000001,15.16068,15.127830000000001,15.09534,15.06303,15.030990000000001,14.999130000000001,14.967630000000002,14.9364,14.905349999999999,14.87466,14.84415,14.813910000000002,14.783940000000001,14.75424,14.724810000000002,14.695649999999999,14.666759999999998,14.638050000000002,14.6097,14.581529999999999,14.55363,14.526000000000002,14.49864,14.47155,14.444640000000001,14.41809,14.391720000000001,14.365530000000001,14.3397,14.31405,14.288670000000002,14.26347,14.23863,14.213880000000001,14.18949,14.16519,14.141250000000001,14.11749,14.093910000000001,14.0706,14.04747,14.02452,14.001840000000001,13.97934,13.95711,13.93497,13.9131,13.89141,13.86981,13.84848,13.82733,13.806360000000002,13.78557,13.76487,13.74435,13.7241,13.70385,13.68387,13.66398,13.64418,13.62456,13.60512,13.58577,13.566510000000001,13.54743,13.52844,13.509540000000001,13.49073,13.4721,13.45347,13.43502,13.41657,13.3983,13.38003,13.36185,13.34376,13.32576,13.30776,13.289850000000001,13.27203,13.25421,13.23639,13.21875,13.20102,13.18338,13.16583,13.14819,13.130640000000001,13.11318,13.095630000000002,13.07817,13.06071,13.04325,13.02579,13.008329999999999,12.990870000000001,12.97341,12.95604,12.938580000000002,12.92112,12.90375,12.886289999999999,12.86883,12.85137,12.83391,12.816450000000001,12.79899,12.78144,12.76398,12.74643,12.72897,12.71142,12.69387,12.67632,12.65877,12.64122,12.62367,12.60612,12.588569999999999,12.57093,12.55338,12.535829999999999,12.51828,12.500729999999999,12.48318,12.46563,12.448170000000001,12.43062,12.413160000000001,12.3957,12.37833,12.36096,12.34359,12.32631,12.30903,12.29184,12.274740000000001,12.25764,12.24063,12.22362,12.20679,12.18996,12.17331,12.15666,12.14019,12.12372,12.10743,12.09123,12.07521,12.059280000000001,12.04344,12.02778,12.0123,11.99691,11.9817,11.96667,11.95182,11.93715,11.92266,11.90835,11.89422,11.88036,11.86659,11.85318,11.83986,11.82681,11.81403,11.80152,11.78919,11.77713,11.76525,11.75373,11.74239,11.73141,11.72061,11.71017,11.699910000000001,11.69001,11.68038,11.67102,11.661930000000002,11.653110000000002,11.64465,11.63646,11.628540000000001,11.620890000000001,11.6136,11.606580000000001,11.59983,11.593350000000001,11.587230000000002,11.58138,11.575800000000001,11.57049,11.56545,11.56077,11.55627,11.55213,11.54826,11.54457,11.54124,11.53809,11.535210000000001,11.5326,11.53026,11.5281,11.52621,11.5245,11.523060000000001,11.5218,11.52072,11.51991,11.51928,11.518830000000001,11.51856,11.51856,11.518650000000001,11.518830000000001,11.51928,11.51982,11.52054,11.52144,11.52243,11.52351,11.52477,11.52612,11.527560000000001,11.52918,11.5308,11.5326,11.534400000000002,11.53629,11.538359999999999,11.54034,11.5425,11.54466,11.54691,11.54925,11.551590000000001,11.55393,11.556360000000002,11.55879,11.56122,11.56374,11.56626,11.56878,11.571299999999999,11.57391,11.57643,11.57895,11.58156,11.58408,11.5866,11.58921,11.59173,11.59425,11.59668,11.5992,11.60163,11.60406,11.60649,11.60883,11.611170000000001,11.61351,11.61576,11.61801,11.62026,11.62242,11.62458,11.62665,11.62872,11.630700000000001,11.63268,11.63457,11.63646,11.63826,11.64006,11.64177,11.64339,11.645010000000001,11.64663,11.64807,11.64951,11.65095,11.6523,11.65356,11.65473,11.6559,11.656979999999999,11.65797,11.65896,11.65986,11.660670000000001,11.66139,11.66211,11.662740000000001,11.66328,11.66373,11.66418,11.66445,11.66472,11.664900000000001,11.66499,11.66499,11.664900000000001,11.66472,11.66454,11.66418,11.66382,11.66328,11.662740000000001,11.66202,11.6613,11.66049,11.65959,11.658510000000001,11.65743,11.65626,11.65491,11.65356,11.65212,11.650500000000001,11.64888,11.64708,11.64528,11.64339,11.64132,11.63916,11.637,11.63466,11.63232,11.629800000000001,11.62719,11.62458,11.62179,11.619,11.61603,11.613059999999999,11.609910000000001,11.60676,11.60352,11.60019,11.596770000000001,11.593259999999999,11.58975,11.58606,11.582370000000001,11.57859,11.574810000000001,11.57085,11.56689,11.56293,11.55879,11.55465,11.550510000000001,11.546280000000001,11.541960000000001,11.53764,11.53323,11.52882,11.52441,11.51991,11.515320000000001,11.51082,11.50623,11.50155,11.496870000000001,11.49219,11.48751,11.48274,11.47797,11.47311,11.46834,11.46348,11.45853,11.45358,11.448630000000001,11.44368,11.43864,11.433510000000002,11.42838,11.423250000000001,11.41803,11.41272,11.407409999999999,11.40201,11.39652,11.390939999999999,11.38527,11.37951,11.37366,11.36772,11.361600000000001,11.355390000000002,11.349,11.34252,11.33577,11.32893,11.32191,11.31462,11.30715,11.29941,11.29149,11.2833,11.274750000000001,11.265929999999999,11.25684,11.24739,11.23767,11.2275,11.21697,11.20599,11.19465,11.18277,11.17053,11.15766,11.14434,11.13048,11.11608,11.10105,11.08548,11.069189999999999,11.052180000000002,11.03454,11.01618,10.99701,10.977030000000001,10.956330000000001,10.93473,10.912139999999999,10.88874,10.86435,10.83897,10.81251,10.78506,10.75644,10.72665,10.69569,10.66347,10.62999,10.59507,10.558890000000002,10.521180000000001,10.48203,10.44135,10.399140000000001,10.355220000000001,10.30959,10.26216,10.21293,10.161900000000001,10.1088,10.05381,9.99675,9.93762,9.87624,9.812700000000001,9.74691,9.678870000000002,9.60849,9.535680000000001,9.46053,9.383130000000001,9.3033,9.221219999999999,9.136890000000001,9.0504,8.96202,8.871804,8.780031,8.68698,8.593011,8.498556,8.404137,8.310366,8.217927000000001,8.127639,8.040393000000002,7.957197,7.879122000000001,7.807302,7.742907,7.687125,7.641072000000001,7.605792,7.582158000000001,7.570872,7.57242,7.587008999999999,7.614585,7.654842,7.707231,7.771014000000001,7.845273,7.929,8.021124,8.120538,8.226171,8.336988,8.452043999999999,8.57043,8.691381,8.814167999999999,8.938197,9.06291,9.18792,9.312750000000001,9.43722,9.560880000000001,9.68364,9.80532,9.925830000000001,10.04499,10.1628,10.27908,10.39392,10.50723,10.6191,10.72944,10.83834,10.94571,11.05164,11.15622,11.259360000000001,11.36115,11.461680000000001,11.56095,11.65905,11.755889999999999,11.851560000000001,11.946150000000001,12.03966
16.58565,16.54407,16.502760000000002,16.461630000000003,16.42068,16.37991,16.33941,16.29909,16.258950000000002,16.21908,16.17939,16.13988,16.100640000000002,16.06167,16.02279,15.98427,15.94584,15.907680000000001,15.86979,15.832170000000001,15.794640000000001,15.75747,15.720479999999998,15.683760000000001,15.64722,15.61095,15.57495,15.53913,15.50358,15.468300000000001,15.43329,15.398460000000002,15.363900000000001,15.329610000000002,15.29559,15.26184,15.228270000000002,15.19497,15.16194,15.129179999999998,15.09669,15.06447,15.03243,15.000660000000002,14.96925,14.93802,14.907060000000001,14.87637,14.84595,14.815710000000001,14.785829999999999,14.75622,14.72679,14.69763,14.668740000000001,14.64012,14.61177,14.58369,14.555790000000002,14.528249999999998,14.500890000000002,14.4738,14.44698,14.420340000000001,14.39406,14.36796,14.34204,14.31648,14.2911,14.2659,14.24106,14.2164,14.191920000000001,14.16771,14.14377,14.12001,14.09643,14.07312,14.049990000000001,14.02704,14.00436,13.98186,13.95954,13.93749,13.91553,13.89384,13.87233,13.85091,13.82976,13.80879,13.78791,13.76721,13.746780000000001,13.72635,13.706190000000001,13.686119999999999,13.66623,13.646429999999999,13.62681,13.60728,13.58784,13.56858,13.5495,13.53042,13.51152,13.49262,13.4739,13.45527,13.43673,13.418280000000001,13.39992,13.381649999999999,13.363380000000001,13.34529,13.3272,13.30911,13.291200000000002,13.2732,13.255379999999999,13.23756,13.21974,13.202010000000001,13.184280000000001,13.166640000000001,13.149,13.13136,13.11381,13.096169999999999,13.07862,13.06107,13.043520000000001,13.025970000000001,13.008510000000001,12.990960000000001,12.97341,12.95595,12.9384,12.920850000000002,12.90339,12.88584,12.86829,12.850740000000002,12.83319,12.81555,12.798,12.78045,12.76281,12.745170000000002,12.72753,12.70989,12.69225,12.674610000000001,12.65697,12.63924,12.621599999999999,12.60387,12.58623,12.5685,12.55077,12.533130000000002,12.515400000000001,12.49776,12.48003,12.46239,12.44475,12.42711,12.40947,12.39192,12.37437,12.356819999999999,12.339360000000001,12.321900000000001,12.30444,12.28716,12.26979,12.252600000000001,12.235410000000002,12.21831,12.2013,12.18438,12.16746,12.15072,12.134070000000001,12.117510000000001,12.101040000000001,12.084660000000001,12.06846,12.05235,12.03642,12.020579999999999,12.00492,11.98944,11.974050000000002,11.95884,11.943900000000001,11.92905,11.914380000000001,11.899980000000001,11.885760000000001,11.87172,11.85786,11.84427,11.830860000000001,11.817720000000001,11.80485,11.792159999999999,11.77974,11.76759,11.75562,11.74401,11.73267,11.72151,11.71071,11.70018,11.689919999999999,11.67993,11.67021,11.66085,11.651760000000001,11.642940000000001,11.63439,11.626199999999999,11.61828,11.61072,11.60343,11.59641,11.58966,11.58327,11.57715,11.571390000000001,11.565809999999999,11.560590000000001,11.55564,11.55105,11.54664,11.54259,11.53872,11.535210000000001,11.53197,11.528910000000002,11.52621,11.52369,11.52144,11.51946,11.51766,11.51613,11.51487,11.51379,11.51289,11.51226,11.51172,11.51145,11.51136,11.51145,11.51172,11.51217,11.51271,11.51352,11.51442,11.515410000000001,11.516580000000001,11.51784,11.51928,11.52081,11.52243,11.524230000000001,11.52603,11.52801,11.52999,11.53206,11.53422,11.536470000000001,11.53872,11.54115,11.54349,11.545919999999999,11.54844,11.55096,11.55357,11.55609,11.55879,11.5614,11.564010000000001,11.56671,11.56932,11.57202,11.57472,11.57742,11.58003,11.58273,11.58534,11.588040000000001,11.59065,11.593259999999999,11.59578,11.59839,11.60091,11.60343,11.60586,11.60829,11.61072,11.61315,11.615490000000001,11.61774,11.61999,11.622240000000001,11.624400000000001,11.626470000000001,11.628540000000001,11.63061,11.63259,11.63448,11.63637,11.63817,11.63988,11.64159,11.6433,11.64483,11.646360000000001,11.6478,11.64924,11.650590000000001,11.651850000000001,11.653110000000002,11.65419,11.65527,11.65626,11.657250000000001,11.658150000000001,11.65887,11.65959,11.66031,11.66085,11.6613,11.66175,11.66211,11.66238,11.66256,11.662650000000001,11.662650000000001,11.66256,11.662469999999999,11.6622,11.66184,11.661480000000001,11.66094,11.6604,11.65968,11.65896,11.65806,11.65707,11.656080000000001,11.65491,11.653649999999999,11.6523,11.65095,11.64942,11.6478,11.64609,11.644200000000001,11.64231,11.64033,11.63826,11.63601,11.633759999999999,11.63133,11.62881,11.626290000000001,11.62359,11.620800000000001,11.61792,11.61504,11.61198,11.60883,11.60559,11.602350000000001,11.598930000000001,11.59542,11.59191,11.58822,11.58453,11.58075,11.576880000000001,11.57292,11.56887,11.564820000000001,11.56068,11.55645,11.55222,11.5479,11.54349,11.53908,11.53458,11.53008,11.525490000000001,11.520900000000001,11.51622,11.51154,11.50677,11.501999999999999,11.49723,11.49237,11.48751,11.48265,11.47779,11.47284,11.46789,11.46285,11.4579,11.452860000000001,11.44782,11.44278,11.437740000000002,11.43261,11.427480000000001,11.42235,11.41713,11.41191,11.40669,11.401380000000001,11.39607,11.39067,11.38527,11.37978,11.3742,11.36862,11.362860000000001,11.3571,11.35125,11.34531,11.33919,11.332980000000001,11.326680000000001,11.3202,11.313540000000001,11.306700000000001,11.29977,11.29257,11.28519,11.27763,11.2698,11.2617,11.25333,11.24469,11.23578,11.226510000000001,11.216880000000002,11.20698,11.19663,11.185920000000001,11.17476,11.163240000000002,11.15118,11.138670000000001,11.125620000000001,11.11212,11.09799,11.08332,11.06802,11.05209,11.03553,11.01834,11.00034,10.981620000000001,10.96218,10.941930000000001,10.92078,10.89882,10.875960000000001,10.8522,10.82736,10.80162,10.774799999999999,10.7469,10.71792,10.68777,10.656360000000001,10.62378,10.58994,10.55466,10.51812,10.48014,10.44063,10.39959,10.35711,10.31292,10.26702,10.2195,10.17018,10.11906,10.06605,10.01115,9.95427,9.89541,9.834570000000001,9.77157,9.7065,9.63936,9.57006,9.49869,9.42525,9.34974,9.27225,9.19287,9.11178,9.02898,8.944758,8.859366000000001,8.773074,8.68626,8.59932,8.512767,8.427159,8.343153000000001,8.261469000000002,8.182935,8.108414999999999,8.038854,7.975242000000001,7.918569000000001,7.869816,7.829937,7.799778000000001,7.7800769999999995,7.771401000000001,7.774146000000001,7.788492,7.814403,7.851645,7.899786000000001,7.958223,8.026218,8.102943000000002,8.187507,8.278983,8.376444,8.479017,8.585838,8.696142,8.809191,8.924346000000002,9.04104,9.15876,9.27711,9.39564,9.51408,9.63216,9.7497,9.86652,9.98235,10.09719,10.21086,10.32336,10.43469,10.54476,10.65348,10.76094,10.867140000000001,10.97199,11.07558,11.17791,11.279069999999999,11.37897,11.4777,11.57526,11.67174,11.767140000000001,11.86146,11.95479,12.04704
16.58439,16.5429,16.50159,16.46055,16.4196,16.37892,16.33842,16.29819,16.25814,16.21827,16.17867,16.13925,16.10001,16.061040000000002,16.02225,15.98373,15.94539,15.907320000000002,15.86952,15.831900000000001,15.794459999999999,15.75729,15.720389999999998,15.683670000000001,15.64722,15.611040000000001,15.57504,15.539309999999999,15.503850000000002,15.468570000000001,15.433649999999998,15.39891,15.36435,15.33015,15.29613,15.262380000000002,15.2289,15.19569,15.16275,15.12999,15.097589999999999,15.06537,15.033420000000001,15.001740000000002,14.970240000000002,14.9391,14.90823,14.87754,14.84712,14.81706,14.78718,14.757570000000001,14.72814,14.69907,14.67027,14.64165,14.613299999999999,14.58522,14.55741,14.52987,14.502600000000001,14.47551,14.44869,14.42214,14.39577,14.369760000000001,14.34393,14.31828,14.29299,14.26779,14.24295,14.21829,14.193900000000001,14.16969,14.14566,14.1219,14.09841,14.075099999999999,14.05197,14.02902,14.00634,13.983839999999999,13.96152,13.93947,13.91751,13.89582,13.874220000000001,13.85289,13.83165,13.81068,13.7898,13.7691,13.74858,13.728240000000001,13.70799,13.68792,13.66794,13.64814,13.62843,13.6089,13.589459999999999,13.5702,13.551029999999999,13.53195,13.51296,13.49415,13.475340000000001,13.456710000000001,13.438080000000001,13.419540000000001,13.40118,13.38282,13.364550000000001,13.34637,13.328190000000001,13.3101,13.2921,13.2741,13.25619,13.23828,13.22046,13.20264,13.18491,13.16709,13.14945,13.13172,13.11408,13.096350000000001,13.078710000000001,13.06116,13.043520000000001,13.02588,13.008329999999999,12.99069,12.97305,12.9555,12.93786,12.92022,12.90267,12.88503,12.86739,12.84975,12.83202,12.814380000000002,12.796650000000001,12.77901,12.76128,12.743549999999999,12.725819999999999,12.70809,12.690270000000002,12.672540000000001,12.654720000000001,12.6369,12.61908,12.60126,12.583440000000001,12.565620000000001,12.5478,12.52998,12.51216,12.494340000000001,12.47652,12.4587,12.44097,12.42315,12.40542,12.38769,12.36996,12.35223,12.33459,12.31704,12.29949,12.28194,12.26448,12.247110000000001,12.22974,12.21246,12.19527,12.17817,12.16116,12.144240000000002,12.12741,12.11067,12.09402,12.07755,12.06117,12.044880000000001,12.02877,12.01284,11.997,11.98134,11.96577,11.95047,11.93526,11.92032,11.905560000000001,11.890979999999999,11.876579999999999,11.86236,11.84841,11.83473,11.821140000000002,11.80791,11.79486,11.78208,11.76957,11.757330000000001,11.74527,11.73357,11.72214,11.710890000000001,11.700000000000001,11.689380000000002,11.679120000000001,11.66904,11.659320000000001,11.64987,11.640780000000001,11.631960000000001,11.62341,11.615219999999999,11.6073,11.59965,11.59236,11.58543,11.57868,11.57238,11.56626,11.560500000000001,11.555100000000001,11.54988,11.545020000000001,11.54052,11.5362,11.53224,11.528550000000001,11.52513,11.52198,11.51901,11.516399999999999,11.51406,11.51199,11.5101,11.50848,11.50713,11.50596,11.50506,11.504340000000001,11.5038,11.503530000000001,11.50344,11.50344,11.50371,11.50416,11.50479,11.505600000000001,11.5065,11.507579999999999,11.50884,11.51019,11.51163,11.513250000000001,11.51496,11.51676,11.518740000000001,11.52072,11.52279,11.52504,11.52729,11.529630000000001,11.53206,11.53449,11.53701,11.53962,11.54223,11.54484,11.547540000000001,11.55024,11.553030000000001,11.55582,11.558520000000001,11.56131,11.56419,11.566980000000001,11.56977,11.57256,11.57535,11.57814,11.58093,11.58372,11.58642,11.58921,11.59191,11.59452,11.59722,11.59983,11.602440000000001,11.60496,11.60748,11.609910000000001,11.61234,11.61477,11.61711,11.61936,11.62161,11.62386,11.62602,11.62809,11.63007,11.63214,11.634030000000001,11.63592,11.63772,11.63943,11.64114,11.64276,11.64429,11.64582,11.64726,11.64861,11.64987,11.65113,11.6523,11.65338,11.65437,11.65527,11.65617,11.65689,11.65761,11.65824,11.65878,11.65923,11.65968,11.65995,11.66013,11.66031,11.66031,11.66031,11.66013,11.65995,11.65959,11.65923,11.65869,11.658150000000001,11.65743,11.65662,11.65581,11.65482,11.65374,11.65257,11.65131,11.64996,11.64852,11.6469,11.64528,11.64348,11.641680000000001,11.6397,11.63763,11.63547,11.633220000000001,11.63088,11.62836,11.62584,11.623140000000001,11.62035,11.617560000000001,11.61459,11.61153,11.60838,11.60514,11.60181,11.59839,11.59488,11.59119,11.5875,11.58372,11.57985,11.57598,11.57193,11.56779,11.563649999999999,11.55942,11.555100000000001,11.55069,11.546190000000001,11.54169,11.5371,11.53251,11.52783,11.523060000000001,11.51829,11.51352,11.50857,11.50371,11.49876,11.49381,11.48877,11.483730000000001,11.47869,11.47356,11.46843,11.4633,11.458169999999999,11.452950000000001,11.44782,11.4426,11.43738,11.432160000000001,11.42694,11.42172,11.41641,11.41119,11.40588,11.40057,11.39526,11.38986,11.38446,11.37906,11.37366,11.36817,11.36268,11.3571,11.35152,11.34585,11.34009,11.33433,11.32839,11.322450000000002,11.31642,11.310210000000001,11.30391,11.29743,11.29086,11.2842,11.277270000000001,11.270159999999999,11.262870000000001,11.2554,11.24775,11.23983,11.23164,11.223090000000001,11.214360000000001,11.20527,11.19591,11.18619,11.17611,11.16558,11.15478,11.14344,11.131649999999999,11.1195,11.10672,11.093490000000001,11.07981,11.06541,11.050559999999999,11.03499,11.01888,11.00205,10.9845,10.96623,10.94724,10.92753,10.906920000000001,10.8855,10.86327,10.84005,10.81593,10.79082,10.76472,10.737540000000001,10.70937,10.68003,10.64952,10.61784,10.5849,10.550790000000001,10.51524,10.47843,10.44018,10.400490000000001,10.35927,10.316609999999999,10.27233,10.22643,10.17882,10.12959,10.07865,10.02582,9.97128,9.914850000000001,9.856620000000001,9.7965,9.7344,9.670499999999999,9.604619999999999,9.536940000000001,9.467369999999999,9.39609,9.3231,9.2484,9.17235,9.094949999999999,9.01647,8.937126,8.857215,8.777088,8.69715,8.617869,8.539776,8.463465000000001,8.389602,8.318907000000001,8.252163,8.190189,8.133831,8.083944,8.041356,8.006859,7.981164000000001,7.964892000000001,7.958501999999999,7.962318000000001,7.976511,8.001054,8.035767,8.08029,8.134155,8.196759,8.267409,8.345358000000001,8.429841000000001,8.520057,8.615241000000001,8.714655,8.817597000000001,8.923437,9.03159,9.14148,9.25263,9.36477,9.477360000000001,9.59013,9.702900000000001,9.8154,9.92736,10.03878,10.14939,10.25919,10.368,10.475819999999999,10.58265,10.68831,10.79298,10.89648,10.99881,11.100150000000001,11.200320000000001,11.29932,11.39733,11.49426,11.590200000000001,11.68506,11.77902,11.87199,11.96397,12.055050000000001
16.58277,16.54137,16.50006,16.459020000000002,16.41825,16.37757,16.33716,16.296930000000003,16.25688,16.2171,16.177500000000002,16.138170000000002,16.09902,16.06005,16.02135,15.982830000000002,15.94458,15.9066,15.868710000000002,15.83118,15.79383,15.75675,15.719850000000001,15.683219999999999,15.646770000000002,15.610679999999999,15.574679999999999,15.53904,15.50358,15.468390000000001,15.43347,15.39882,15.36435,15.33015,15.29622,15.26256,15.22908,15.19587,15.16302,15.13035,15.09786,15.06573,15.03387,15.00219,14.97078,14.939639999999999,14.90877,14.878170000000003,14.84784,14.817780000000003,14.7879,14.758379999999999,14.729040000000001,14.699970000000002,14.671170000000002,14.64264,14.61429,14.586300000000001,14.558490000000003,14.530949999999999,14.503680000000001,14.47668,14.44986,14.42331,14.39703,14.371020000000001,14.34519,14.31963,14.29425,14.26914,14.2443,14.21964,14.195250000000001,14.17104,14.1471,14.12334,14.09985,14.07645,14.053410000000001,14.03046,14.00778,13.98528,13.96296,13.94091,13.91895,13.89726,13.875660000000002,13.854239999999999,13.83309,13.81203,13.79115,13.77045,13.749929999999999,13.729500000000002,13.70925,13.68918,13.6692,13.6494,13.62969,13.61016,13.59063,13.57137,13.55211,13.53303,13.51404,13.495140000000001,13.476329999999999,13.45761,13.43898,13.420440000000001,13.40199,13.38354,13.36527,13.347,13.32882,13.310640000000001,13.29255,13.27455,13.25655,13.23864,13.22073,13.202910000000001,13.185,13.16718,13.14945,13.13172,13.1139,13.09626,13.07853,13.0608,13.04307,13.02543,13.0077,12.990060000000001,12.972330000000001,12.95469,12.93696,12.919229999999999,12.90159,12.88386,12.86613,12.84831,12.83058,12.81285,12.79503,12.77721,12.75939,12.74157,12.723749999999999,12.70584,12.68793,12.670020000000001,12.65211,12.6342,12.616290000000001,12.59838,12.58038,12.56247,12.54447,12.52647,12.508560000000001,12.49056,12.47265,12.45465,12.43674,12.41883,12.400920000000001,12.38301,12.365100000000002,12.347280000000001,12.329460000000001,12.31173,12.294,12.27636,12.25872,12.24117,12.22362,12.20616,12.188790000000001,12.17151,12.15432,12.13722,12.12021,12.103290000000001,12.08655,12.06981,12.05325,12.03687,12.020579999999999,12.004380000000001,11.98845,11.97261,11.95695,11.94138,11.92608,11.910960000000001,11.89602,11.88126,11.86668,11.85237,11.838330000000001,11.82438,11.81079,11.79738,11.78424,11.77128,11.758680000000002,11.74626,11.734200000000001,11.722320000000002,11.7108,11.69955,11.68857,11.67786,11.66751,11.657340000000001,11.647620000000002,11.63808,11.62899,11.62008,11.61153,11.60334,11.59542,11.587860000000001,11.58057,11.573550000000001,11.566980000000001,11.560590000000001,11.55456,11.54889,11.54349,11.53845,11.53368,11.52918,11.52495,11.52108,11.51748,11.51415,11.511180000000001,11.50839,11.50587,11.50371,11.50173,11.50002,11.49858,11.49732,11.49633,11.49552,11.49498,11.494710000000001,11.49453,11.494620000000001,11.49489,11.49534,11.495970000000002,11.496780000000001,11.49777,11.498850000000001,11.500200000000001,11.50155,11.50308,11.50479,11.506590000000001,11.50848,11.51055,11.51262,11.51487,11.51712,11.51955,11.52198,11.5245,11.52711,11.529720000000001,11.53242,11.535210000000001,11.538,11.540790000000001,11.54367,11.54655,11.549430000000001,11.5524,11.55528,11.55825,11.56122,11.5641,11.56707,11.57004,11.57292,11.57589,11.57877,11.58165,11.58453,11.58732,11.590110000000001,11.5929,11.595600000000001,11.5983,11.601,11.60361,11.60622,11.608740000000001,11.611260000000001,11.61369,11.61612,11.61846,11.620709999999999,11.62296,11.62512,11.62728,11.62926,11.63133,11.633220000000001,11.63511,11.63691,11.638620000000001,11.64033,11.64195,11.64348,11.64492,11.646360000000001,11.647620000000002,11.64888,11.65005,11.65113,11.65221,11.653110000000002,11.653920000000001,11.65473,11.65545,11.656080000000001,11.65653,11.656979999999999,11.657340000000001,11.65761,11.65779,11.65788,11.65788,11.65779,11.65761,11.657340000000001,11.65689,11.65644,11.6559,11.655180000000001,11.65446,11.65356,11.652660000000001,11.65158,11.65041,11.64915,11.64771,11.646270000000001,11.644739999999999,11.64303,11.64123,11.63934,11.637360000000001,11.635200000000001,11.63304,11.630700000000001,11.628269999999999,11.62575,11.623140000000001,11.62044,11.617560000000001,11.614680000000002,11.61162,11.60847,11.60523,11.6019,11.59848,11.59488,11.591280000000001,11.5875,11.58372,11.57985,11.575800000000001,11.57175,11.56752,11.56329,11.55897,11.55456,11.55006,11.54547,11.54088,11.53611,11.53134,11.52657,11.52171,11.51676,11.51172,11.50668,11.50164,11.496509999999999,11.491290000000001,11.48607,11.48085,11.47563,11.47032,11.46501,11.459700000000002,11.4543,11.4489,11.4435,11.4381,11.4327,11.427299999999999,11.4219,11.41641,11.411010000000001,11.405610000000001,11.400120000000001,11.39472,11.38923,11.38374,11.37834,11.37285,11.36736,11.36187,11.35638,11.3508,11.345220000000001,11.339640000000001,11.334060000000001,11.32839,11.32263,11.31687,11.31111,11.30517,11.299230000000001,11.2932,11.286990000000001,11.28078,11.27439,11.26782,11.26125,11.25441,11.24748,11.24028,11.2329,11.225340000000001,11.217600000000001,11.20959,11.20131,11.19267,11.183850000000001,11.17467,11.16513,11.15532,11.14506,11.134530000000002,11.123460000000001,11.11203,11.10006,11.087729999999999,11.074860000000001,11.06145,11.047500000000001,11.03292,11.017800000000001,11.00205,10.98567,10.96866,10.950840000000001,10.93239,10.91313,10.89306,10.87227,10.85058,10.82799,10.8045,10.78011,10.75473,10.72836,10.70091,10.67238,10.64277,10.61208,10.580129999999999,10.54701,10.51263,10.4769,10.43991,10.40148,10.3617,10.32048,10.27773,10.23354,10.18773,10.14039,10.09143,10.04076,9.98847,9.93456,9.87885,9.82143,9.76239,9.701550000000001,9.639090000000001,9.57492,9.50922,9.4419,9.37323,9.30321,9.23193,9.15966,9.08667,9.01296,8.939061,8.865189,8.791749000000001,8.719191,8.647992,8.578710000000001,8.511939,8.448318,8.388549000000001,8.333333999999999,8.283411,8.239518,8.202348,8.172576000000001,8.150796,8.137521,8.133147000000001,8.137953000000001,8.152065,8.175474,8.208045,8.249499,8.29944,8.357373,8.422731,8.494893,8.573193,8.656974,8.745552,8.838297,8.934579000000001,9.03384,9.13554,9.239130000000001,9.34425,9.45054,9.55755,9.665009999999999,9.772739999999999,9.880379999999999,9.98784,10.09494,10.201500000000001,10.30743,10.41264,10.517130000000002,10.62072,10.7235,10.82529,10.92618,11.02608,11.12508,11.223090000000001,11.32011,11.41623,11.51136,11.60559,11.69892,11.79135,11.88297,11.97369,12.063600000000001
16.58088,16.539479999999998,16.49826,16.45722,16.41645,16.37586,16.33545,16.29522,16.25526,16.21557,16.17597,16.13664,16.09758,16.0587,16.02,15.981570000000001,15.94332,15.905339999999999,15.867540000000002,15.83001,15.79275,15.75567,15.71886,15.682230000000002,15.64587,15.60978,15.573870000000001,15.53832,15.50286,15.46776,15.43284,15.398190000000001,15.363810000000003,15.3297,15.295770000000001,15.26211,15.228720000000001,15.1956,15.16275,15.13008,15.097680000000002,15.06564,15.03378,15.00219,14.97078,14.939729999999999,14.90886,14.878350000000001,14.848020000000002,14.817960000000001,14.788170000000001,14.75865,14.72931,14.700330000000001,14.67153,14.643,14.614740000000001,14.58675,14.55903,14.531490000000002,14.50422,14.477219999999999,14.45049,14.423939999999998,14.39766,14.37165,14.34591,14.320350000000001,14.294970000000001,14.26995,14.24511,14.22045,14.196060000000001,14.17185,14.147910000000001,14.12424,14.100660000000001,14.077350000000001,14.054310000000001,14.031360000000001,14.008680000000002,13.986180000000001,13.96386,13.94181,13.91985,13.898159999999999,13.87656,13.85514,13.83399,13.81293,13.792050000000001,13.771350000000002,13.75074,13.730400000000001,13.71006,13.68999,13.670010000000001,13.650120000000001,13.63041,13.610880000000002,13.59135,13.572000000000001,13.55274,13.53366,13.51458,13.49568,13.47687,13.45806,13.439430000000002,13.420800000000002,13.40235,13.3839,13.365540000000001,13.34727,13.329,13.31082,13.29273,13.27464,13.25655,13.23855,13.220640000000001,13.20273,13.18482,13.16691,13.14909,13.131269999999999,13.11345,13.09572,13.077900000000001,13.060080000000001,13.04235,13.02462,13.0068,12.98907,12.97125,12.95352,12.935699999999999,12.91797,12.900150000000002,12.882330000000001,12.864510000000001,12.84669,12.828780000000002,12.81087,12.79305,12.77514,12.75714,12.739230000000001,12.72123,12.703320000000001,12.68523,12.66723,12.649230000000001,12.63114,12.61314,12.59505,12.57696,12.55887,12.540780000000002,12.5226,12.50451,12.486419999999999,12.46833,12.45024,12.43215,12.414060000000001,12.39597,12.37788,12.35988,12.341880000000002,12.323879999999999,12.30597,12.28806,12.27024,12.252419999999999,12.234689999999999,12.21705,12.19941,12.18186,12.1644,12.14703,12.12975,12.11256,12.09546,12.07845,12.06162,12.044880000000001,12.028229999999999,12.011759999999999,11.995470000000001,11.97927,11.96325,11.947410000000001,11.931750000000001,11.91618,11.90088,11.885760000000001,11.87091,11.856240000000001,11.841750000000001,11.827440000000001,11.8134,11.79963,11.786130000000002,11.77281,11.75976,11.746979999999999,11.73456,11.722320000000002,11.71035,11.69874,11.687310000000002,11.67624,11.66553,11.655090000000001,11.64492,11.63511,11.62557,11.6163,11.60748,11.598930000000001,11.59065,11.58273,11.57517,11.567879999999999,11.56095,11.55438,11.54808,11.542050000000001,11.536470000000001,11.531070000000001,11.52612,11.52144,11.51703,11.51289,11.509110000000002,11.505690000000001,11.50245,11.49957,11.49696,11.494620000000001,11.49246,11.49066,11.489130000000001,11.487870000000001,11.48679,11.48598,11.48535,11.484990000000002,11.4849,11.4849,11.48517,11.485710000000001,11.48634,11.487150000000002,11.48814,11.48931,11.49066,11.4921,11.49372,11.49552,11.49732,11.499390000000002,11.501460000000002,11.50371,11.50596,11.50839,11.510909999999999,11.51352,11.51613,11.518830000000001,11.52162,11.5245,11.527379999999999,11.53026,11.53323,11.53629,11.53926,11.54232,11.545380000000002,11.54844,11.551590000000001,11.55465,11.5578,11.56086,11.563920000000001,11.56707,11.57013,11.5731,11.57616,11.579130000000001,11.5821,11.58507,11.587950000000001,11.59083,11.59371,11.5965,11.5992,11.6019,11.6046,11.60721,11.609729999999999,11.61225,11.614680000000002,11.61711,11.61945,11.6217,11.62395,11.62611,11.62818,11.63016,11.63214,11.634030000000001,11.63583,11.63754,11.63916,11.640780000000001,11.64231,11.64375,11.645100000000001,11.646360000000001,11.647530000000001,11.6487,11.649690000000001,11.65068,11.65158,11.6523,11.653020000000001,11.653649999999999,11.6541,11.65455,11.65491,11.655180000000001,11.65527,11.65536,11.65527,11.655180000000001,11.65491,11.65464,11.65419,11.653649999999999,11.653020000000001,11.6523,11.6514,11.650500000000001,11.64942,11.648340000000001,11.64708,11.64564,11.644200000000001,11.642669999999999,11.64096,11.63916,11.637270000000001,11.635200000000001,11.633130000000001,11.63088,11.628540000000001,11.62611,11.6235,11.620800000000001,11.61801,11.61513,11.612160000000001,11.6091,11.60586,11.60253,11.59911,11.595600000000001,11.59191,11.58822,11.584349999999999,11.580390000000001,11.57643,11.57229,11.568060000000001,11.56374,11.559330000000001,11.554829999999999,11.55033,11.54565,11.54088,11.53611,11.53125,11.5263,11.52126,11.51613,11.511,11.50578,11.50056,11.49525,11.48994,11.48454,11.47905,11.473650000000001,11.46807,11.46258,11.457,11.45142,11.445839999999999,11.44026,11.43459,11.42892,11.423340000000001,11.41767,11.412,11.40633,11.40066,11.39499,11.38941,11.38374,11.378070000000001,11.37249,11.36682,11.36124,11.35557,11.34999,11.34432,11.33874,11.33307,11.327490000000001,11.32182,11.31615,11.31048,11.30481,11.299050000000001,11.2932,11.28744,11.281500000000001,11.27556,11.26953,11.26341,11.2572,11.2509,11.24442,11.23785,11.231190000000002,11.224350000000001,11.21733,11.210040000000001,11.20266,11.19501,11.18718,11.17908,11.17071,11.16207,11.15316,11.143889999999999,11.13426,11.124360000000001,11.11401,11.1033,11.09214,11.08053,11.06847,11.05596,11.042910000000001,11.02932,11.01519,11.00052,10.98522,10.9692,10.95264,10.93536,10.91736,10.89864,10.879199999999999,10.85895,10.83789,10.81593,10.79316,10.7694,10.74474,10.71918,10.69254,10.66491,10.6362,10.60641,10.57545,10.543320000000001,10.510019999999999,10.47555,10.43973,10.402650000000001,10.36431,10.324530000000001,10.2834,10.24083,10.19682,10.15128,10.1043,10.05579,10.00575,9.954180000000001,9.90108,9.84636,9.7902,9.732420000000001,9.6732,9.612540000000001,9.55053,9.48717,9.422550000000001,9.35694,9.29025,9.22293,9.15498,9.08667,9.018360000000001,8.950320000000001,8.882909999999999,8.816544,8.751681000000001,8.688807,8.628471,8.57124,8.517726000000001,8.46855,8.42436,8.385768,8.353386,8.327772000000001,8.309448000000001,8.298819,8.296236,8.301933,8.316027000000002,8.338509,8.369271,8.408088000000001,8.454645000000001,8.508537,8.569278,8.636355,8.709201,8.787258,8.869932,8.956674,9.04689,9.14022,9.23598,9.333810000000001,9.43326,9.53415,9.63585,9.73836,9.84123,9.944370000000001,10.04751,10.15047,10.253160000000001,10.355400000000001,10.45719,10.55835,10.65888,10.758690000000001,10.85778,10.956150000000001,11.05362,11.15028,11.24622,11.34126,11.43549,11.52882,11.62143,11.71323,11.80413,11.8944,11.983770000000002,12.07251
16.57863,16.53723,16.496010000000002,16.45506,16.41429,16.373700000000003,16.33338,16.29324,16.25328,16.21359,16.17408,16.13475,16.09569,16.056900000000002,16.0182,15.979860000000002,15.94161,15.90372,15.866010000000001,15.828479999999999,15.791220000000001,15.75423,15.717419999999999,15.680880000000002,15.64452,15.60852,15.572610000000001,15.53706,15.50169,15.466589999999998,15.43176,15.397200000000002,15.362820000000001,15.328710000000001,15.29487,15.261210000000002,15.22791,15.19479,15.16194,15.129360000000002,15.09705,15.06492,15.03315,15.00156,14.970240000000002,14.93919,14.908410000000002,14.877899999999999,14.84766,14.817599999999999,14.787810000000002,14.758379999999999,14.729130000000001,14.70015,14.67135,14.64291,14.61465,14.58666,14.558940000000002,14.531490000000002,14.50422,14.47731,14.45058,14.424030000000002,14.39784,14.371830000000001,14.346,14.32053,14.29524,14.27013,14.245289999999999,14.22072,14.19633,14.17221,14.14827,14.124509999999999,14.10102,14.07771,14.05458,14.03172,14.00904,13.98654,13.964220000000001,13.94217,13.92021,13.89852,13.87692,13.85559,13.834349999999999,13.81329,13.79241,13.77171,13.751100000000001,13.73067,13.710420000000001,13.69026,13.67028,13.65039,13.630680000000002,13.61106,13.59162,13.57218,13.55292,13.53384,13.51476,13.49577,13.47687,13.45815,13.439430000000002,13.420800000000002,13.402260000000002,13.38381,13.365450000000001,13.34709,13.32882,13.310550000000001,13.29237,13.274280000000001,13.25619,13.23819,13.2201,13.20219,13.184190000000001,13.16628,13.14837,13.13046,13.112639999999999,13.09482,13.07691,13.05909,13.041269999999999,13.02345,13.00554,12.98772,12.969899999999999,12.95199,12.93417,12.91626,12.89835,12.88044,12.862530000000001,12.84462,12.82662,12.80862,12.79062,12.772620000000002,12.75462,12.73653,12.718440000000001,12.70035,12.682260000000001,12.66408,12.645900000000001,12.62772,12.60954,12.59136,12.57318,12.55491,12.53664,12.51837,12.50019,12.48192,12.46365,12.44538,12.42711,12.40884,12.39066,12.37239,12.35421,12.33603,12.31794,12.29976,12.28176,12.263670000000001,12.24576,12.22776,12.20994,12.19212,12.17439,12.15675,12.1392,12.12165,12.10428,12.087,12.06981,12.0528,12.03588,12.01905,12.0024,11.985840000000001,11.96946,11.95326,11.937240000000001,11.9214,11.90574,11.89026,11.87496,11.85984,11.84499,11.83032,11.81592,11.8017,11.787840000000001,11.77407,11.76066,11.74752,11.73456,11.721960000000001,11.70963,11.697569999999999,11.68578,11.67435,11.66319,11.65239,11.64186,11.6316,11.6217,11.612160000000001,11.60289,11.59398,11.58543,11.57715,11.56923,11.56167,11.55438,11.547450000000001,11.54088,11.53467,11.52873,11.52315,11.51784,11.512979999999999,11.5083,11.50407,11.50002,11.49633,11.493,11.48994,11.487150000000002,11.48472,11.482470000000001,11.48058,11.47887,11.47752,11.47635,11.47554,11.474910000000001,11.47446,11.47428,11.47437,11.474639999999999,11.47509,11.47572,11.47662,11.47761,11.47887,11.480220000000001,11.48175,11.48346,11.48526,11.48724,11.48931,11.49156,11.49381,11.49624,11.498850000000001,11.501460000000002,11.50416,11.506950000000002,11.50974,11.51271,11.51568,11.518740000000001,11.5218,11.52486,11.52801,11.53125,11.534400000000002,11.53764,11.54088,11.544120000000001,11.547450000000001,11.55069,11.55393,11.557170000000001,11.560410000000001,11.563649999999999,11.5668,11.57004,11.57319,11.576250000000002,11.5794,11.582460000000001,11.58543,11.5884,11.591370000000001,11.59425,11.59713,11.599920000000001,11.60262,11.60532,11.607930000000001,11.61054,11.61297,11.615400000000001,11.61783,11.620170000000002,11.62242,11.62458,11.62665,11.62872,11.630700000000001,11.6325,11.63439,11.6361,11.63772,11.63934,11.640780000000001,11.64222,11.64357,11.644739999999999,11.64591,11.64699,11.64798,11.64888,11.649690000000001,11.65041,11.65095,11.651489999999999,11.65194,11.6523,11.65248,11.652660000000001,11.652660000000001,11.65257,11.65239,11.65212,11.651760000000001,11.65131,11.65077,11.65005,11.64924,11.648340000000001,11.64735,11.646270000000001,11.645010000000001,11.64366,11.64222,11.640690000000001,11.63898,11.637179999999999,11.635290000000001,11.63331,11.631150000000002,11.6289,11.62656,11.62413,11.62152,11.618820000000001,11.61603,11.613059999999999,11.610000000000001,11.60685,11.60361,11.60019,11.59668,11.59308,11.58939,11.585609999999999,11.58165,11.5776,11.57346,11.56923,11.56491,11.560500000000001,11.556000000000001,11.55132,11.54664,11.54178,11.53692,11.53197,11.52693,11.5218,11.516580000000001,11.51127,11.50596,11.50056,11.49507,11.48958,11.484,11.47842,11.472750000000001,11.46699,11.46123,11.455470000000002,11.44971,11.44386,11.43801,11.432160000000001,11.42622,11.42037,11.414430000000001,11.40849,11.402640000000002,11.396700000000001,11.39076,11.384910000000001,11.37897,11.37312,11.36727,11.361419999999999,11.35557,11.34972,11.343960000000001,11.3382,11.33235,11.326590000000001,11.320829999999999,11.31516,11.3094,11.30364,11.297970000000001,11.29221,11.28645,11.28069,11.27493,11.26908,11.26323,11.257380000000001,11.25144,11.24541,11.23938,11.23317,11.22696,11.22057,11.21409,11.20752,11.20077,11.19393,11.18682,11.17962,11.17215,11.1645,11.15658,11.148480000000001,11.140020000000002,11.13129,11.122290000000001,11.11302,11.1033,11.093219999999999,11.08287,11.07198,11.06073,11.04903,11.03688,11.02419,11.011050000000001,10.997280000000002,10.98306,10.96812,10.95264,10.93653,10.91979,10.90233,10.88415,10.86525,10.845630000000002,10.82511,10.803870000000002,10.78173,10.758690000000001,10.73484,10.71,10.68417,10.657350000000001,10.62954,10.600740000000002,10.570770000000001,10.53972,10.50759,10.4742,10.43973,10.403910000000002,10.36692,10.32858,10.28907,10.24812,10.205820000000001,10.16217,10.117170000000002,10.070730000000001,10.02294,9.973709999999999,9.92304,9.871020000000001,9.81765,9.76293,9.706859999999999,9.64953,9.591030000000002,9.531450000000001,9.47079,9.409320000000001,9.34713,9.284400000000002,9.221219999999999,9.15804,9.094949999999999,9.03231,8.970471,8.909820000000002,8.850753000000001,8.793729,8.739225000000001,8.687771999999999,8.639883,8.596125,8.557038,8.523162,8.495019000000001,8.473095,8.457813,8.449542,8.44857,8.455086,8.469198,8.490915000000001,8.520138000000001,8.556705000000001,8.600337,8.65071,8.70741,8.770014,8.838045000000001,8.910999,8.988399,9.06975,9.15453,9.24228,9.33264,9.42516,9.51948,9.61524,9.71217,9.80991,9.90828,10.0071,10.1061,10.20519,10.3041,10.40283,10.501290000000001,10.5993,10.696860000000001,10.79388,10.890270000000001,10.98612,11.08125,11.17566,11.26944,11.3625,11.454930000000001,11.54655,11.637450000000001,11.72772,11.81727,11.9061,11.99421,12.08169
16.57602,16.53462,16.49349,16.45254,16.41177,16.371270000000003,16.330949999999998,16.29081,16.25094,16.21125,16.17174,16.1325,16.09344,16.05465,16.01604,15.9777,15.93954,15.901650000000002,15.86394,15.826500000000001,15.789240000000001,15.752250000000002,15.715530000000001,15.678989999999999,15.64272,15.606720000000001,15.570899999999998,15.535350000000001,15.500070000000001,15.46497,15.430140000000002,15.39558,15.361290000000002,15.32727,15.293429999999999,15.259860000000002,15.22656,15.193439999999999,15.16068,15.128100000000002,15.09579,15.06375,15.03198,15.000480000000001,14.96925,14.9382,14.90742,14.876910000000002,14.846670000000001,14.8167,14.787,14.757570000000001,14.72832,14.69934,14.67063,14.642190000000001,14.61402,14.586030000000001,14.558399999999999,14.530949999999999,14.503680000000001,14.47677,14.45004,14.42358,14.39739,14.37138,14.345640000000001,14.320170000000001,14.294880000000001,14.26986,14.24502,14.22045,14.196060000000001,14.171940000000001,14.148000000000001,14.12433,14.10084,14.077530000000001,14.0544,14.03154,14.00886,13.98636,13.96413,13.94199,13.920119999999999,13.898340000000001,13.87683,13.855410000000001,13.83417,13.8132,13.79232,13.77153,13.75101,13.73058,13.710239999999999,13.69017,13.6701,13.65021,13.6305,13.610880000000002,13.59135,13.572000000000001,13.55265,13.53348,13.5144,13.49541,13.476600000000001,13.45779,13.43907,13.420350000000001,13.401810000000001,13.38336,13.36491,13.34655,13.328190000000001,13.30992,13.291739999999999,13.27356,13.255379999999999,13.23729,13.21929,13.2012,13.1832,13.16529,13.14729,13.129380000000001,13.11147,13.09347,13.07556,13.05765,13.03974,13.02183,13.00392,12.98601,12.968100000000002,12.95019,12.93219,12.91428,12.89628,12.87828,12.86028,12.84219,12.82419,12.806099999999999,12.78801,12.76983,12.75165,12.73356,12.71529,12.69711,12.678840000000001,12.66057,12.6423,12.62403,12.60567,12.58731,12.568950000000001,12.55059,12.53223,12.51378,12.495420000000001,12.476970000000001,12.45852,12.44016,12.421710000000001,12.40326,12.3849,12.36654,12.348180000000001,12.32982,12.31146,12.293190000000001,12.27492,12.25674,12.23856,12.22038,12.20238,12.18438,12.16647,12.14856,12.13083,12.1131,12.095550000000001,12.07809,12.06072,12.04344,12.026250000000001,12.00933,11.99241,11.975670000000001,11.95911,11.942730000000001,11.92653,11.91042,11.894580000000001,11.87892,11.86344,11.84814,11.83311,11.81826,11.80368,11.78928,11.77524,11.761379999999999,11.74779,11.73447,11.72142,11.70864,11.69622,11.68398,11.672189999999999,11.660580000000001,11.64933,11.63835,11.62782,11.61747,11.607569999999999,11.59794,11.58858,11.57967,11.57103,11.562750000000001,11.554829999999999,11.54727,11.54007,11.533140000000001,11.52657,11.52036,11.514510000000001,11.509020000000001,11.5038,11.498940000000001,11.494439999999999,11.49021,11.48634,11.48274,11.479500000000002,11.47662,11.47392,11.47167,11.4696,11.4678,11.46636,11.465100000000001,11.4642,11.46348,11.463030000000002,11.46285,11.46285,11.46312,11.463569999999999,11.4642,11.465100000000001,11.46618,11.46744,11.46888,11.47041,11.47221,11.4741,11.476170000000002,11.47833,11.48067,11.4831,11.485619999999999,11.48832,11.491019999999999,11.493900000000002,11.496780000000001,11.49984,11.5029,11.50596,11.5092,11.512440000000002,11.51568,11.51901,11.52234,11.52576,11.52909,11.53251,11.53593,11.53935,11.542860000000001,11.546280000000001,11.5497,11.553030000000001,11.55645,11.559780000000002,11.5632,11.56644,11.56977,11.57301,11.576250000000002,11.5794,11.582550000000001,11.585609999999999,11.58867,11.59164,11.59461,11.59749,11.600280000000001,11.60307,11.605770000000001,11.60838,11.6109,11.613420000000001,11.61585,11.61819,11.62053,11.62269,11.62485,11.62692,11.6289,11.63079,11.63259,11.6343,11.63592,11.63754,11.63898,11.64033,11.641680000000001,11.642850000000001,11.64402,11.645010000000001,11.64591,11.64672,11.64744,11.64807,11.64861,11.64906,11.64942,11.649690000000001,11.64978,11.64978,11.64978,11.649600000000001,11.64924,11.64888,11.648340000000001,11.64771,11.64699,11.646180000000001,11.64519,11.644200000000001,11.64303,11.641680000000001,11.64033,11.6388,11.63709,11.635380000000001,11.63349,11.63151,11.62935,11.62719,11.62476,11.62233,11.619720000000001,11.61702,11.614230000000001,11.611260000000001,11.6082,11.60496,11.60172,11.5983,11.5947,11.591099999999999,11.58732,11.58336,11.5794,11.57526,11.57103,11.56671,11.5623,11.5578,11.55312,11.548350000000001,11.54349,11.538630000000001,11.53359,11.52846,11.52324,11.517930000000002,11.51253,11.50713,11.50155,11.495970000000002,11.4903,11.48454,11.47878,11.47293,11.46708,11.46114,11.45511,11.44908,11.44305,11.43693,11.430810000000001,11.42469,11.41857,11.412360000000001,11.40615,11.400030000000001,11.393820000000002,11.38761,11.381490000000001,11.37528,11.36916,11.362950000000001,11.35683,11.350710000000001,11.34468,11.33856,11.33253,11.326590000000001,11.32056,11.31462,11.30868,11.30274,11.29689,11.29104,11.28519,11.279340000000001,11.27349,11.26773,11.26188,11.256120000000001,11.25027,11.24451,11.23866,11.23272,11.22678,11.220839999999999,11.21481,11.20878,11.20257,11.19636,11.189969999999999,11.18349,11.176919999999999,11.17017,11.163240000000002,11.15613,11.14893,11.14146,11.13372,11.1258,11.11761,11.109150000000001,11.10042,11.091420000000001,11.08197,11.07225,11.06217,11.05164,11.040750000000001,11.02941,11.017619999999999,11.00529,10.992510000000001,10.97928,10.96542,10.95102,10.93599,10.920420000000002,10.90413,10.88721,10.86957,10.85121,10.83222,10.812330000000001,10.79172,10.7703,10.74798,10.72485,10.70082,10.6758,10.64988,10.62297,10.59507,10.56618,10.536209999999999,10.50516,10.47294,10.43964,10.40517,10.36953,10.33272,10.294649999999999,10.25541,10.21482,10.172970000000001,10.12995,10.08558,10.039950000000001,9.992970000000001,9.94482,9.89532,9.84465,9.792810000000001,9.739799999999999,9.68571,9.63063,9.57465,9.51786,9.46035,9.4023,9.34389,9.285300000000001,9.2268,9.16857,9.11097,9.054359999999999,8.99892,8.945172000000001,8.893485,8.844291,8.798049,8.755236,8.716329,8.681805,8.652141,8.627778000000001,8.60913,8.596566000000001,8.590383,8.590850999999999,8.598123000000001,8.612298,8.633376,8.661303,8.695926000000002,8.737029,8.784324,8.837496,8.896158,8.959914000000001,9.02835,9.10098,9.177480000000001,9.25731,9.340200000000001,9.425609999999999,9.51318,9.602730000000001,9.69381,9.786150000000001,9.879480000000001,9.97362,10.068389999999999,10.16343,10.25874,10.35423,10.44954,10.54476,10.6398,10.73439,10.828710000000001,10.92258,11.01591,11.10879,11.20104,11.29275,11.38392,11.47446,11.56437,11.65374,11.74248,11.8305,11.91807,12.00492,12.09123
16.573050000000002,16.531740000000003,16.49061,16.44966,16.40898,16.36848,16.32816,16.28802,16.24815,16.20855,16.16904,16.12989,16.09083,16.05204,16.01352,15.97518,15.937019999999999,15.899130000000001,15.861509999999999,15.82407,15.786900000000001,15.74991,15.713189999999999,15.676740000000002,15.64047,15.604470000000001,15.56874,15.533190000000001,15.49791,15.462900000000001,15.428159999999998,15.3936,15.359309999999999,15.325289999999999,15.291450000000001,15.257969999999998,15.22467,15.19164,15.15888,15.126389999999999,15.09408,15.062130000000002,15.030359999999998,14.998860000000002,14.967630000000002,14.93667,14.905890000000001,14.875470000000002,14.845230000000003,14.81535,14.78565,14.756130000000002,14.72697,14.69808,14.669369999999999,14.64093,14.61276,14.58486,14.557230000000002,14.529780000000002,14.502600000000001,14.47569,14.449050000000002,14.42259,14.3964,14.37039,14.34474,14.31918,14.29398,14.26896,14.24412,14.21955,14.195250000000001,14.17113,14.14719,14.123520000000001,14.10003,14.07681,14.05368,14.03082,14.008140000000001,13.98573,13.963410000000001,13.94136,13.9194,13.89771,13.876199999999999,13.85478,13.83354,13.812570000000001,13.7916,13.770900000000001,13.75038,13.72995,13.709610000000001,13.68945,13.66947,13.64958,13.62987,13.61016,13.59072,13.57128,13.55193,13.532760000000001,13.51368,13.49469,13.47579,13.45698,13.438170000000001,13.419540000000001,13.400910000000001,13.382370000000002,13.36392,13.34556,13.3272,13.30893,13.29066,13.27239,13.2543,13.23612,13.21803,13.199940000000002,13.18185,13.16385,13.145850000000001,13.127849999999999,13.10985,13.09185,13.07394,13.055940000000001,13.037939999999999,13.01994,13.00203,12.98403,12.966030000000002,12.94794,12.92994,12.911850000000001,12.89385,12.87576,12.857579999999999,12.83949,12.82131,12.80313,12.78495,12.766680000000001,12.74841,12.73014,12.71187,12.69351,12.67515,12.6567,12.638340000000001,12.61989,12.60144,12.5829,12.56445,12.54591,12.52737,12.50883,12.4902,12.47166,12.45312,12.43449,12.41595,12.39732,12.37878,12.360149999999999,12.34161,12.32307,12.30462,12.28608,12.267629999999999,12.249270000000001,12.23091,12.21255,12.194280000000001,12.1761,12.15801,12.13992,12.12192,12.1041,12.08628,12.06855,12.051,12.03354,12.01617,11.998980000000001,11.98188,11.96496,11.94813,11.93157,11.9151,11.898810000000001,11.88279,11.866859999999999,11.8512,11.83572,11.82051,11.805480000000001,11.79072,11.77614,11.76192,11.74788,11.734110000000001,11.72061,11.70747,11.6946,11.68191,11.66967,11.6577,11.645999999999999,11.63466,11.62359,11.61288,11.60253,11.59245,11.58282,11.57346,11.56446,11.55582,11.547540000000001,11.53962,11.53206,11.52477,11.517930000000002,11.51145,11.50524,11.49948,11.49399,11.48886,11.48409,11.47968,11.47554,11.47176,11.46834,11.465190000000002,11.4624,11.45997,11.45772,11.45583,11.4543,11.452950000000001,11.45196,11.45115,11.450700000000001,11.45043,11.45043,11.45061,11.45106,11.45178,11.452679999999999,11.45376,11.45511,11.45655,11.458169999999999,11.46006,11.46204,11.4642,11.466450000000002,11.46888,11.471400000000001,11.4741,11.476890000000001,11.47977,11.48274,11.485800000000001,11.488949999999999,11.49219,11.49543,11.49876,11.502180000000001,11.505600000000001,11.509110000000002,11.51262,11.51622,11.51973,11.52333,11.52693,11.53053,11.53413,11.537820000000002,11.54142,11.54493,11.54853,11.55204,11.55564,11.55906,11.562570000000001,11.565990000000001,11.569410000000001,11.57274,11.57598,11.57931,11.582460000000001,11.585609999999999,11.58867,11.59173,11.5947,11.59758,11.60046,11.603250000000001,11.60595,11.60856,11.61108,11.6136,11.61594,11.61828,11.62053,11.62269,11.62476,11.62674,11.62872,11.63052,11.63223,11.63385,11.635380000000001,11.63682,11.63826,11.639520000000001,11.640690000000001,11.641680000000001,11.642669999999999,11.64357,11.64429,11.645010000000001,11.64555,11.645999999999999,11.646360000000001,11.64663,11.64672,11.64681,11.64672,11.64654,11.646180000000001,11.64582,11.64528,11.64465,11.64384,11.64303,11.642040000000001,11.640870000000001,11.6397,11.63835,11.63691,11.635290000000001,11.63358,11.631689999999999,11.629800000000001,11.627730000000001,11.62548,11.623140000000001,11.620709999999999,11.6181,11.615400000000001,11.61261,11.60964,11.606580000000001,11.60343,11.6001,11.596589999999999,11.59308,11.58939,11.58552,11.58165,11.57751,11.573369999999999,11.56905,11.56473,11.56014,11.55555,11.55078,11.545919999999999,11.54097,11.53593,11.5308,11.525490000000001,11.52018,11.51469,11.5092,11.503530000000001,11.49786,11.4921,11.48616,11.480310000000001,11.47428,11.46825,11.46213,11.45592,11.44971,11.44341,11.43711,11.430719999999999,11.42433,11.41794,11.411550000000002,11.40507,11.39859,11.39211,11.38563,11.37915,11.37276,11.366280000000001,11.3598,11.35332,11.34693,11.34054,11.334150000000001,11.32785,11.32155,11.31525,11.30904,11.30283,11.296710000000001,11.2905,11.28447,11.27835,11.27241,11.26638,11.26044,11.2545,11.24865,11.242709999999999,11.23686,11.23101,11.22516,11.21931,11.213460000000001,11.20761,11.20176,11.19582,11.18988,11.183850000000001,11.17773,11.171610000000001,11.165310000000002,11.15901,11.15253,11.14596,11.13921,11.13228,11.12526,11.117970000000001,11.1105,11.10285,11.09493,11.08674,11.078280000000001,11.069460000000001,11.06037,11.05101,11.041200000000002,11.031030000000001,11.0205,11.00952,10.998090000000001,10.98621,10.97388,10.96101,10.9476,10.93365,10.919160000000002,10.90404,10.888290000000001,10.87191,10.8549,10.83717,10.81863,10.79946,10.77948,10.75878,10.73718,10.714770000000001,10.691550000000001,10.667430000000001,10.64232,10.6164,10.5894,10.5615,10.53261,10.502640000000001,10.471589999999999,10.43955,10.40634,10.37214,10.336680000000001,10.300139999999999,10.26252,10.223640000000001,10.18368,10.14246,10.10007,10.0566,10.01187,9.96606,9.919080000000001,9.87111,9.82206,9.77202,9.72099,9.66915,9.61659,9.5634,9.50967,9.45558,9.40131,9.346950000000001,9.292860000000001,9.239220000000001,9.186300000000001,9.13437,9.08379,9.03492,8.988129,8.943759,8.902242,8.864001000000002,8.829459000000002,8.799039,8.773128000000002,8.75214,8.736417,8.726265,8.721972,8.723736,8.73171,8.745966,8.76654,8.793351000000001,8.8263,8.865207,8.909820000000002,8.959887,9.015030000000001,9.075059999999999,9.13941,9.20781,9.2799,9.35532,9.43362,9.51453,9.59769,9.68283,9.7695,9.85761,9.94689,10.03707,10.12797,10.219410000000002,10.311209999999999,10.40319,10.49535,10.58751,10.67958,10.771469999999999,10.86309,10.95444,11.04552,11.13606,11.226239999999999,11.31597,11.40525,11.49399,11.582279999999999,11.67003,11.75724,11.843910000000001,11.93013,12.01572,12.100859999999999
16.56972,16.52841,16.48728,16.446420000000003,16.40574,16.36524,16.32492,16.28487,16.245,16.2054,16.16598,16.12674,16.08777,16.04907,16.010460000000002,15.97221,15.93414,15.896250000000002,15.85863,15.821190000000001,15.784020000000002,15.74712,15.7104,15.673950000000001,15.63777,15.60177,15.566040000000001,15.53058,15.495299999999999,15.46038,15.425550000000001,15.391079999999999,15.356789999999998,15.322860000000002,15.28911,15.255540000000002,15.22233,15.1893,15.156629999999998,15.12414,15.09192,15.05988,15.0282,14.9967,14.96556,14.934600000000001,14.90391,14.87349,14.84325,14.813369999999999,14.78367,14.75424,14.72508,14.696190000000001,14.66757,14.63922,14.61105,14.583149999999998,14.55552,14.52807,14.500980000000002,14.474070000000001,14.447430000000002,14.420969999999999,14.394870000000001,14.368860000000002,14.34321,14.31774,14.292539999999999,14.267520000000001,14.24277,14.2182,14.193900000000001,14.16978,14.145930000000002,14.12217,14.09877,14.07546,14.05242,14.02956,14.00697,13.98447,13.962240000000001,13.940190000000001,13.918230000000001,13.89654,13.87503,13.85361,13.832460000000001,13.8114,13.79052,13.76982,13.74921,13.72878,13.70853,13.68837,13.6683,13.64841,13.6287,13.60908,13.589550000000001,13.57011,13.55076,13.53159,13.51251,13.49343,13.47453,13.45572,13.436910000000001,13.418280000000001,13.399650000000001,13.381110000000001,13.362570000000002,13.34412,13.32576,13.3074,13.28913,13.270950000000001,13.25268,13.2345,13.216410000000002,13.19823,13.180140000000002,13.162139999999999,13.14405,13.125960000000001,13.10796,13.08987,13.07187,13.053870000000002,13.035779999999999,13.01778,12.999690000000001,12.9816,12.963510000000001,12.94542,12.92733,12.90915,12.89106,12.87288,12.85461,12.83643,12.81816,12.79989,12.78153,12.76326,12.74481,12.72645,12.708,12.68955,12.671100000000001,12.652560000000001,12.634020000000001,12.61539,12.59685,12.57822,12.5595,12.54087,12.522150000000002,12.50343,12.48471,12.465990000000001,12.44727,12.428460000000001,12.409740000000001,12.390929999999999,12.37221,12.35349,12.334769999999999,12.31596,12.29733,12.278609999999999,12.25998,12.24135,12.22281,12.20427,12.18582,12.16737,12.14901,12.130740000000001,12.11256,12.09447,12.07647,12.05856,12.040740000000001,12.023010000000001,12.00546,11.988000000000001,11.97072,11.95353,11.93652,11.91969,11.90304,11.88657,11.87028,11.85417,11.838330000000001,11.82267,11.80719,11.79198,11.77704,11.76228,11.74779,11.73366,11.719710000000001,11.70603,11.69271,11.67966,11.66688,11.65446,11.64231,11.63052,11.61909,11.607930000000001,11.59713,11.58669,11.57661,11.5668,11.55744,11.54844,11.53971,11.53143,11.52351,11.51595,11.50866,11.50182,11.49534,11.489220000000001,11.48346,11.47806,11.47302,11.46834,11.46402,11.46006,11.45637,11.45304,11.45007,11.447460000000001,11.44512,11.44305,11.44134,11.4399,11.43882,11.43792,11.43738,11.43711,11.43702,11.43729,11.437740000000002,11.43837,11.43927,11.44044,11.441790000000001,11.44332,11.44503,11.44692,11.44899,11.45115,11.45358,11.4561,11.4588,11.46159,11.46447,11.46744,11.470590000000001,11.47383,11.47716,11.48049,11.48391,11.48751,11.491019999999999,11.494710000000001,11.49831,11.501999999999999,11.50578,11.50956,11.513340000000001,11.51712,11.520900000000001,11.52468,11.528550000000001,11.532330000000002,11.53611,11.5398,11.54358,11.54727,11.55096,11.55465,11.55825,11.561850000000002,11.56536,11.56878,11.5722,11.57562,11.57895,11.58219,11.58543,11.58849,11.59155,11.59461,11.59749,11.60037,11.60316,11.605770000000001,11.60847,11.61099,11.613420000000001,11.61576,11.6181,11.62026,11.62233,11.624400000000001,11.626290000000001,11.62809,11.629800000000001,11.63151,11.63304,11.63448,11.63574,11.637,11.63817,11.63916,11.64006,11.64096,11.64159,11.64222,11.64276,11.64312,11.64339,11.64357,11.64357,11.64348,11.6433,11.64303,11.64258,11.642040000000001,11.64141,11.6406,11.6397,11.638710000000001,11.63754,11.63628,11.63493,11.6334,11.631780000000001,11.62998,11.62809,11.62611,11.62395,11.62161,11.61918,11.616660000000001,11.61396,11.611170000000001,11.60829,11.60523,11.60199,11.59866,11.59524,11.59164,11.587950000000001,11.58408,11.580119999999999,11.57607,11.57184,11.56752,11.56302,11.558430000000001,11.55375,11.54898,11.544030000000001,11.53899,11.53377,11.528550000000001,11.52315,11.51766,11.512080000000001,11.50641,11.50065,11.4948,11.48877,11.48274,11.47662,11.47041,11.4642,11.45781,11.45142,11.44503,11.438460000000001,11.43189,11.425320000000001,11.418660000000001,11.412,11.40525,11.3985,11.39175,11.385,11.37825,11.3715,11.36466,11.35791,11.35116,11.344410000000002,11.337660000000001,11.331,11.32425,11.317590000000001,11.311020000000001,11.30445,11.297880000000001,11.2914,11.28501,11.27862,11.27223,11.265929999999999,11.25972,11.25351,11.247300000000001,11.24118,11.235149999999999,11.229120000000002,11.223180000000001,11.21724,11.211300000000001,11.20545,11.19951,11.193660000000001,11.187809999999999,11.18196,11.17611,11.17026,11.16441,11.158470000000001,11.15244,11.14641,11.14029,11.13408,11.127690000000001,11.1213,11.11473,11.10807,11.101140000000001,11.09412,11.08692,11.07945,11.0718,11.063880000000001,11.05569,11.047229999999999,11.0385,11.02941,11.019960000000001,11.01015,10.99998,10.98936,10.97838,10.96686,10.95498,10.94256,10.9296,10.91619,10.90215,10.88757,10.872359999999999,10.85652,10.84005,10.82286,10.80504,10.7865,10.76724,10.74717,10.72629,10.70469,10.68219,10.65888,10.63476,10.60965,10.58364,10.55673,10.528830000000001,10.50003,10.47015,10.43928,10.40742,10.37448,10.34055,10.30554,10.26945,10.23219,10.19394,10.15461,10.11429,10.0728,10.03032,9.98676,9.942300000000001,9.89676,9.85041,9.80316,9.75519,9.7065,9.65718,9.60741,9.55728,9.50688,9.456389999999999,9.406080000000001,9.35613,9.30672,9.25812,9.2106,9.164520000000001,9.12015,9.07776,9.03771,9.00054,8.966412,8.935803,8.909055,8.886528,8.868554999999999,8.855442,8.847468000000001,8.844866999999999,8.84781,8.856432,8.870805,8.890947,8.916822,8.948331,8.985312,9.02763,9.07488,9.12699,9.1836,9.244439999999999,9.30906,9.37719,9.44856,9.52281,9.59958,9.6786,9.759599999999999,9.842310000000001,9.92655,10.01196,10.09845,10.18575,10.27368,10.362150000000002,10.45098,10.54008,10.62927,10.71855,10.80783,10.89693,10.98594,11.07459,11.16306,11.25126,11.33901,11.42649,11.51352,11.6001,11.68632,11.77209,11.85741,11.94219,12.02661,12.11058
16.56603,16.524810000000002,16.48368,16.44282,16.40214,16.36164,16.32141,16.28136,16.24149,16.20189,16.162470000000003,16.12332,16.08435,16.04565,16.00713,15.968789999999998,15.93072,15.89292,15.855300000000002,15.817950000000002,15.780779999999998,15.743880000000003,15.70725,15.6708,15.63462,15.598620000000002,15.562980000000001,15.52752,15.49224,15.457320000000001,15.42258,15.38811,15.353819999999999,15.31989,15.286140000000001,15.252659999999999,15.21945,15.18651,15.153749999999999,15.121350000000001,15.089129999999999,15.05718,15.025500000000001,14.99409,14.96286,14.93199,14.901299999999999,14.87088,14.840729999999999,14.810849999999999,14.78124,14.751809999999999,14.72274,14.69385,14.66523,14.636880000000001,14.60871,14.580900000000002,14.553270000000001,14.525910000000001,14.49873,14.47191,14.44527,14.4189,14.39271,14.366790000000002,14.34114,14.31576,14.29047,14.26554,14.24079,14.21622,14.191920000000001,14.167890000000002,14.14404,14.12037,14.09688,14.07366,14.05062,14.027849999999999,14.00517,13.98276,13.96053,13.93839,13.91652,13.89483,13.87332,13.85199,13.83075,13.809780000000002,13.7889,13.7682,13.74759,13.72716,13.70691,13.68675,13.66677,13.64688,13.62708,13.607460000000001,13.58793,13.56849,13.549140000000001,13.52997,13.51089,13.491810000000001,13.47291,13.45401,13.43529,13.41657,13.39794,13.37931,13.36086,13.34232,13.32396,13.3056,13.28733,13.26897,13.25079,13.232520000000001,13.214340000000002,13.19625,13.17807,13.15998,13.14189,13.123709999999999,13.10562,13.087530000000001,13.06944,13.051350000000001,13.03326,13.01517,12.99699,12.9789,12.96072,12.94254,12.92436,12.906179999999999,12.887910000000002,12.86964,12.85137,12.833010000000002,12.81465,12.79629,12.77784,12.75939,12.74094,12.7224,12.703859999999999,12.68523,12.66669,12.64797,12.629340000000001,12.610619999999999,12.5919,12.57309,12.55428,12.53547,12.51657,12.49776,12.47886,12.45996,12.44106,12.422070000000001,12.40317,12.384179999999999,12.36528,12.34629,12.327390000000001,12.30849,12.289589999999999,12.27069,12.251880000000002,12.23298,12.214260000000001,12.19554,12.17682,12.158190000000001,12.13965,12.12111,12.10266,12.084389999999999,12.066120000000002,12.04794,12.02994,12.011940000000001,11.99421,11.97648,11.958929999999999,11.94156,11.92437,11.90727,11.89035,11.8737,11.85714,11.84085,11.82474,11.808810000000001,11.79315,11.777759999999999,11.76255,11.74761,11.73303,11.71863,11.704500000000001,11.69064,11.677140000000001,11.66391,11.65104,11.63844,11.626199999999999,11.614230000000001,11.60271,11.591460000000001,11.58057,11.56995,11.559780000000002,11.54997,11.54052,11.53143,11.52279,11.51442,11.5065,11.498850000000001,11.49165,11.48481,11.47842,11.4723,11.46663,11.46132,11.45637,11.451690000000001,11.447460000000001,11.44359,11.44008,11.43693,11.43405,11.43153,11.429369999999999,11.427480000000001,11.42595,11.42478,11.42379,11.42316,11.4228,11.42271,11.42289,11.423340000000001,11.42397,11.42496,11.42604,11.42739,11.42901,11.430810000000001,11.432789999999999,11.434859999999999,11.4372,11.439720000000001,11.44233,11.44512,11.448,11.45106,11.454210000000002,11.457540000000002,11.46087,11.46438,11.46789,11.471490000000001,11.47518,11.47896,11.48283,11.48661,11.49057,11.494439999999999,11.4984,11.50245,11.50641,11.510370000000002,11.51442,11.51838,11.52243,11.526390000000001,11.53035,11.53431,11.53818,11.54214,11.545919999999999,11.54979,11.55357,11.557260000000001,11.56095,11.56455,11.568060000000001,11.571570000000001,11.57508,11.57841,11.581740000000002,11.58498,11.58813,11.59119,11.59425,11.59713,11.60001,11.60271,11.605410000000001,11.60802,11.61054,11.61297,11.615219999999999,11.61747,11.61963,11.62161,11.62359,11.62539,11.6271,11.62881,11.63034,11.631689999999999,11.63304,11.63421,11.635380000000001,11.63637,11.637179999999999,11.63799,11.638620000000001,11.63916,11.639610000000001,11.63988,11.64006,11.64015,11.64015,11.63997,11.6397,11.639249999999999,11.638710000000001,11.63808,11.637270000000001,11.63637,11.635290000000001,11.634120000000001,11.63286,11.63142,11.629890000000001,11.62818,11.626380000000001,11.624400000000001,11.62233,11.62008,11.61774,11.615310000000001,11.6127,11.609910000000001,11.60703,11.60397,11.600819999999999,11.59749,11.59407,11.59056,11.586780000000001,11.583,11.57904,11.574900000000001,11.57067,11.56635,11.561850000000002,11.557170000000001,11.5524,11.547540000000001,11.54259,11.53746,11.53215,11.526840000000002,11.521350000000002,11.51577,11.51001,11.50425,11.49831,11.49228,11.48625,11.480039999999999,11.47374,11.46735,11.46087,11.4543,11.44773,11.441070000000002,11.434320000000001,11.427480000000001,11.42064,11.41371,11.406780000000001,11.39976,11.39283,11.385720000000001,11.3787,11.37159,11.36448,11.357370000000001,11.35035,11.34324,11.33613,11.32911,11.322000000000001,11.31498,11.308050000000001,11.301120000000001,11.29419,11.28735,11.28051,11.273760000000001,11.26701,11.26035,11.25378,11.24721,11.24073,11.23434,11.22804,11.22174,11.215530000000001,11.20932,11.2032,11.19717,11.19114,11.185200000000002,11.179260000000001,11.17332,11.167470000000002,11.16171,11.15586,11.15001,11.144250000000001,11.138399999999999,11.13255,11.12661,11.120669999999999,11.11473,11.10861,11.10249,11.09619,11.08989,11.08332,11.07666,11.06991,11.06289,11.05569,11.04831,11.04066,11.032829999999999,11.02464,11.01618,11.00745,10.99836,10.988909999999999,10.97919,10.96893,10.958400000000001,10.947330000000001,10.93581,10.92384,10.91142,10.898460000000002,10.884870000000001,10.87083,10.856160000000001,10.840860000000001,10.82502,10.80846,10.791269999999999,10.77336,10.75473,10.735380000000001,10.71531,10.69443,10.67274,10.65033,10.62702,10.602810000000002,10.57779,10.55187,10.52496,10.497240000000001,10.468530000000001,10.438920000000001,10.40832,10.37673,10.344149999999999,10.310580000000002,10.27602,10.24047,10.20393,10.1664,10.12797,10.088460000000001,10.04814,10.00683,9.96462,9.9216,9.87786,9.83331,9.78822,9.7425,9.69624,9.64971,9.60291,9.55611,9.50922,9.46269,9.41652,9.37107,9.32652,9.283050000000001,9.241019999999999,9.200700000000001,9.162360000000001,9.12636,9.093060000000001,9.06273,9.03564,9.01224,8.992701,8.977446,8.966690999999999,8.96067,8.959581,8.963604,8.972829,8.987337,9.007109999999999,9.03222,9.06246,9.09774,9.13797,9.18288,9.23229,9.28593,9.343440000000001,9.40473,9.46935,9.53703,9.607500000000002,9.68058,9.75582,9.83313,9.91215,9.9927,10.0746,10.15758,10.24155,10.32624,10.411560000000001,10.49742,10.583549999999999,10.67004,10.75662,10.84338,10.930050000000001,11.016720000000001,11.10321,11.18961,11.275830000000001,11.361690000000001,11.447370000000001,11.53269,11.61774,11.702430000000001,11.78676,11.87073,11.95434,12.03759,12.12039
16.562070000000002,16.520760000000003,16.47972,16.438860000000002,16.39818,16.357680000000002,16.31745,16.2774,16.23762,16.198020000000003,16.1586,16.11945,16.08048,16.041780000000003,16.00326,15.965010000000001,15.92694,15.88914,15.85152,15.81417,15.777090000000001,15.74019,15.70356,15.667110000000001,15.63093,15.59502,15.55938,15.52392,15.488730000000002,15.45381,15.419070000000001,15.3846,15.3504,15.31647,15.28272,15.24933,15.21612,15.18318,15.15051,15.11802,15.085890000000001,15.05394,15.022260000000001,14.990850000000002,14.959710000000001,14.92884,14.89815,14.86782,14.837670000000001,14.807789999999999,14.77818,14.74884,14.71977,14.69088,14.66226,14.634000000000002,14.60592,14.57802,14.550480000000002,14.52312,14.496030000000001,14.469209999999999,14.44257,14.416200000000002,14.3901,14.364180000000001,14.33853,14.31315,14.28795,14.26302,14.23827,14.213790000000001,14.18949,14.16546,14.14161,14.11794,14.09454,14.07132,14.04837,14.02551,14.00292,13.980509999999999,13.95828,13.93623,13.91436,13.892669999999999,13.87116,13.84983,13.82859,13.80762,13.78674,13.76604,13.74552,13.72509,13.704749999999999,13.68468,13.66461,13.64481,13.62501,13.605390000000002,13.58586,13.56642,13.547070000000001,13.5279,13.50873,13.48974,13.470749999999999,13.45194,13.43313,13.41441,13.39578,13.37715,13.35861,13.340160000000001,13.32171,13.30335,13.28499,13.266720000000001,13.24845,13.23018,13.212,13.19382,13.17564,13.15746,13.13928,13.12119,13.10301,13.08483,13.06674,13.04856,13.03038,13.0122,12.994019999999999,12.97584,12.95757,12.939390000000001,12.92112,12.902759999999999,12.884490000000001,12.86613,12.84768,12.82932,12.81087,12.79233,12.77379,12.75525,12.73671,12.71799,12.69936,12.68064,12.66192,12.64311,12.6243,12.60549,12.58659,12.5676,12.5487,12.529710000000001,12.510720000000001,12.49164,12.47256,12.453479999999999,12.4344,12.415320000000001,12.39615,12.37707,12.3579,12.33882,12.31965,12.300569999999999,12.281400000000001,12.26232,12.24324,12.22425,12.20526,12.18627,12.16737,12.148470000000001,12.12966,12.11094,12.092310000000001,12.073680000000001,12.05523,12.03678,12.01851,12.00033,11.982330000000001,11.964419999999999,11.9466,11.92896,11.9115,11.89422,11.87703,11.860109999999999,11.84337,11.82681,11.81043,11.794319999999999,11.77848,11.762820000000001,11.74743,11.73222,11.717369999999999,11.70279,11.68848,11.67453,11.66076,11.64744,11.6343,11.62161,11.609190000000002,11.59713,11.58543,11.574,11.56302,11.5524,11.54214,11.53224,11.5227,11.51361,11.504880000000002,11.496509999999999,11.4885,11.48094,11.47374,11.4669,11.460510000000001,11.45448,11.44881,11.44359,11.43873,11.434230000000001,11.430090000000002,11.42631,11.42289,11.419830000000001,11.41713,11.41479,11.41281,11.411100000000001,11.40975,11.40876,11.40804,11.40759,11.407409999999999,11.40759,11.40795,11.408669999999999,11.40957,11.41074,11.41209,11.41371,11.41551,11.41758,11.419830000000001,11.42226,11.42478,11.427570000000001,11.43045,11.433510000000002,11.43666,11.43999,11.44341,11.44692,11.45061,11.4543,11.458079999999999,11.46204,11.465910000000001,11.46996,11.474010000000002,11.478150000000001,11.48229,11.48643,11.49057,11.4948,11.49903,11.50326,11.507489999999999,11.51172,11.515860000000002,11.520090000000001,11.524230000000001,11.52837,11.53242,11.536470000000001,11.54052,11.54448,11.54844,11.55231,11.55618,11.55987,11.56356,11.56725,11.570760000000002,11.57427,11.57769,11.58102,11.584349999999999,11.5875,11.59056,11.59362,11.5965,11.59938,11.602079999999999,11.60478,11.6073,11.609820000000001,11.612160000000001,11.61441,11.61657,11.61864,11.62053,11.62242,11.62413,11.62575,11.62728,11.62872,11.62998,11.631150000000002,11.63223,11.633220000000001,11.634030000000001,11.63475,11.635380000000001,11.63583,11.636190000000001,11.63646,11.636550000000002,11.636550000000002,11.63637,11.6361,11.63574,11.635200000000001,11.63457,11.633759999999999,11.63286,11.631780000000001,11.63061,11.62935,11.62791,11.626290000000001,11.62458,11.62269,11.620709999999999,11.618549999999999,11.6163,11.61387,11.61135,11.60865,11.60586,11.60289,11.59974,11.5965,11.59308,11.58957,11.585880000000001,11.5821,11.57814,11.574,11.56977,11.56545,11.56086,11.55627,11.5515,11.54655,11.54151,11.53629,11.530980000000001,11.525580000000001,11.520000000000001,11.51433,11.50857,11.50263,11.496599999999999,11.490480000000002,11.48427,11.47788,11.471400000000001,11.46492,11.458260000000001,11.45151,11.44476,11.43783,11.430900000000001,11.423879999999999,11.41677,11.40957,11.40237,11.39517,11.387880000000001,11.3805,11.37312,11.36574,11.358360000000001,11.35098,11.34351,11.33613,11.328660000000001,11.32128,11.3139,11.306519999999999,11.299140000000001,11.29185,11.284559999999999,11.27736,11.27025,11.26305,11.25603,11.24901,11.24208,11.23524,11.2284,11.22174,11.21508,11.20851,11.20194,11.19555,11.18916,11.18295,11.17674,11.17053,11.1645,11.158470000000001,11.15253,11.14659,11.140740000000001,11.13489,11.12913,11.12337,11.11761,11.11185,11.10609,11.100330000000001,11.094479999999999,11.08863,11.08269,11.076749999999999,11.070630000000001,11.06451,11.058209999999999,11.05182,11.045250000000001,11.0385,11.03157,11.02446,11.01708,11.00952,11.00169,10.99359,10.98522,10.97649,10.96749,10.95804,10.94823,10.93806,10.92744,10.91646,10.90494,10.892970000000002,10.88046,10.8675,10.85391,10.839780000000001,10.82511,10.80981,10.79388,10.77732,10.76004,10.742130000000001,10.7235,10.70415,10.68399,10.663200000000002,10.64151,10.6191,10.59579,10.57167,10.54674,10.52091,10.49427,10.46673,10.43829,10.40886,10.378620000000002,10.34739,10.315349999999999,10.28223,10.2483,10.213470000000001,10.17774,10.14111,10.103580000000001,10.065240000000001,10.02609,9.986220000000001,9.94554,9.90423,9.86229,9.8199,9.77697,9.733770000000002,9.6903,9.646650000000001,9.60309,9.55962,9.5166,9.47403,9.43218,9.39132,9.35163,9.31338,9.276840000000002,9.24219,9.20988,9.18,9.15309,9.12924,9.10872,9.09198,9.0792,9.07056,9.06633,9.0666,9.07155,9.08136,9.09603,9.11556,9.13995,9.169110000000002,9.202950000000001,9.241380000000001,9.28422,9.3312,9.38214,9.436770000000001,9.495000000000001,9.55638,9.62082,9.68796,9.75753,9.82944,9.90324,9.97884,10.05606,10.13463,10.214459999999999,10.29519,10.37691,10.45926,10.54224,10.625670000000001,10.70955,10.793610000000001,10.87794,10.96227,11.04678,11.1312,11.215620000000001,11.29986,11.38401,11.46789,11.551680000000001,11.63511,11.71836,11.801340000000001,11.88396,11.96631,12.048390000000001,12.13011
16.557750000000002,16.516440000000003,16.4754,16.434540000000002,16.39386,16.353360000000002,16.313129999999997,16.27317,16.2333,16.1937,16.15437,16.11522,16.07625,16.037550000000003,15.999030000000001,15.960780000000002,15.9228,15.88491,15.847380000000001,15.810030000000001,15.772950000000002,15.73605,15.69942,15.663060000000002,15.62688,15.59097,15.55533,15.51987,15.48468,15.44976,15.41511,15.380640000000001,15.346440000000001,15.31251,15.278850000000002,15.24537,15.212250000000001,15.179310000000001,15.14664,15.114240000000002,15.08211,15.05016,15.01857,14.987160000000001,14.956019999999999,14.92515,14.894549999999999,14.86422,14.834069999999999,14.804280000000002,14.77467,14.745330000000001,14.716260000000002,14.687460000000002,14.658840000000001,14.63049,14.602500000000001,14.574689999999999,14.54706,14.519789999999999,14.492700000000001,14.46588,14.439330000000002,14.412959999999998,14.38686,14.36103,14.33538,14.31,14.28489,14.259960000000001,14.23521,14.21073,14.18652,14.16249,14.13864,14.115060000000001,14.091660000000001,14.06844,14.04549,14.02272,14.00004,13.97772,13.955490000000001,13.933440000000001,13.911570000000001,13.88997,13.86846,13.84713,13.82598,13.804920000000001,13.78413,13.76343,13.74291,13.72248,13.70223,13.68207,13.66209,13.642199999999999,13.62249,13.602870000000001,13.58334,13.5639,13.544550000000001,13.52538,13.5063,13.487219999999999,13.46823,13.44942,13.43061,13.411890000000001,13.39326,13.37463,13.35609,13.33755,13.3191,13.300740000000001,13.28238,13.26402,13.24575,13.22748,13.20921,13.191030000000001,13.17276,13.15458,13.1364,13.118219999999999,13.10004,13.081859999999999,13.063590000000001,13.04541,13.027230000000001,13.00896,12.99069,12.97242,12.95415,12.93579,12.917430000000001,12.89907,12.88071,12.86226,12.84372,12.82527,12.80664,12.7881,12.76947,12.75075,12.73212,12.71331,12.694500000000001,12.67569,12.65679,12.63789,12.61899,12.599910000000001,12.58092,12.56184,12.542760000000001,12.52359,12.504420000000001,12.48525,12.465990000000001,12.44673,12.42747,12.40812,12.38886,12.36951,12.35016,12.330810000000001,12.31155,12.2922,12.27285,12.2535,12.23424,12.21498,12.195720000000001,12.17655,12.15738,12.138300000000001,12.11922,12.100320000000002,12.081330000000001,12.06252,12.0438,12.025170000000001,12.00663,11.98818,11.969909999999999,11.95173,11.93364,11.91573,11.898000000000001,11.88045,11.86308,11.84589,11.82888,11.81205,11.79549,11.77911,11.763,11.74707,11.7315,11.716109999999999,11.70099,11.68623,11.67174,11.65752,11.64357,11.63007,11.616750000000001,11.60388,11.591280000000001,11.579130000000001,11.56725,11.55573,11.54466,11.53395,11.52351,11.51361,11.50398,11.4948,11.48598,11.47761,11.4696,11.46204,11.45484,11.44809,11.441699999999999,11.43576,11.43018,11.42496,11.42019,11.415780000000002,11.41173,11.40804,11.404800000000002,11.401919999999999,11.3994,11.39724,11.39535,11.39391,11.39274,11.39184,11.39139,11.39112,11.391210000000001,11.39157,11.392199999999999,11.3931,11.394359999999999,11.39571,11.39742,11.399310000000002,11.401380000000001,11.40363,11.40615,11.408850000000001,11.41173,11.4147,11.41794,11.421270000000002,11.42469,11.42829,11.43198,11.43576,11.439720000000001,11.44368,11.44782,11.45196,11.4561,11.460420000000001,11.46474,11.469059999999999,11.47347,11.47788,11.48229,11.48679,11.491200000000001,11.495610000000001,11.500110000000001,11.50452,11.50893,11.513340000000001,11.51766,11.52198,11.5263,11.53053,11.53476,11.5389,11.54295,11.547,11.55096,11.554920000000001,11.5587,11.56248,11.56617,11.56977,11.573369999999999,11.576789999999999,11.58021,11.583450000000001,11.58669,11.58975,11.592720000000002,11.595690000000001,11.59848,11.601180000000001,11.60379,11.606309999999999,11.608740000000001,11.61099,11.613240000000001,11.615310000000001,11.617289999999999,11.61909,11.620890000000001,11.62251,11.624039999999999,11.62539,11.62665,11.62782,11.6289,11.629800000000001,11.63061,11.63124,11.631780000000001,11.63223,11.6325,11.63268,11.63268,11.63259,11.63241,11.63205,11.63151,11.63088,11.63016,11.62926,11.62818,11.62701,11.625660000000002,11.624220000000001,11.6226,11.620890000000001,11.619,11.61702,11.61477,11.61252,11.610000000000001,11.60748,11.60469,11.60181,11.598749999999999,11.595600000000001,11.592270000000001,11.58876,11.58507,11.58138,11.57742,11.573369999999999,11.569139999999999,11.564820000000001,11.56023,11.55564,11.550870000000002,11.545919999999999,11.54088,11.53566,11.53026,11.52477,11.51919,11.51343,11.507579999999999,11.50155,11.49543,11.489220000000001,11.48283,11.47635,11.46978,11.46312,11.456280000000001,11.449440000000001,11.44242,11.4354,11.4282,11.421,11.413620000000002,11.40624,11.39877,11.391300000000001,11.38374,11.376090000000001,11.368440000000001,11.360790000000001,11.35305,11.34531,11.337570000000001,11.32983,11.32209,11.31426,11.306519999999999,11.29878,11.29113,11.28339,11.275830000000001,11.268180000000001,11.26062,11.253150000000002,11.24568,11.2383,11.23101,11.22372,11.21661,11.2095,11.202480000000001,11.19555,11.18871,11.18196,11.1753,11.168730000000002,11.16225,11.15586,11.149560000000001,11.143350000000002,11.13723,11.1312,11.12517,11.11932,11.113380000000001,11.107619999999999,11.10186,11.096100000000002,11.09043,11.08476,11.07909,11.07342,11.06775,11.06199,11.056320000000001,11.05047,11.04462,11.038680000000001,11.03256,11.02635,11.020050000000001,11.01366,11.007000000000001,11.000160000000001,10.99314,10.98594,10.97838,10.970640000000001,10.96263,10.95426,10.94562,10.93662,10.92726,10.91745,10.90737,10.89675,10.88577,10.87425,10.86228,10.849770000000001,10.836810000000002,10.823220000000001,10.80909,10.79442,10.77912,10.76319,10.74654,10.72935,10.71144,10.692810000000001,10.67346,10.65339,10.63251,10.61091,10.58859,10.56546,10.54143,10.516680000000001,10.49103,10.46457,10.4373,10.40922,10.38015,10.35036,10.31967,10.28808,10.255680000000002,10.22247,10.18845,10.15362,10.117980000000001,10.081620000000001,10.044540000000001,10.00674,9.9684,9.92943,9.89001,9.85014,9.80991,9.7695,9.72891,9.68832,9.64782,9.60759,9.567720000000001,9.52857,9.49014,9.4527,9.41643,9.3816,9.34848,9.31725,9.28827,9.26163,9.237689999999999,9.21681,9.19908,9.18477,9.174150000000001,9.1674,9.16479,9.166319999999999,9.17226,9.18252,9.197370000000001,9.21663,9.240480000000002,9.268740000000001,9.30132,9.33813,9.37908,9.4239,9.4725,9.524610000000001,9.580050000000002,9.63855,9.70002,9.76401,9.83052,9.899280000000001,9.96993,10.042470000000002,10.11654,10.19214,10.26891,10.34676,10.4256,10.50516,10.58553,10.66635,10.747710000000001,10.82943,10.91142,10.99359,11.07594,11.15838,11.240910000000001,11.32335,11.4057,11.48805,11.57013,11.65221,11.734020000000001,11.815650000000002,11.89701,11.978190000000001,12.059099999999999,12.13974
16.552979999999998,16.51176,16.47072,16.42986,16.38918,16.348679999999998,16.30845,16.26849,16.22862,16.18902,16.14969,16.11054,16.071569999999998,16.03287,15.994439999999999,15.95619,15.918120000000002,15.880320000000001,15.84279,15.805439999999999,15.76836,15.731459999999998,15.694830000000001,15.65847,15.62238,15.58647,15.550740000000001,15.51537,15.480179999999999,15.445260000000001,15.410610000000002,15.376230000000001,15.342030000000001,15.308100000000001,15.274439999999998,15.24105,15.207840000000001,15.174990000000001,15.14232,15.109919999999999,15.07779,15.04593,15.01425,14.982930000000001,14.951789999999999,14.92092,14.89032,14.85999,14.82993,14.80014,14.77053,14.741280000000001,14.712210000000002,14.683410000000002,14.65488,14.62653,14.598540000000002,14.57073,14.54319,14.51592,14.488830000000002,14.4621,14.435550000000001,14.409180000000001,14.38308,14.35725,14.33169,14.30631,14.2812,14.256269999999999,14.231610000000002,14.20722,14.182920000000001,14.158980000000001,14.13513,14.111550000000001,14.08824,14.06502,14.04207,14.0193,13.99671,13.974390000000001,13.95216,13.9302,13.90833,13.88673,13.865219999999999,13.84389,13.822830000000002,13.801770000000001,13.780980000000001,13.76028,13.73976,13.719420000000001,13.69917,13.67901,13.659030000000001,13.63923,13.61943,13.599810000000002,13.58037,13.56093,13.54167,13.52241,13.50333,13.48425,13.465349999999999,13.44645,13.42764,13.40892,13.39029,13.37166,13.35312,13.33458,13.316130000000001,13.29768,13.27932,13.26096,13.24269,13.22442,13.20606,13.18788,13.16961,13.151340000000001,13.13316,13.11489,13.09671,13.078439999999999,13.060170000000001,13.0419,13.02363,13.00536,12.987,12.96873,12.950370000000001,12.93192,12.91347,12.89502,12.87657,12.85803,12.83949,12.82086,12.80223,12.783510000000001,12.76479,12.745980000000001,12.72717,12.70827,12.68937,12.670380000000002,12.651390000000001,12.6324,12.61323,12.594149999999999,12.574980000000002,12.555719999999999,12.53646,12.51711,12.49776,12.47841,12.459060000000001,12.43962,12.42009,12.400649999999999,12.381120000000001,12.36159,12.34206,12.32253,12.30291,12.28338,12.26385,12.24432,12.22479,12.20526,12.18582,12.16638,12.14703,12.12768,12.10833,12.08907,12.0699,12.05082,12.031830000000001,12.01293,11.99412,11.975399999999999,11.956859999999999,11.938410000000001,11.92005,11.901959999999999,11.88396,11.86605,11.84841,11.83095,11.81367,11.796570000000001,11.77974,11.76318,11.7468,11.7306,11.714760000000002,11.69919,11.683890000000002,11.66886,11.6541,11.6397,11.62557,11.611799999999999,11.59839,11.58534,11.57256,11.56023,11.54817,11.536560000000001,11.52531,11.514510000000001,11.50407,11.49399,11.48436,11.47509,11.46627,11.45781,11.4498,11.44224,11.43504,11.42829,11.4219,11.41596,11.41047,11.405339999999999,11.40066,11.39634,11.392470000000001,11.38896,11.385810000000001,11.38302,11.380680000000002,11.3787,11.37699,11.375729999999999,11.374740000000001,11.37411,11.373840000000001,11.373840000000001,11.3742,11.374830000000001,11.375729999999999,11.376900000000001,11.37834,11.379959999999999,11.38194,11.3841,11.38644,11.389050000000001,11.39184,11.39481,11.397960000000001,11.401290000000001,11.404710000000001,11.40831,11.41209,11.41596,11.419920000000001,11.42406,11.42829,11.43252,11.43693,11.44134,11.44575,11.45034,11.454930000000001,11.45952,11.4642,11.46888,11.47356,11.478240000000001,11.482920000000002,11.4876,11.49228,11.496870000000001,11.50155,11.50614,11.51073,11.51523,11.51973,11.524140000000001,11.528550000000001,11.532869999999999,11.5371,11.54133,11.54547,11.549520000000001,11.55348,11.55744,11.56122,11.565,11.56869,11.5722,11.57571,11.579130000000001,11.582370000000001,11.585609999999999,11.58867,11.59164,11.59452,11.59731,11.60001,11.60253,11.60496,11.6073,11.60955,11.61171,11.61369,11.61558,11.617289999999999,11.618910000000001,11.62044,11.62179,11.623050000000001,11.624220000000001,11.625210000000001,11.62611,11.62692,11.62746,11.628,11.62836,11.628540000000001,11.628630000000001,11.628630000000001,11.62845,11.62809,11.627640000000001,11.6271,11.626290000000001,11.62548,11.624400000000001,11.62323,11.62197,11.62044,11.618910000000001,11.61711,11.615219999999999,11.61315,11.61099,11.60865,11.60613,11.60352,11.60073,11.597760000000001,11.5947,11.591370000000001,11.588040000000001,11.58444,11.58075,11.576880000000001,11.572830000000002,11.56869,11.56437,11.55987,11.55528,11.550510000000001,11.54556,11.54052,11.535300000000001,11.5299,11.52441,11.518740000000001,11.512979999999999,11.50704,11.50101,11.4948,11.4885,11.48202,11.47545,11.46879,11.46195,11.455020000000001,11.448,11.44089,11.4336,11.42622,11.41884,11.41128,11.40372,11.39598,11.388240000000001,11.3805,11.372580000000001,11.36466,11.35665,11.348640000000001,11.34063,11.33253,11.324430000000001,11.31633,11.30823,11.30013,11.29203,11.28393,11.275830000000001,11.26782,11.25981,11.251890000000001,11.24397,11.23614,11.22831,11.22057,11.21292,11.20536,11.197890000000001,11.19051,11.18313,11.175930000000001,11.16882,11.1618,11.154869999999999,11.148119999999999,11.14137,11.1348,11.12832,11.121929999999999,11.11563,11.10942,11.1033,11.09727,11.091330000000001,11.08548,11.07972,11.07396,11.06829,11.062710000000001,11.05713,11.05155,11.04597,11.04048,11.0349,11.02932,11.02374,11.01807,11.012310000000001,11.00646,11.00052,10.99449,10.98828,10.98198,10.97541,10.96875,10.961820000000001,10.95471,10.947330000000001,10.939589999999999,10.93167,10.923390000000001,10.91484,10.90593,10.89657,10.886940000000001,10.87677,10.866240000000001,10.855260000000001,10.84383,10.831859999999999,10.81944,10.80639,10.792890000000002,10.77876,10.764090000000001,10.74879,10.73286,10.7163,10.699110000000001,10.6812,10.66257,10.643310000000001,10.62333,10.60263,10.58112,10.558890000000002,10.53585,10.51209,10.48752,10.462230000000002,10.43604,10.40913,10.38141,10.35288,10.32354,10.293389999999999,10.26252,10.23084,10.19853,10.16541,10.131570000000002,10.0971,10.062,10.02636,9.99009,9.95346,9.91638,9.87894,9.84132,9.80343,9.76563,9.72783,9.69021,9.65295,9.61614,9.580050000000002,9.54477,9.51048,9.477450000000001,9.445770000000001,9.4158,9.38772,9.36171,9.338040000000001,9.31689,9.29862,9.28332,9.27126,9.26271,9.257670000000001,9.2565,9.2592,9.265860000000002,9.27675,9.29169,9.31086,9.33417,9.36153,9.39303,9.42849,9.467730000000001,9.51066,9.55719,9.60696,9.65997,9.715950000000001,9.77463,9.835920000000002,9.89964,9.96543,10.03329,10.102860000000002,10.174140000000001,10.246860000000002,10.320839999999999,10.39599,10.47213,10.54917,10.62702,10.70541,10.78443,10.8639,10.94373,11.02383,11.104199999999999,11.184750000000001,11.26539,11.34612,11.42685,11.507579999999999,11.58822,11.66877,11.74923,11.829600000000001,11.909790000000001,11.98971,12.06954,12.14919
16.54794,16.50672,16.465590000000002,16.42473,16.38414,16.34364,16.30341,16.26336,16.22358,16.18398,16.144650000000002,16.1055,16.06653,16.02783,15.989399999999998,15.951150000000002,15.91308,15.87528,15.83775,15.800400000000002,15.763320000000002,15.726420000000001,15.68988,15.653430000000002,15.617339999999999,15.58143,15.54579,15.51042,15.475230000000002,15.44031,15.405660000000001,15.37128,15.33708,15.303149999999999,15.269580000000001,15.236099999999999,15.20298,15.170129999999999,15.137460000000003,15.10506,15.07293,15.04107,15.00948,14.978159999999999,14.947020000000002,14.91624,14.88564,14.855310000000001,14.82525,14.79546,14.76594,14.7366,14.70762,14.67882,14.650289999999998,14.62203,14.59404,14.56623,14.53869,14.51142,14.484420000000002,14.45769,14.431140000000001,14.404860000000001,14.37885,14.35302,14.32746,14.30208,14.27697,14.25213,14.22747,14.20308,14.178870000000002,14.15484,14.13108,14.10759,14.084190000000001,14.061060000000001,14.03811,14.01543,13.99284,13.97052,13.94838,13.92642,13.90455,13.88295,13.86153,13.840200000000001,13.819139999999999,13.79817,13.777379999999999,13.75668,13.73625,13.71582,13.69566,13.675500000000001,13.655610000000001,13.635720000000001,13.61601,13.596390000000001,13.57686,13.55751,13.538250000000001,13.51899,13.49991,13.48092,13.46193,13.44303,13.42431,13.40559,13.38687,13.36824,13.3497,13.33116,13.312710000000001,13.29435,13.2759,13.25754,13.239180000000001,13.22091,13.20264,13.184280000000001,13.16601,13.147739999999999,13.129470000000001,13.1112,13.09293,13.07466,13.05639,13.038120000000001,13.01976,13.0014,12.983039999999999,12.96459,12.94623,12.92769,12.90924,12.8907,12.872160000000001,12.853530000000001,12.83481,12.81618,12.79737,12.778649999999999,12.75975,12.74085,12.721950000000001,12.702960000000001,12.68388,12.6648,12.64572,12.626460000000002,12.60729,12.58794,12.56859,12.549240000000001,12.529800000000002,12.51036,12.49083,12.4713,12.451680000000001,12.43206,12.41244,12.39273,12.37302,12.35331,12.33351,12.3138,12.294,12.2742,12.2544,12.234689999999999,12.21489,12.19518,12.17547,12.155759999999999,12.136140000000001,12.11652,12.096900000000002,12.07746,12.05802,12.038670000000002,12.019319999999999,12.000150000000001,11.98107,11.96208,11.94327,11.92455,11.90592,11.88747,11.869200000000001,11.85111,11.83311,11.81538,11.797830000000001,11.78046,11.76336,11.746440000000002,11.72979,11.713410000000001,11.6973,11.68146,11.66589,11.650590000000001,11.63565,11.62107,11.60676,11.592720000000002,11.579130000000001,11.565809999999999,11.552940000000001,11.540429999999999,11.52828,11.51649,11.50515,11.49417,11.48355,11.47347,11.463659999999999,11.45439,11.44548,11.43702,11.42901,11.42136,11.41425,11.4075,11.4012,11.39526,11.38986,11.384820000000001,11.380230000000001,11.376000000000001,11.37222,11.3688,11.36583,11.36331,11.36106,11.359259999999999,11.35782,11.35665,11.355929999999999,11.35557,11.35548,11.35575,11.35629,11.35719,11.358360000000001,11.3598,11.36151,11.363489999999999,11.36565,11.36817,11.37078,11.37366,11.37681,11.38005,11.38347,11.387070000000001,11.39085,11.39481,11.39886,11.403,11.40732,11.41173,11.41623,11.42082,11.425410000000001,11.43018,11.43495,11.439720000000001,11.44458,11.449440000000001,11.45439,11.45934,11.46429,11.469240000000001,11.4741,11.47905,11.484,11.48886,11.49372,11.49849,11.50335,11.50803,11.51271,11.51739,11.52198,11.52648,11.53089,11.535300000000001,11.53962,11.54376,11.5479,11.55204,11.556000000000001,11.55987,11.563649999999999,11.567340000000002,11.57094,11.57445,11.57778,11.58111,11.58426,11.58732,11.59029,11.59317,11.59587,11.59848,11.601,11.60334,11.605680000000001,11.607750000000001,11.609820000000001,11.61171,11.613420000000001,11.61513,11.61657,11.61801,11.61927,11.62035,11.62134,11.622150000000001,11.62287,11.6235,11.62395,11.624220000000001,11.624400000000001,11.624400000000001,11.624310000000001,11.624039999999999,11.62359,11.623050000000001,11.62233,11.62152,11.62053,11.61936,11.6181,11.616660000000001,11.61504,11.613240000000001,11.61135,11.60928,11.60712,11.60478,11.602260000000001,11.59956,11.59668,11.59371,11.59056,11.587230000000002,11.583810000000001,11.58021,11.57643,11.572470000000001,11.56833,11.5641,11.55969,11.555100000000001,11.55033,11.54547,11.540429999999999,11.535210000000001,11.5299,11.52441,11.518740000000001,11.51289,11.506950000000002,11.50092,11.494620000000001,11.48823,11.48175,11.47509,11.46834,11.46141,11.45439,11.447189999999999,11.4399,11.43252,11.42505,11.4174,11.40975,11.401919999999999,11.394,11.38608,11.37798,11.36988,11.361690000000001,11.3535,11.345130000000001,11.33685,11.32839,11.32002,11.31156,11.303099999999999,11.29464,11.28618,11.27772,11.269260000000001,11.260800000000001,11.25243,11.24406,11.23569,11.22741,11.21922,11.21103,11.20293,11.194920000000002,11.187,11.179170000000001,11.171429999999999,11.16378,11.15622,11.148840000000002,11.14146,11.13426,11.12715,11.12022,11.113380000000001,11.106630000000001,11.10006,11.093490000000001,11.087190000000001,11.08089,11.074770000000001,11.06874,11.0628,11.05695,11.05119,11.04552,11.039850000000001,11.034360000000001,11.028870000000001,11.023380000000001,11.017980000000001,11.01258,11.00718,11.00178,10.99638,10.99089,10.9854,10.97982,10.97415,10.96839,10.96245,10.95642,10.9503,10.94391,10.93734,10.93059,10.92357,10.91628,10.908719999999999,10.90089,10.8927,10.88424,10.87533,10.86615,10.85652,10.846440000000001,10.836,10.82502,10.81368,10.80171,10.78929,10.77633,10.762830000000001,10.74879,10.73412,10.718910000000001,10.70298,10.68651,10.669319999999999,10.6515,10.63305,10.61388,10.593990000000002,10.57338,10.552050000000001,10.53,10.50723,10.483740000000001,10.45944,10.43442,10.40868,10.38213,10.35486,10.32687,10.29816,10.268730000000001,10.23867,10.20789,10.17639,10.14435,10.111680000000002,10.07847,10.04481,10.0107,9.976140000000001,9.94131,9.90621,9.870930000000001,9.835560000000001,9.80028,9.765179999999999,9.730260000000001,9.69579,9.66186,9.62856,9.59616,9.56484,9.53469,9.505980000000001,9.47889,9.45369,9.43038,9.409410000000001,9.390870000000001,9.37494,9.36189,9.3519,9.34506,9.34164,9.34173,9.34551,9.35298,9.364230000000001,9.37935,9.398430000000001,9.42129,9.44802,9.478530000000001,9.51273,9.55053,9.591750000000001,9.63639,9.68418,9.73494,9.788580000000001,9.844830000000002,9.903599999999999,9.96471,10.027980000000001,10.093140000000002,10.16019,10.228769999999999,10.298879999999999,10.37034,10.44297,10.51659,10.59129,10.66671,10.74285,10.81971,10.89702,10.97478,11.052990000000001,11.13138,11.210130000000001,11.289060000000001,11.36808,11.447280000000001,11.52648,11.605680000000001,11.68488,11.76408,11.84319,11.922120000000001,12.001050000000001,12.0798,12.15837
16.542540000000002,16.501320000000003,16.46019,16.419330000000002,16.37865,16.338240000000003,16.298009999999998,16.25796,16.21809,16.17858,16.13916,16.10001,16.061040000000002,16.022340000000003,15.983909999999998,15.945660000000002,15.90759,15.86979,15.83226,15.794910000000002,15.757830000000002,15.721020000000001,15.68439,15.648030000000002,15.611849999999999,15.57594,15.5403,15.50493,15.469830000000002,15.434909999999999,15.40026,15.36579,15.33168,15.297749999999999,15.264180000000001,15.230790000000002,15.197579999999999,15.164729999999999,15.132060000000001,15.09975,15.067620000000002,15.03576,15.004169999999998,14.972850000000001,14.9418,14.910929999999999,14.880419999999999,14.85009,14.82003,14.790239999999999,14.760720000000001,14.731470000000002,14.70249,14.673689999999999,14.64516,14.61699,14.588910000000002,14.561189999999998,14.533739999999998,14.506470000000002,14.479470000000001,14.452739999999999,14.42619,14.4,14.373990000000001,14.34816,14.3226,14.29731,14.27229,14.247359999999999,14.222790000000002,14.1984,14.174190000000001,14.15025,14.12649,14.103,14.07969,14.05656,14.0337,14.01093,13.988430000000001,13.966109999999999,13.94397,13.9221,13.90032,13.87872,13.8573,13.83606,13.81491,13.794030000000001,13.77324,13.75263,13.73211,13.711770000000001,13.691609999999999,13.67154,13.65156,13.63176,13.61205,13.59252,13.572989999999999,13.55364,13.53438,13.51521,13.49604,13.47705,13.45815,13.43925,13.42053,13.401720000000001,13.383090000000001,13.36446,13.34592,13.32738,13.30893,13.29048,13.272120000000001,13.25376,13.2354,13.21704,13.19877,13.18041,13.162139999999999,13.14387,13.12551,13.10724,13.088880000000001,13.07061,13.052249999999999,13.033890000000001,13.01553,12.99717,12.978720000000001,12.96027,12.94173,12.92319,12.90465,12.88602,12.86739,12.84867,12.82995,12.81114,12.79233,12.773430000000001,12.75444,12.73545,12.716370000000001,12.69729,12.67812,12.65886,12.639600000000002,12.62025,12.6009,12.58146,12.56202,12.5424,12.522870000000001,12.503160000000001,12.48354,12.46374,12.444030000000001,12.424230000000001,12.404340000000001,12.384450000000001,12.36456,12.34458,12.3246,12.30462,12.28464,12.26466,12.24459,12.22461,12.204630000000002,12.18456,12.164579999999999,12.14469,12.12471,12.10491,12.08502,12.06522,12.04551,12.02589,12.00636,11.98683,11.96748,11.948220000000001,11.92905,11.91006,11.891160000000001,11.87244,11.85381,11.83536,11.81718,11.79909,11.78127,11.763630000000001,11.74626,11.72907,11.712150000000001,11.695409999999999,11.67903,11.66292,11.64708,11.6316,11.61639,11.60154,11.58696,11.572830000000002,11.55897,11.54547,11.53242,11.51964,11.50731,11.49543,11.48391,11.47284,11.46213,11.45187,11.44206,11.4327,11.42379,11.41524,11.40723,11.39958,11.392470000000001,11.385720000000001,11.379420000000001,11.37357,11.36826,11.36331,11.35872,11.35467,11.35098,11.34774,11.344949999999999,11.34252,11.34054,11.33883,11.337660000000001,11.33676,11.33622,11.336039999999999,11.33622,11.33676,11.337570000000001,11.33874,11.34018,11.341890000000001,11.34387,11.34612,11.348640000000001,11.35143,11.3544,11.35755,11.36097,11.36457,11.368350000000001,11.37231,11.37636,11.38059,11.385,11.3895,11.39409,11.39877,11.403540000000001,11.40849,11.41344,11.418389999999999,11.42352,11.42856,11.43378,11.43891,11.44413,11.44935,11.45448,11.459700000000002,11.46492,11.47014,11.47527,11.480400000000001,11.48544,11.490480000000002,11.49552,11.50047,11.505419999999999,11.51019,11.51496,11.51973,11.524320000000001,11.528910000000002,11.53332,11.53773,11.542050000000001,11.546190000000001,11.55033,11.55438,11.55825,11.56212,11.565809999999999,11.569410000000001,11.57292,11.576250000000002,11.57958,11.58273,11.585790000000001,11.58867,11.591460000000001,11.59416,11.59668,11.59911,11.60145,11.60361,11.605680000000001,11.607569999999999,11.60937,11.61099,11.61252,11.61387,11.61513,11.61621,11.61711,11.61801,11.61864,11.61918,11.61954,11.61981,11.6199,11.6199,11.61963,11.61936,11.618820000000001,11.61819,11.61738,11.61639,11.615310000000001,11.61405,11.61261,11.61108,11.60928,11.60739,11.605410000000001,11.60316,11.600819999999999,11.598210000000002,11.595600000000001,11.592720000000002,11.58966,11.58651,11.58318,11.57958,11.57598,11.57211,11.568060000000001,11.563920000000001,11.5596,11.555100000000001,11.55042,11.54556,11.540610000000001,11.53539,11.53008,11.52468,11.51901,11.513250000000001,11.50722,11.50119,11.49489,11.4885,11.48193,11.47527,11.46834,11.46141,11.4543,11.44701,11.43963,11.432160000000001,11.42451,11.41677,11.408850000000001,11.40093,11.39283,11.38464,11.37636,11.36808,11.359620000000001,11.35116,11.34252,11.33388,11.32524,11.316510000000001,11.30778,11.29896,11.290140000000001,11.281320000000001,11.27241,11.26359,11.25477,11.24595,11.23713,11.2284,11.21967,11.21103,11.202390000000001,11.19384,11.18538,11.177010000000001,11.16864,11.160449999999999,11.15235,11.14434,11.13642,11.12868,11.121030000000001,11.11347,11.10609,11.0988,11.09169,11.084670000000001,11.07783,11.07108,11.06451,11.05803,11.051730000000001,11.04552,11.03949,11.03355,11.027700000000001,11.02194,11.016359999999999,11.01078,11.005379999999999,10.99998,10.994670000000001,10.98936,10.98414,10.97892,10.9737,10.968480000000001,10.96326,10.95795,10.95264,10.94724,10.94175,10.93617,10.9305,10.924650000000002,10.91862,10.912410000000001,10.906020000000002,10.89936,10.892520000000001,10.88532,10.87794,10.8702,10.86219,10.85373,10.845,10.83591,10.826369999999999,10.81638,10.80603,10.79514,10.7838,10.77192,10.75959,10.74672,10.733220000000001,10.71927,10.70469,10.68948,10.67364,10.65726,10.64016,10.62252,10.60407,10.585080000000001,10.56537,10.54494,10.52379,10.50201,10.479510000000001,10.456290000000001,10.43235,10.40769,10.3824,10.35639,10.32966,10.302299999999999,10.274310000000002,10.24569,10.21644,10.18656,10.15623,10.12527,10.093950000000001,10.06209,10.029959999999999,9.99747,9.96471,9.93177,9.89883,9.8658,9.83295,9.80028,9.76788,9.73602,9.704699999999999,9.674100000000001,9.6444,9.61578,9.588330000000001,9.562320000000001,9.53793,9.51525,9.49446,9.47592,9.45963,9.44595,9.43488,9.42669,9.421560000000001,9.419580000000002,9.42084,9.425609999999999,9.43371,9.4455,9.4608,9.4797,9.50229,9.52839,9.558090000000002,9.59121,9.62766,9.667440000000001,9.710370000000001,9.756269999999999,9.805050000000001,9.856620000000001,9.910710000000002,9.96723,10.026000000000002,10.08684,10.14966,10.21419,10.28043,10.34811,10.41714,10.48743,10.558890000000002,10.63125,10.70451,10.77858,10.853280000000002,10.928609999999999,11.004480000000001,11.0808,11.15748,11.23452,11.31174,11.38923,11.4669,11.54466,11.62251,11.70045,11.7783,11.856240000000001,11.93409,12.011940000000001,12.0897,12.16728
16.53678,16.495559999999998,16.45443,16.41357,16.37289,16.33239,16.29216,16.252110000000002,16.21233,16.17273,16.133309999999998,16.094160000000002,16.05519,16.01649,15.97797,15.93972,15.901740000000002,15.86394,15.82632,15.78906,15.75189,15.715080000000002,15.678450000000002,15.64209,15.60591,15.57009,15.534450000000001,15.498990000000001,15.46389,15.42897,15.39432,15.359940000000002,15.325740000000001,15.2919,15.258240000000002,15.22485,15.19173,15.15888,15.126209999999999,15.093900000000001,15.06177,15.02991,14.99832,14.966999999999999,14.935950000000002,14.90517,14.87457,14.844330000000001,14.81427,14.78448,14.75505,14.7258,14.696729999999999,14.668019999999999,14.639580000000002,14.611320000000001,14.583330000000002,14.55561,14.52816,14.500890000000002,14.473980000000001,14.447249999999999,14.42079,14.39451,14.368500000000001,14.34276,14.31729,14.292000000000002,14.26698,14.242140000000001,14.21757,14.193180000000002,14.16906,14.14512,14.121360000000001,14.09787,14.07465,14.05152,14.02866,14.005980000000001,13.98348,13.96125,13.93911,13.91724,13.89546,13.87395,13.85253,13.831290000000001,13.81023,13.78935,13.768650000000001,13.748040000000001,13.72761,13.70727,13.68711,13.667040000000002,13.647150000000002,13.627350000000002,13.60773,13.58811,13.568670000000001,13.54932,13.53006,13.51089,13.491810000000001,13.47282,13.45392,13.43502,13.4163,13.397580000000001,13.378950000000001,13.36032,13.34178,13.32324,13.304789999999999,13.286340000000001,13.267890000000001,13.24953,13.23117,13.21281,13.19454,13.17618,13.15782,13.139550000000002,13.12119,13.10292,13.08456,13.0662,13.04784,13.029390000000001,13.01094,12.99249,12.97404,12.9555,12.93696,12.918330000000001,12.899700000000001,12.881070000000001,12.86226,12.84354,12.824639999999999,12.80583,12.78684,12.767850000000001,12.74877,12.72969,12.71052,12.69126,12.672,12.652650000000001,12.63321,12.61377,12.594240000000001,12.57462,12.555,12.535290000000002,12.51558,12.49569,12.47589,12.455910000000001,12.43593,12.41595,12.39588,12.37581,12.35565,12.33549,12.31533,12.295079999999999,12.27492,12.25467,12.23433,12.21408,12.19383,12.17358,12.15333,12.13308,12.11292,12.09276,12.07269,12.052620000000001,12.03255,12.01266,11.99277,11.97297,11.95335,11.93373,11.91429,11.89494,11.87577,11.85669,11.83779,11.819070000000002,11.80053,11.78217,11.76399,11.74608,11.728349999999999,11.710890000000001,11.693610000000001,11.67669,11.66004,11.64366,11.62755,11.61171,11.59623,11.58111,11.56635,11.55195,11.53791,11.524230000000001,11.510909999999999,11.498040000000001,11.485529999999999,11.47347,11.461770000000001,11.45052,11.439720000000001,11.429369999999999,11.41947,11.41002,11.40102,11.392470000000001,11.38437,11.37681,11.36961,11.362950000000001,11.35665,11.35089,11.34558,11.34072,11.336310000000001,11.33235,11.32884,11.32569,11.323080000000001,11.320829999999999,11.31894,11.317499999999999,11.316510000000001,11.31588,11.315610000000001,11.315700000000001,11.31606,11.31687,11.31795,11.31939,11.321100000000001,11.323170000000001,11.325420000000001,11.32803,11.330910000000001,11.333969999999999,11.33721,11.34072,11.3445,11.34837,11.352509999999999,11.35674,11.36115,11.36574,11.370420000000001,11.37528,11.380230000000001,11.38527,11.390400000000001,11.39553,11.40084,11.40615,11.411550000000002,11.41695,11.42235,11.42784,11.43333,11.43882,11.44431,11.4498,11.45529,11.46069,11.46609,11.471490000000001,11.4768,11.48211,11.48733,11.492550000000001,11.49759,11.50272,11.507670000000001,11.51253,11.51739,11.522070000000001,11.52675,11.53134,11.53575,11.54016,11.54439,11.54853,11.55258,11.55654,11.560410000000001,11.5641,11.5677,11.57121,11.57454,11.57778,11.58093,11.5839,11.586780000000001,11.58948,11.59209,11.59461,11.596950000000001,11.59911,11.601180000000001,11.60316,11.60496,11.606580000000001,11.60811,11.60946,11.61072,11.611799999999999,11.6127,11.61351,11.61414,11.614680000000002,11.61495,11.61513,11.615219999999999,11.61513,11.61477,11.61441,11.61378,11.613059999999999,11.612160000000001,11.61108,11.609910000000001,11.60847,11.60694,11.60523,11.60334,11.60136,11.59911,11.596770000000001,11.59425,11.59155,11.58867,11.585609999999999,11.582370000000001,11.57904,11.57544,11.57175,11.567879999999999,11.56374,11.55951,11.555100000000001,11.5506,11.54583,11.54088,11.53584,11.53053,11.52513,11.51955,11.51379,11.507850000000001,11.50173,11.49552,11.489130000000001,11.48256,11.47581,11.46897,11.46186,11.454749999999999,11.447370000000001,11.4399,11.43234,11.424600000000002,11.41668,11.40876,11.40057,11.392380000000001,11.38401,11.37555,11.367,11.358360000000001,11.34963,11.34081,11.3319,11.322989999999999,11.31399,11.3049,11.295810000000001,11.286629999999999,11.27745,11.268180000000001,11.259,11.249730000000001,11.24055,11.23128,11.2221,11.21301,11.20383,11.19474,11.18574,11.176829999999999,11.16792,11.159099999999999,11.15046,11.14182,11.133270000000001,11.1249,11.116620000000001,11.10852,11.10042,11.092590000000001,11.08485,11.0772,11.06982,11.06253,11.05533,11.04831,11.04147,11.03481,11.02833,11.02194,11.01564,11.00961,11.00367,10.997819999999999,10.99215,10.98657,10.98108,10.97568,10.97046,10.96524,10.96011,10.955070000000001,10.95003,10.944989999999999,10.94004,10.935,10.92996,10.92492,10.91979,10.91466,10.90935,10.903950000000002,10.898460000000002,10.89279,10.886940000000001,10.88091,10.8747,10.868219999999999,10.86156,10.854540000000002,10.84734,10.839690000000001,10.831859999999999,10.82358,10.81494,10.805940000000001,10.79649,10.78659,10.77633,10.76553,10.75428,10.74249,10.73025,10.71738,10.70406,10.69011,10.67562,10.660590000000001,10.64484,10.62855,10.61163,10.593990000000002,10.57581,10.55691,10.53738,10.51722,10.49634,10.47483,10.45269,10.429829999999999,10.40634,10.38213,10.35729,10.33191,10.305810000000001,10.27917,10.25199,10.22418,10.19592,10.167119999999999,10.137870000000001,10.108260000000001,10.0782,10.047870000000001,10.01736,9.98658,9.9558,9.92493,9.89415,9.86346,9.83313,9.80316,9.77364,9.744750000000002,9.71667,9.68949,9.6633,9.63837,9.61479,9.59283,9.57249,9.55404,9.53775,9.52362,9.51183,9.502650000000001,9.49617,9.49248,9.491760000000001,9.49419,9.499770000000002,9.50859,9.52074,9.53622,9.55512,9.577350000000001,9.60291,9.63189,9.66402,9.699390000000001,9.737820000000001,9.77922,9.8235,9.87057,9.92016,9.97227,10.026720000000001,10.08342,10.142100000000001,10.20267,10.26504,10.32903,10.39455,10.46142,10.52955,10.59885,10.66914,10.74042,10.81242,10.88523,10.95876,11.032829999999999,11.10735,11.182409999999999,11.25774,11.33352,11.40948,11.485710000000001,11.56212,11.638620000000001,11.7153,11.79207,11.86884,11.94561,12.02238,12.09915,12.175920000000001
16.53075,16.489440000000002,16.44831,16.40736,16.36668,16.32618,16.285950000000003,16.2459,16.20603,16.166430000000002,16.127010000000002,16.08786,16.04889,16.01019,15.971670000000001,15.933420000000002,15.89535,15.85755,15.82002,15.782670000000001,15.745590000000002,15.70869,15.67206,15.635700000000002,15.59952,15.563699999999999,15.52806,15.4926,15.457500000000001,15.42258,15.38793,15.35355,15.31935,15.285509999999999,15.251850000000001,15.218460000000002,15.185339999999998,15.152489999999998,15.11982,15.08751,15.055380000000001,15.02352,14.992020000000002,14.960700000000001,14.92965,14.898780000000002,14.868269999999999,14.83803,14.80797,14.778270000000001,14.74875,14.7195,14.690520000000001,14.661810000000001,14.63337,14.605110000000002,14.57721,14.54949,14.52204,14.49486,14.467859999999998,14.44122,14.414760000000001,14.38848,14.36256,14.336820000000001,14.311350000000001,14.28606,14.26104,14.23629,14.211720000000001,14.18742,14.1633,14.13936,14.11569,14.09229,14.06898,14.04594,14.02317,14.000490000000001,13.97808,13.95576,13.93371,13.91184,13.89015,13.86864,13.84731,13.82607,13.805100000000001,13.78422,13.76352,13.743,13.72257,13.70223,13.682160000000001,13.66209,13.642199999999999,13.62249,13.602870000000001,13.58334,13.5639,13.544550000000001,13.52529,13.50621,13.48713,13.468140000000002,13.44924,13.430430000000001,13.41162,13.392990000000001,13.374270000000001,13.355730000000001,13.337190000000001,13.318650000000002,13.3002,13.28175,13.26339,13.24494,13.22658,13.20822,13.189860000000001,13.17159,13.153229999999999,13.134870000000001,13.11651,13.09815,13.07979,13.061430000000001,13.04298,13.02453,13.00608,12.98763,12.96909,12.95046,12.931830000000001,12.913200000000002,12.89448,12.87576,12.856950000000001,12.83805,12.819149999999999,12.80016,12.781080000000001,12.762,12.74283,12.72366,12.70431,12.68496,12.665610000000001,12.64608,12.62655,12.60693,12.58722,12.56751,12.54771,12.52782,12.50793,12.487950000000001,12.46788,12.44772,12.427560000000001,12.407399999999999,12.38715,12.366810000000001,12.34647,12.32604,12.3057,12.28518,12.26475,12.24423,12.223709999999999,12.203190000000001,12.182670000000002,12.16215,12.141630000000001,12.12111,12.10068,12.08016,12.05982,12.039390000000001,12.01914,11.998890000000001,11.97873,11.95857,11.938590000000001,11.918700000000001,11.898900000000001,11.87928,11.85975,11.84031,11.821140000000002,11.80206,11.78316,11.76453,11.74599,11.727810000000002,11.70972,11.69199,11.67444,11.657160000000001,11.64015,11.6235,11.60712,11.59101,11.57526,11.55987,11.54484,11.53017,11.515860000000002,11.501999999999999,11.4885,11.47536,11.462670000000001,11.45043,11.43864,11.42721,11.416319999999999,11.40588,11.395890000000001,11.38635,11.377260000000001,11.36862,11.36052,11.352870000000001,11.34576,11.3391,11.33289,11.32713,11.32191,11.31714,11.31282,11.308950000000001,11.30562,11.30265,11.30013,11.29806,11.29644,11.29527,11.29446,11.29401,11.29401,11.29437,11.295000000000002,11.29608,11.29752,11.299230000000001,11.301210000000001,11.30355,11.30625,11.30913,11.312280000000001,11.315700000000001,11.3193,11.323170000000001,11.32722,11.33154,11.33595,11.34054,11.34531,11.35026,11.355300000000002,11.360430000000001,11.36574,11.37114,11.37654,11.38212,11.3877,11.39337,11.39904,11.404800000000002,11.41056,11.416319999999999,11.422080000000001,11.42784,11.4336,11.43936,11.44512,11.45088,11.45655,11.46213,11.46771,11.47329,11.47878,11.48418,11.48949,11.4948,11.499929999999999,11.50506,11.5101,11.51496,11.51982,11.52459,11.52918,11.53368,11.53809,11.54241,11.54664,11.55069,11.55465,11.558520000000001,11.56221,11.565809999999999,11.56923,11.57256,11.575800000000001,11.578859999999999,11.58183,11.584620000000001,11.58732,11.589839999999999,11.59218,11.594430000000001,11.5965,11.59848,11.600280000000001,11.60199,11.60352,11.60487,11.60604,11.60712,11.60802,11.60883,11.60937,11.609820000000001,11.61018,11.61027,11.61027,11.61009,11.609729999999999,11.609190000000002,11.60856,11.607750000000001,11.606670000000001,11.6055,11.604239999999999,11.60271,11.601,11.5992,11.59722,11.59497,11.59263,11.590110000000001,11.58741,11.58453,11.58147,11.578320000000001,11.574900000000001,11.571299999999999,11.56752,11.563649999999999,11.55951,11.55519,11.55078,11.546100000000001,11.54133,11.53629,11.53116,11.52576,11.52027,11.514600000000002,11.50866,11.50263,11.49642,11.49003,11.48346,11.4768,11.46987,11.46285,11.45565,11.44827,11.4408,11.433060000000001,11.425320000000001,11.41731,11.40921,11.40102,11.39265,11.3841,11.37555,11.36682,11.357999999999999,11.349,11.34,11.330910000000001,11.32164,11.31237,11.30301,11.293560000000001,11.28411,11.27457,11.265030000000001,11.2554,11.24586,11.23623,11.226600000000001,11.21697,11.20734,11.1978,11.18826,11.17872,11.16936,11.15991,11.15064,11.14137,11.13228,11.12328,11.11428,11.10555,11.096820000000001,11.08827,11.0799,11.071620000000001,11.06343,11.05551,11.04768,11.04003,11.03256,11.025269999999999,11.01816,11.011230000000001,11.00439,10.997819999999999,10.991340000000001,10.985040000000001,10.97901,10.97298,10.967220000000001,10.96155,10.95606,10.950660000000001,10.945350000000001,10.94022,10.93518,10.93023,10.92528,10.92051,10.915650000000001,10.91088,10.9062,10.901430000000001,10.89666,10.8918,10.886940000000001,10.881990000000002,10.87695,10.871820000000001,10.86651,10.86111,10.85544,10.84959,10.843560000000002,10.837349999999999,10.83078,10.82403,10.816920000000001,10.80945,10.80171,10.793610000000001,10.78506,10.77624,10.76688,10.75716,10.7469,10.73628,10.72512,10.713420000000001,10.701270000000001,10.688580000000002,10.67535,10.66149,10.64709,10.63215,10.61658,10.60038,10.58364,10.56618,10.54818,10.52955,10.510200000000001,10.490310000000001,10.469790000000001,10.448550000000001,10.426770000000001,10.40436,10.38132,10.35765,10.333440000000001,10.30869,10.28331,10.25748,10.231110000000001,10.20429,10.17702,10.1493,10.121310000000001,10.09305,10.06452,10.03581,10.006920000000001,9.97803,9.949140000000002,9.920430000000001,9.8919,9.86373,9.835920000000002,9.80865,9.78201,9.756269999999999,9.73134,9.70749,9.68481,9.66357,9.64377,9.62559,9.6093,9.59499,9.58275,9.57285,9.565290000000001,9.56034,9.558,9.55854,9.56187,9.56826,9.57771,9.59022,9.605879999999999,9.624780000000001,9.646740000000001,9.671940000000001,9.7002,9.73152,9.76581,9.80307,9.84321,9.88596,9.931410000000001,9.97938,10.02969,10.08234,10.137060000000002,10.19376,10.252350000000002,10.312740000000002,10.37475,10.4382,10.50309,10.56924,10.636560000000001,10.70487,10.77426,10.84446,10.91547,10.9872,11.05956,11.13255,11.20599,11.27988,11.354130000000001,11.428740000000001,11.503620000000002,11.57868,11.65401,11.72952,11.80512,11.88081,11.95659,12.03237,12.10824,12.18411
16.524269999999998,16.48296,16.44183,16.40088,16.360110000000002,16.31961,16.27938,16.239330000000002,16.199460000000002,16.15977,16.120350000000002,16.0812,16.04223,16.00344,15.965010000000001,15.926670000000001,15.8886,15.8508,15.813180000000001,15.775830000000001,15.738750000000001,15.70185,15.66522,15.628860000000001,15.59268,15.55677,15.52113,15.485759999999999,15.45057,15.41565,15.381,15.34662,15.31242,15.27858,15.24492,15.211530000000002,15.17841,15.14556,15.112890000000002,15.08058,15.04845,15.01668,14.98509,14.953770000000002,14.92272,14.891940000000002,14.861429999999999,14.83119,14.801129999999999,14.77143,14.741909999999999,14.712660000000001,14.68377,14.65506,14.626619999999999,14.598360000000001,14.570459999999999,14.54274,14.51538,14.488199999999999,14.461290000000002,14.43456,14.408100000000001,14.382000000000001,14.35599,14.33034,14.30487,14.279670000000001,14.25465,14.2299,14.20542,14.18112,14.157,14.13315,14.10948,14.086079999999999,14.06286,14.03982,14.017050000000001,13.99446,13.97205,13.94982,13.92786,13.905990000000001,13.8843,13.86288,13.84155,13.8204,13.799430000000001,13.778550000000001,13.75794,13.73742,13.71699,13.69674,13.676670000000001,13.65669,13.636890000000001,13.617090000000001,13.59756,13.57803,13.558589999999999,13.53933,13.520159999999999,13.50099,13.482000000000001,13.46301,13.4442,13.42539,13.40658,13.38795,13.36932,13.35069,13.33215,13.313699999999999,13.295250000000001,13.276800000000001,13.25844,13.23999,13.22163,13.20327,13.18491,13.166640000000001,13.14828,13.12992,13.11156,13.093110000000001,13.07475,13.0563,13.03785,13.0194,13.00086,12.98232,12.96378,12.94515,12.92643,12.907710000000002,12.8889,12.870090000000001,12.85119,12.83229,12.8133,12.79422,12.77505,12.75588,12.73662,12.717270000000001,12.697830000000002,12.67839,12.65886,12.63924,12.61953,12.599820000000001,12.579930000000001,12.56004,12.54006,12.52008,12.49992,12.47976,12.45951,12.43926,12.41892,12.39849,12.37797,12.35745,12.33693,12.31623,12.29562,12.27492,12.25422,12.23343,12.21264,12.19185,12.17106,12.150269999999999,12.129480000000001,12.108690000000001,12.0879,12.06711,12.04641,12.02571,12.0051,11.984580000000001,11.96406,11.94363,11.923290000000001,11.90304,11.88297,11.862990000000002,11.843100000000002,11.82339,11.80377,11.78442,11.76516,11.74617,11.727360000000001,11.708730000000001,11.69037,11.67228,11.65437,11.63682,11.61954,11.60253,11.585790000000001,11.569410000000001,11.55339,11.53773,11.52243,11.507489999999999,11.493,11.47878,11.465100000000001,11.45178,11.43891,11.42649,11.414430000000001,11.40291,11.39184,11.38131,11.37114,11.36151,11.35242,11.34378,11.33559,11.327940000000002,11.320829999999999,11.31417,11.308050000000001,11.30238,11.29716,11.292480000000001,11.28834,11.284559999999999,11.281320000000001,11.278530000000002,11.27628,11.27439,11.27295,11.27196,11.27133,11.27124,11.271419999999999,11.27205,11.273040000000002,11.27439,11.2761,11.27817,11.28051,11.28321,11.286090000000002,11.28933,11.29284,11.29662,11.30067,11.30481,11.30931,11.3139,11.318670000000001,11.32371,11.32884,11.334060000000001,11.339459999999999,11.345040000000001,11.350620000000001,11.35638,11.36214,11.36808,11.37402,11.379959999999999,11.38599,11.39202,11.39814,11.40426,11.410290000000002,11.41641,11.422530000000002,11.42856,11.43459,11.44053,11.446560000000002,11.45241,11.458260000000001,11.46402,11.46978,11.47545,11.48103,11.48652,11.49192,11.49723,11.50245,11.507579999999999,11.51253,11.51748,11.52225,11.52693,11.53152,11.53602,11.54034,11.54457,11.54862,11.55258,11.55645,11.56014,11.563649999999999,11.56716,11.5704,11.573550000000001,11.57661,11.5794,11.58219,11.584710000000001,11.58714,11.58948,11.59155,11.593530000000001,11.59542,11.59704,11.59857,11.599920000000001,11.601180000000001,11.602260000000001,11.60316,11.60388,11.604420000000001,11.60487,11.60505,11.60514,11.60505,11.60478,11.604420000000001,11.60379,11.60307,11.602079999999999,11.601,11.59974,11.5983,11.59668,11.59488,11.5929,11.59074,11.58849,11.585970000000001,11.58327,11.580390000000001,11.57733,11.57409,11.570760000000002,11.56716,11.56338,11.55942,11.55528,11.55096,11.54646,11.54178,11.53683,11.53179,11.52657,11.52117,11.5155,11.50974,11.5038,11.49759,11.491290000000001,11.48472,11.47806,11.471219999999999,11.4642,11.457,11.44962,11.44206,11.43441,11.42649,11.41848,11.410290000000002,11.40201,11.39355,11.384910000000001,11.37618,11.36736,11.358360000000001,11.34927,11.34,11.33064,11.321190000000001,11.31174,11.30211,11.292390000000001,11.28258,11.27277,11.262870000000001,11.25297,11.242980000000001,11.23299,11.223,11.21292,11.20293,11.19285,11.18286,11.172960000000002,11.16297,11.153070000000001,11.14326,11.13354,11.12391,11.11428,11.10483,11.09547,11.0862,11.077110000000001,11.06811,11.0592,11.050559999999999,11.042010000000001,11.03364,11.025450000000001,11.01744,11.00961,11.00196,10.99449,10.9872,10.98018,10.97325,10.96659,10.96011,10.95372,10.9476,10.94166,10.9359,10.93032,10.92483,10.91952,10.914390000000001,10.90935,10.9044,10.89963,10.89486,10.890270000000001,10.88568,10.88118,10.87668,10.87218,10.86777,10.86318,10.858680000000001,10.854090000000001,10.84941,10.84464,10.839690000000001,10.834650000000002,10.82943,10.82403,10.81845,10.81269,10.80657,10.80027,10.793610000000001,10.78668,10.77948,10.77183,10.76391,10.75554,10.74681,10.73763,10.728,10.71792,10.70739,10.69632,10.684800000000001,10.67274,10.66014,10.647,10.63332,10.6191,10.60425,10.58886,10.572840000000001,10.55619,10.539000000000001,10.521180000000001,10.50282,10.48383,10.46421,10.44396,10.42317,10.401840000000002,10.379880000000002,10.357380000000001,10.33425,10.31067,10.28664,10.262070000000001,10.23705,10.21167,10.18584,10.159650000000001,10.133280000000001,10.10655,10.07973,10.05273,10.02564,9.998550000000002,9.97155,9.94473,9.918180000000001,9.89199,9.86625,9.841050000000001,9.81657,9.792900000000001,9.77013,9.74835,9.72783,9.70857,9.69084,9.67473,9.66033,9.64782,9.63738,9.6291,9.62307,9.61947,9.61839,9.62001,9.62433,9.63144,9.64143,9.654300000000001,9.67014,9.68895,9.71073,9.73557,9.763200000000001,9.7938,9.82728,9.86346,9.902339999999999,9.94392,9.98793,10.034370000000001,10.08306,10.134,10.187009999999999,10.241909999999999,10.2987,10.35729,10.41741,10.47897,10.542060000000001,10.60632,10.67184,10.73844,10.80612,10.87461,10.944,11.01411,11.08485,11.15631,11.22822,11.30067,11.37357,11.44683,11.52045,11.594430000000001,11.66859,11.742930000000001,11.81745,11.89215,11.96694,12.04191,12.11688,12.19185
16.51743,16.47603,16.4349,16.39395,16.353270000000002,16.31268,16.272360000000003,16.232310000000002,16.192439999999998,16.15275,16.11333,16.074089999999998,16.035120000000003,15.996330000000002,15.957809999999998,15.919560000000002,15.881400000000001,15.8436,15.805980000000002,15.768630000000002,15.731459999999998,15.694650000000001,15.65793,15.621569999999998,15.58539,15.54948,15.51384,15.47838,15.44319,15.40827,15.37362,15.339240000000002,15.305040000000002,15.2712,15.23754,15.20415,15.17103,15.13809,15.105509999999999,15.073110000000002,15.04107,15.00921,14.97762,14.94639,14.915340000000002,14.88456,14.85405,14.823720000000002,14.793750000000001,14.76405,14.734530000000001,14.705370000000002,14.67639,14.647680000000001,14.619240000000001,14.59107,14.563170000000001,14.535540000000001,14.508090000000001,14.48091,14.454089999999999,14.42736,14.400990000000002,14.3748,14.348970000000001,14.32323,14.29785,14.27265,14.247720000000001,14.22297,14.19849,14.174190000000001,14.150160000000001,14.12631,14.102730000000001,14.07933,14.0562,14.033249999999999,14.01048,13.98789,13.965480000000001,13.94334,13.92138,13.899600000000001,13.878,13.85649,13.83525,13.8141,13.79322,13.77243,13.75182,13.7313,13.710960000000002,13.6908,13.67073,13.65084,13.63104,13.61133,13.59171,13.57227,13.55292,13.53366,13.51449,13.49541,13.476420000000001,13.45752,13.43862,13.4199,13.40118,13.38246,13.36392,13.34538,13.32684,13.308300000000001,13.289940000000001,13.27149,13.25304,13.234679999999999,13.21632,13.19796,13.1796,13.16124,13.14288,13.12452,13.106160000000001,13.0878,13.06935,13.0509,13.032449999999999,13.01391,12.99537,12.97674,12.95811,12.93948,12.92067,12.90195,12.88305,12.86415,12.845250000000002,12.826170000000001,12.80709,12.78792,12.76875,12.749400000000001,12.73005,12.710609999999999,12.691080000000001,12.67146,12.651840000000002,12.63204,12.61224,12.59235,12.572370000000001,12.552299999999999,12.53214,12.511980000000001,12.49164,12.4713,12.45087,12.43035,12.409830000000001,12.38922,12.36852,12.34773,12.32694,12.30606,12.28518,12.26421,12.24324,12.22227,12.201210000000001,12.180150000000001,12.159089999999999,12.13794,12.11688,12.09573,12.07467,12.053609999999999,12.03255,12.01158,11.99061,11.96973,11.94894,11.92815,11.907449999999999,11.886930000000001,11.86641,11.846070000000001,11.82582,11.80575,11.78586,11.76606,11.74653,11.727089999999999,11.707920000000001,11.689020000000001,11.670300000000001,11.651760000000001,11.63358,11.61567,11.59803,11.58066,11.563649999999999,11.547,11.53062,11.51469,11.49912,11.48391,11.469059999999999,11.45466,11.440710000000001,11.42712,11.41407,11.40147,11.38923,11.37762,11.366370000000002,11.35566,11.3454,11.33568,11.326500000000001,11.317770000000001,11.30958,11.30193,11.29482,11.288160000000001,11.28204,11.27646,11.27133,11.26674,11.26269,11.25909,11.25603,11.25342,11.25126,11.24964,11.248380000000001,11.247660000000002,11.247300000000001,11.24739,11.24793,11.24883,11.25009,11.251800000000001,11.25378,11.25621,11.25891,11.26188,11.26521,11.26881,11.27268,11.27682,11.281139999999999,11.285730000000001,11.29059,11.295539999999999,11.30076,11.30607,11.31156,11.31723,11.322989999999999,11.32893,11.33496,11.340990000000001,11.3472,11.35341,11.35971,11.3661,11.372399999999999,11.37888,11.38527,11.391660000000002,11.39814,11.40453,11.41092,11.41722,11.42361,11.42982,11.436119999999999,11.44224,11.44836,11.45448,11.460420000000001,11.46627,11.47212,11.47788,11.48346,11.488949999999999,11.494439999999999,11.49975,11.50497,11.51001,11.51505,11.51991,11.52468,11.52927,11.53377,11.53809,11.54232,11.54637,11.55033,11.5542,11.5578,11.5614,11.56473,11.56797,11.57103,11.574,11.576789999999999,11.5794,11.58192,11.58426,11.58642,11.5884,11.59029,11.59191,11.593440000000001,11.59488,11.59605,11.59704,11.59794,11.59866,11.5992,11.59956,11.59974,11.59983,11.59965,11.59929,11.598840000000001,11.598210000000002,11.59731,11.59632,11.59515,11.59371,11.59218,11.59047,11.58849,11.58642,11.58417,11.58165,11.57904,11.57616,11.57319,11.56995,11.56653,11.56293,11.55915,11.55519,11.55105,11.54664,11.54214,11.537370000000001,11.53251,11.527379999999999,11.522070000000001,11.516580000000001,11.510909999999999,11.50506,11.498940000000001,11.49273,11.48625,11.47968,11.47284,11.46582,11.45871,11.451329999999999,11.443769999999999,11.436119999999999,11.4282,11.42019,11.412,11.40363,11.39508,11.38635,11.37753,11.36853,11.359440000000001,11.35017,11.34081,11.33127,11.32164,11.31192,11.30211,11.292119999999999,11.28213,11.27196,11.26179,11.25153,11.24127,11.23092,11.22048,11.210040000000001,11.1996,11.18916,11.17872,11.168280000000001,11.15784,11.147490000000001,11.137139999999999,11.126880000000002,11.116710000000001,11.10654,11.09646,11.08656,11.076749999999999,11.067029999999999,11.0574,11.04795,11.038680000000001,11.0295,11.02059,11.01177,11.00313,10.994670000000001,10.98648,10.97847,10.970640000000001,10.962990000000001,10.95561,10.94832,10.94139,10.93464,10.92807,10.92168,10.91556,10.90953,10.90386,10.89828,10.89288,10.88766,10.88262,10.87767,10.8729,10.868310000000001,10.86381,10.8594,10.85508,10.850760000000001,10.846530000000001,10.84239,10.83816,10.83402,10.82979,10.82556,10.82124,10.816830000000001,10.812330000000001,10.807739999999999,10.80297,10.79802,10.792890000000002,10.78749,10.781910000000002,10.77606,10.76994,10.76355,10.7568,10.749780000000001,10.74231,10.734570000000001,10.72638,10.717740000000001,10.70874,10.6992,10.689300000000001,10.67886,10.66797,10.65654,10.644660000000002,10.63215,10.61919,10.6056,10.59156,10.57689,10.56168,10.54584,10.52946,10.512450000000001,10.4949,10.47681,10.45809,10.43883,10.419030000000001,10.39869,10.37781,10.35639,10.33443,10.31202,10.289159999999999,10.26585,10.242090000000001,10.217970000000001,10.19358,10.16883,10.1439,10.1187,10.09341,10.06803,10.04265,10.01727,9.99207,9.96705,9.942390000000001,9.918,9.89415,9.870930000000001,9.84834,9.82656,9.80577,9.78597,9.76734,9.75006,9.73422,9.71982,9.70722,9.69642,9.68751,9.68076,9.67608,9.67383,9.67383,9.67644,9.68157,9.689400000000001,9.69984,9.71307,9.729090000000001,9.74799,9.76959,9.794070000000001,9.82125,9.85122,9.883890000000001,9.919170000000001,9.95697,9.997290000000001,10.04013,10.085130000000001,10.13247,10.18188,10.233270000000001,10.28664,10.34181,10.3986,10.4571,10.517040000000001,10.578330000000001,10.64097,10.70487,10.76985,10.83582,10.90278,10.970640000000001,11.03922,11.10852,11.17854,11.24919,11.32029,11.39193,11.463930000000001,11.53638,11.6091,11.68218,11.75553,11.82906,11.90286,11.97675,12.05073,12.124889999999999,12.199140000000002
16.51023,16.46883,16.4277,16.38675,16.34598,16.305390000000003,16.265069999999998,16.22493,16.18497,16.14537,16.10586,16.06662,16.027649999999998,15.98886,15.95025,15.91191,15.87384,15.835950000000002,15.79833,15.76098,15.72381,15.686910000000001,15.65019,15.613830000000002,15.577649999999998,15.54165,15.50601,15.47055,15.435360000000001,15.40044,15.36579,15.331320000000002,15.29721,15.26328,15.22962,15.19623,15.16302,15.13017,15.097589999999999,15.065190000000001,15.03315,15.00129,14.9697,14.938379999999999,14.907330000000002,14.87655,14.84604,14.8158,14.785829999999999,14.756130000000002,14.72661,14.697450000000002,14.668470000000001,14.639850000000001,14.61141,14.583240000000002,14.55534,14.52771,14.50035,14.47317,14.44626,14.41962,14.39325,14.36715,14.34123,14.31567,14.2902,14.265089999999999,14.24016,14.2155,14.19102,14.16681,14.14278,14.119019999999999,14.09544,14.072040000000001,14.04891,14.02605,14.00328,13.980780000000001,13.95846,13.93632,13.91436,13.892669999999999,13.87107,13.84965,13.82841,13.80744,13.786470000000001,13.76577,13.74516,13.724730000000001,13.70448,13.684320000000001,13.664340000000001,13.64445,13.62465,13.60503,13.585500000000001,13.56606,13.5468,13.52754,13.50837,13.48938,13.47039,13.45149,13.432680000000001,13.413960000000001,13.39533,13.3767,13.35807,13.33953,13.32108,13.30263,13.28418,13.26573,13.24737,13.22901,13.21065,13.19229,13.17393,13.15557,13.13721,13.11885,13.10049,13.082040000000001,13.063590000000001,13.04514,13.0266,13.00806,12.98952,12.97089,12.952169999999999,12.93345,12.91464,12.89583,12.876930000000002,12.857940000000001,12.83895,12.81978,12.800609999999999,12.78144,12.76209,12.742650000000001,12.723210000000002,12.70368,12.68397,12.66426,12.64446,12.62457,12.60468,12.584610000000001,12.56445,12.5442,12.52395,12.50352,12.48309,12.462570000000001,12.44187,12.42126,12.40047,12.37959,12.35871,12.33774,12.31668,12.29553,12.274379999999999,12.25323,12.231990000000001,12.210659999999999,12.18933,12.168,12.14658,12.125250000000001,12.10383,12.08241,12.06099,12.03966,12.01824,11.99691,11.975670000000001,11.95443,11.93319,11.91213,11.891070000000001,11.8701,11.849310000000001,11.82852,11.80791,11.78748,11.76723,11.74707,11.727089999999999,11.70738,11.68776,11.6685,11.64942,11.63052,11.61198,11.59371,11.57571,11.55798,11.540700000000001,11.5236,11.506950000000002,11.49066,11.474820000000001,11.45934,11.44422,11.42955,11.41533,11.40156,11.388240000000001,11.37537,11.36304,11.35116,11.33982,11.32893,11.31858,11.30877,11.2995,11.29068,11.28249,11.27484,11.26764,11.26107,11.25495,11.24946,11.24442,11.23992,11.23596,11.23254,11.22957,11.22714,11.22525,11.22381,11.22282,11.222280000000001,11.222280000000001,11.22264,11.22345,11.22462,11.226239999999999,11.22822,11.23056,11.233260000000001,11.236320000000001,11.23974,11.24343,11.24739,11.251619999999999,11.256120000000001,11.26089,11.26584,11.27106,11.27646,11.28204,11.2878,11.293740000000001,11.29977,11.30589,11.312190000000001,11.31858,11.325059999999999,11.33163,11.3382,11.34486,11.35161,11.358360000000001,11.365110000000001,11.371860000000002,11.37861,11.38536,11.39211,11.39886,11.405520000000001,11.41218,11.418750000000001,11.425229999999999,11.43171,11.4381,11.4444,11.450700000000001,11.456819999999999,11.46285,11.46879,11.474730000000001,11.480400000000001,11.48607,11.49165,11.49705,11.502360000000001,11.507489999999999,11.51253,11.51739,11.52225,11.526840000000002,11.53134,11.53575,11.539890000000002,11.544030000000001,11.5479,11.551680000000001,11.55537,11.55879,11.56212,11.565270000000002,11.56833,11.57112,11.57382,11.57634,11.57877,11.58093,11.583,11.58489,11.5866,11.58813,11.58948,11.59065,11.59173,11.59254,11.593259999999999,11.59371,11.59407,11.59425,11.59416,11.59398,11.59362,11.59308,11.592270000000001,11.591370000000001,11.59029,11.588940000000001,11.5875,11.585880000000001,11.58399,11.58192,11.57967,11.57733,11.574629999999999,11.57184,11.56887,11.56572,11.5623,11.5587,11.554920000000001,11.55096,11.54682,11.54241,11.53791,11.533140000000001,11.52819,11.52297,11.51766,11.512080000000001,11.50632,11.50038,11.49426,11.487960000000001,11.48139,11.474730000000001,11.4678,11.46069,11.4534,11.445839999999999,11.43819,11.43036,11.42235,11.41407,11.4057,11.397150000000002,11.38842,11.37951,11.370420000000001,11.36124,11.351880000000001,11.34234,11.33271,11.3229,11.313,11.30301,11.29284,11.28258,11.27223,11.2617,11.25117,11.24055,11.229930000000001,11.21913,11.20833,11.19753,11.18664,11.17575,11.164950000000001,11.15406,11.14317,11.13228,11.12148,11.11077,11.10006,11.08944,11.07891,11.06847,11.058209999999999,11.04795,11.03787,11.02797,11.01816,11.00853,10.99908,10.98981,10.98072,10.971900000000002,10.96317,10.95471,10.946520000000001,10.93851,10.93068,10.923119999999999,10.915740000000001,10.908719999999999,10.90179,10.89522,10.888829999999999,10.88262,10.87668,10.87092,10.86543,10.86012,10.85499,10.85004,10.84536,10.84077,10.83627,10.83195,10.827810000000001,10.823670000000002,10.81971,10.81575,10.81188,10.808010000000001,10.80414,10.800360000000001,10.79649,10.79253,10.78857,10.78443,10.780289999999999,10.77588,10.77138,10.76679,10.76184,10.7568,10.7514,10.74582,10.73997,10.73376,10.72719,10.72035,10.713149999999999,10.7055,10.69749,10.68903,10.680209999999999,10.670850000000002,10.66104,10.65078,10.64007,10.62873,10.61694,10.6047,10.591830000000002,10.57842,10.56456,10.550070000000002,10.53504,10.51947,10.503269999999999,10.48662,10.46934,10.45152,10.433159999999999,10.41435,10.39491,10.37502,10.35468,10.3338,10.31247,10.290780000000002,10.26864,10.24614,10.223279999999999,10.20024,10.17684,10.15326,10.12959,10.10574,10.08189,10.05804,10.03428,10.0107,9.98739,9.964350000000001,9.94176,9.91962,9.8982,9.87741,9.85743,9.83844,9.82044,9.803609999999999,9.78804,9.77382,9.761130000000001,9.750150000000001,9.74088,9.73341,9.72801,9.72459,9.72342,9.72459,9.72801,9.73395,9.74232,9.7533,9.76689,9.783090000000001,9.8019,9.823409999999999,9.847620000000001,9.874350000000002,9.903780000000001,9.93573,9.9702,10.0071,10.046429999999999,10.0881,10.13193,10.17792,10.22598,10.27602,10.327860000000001,10.3815,10.436850000000002,10.493820000000001,10.55223,10.61199,10.6731,10.735470000000001,10.798919999999999,10.86345,10.92897,10.99539,11.06262,11.13057,11.19933,11.26863,11.33856,11.408940000000001,11.47986,11.55114,11.62287,11.69496,11.76732,11.83995,11.91276,11.985840000000001,12.059009999999999,12.13236,12.20589
16.502760000000002,16.46127,16.42005,16.3791,16.338240000000003,16.29765,16.25733,16.217190000000002,16.177229999999998,16.137539999999998,16.09803,16.0587,16.019640000000003,15.98085,15.94224,15.9039,15.865829999999999,15.827940000000002,15.79023,15.752790000000001,15.715620000000001,15.67872,15.642,15.605550000000001,15.56937,15.53337,15.49773,15.46227,15.427080000000002,15.39207,15.357420000000001,15.32295,15.28875,15.25482,15.221160000000001,15.18777,15.15465,15.12171,15.089129999999999,15.056730000000002,15.0246,14.99283,14.96124,14.92992,14.898870000000002,14.86809,14.83758,14.80734,14.77737,14.74758,14.718150000000001,14.688990000000002,14.660010000000002,14.631390000000001,14.60295,14.574779999999999,14.54697,14.51934,14.49198,14.4648,14.437980000000001,14.41134,14.384970000000001,14.35887,14.33304,14.30748,14.2821,14.2569,14.23206,14.2074,14.183010000000001,14.1588,14.13477,14.1111,14.08752,14.06421,14.041170000000001,14.018310000000001,13.99563,13.973130000000001,13.95081,13.92876,13.90689,13.885200000000001,13.86369,13.842270000000001,13.82112,13.80015,13.77927,13.75866,13.73805,13.71771,13.697460000000001,13.67739,13.657409999999999,13.63761,13.6179,13.598279999999999,13.578750000000001,13.5594,13.540140000000001,13.52097,13.501890000000001,13.4829,13.464,13.4451,13.42638,13.40766,13.38903,13.3704,13.35186,13.33332,13.31487,13.29651,13.27806,13.2597,13.241340000000001,13.22298,13.20462,13.18626,13.167900000000001,13.14954,13.13118,13.112820000000001,13.094370000000001,13.07601,13.05756,13.03902,13.020480000000001,13.001940000000001,12.983310000000001,12.964680000000001,12.94596,12.927150000000001,12.908339999999999,12.88944,12.87045,12.851460000000001,12.83229,12.813120000000001,12.79386,12.77451,12.75516,12.73563,12.716099999999999,12.696390000000001,12.676680000000001,12.65679,12.6369,12.61683,12.59676,12.57651,12.55626,12.535829999999999,12.515400000000001,12.49479,12.47418,12.453479999999999,12.4326,12.41172,12.39075,12.36969,12.34854,12.3273,12.30606,12.28473,12.26331,12.241800000000001,12.22029,12.198690000000001,12.17709,12.15549,12.133799999999999,12.112110000000001,12.09033,12.06864,12.04686,12.025170000000001,12.00348,11.98179,11.9601,11.938500000000001,11.91699,11.895480000000001,11.87406,11.852730000000001,11.83158,11.81043,11.78946,11.76858,11.74788,11.727360000000001,11.70702,11.686860000000001,11.666970000000001,11.647170000000001,11.627730000000001,11.60847,11.58957,11.57085,11.55249,11.53449,11.51676,11.499390000000002,11.482380000000001,11.465729999999999,11.449530000000001,11.43378,11.418389999999999,11.403360000000001,11.388869999999999,11.374830000000001,11.36133,11.348279999999999,11.33568,11.32362,11.312100000000001,11.301120000000001,11.29059,11.28069,11.27133,11.26251,11.25423,11.24649,11.23938,11.23281,11.22678,11.22129,11.21634,11.21193,11.20815,11.20482,11.20212,11.19987,11.19816,11.196900000000001,11.196180000000002,11.19591,11.19609,11.19681,11.197890000000001,11.19942,11.20131,11.20365,11.206439999999999,11.2095,11.21292,11.2167,11.220749999999999,11.22507,11.22975,11.2347,11.23983,11.24523,11.25081,11.25666,11.262599999999999,11.26881,11.275110000000002,11.28159,11.288160000000001,11.29482,11.30166,11.3085,11.31543,11.322450000000002,11.32956,11.33658,11.34369,11.3508,11.357999999999999,11.365110000000001,11.37222,11.37924,11.38635,11.39328,11.4003,11.40714,11.41398,11.42073,11.427480000000001,11.43405,11.44053,11.44692,11.45331,11.45943,11.46555,11.47158,11.477430000000002,11.48319,11.48877,11.49426,11.49966,11.504880000000002,11.509920000000001,11.51487,11.51964,11.524320000000001,11.52882,11.533140000000001,11.537370000000001,11.54142,11.54529,11.54907,11.55258,11.556000000000001,11.55924,11.562389999999999,11.565270000000002,11.568060000000001,11.57058,11.57301,11.57526,11.57733,11.579220000000001,11.58093,11.582460000000001,11.5839,11.58507,11.58606,11.58696,11.58759,11.588040000000001,11.5884,11.58849,11.5884,11.58813,11.58768,11.58705,11.58624,11.58525,11.58399,11.58264,11.58102,11.57931,11.57733,11.57517,11.57274,11.57022,11.56743,11.56455,11.5614,11.55798,11.55447,11.55069,11.54673,11.54259,11.53818,11.53359,11.52882,11.52387,11.518740000000001,11.513340000000001,11.507760000000001,11.50191,11.49588,11.48976,11.48328,11.476709999999999,11.46987,11.46285,11.45565,11.44827,11.440620000000001,11.432789999999999,11.42487,11.41668,11.40831,11.39967,11.390939999999999,11.38203,11.37294,11.36367,11.35422,11.34468,11.33487,11.32497,11.31489,11.304720000000001,11.29437,11.28393,11.2734,11.26269,11.251890000000001,11.241,11.23002,11.218950000000001,11.20779,11.19663,11.18538,11.17413,11.162790000000001,11.15145,11.14011,11.12877,11.11752,11.10618,11.09502,11.083770000000001,11.072700000000001,11.06163,11.050740000000001,11.039850000000001,11.02914,11.01852,11.00808,10.997819999999999,10.98765,10.97766,10.96794,10.95831,10.94895,10.939860000000001,10.930860000000001,10.92222,10.91376,10.90557,10.89756,10.88982,10.88235,10.875150000000001,10.868219999999999,10.86156,10.85508,10.84887,10.84293,10.83726,10.831859999999999,10.826550000000001,10.8216,10.81674,10.81215,10.807739999999999,10.80351,10.79937,10.79541,10.791630000000001,10.78785,10.78425,10.780650000000001,10.777140000000001,10.77363,10.77021,10.7667,10.76319,10.75959,10.75599,10.75221,10.74834,10.744290000000001,10.74015,10.73574,10.731150000000001,10.72629,10.72125,10.71585,10.71027,10.70424,10.69794,10.69128,10.68426,10.67679,10.66896,10.660680000000001,10.65204,10.64286,10.633230000000001,10.62315,10.612530000000001,10.60137,10.589760000000002,10.57761,10.56501,10.55178,10.53801,10.52379,10.50894,10.49364,10.47771,10.46133,10.444410000000001,10.42695,10.40895,10.3905,10.371599999999999,10.35216,10.33236,10.31211,10.291500000000001,10.27053,10.2492,10.227509999999999,10.20564,10.183589999999999,10.16136,10.13895,10.11654,10.09404,10.07172,10.04949,10.02735,10.00557,9.984150000000001,9.96318,9.94275,9.92286,9.903780000000001,9.88542,9.86805,9.85167,9.836459999999999,9.82251,9.80991,9.79875,9.78912,9.78129,9.775170000000001,9.770940000000001,9.768780000000001,9.7686,9.770669999999999,9.77499,9.781559999999999,9.79056,9.8019,9.81585,9.83223,9.851040000000001,9.87246,9.8964,9.92286,9.951749999999999,9.98307,10.01682,10.05291,10.09134,10.13193,10.17468,10.21959,10.26639,10.31517,10.36575,10.41804,10.47204,10.52757,10.58463,10.64304,10.70271,10.76373,10.825830000000002,10.88901,10.95318,11.01825,11.08422,11.151000000000002,11.2185,11.286629999999999,11.355390000000002,11.42469,11.49453,11.56491,11.63565,11.706750000000001,11.778120000000001,11.84994,11.921940000000001,11.99421,12.06666,12.139289999999999,12.212100000000001
16.49484,16.45335,16.41213,16.371090000000002,16.33023,16.28964,16.24923,16.209000000000003,16.16904,16.12926,16.089750000000002,16.05042,16.011360000000003,15.97248,15.93387,15.89544,15.85728,15.819390000000002,15.78168,15.744240000000001,15.707070000000002,15.67008,15.63336,15.59691,15.560640000000001,15.524640000000002,15.48891,15.45345,15.41826,15.383250000000002,15.34851,15.31404,15.27984,15.245910000000002,15.212250000000001,15.178770000000002,15.145649999999998,15.112709999999998,15.08013,15.04773,15.015600000000001,14.98374,14.95215,14.92092,14.88987,14.859090000000002,14.828489999999999,14.79825,14.768279999999999,14.73858,14.70915,14.6799,14.651010000000001,14.62239,14.59395,14.56587,14.537970000000001,14.51034,14.48298,14.455890000000002,14.42907,14.40252,14.376149999999999,14.35005,14.32422,14.29866,14.27337,14.24826,14.22342,14.19876,14.17437,14.15025,14.12631,14.102640000000001,14.07915,14.05584,14.0328,14.00994,13.98735,13.96494,13.94271,13.92066,13.89888,13.87719,13.855680000000001,13.83444,13.81329,13.79232,13.77162,13.75092,13.73049,13.71015,13.68999,13.669920000000001,13.650030000000001,13.630230000000001,13.61061,13.59108,13.57164,13.55229,13.53312,13.51395,13.49496,13.47597,13.45707,13.43835,13.41963,13.400910000000001,13.38228,13.36374,13.34529,13.326749999999999,13.308390000000001,13.289940000000001,13.27158,13.25322,13.23486,13.2165,13.19823,13.17987,13.161510000000002,13.14315,13.12479,13.10643,13.08807,13.06962,13.05117,13.032630000000001,13.014090000000001,12.99546,12.97683,12.95811,12.939390000000001,12.92058,12.90168,12.88269,12.8637,12.84462,12.82545,12.80619,12.78684,12.7674,12.74787,12.72834,12.70863,12.68883,12.66894,12.64905,12.62898,12.60882,12.588569999999999,12.568230000000002,12.54771,12.527190000000001,12.506580000000001,12.485790000000001,12.465,12.444030000000001,12.42306,12.401909999999999,12.38067,12.35943,12.33801,12.31659,12.295079999999999,12.273480000000001,12.25179,12.23001,12.20823,12.18636,12.16449,12.14253,12.12057,12.09852,12.07647,12.05442,12.03237,12.01023,11.98818,11.96613,11.94417,11.922120000000001,11.90025,11.87838,11.85651,11.83482,11.81322,11.79171,11.77029,11.74905,11.72799,11.70702,11.68623,11.66571,11.64528,11.625210000000001,11.60532,11.5857,11.56626,11.54727,11.52846,11.51001,11.49192,11.47419,11.456819999999999,11.4399,11.423340000000001,11.40714,11.39148,11.37618,11.361419999999999,11.34711,11.33334,11.32002,11.30724,11.295000000000002,11.2833,11.27214,11.26152,11.25144,11.24199,11.23308,11.2248,11.21706,11.209859999999999,11.20329,11.19735,11.19195,11.18709,11.18286,11.179170000000001,11.17602,11.17341,11.171339999999999,11.1699,11.16891,11.16837,11.16837,11.16891,11.1699,11.171339999999999,11.17314,11.17548,11.17818,11.18124,11.184750000000001,11.18853,11.19267,11.19717,11.20194,11.20698,11.21238,11.21796,11.22381,11.229840000000001,11.23605,11.24253,11.2491,11.25585,11.26269,11.26971,11.27682,11.28411,11.2914,11.29869,11.30616,11.313540000000001,11.321100000000001,11.328570000000001,11.336039999999999,11.3436,11.35107,11.35854,11.365920000000001,11.37339,11.380680000000002,11.38797,11.39517,11.40237,11.40939,11.41641,11.423250000000001,11.430090000000002,11.43675,11.44332,11.4498,11.4561,11.46231,11.46843,11.47437,11.480220000000001,11.485890000000001,11.49147,11.496870000000001,11.502089999999999,11.50722,11.51217,11.51703,11.52162,11.52612,11.53044,11.53467,11.538630000000001,11.5425,11.546190000000001,11.5497,11.553030000000001,11.55618,11.55915,11.56194,11.56455,11.56707,11.56932,11.571480000000001,11.573369999999999,11.57508,11.5767,11.57805,11.579220000000001,11.580300000000001,11.58111,11.581740000000002,11.58219,11.582460000000001,11.582460000000001,11.582370000000001,11.5821,11.58156,11.58084,11.57994,11.578859999999999,11.5776,11.57607,11.57436,11.572470000000001,11.5704,11.568150000000001,11.56563,11.56293,11.56005,11.55699,11.55366,11.55015,11.54637,11.5425,11.53827,11.53395,11.52936,11.52459,11.51964,11.51442,11.509020000000001,11.50344,11.49759,11.49156,11.48526,11.47878,11.47212,11.465190000000002,11.458169999999999,11.450790000000001,11.44332,11.435580000000002,11.42766,11.41956,11.41119,11.40273,11.394,11.38509,11.375910000000001,11.36664,11.35719,11.34756,11.33775,11.32776,11.317590000000001,11.30724,11.2968,11.28618,11.27538,11.26458,11.25351,11.24235,11.231190000000002,11.219850000000001,11.20842,11.196900000000001,11.18529,11.17359,11.161890000000001,11.15019,11.138399999999999,11.12661,11.11482,11.10303,11.09124,11.079540000000001,11.06784,11.056230000000001,11.04471,11.033190000000001,11.021849999999999,11.0106,10.99944,10.98846,10.97757,10.966949999999999,10.95642,10.94616,10.93599,10.92609,10.91646,10.90701,10.89783,10.888829999999999,10.88019,10.871730000000001,10.86363,10.85571,10.84815,10.840860000000001,10.83375,10.827,10.82052,10.81431,10.80837,10.80279,10.79739,10.79217,10.787310000000002,10.782630000000001,10.77813,10.773900000000001,10.76985,10.765979999999999,10.76229,10.75878,10.75536,10.75203,10.74879,10.74564,10.74249,10.73943,10.73628,10.733220000000001,10.73007,10.72683,10.723590000000002,10.720170000000001,10.716660000000001,10.71297,10.7091,10.70496,10.70073,10.696140000000002,10.691370000000001,10.68624,10.68084,10.675080000000001,10.66905,10.66257,10.65573,10.64853,10.640880000000001,10.63278,10.62423,10.61523,10.605780000000001,10.59588,10.58544,10.57446,10.563030000000001,10.55106,10.53855,10.525590000000001,10.51209,10.49796,10.48347,10.468350000000001,10.45278,10.43667,10.420020000000001,10.40301,10.38546,10.36746,10.349010000000002,10.33011,10.31094,10.291319999999999,10.271429999999999,10.25118,10.23066,10.20996,10.189079999999999,10.16802,10.14696,10.12581,10.104659999999999,10.08369,10.062809999999999,10.0422,10.02186,10.001880000000002,9.98235,9.96336,9.945,9.92745,9.91062,9.894779999999999,9.879840000000002,9.86616,9.85356,9.8424,9.832590000000001,9.8244,9.81774,9.81288,9.80973,9.80856,9.80946,9.81234,9.817380000000002,9.824580000000001,9.83412,9.84591,9.86013,9.8766,9.89559,9.916920000000001,9.94059,9.96669,9.99522,10.026000000000002,10.05912,10.09449,10.132109999999999,10.1718,10.21365,10.25748,10.3032,10.35081,10.40022,10.45134,10.50408,10.558440000000001,10.61424,10.67139,10.729800000000001,10.78956,10.850399999999999,10.912320000000001,10.975320000000002,11.03922,11.10402,11.16963,11.23605,11.303099999999999,11.37087,11.43918,11.50803,11.57742,11.64726,11.717459999999999,11.78811,11.85903,11.93031,12.00177,12.073590000000001,12.1455,12.217680000000001
16.48665,16.44507,16.403760000000002,16.362720000000003,16.32186,16.28118,16.24068,16.20045,16.1604,16.12062,16.08102,16.041690000000003,16.00263,15.96366,15.925050000000002,15.886620000000002,15.848370000000001,15.81048,15.772680000000001,15.73524,15.69798,15.66099,15.62427,15.58773,15.551459999999999,15.515460000000001,15.47973,15.44418,15.4089,15.373890000000001,15.339150000000002,15.30468,15.27048,15.236460000000001,15.2028,15.16932,15.136200000000002,15.103260000000002,15.070590000000001,15.03819,15.006060000000002,14.974200000000002,14.942610000000002,14.911290000000001,14.88024,14.849460000000002,14.81895,14.78871,14.75874,14.728950000000001,14.69952,14.67036,14.64147,14.61276,14.584409999999998,14.55633,14.528430000000002,14.500799999999998,14.473530000000002,14.44644,14.41962,14.39307,14.366790000000002,14.34069,14.314860000000001,14.289390000000001,14.26401,14.23899,14.21415,14.18958,14.16519,14.141160000000001,14.117220000000001,14.09355,14.07015,14.04693,14.023890000000002,14.00112,13.978530000000001,13.95621,13.93398,13.91202,13.89024,13.86864,13.84722,13.82607,13.805010000000001,13.784040000000001,13.763340000000001,13.74282,13.72239,13.70214,13.68198,13.662,13.642199999999999,13.622399999999999,13.602870000000001,13.58334,13.56399,13.54473,13.52556,13.50648,13.487490000000001,13.46859,13.44978,13.43106,13.41243,13.3938,13.37517,13.35672,13.33827,13.31982,13.30137,13.28301,13.26474,13.24638,13.22802,13.20975,13.19139,13.173119999999999,13.154760000000001,13.13649,13.118129999999999,13.099770000000001,13.081320000000002,13.06287,13.04442,13.02588,13.007340000000001,12.988710000000001,12.96999,12.951270000000001,12.93255,12.91365,12.89475,12.87576,12.85668,12.83751,12.81825,12.7989,12.77946,12.760019999999999,12.740400000000001,12.720690000000001,12.70089,12.681000000000001,12.66102,12.64095,12.62079,12.60045,12.58011,12.55959,12.53898,12.51828,12.497399999999999,12.47652,12.45546,12.43431,12.413160000000001,12.39183,12.37041,12.34881,12.32721,12.305520000000001,12.28374,12.26187,12.23991,12.21795,12.19581,12.173670000000001,12.151440000000001,12.12921,12.10689,12.084570000000001,12.06216,12.03975,12.01734,11.99493,11.97243,11.95002,11.927610000000001,11.905289999999999,11.88297,11.86065,11.838420000000001,11.816370000000001,11.794319999999999,11.772359999999999,11.750580000000001,11.72889,11.70729,11.685960000000001,11.66472,11.64375,11.62296,11.602350000000001,11.5821,11.56203,11.54223,11.5227,11.503530000000001,11.48472,11.46627,11.44809,11.43036,11.41299,11.39607,11.3796,11.36358,11.34801,11.33289,11.31831,11.30427,11.29068,11.27763,11.26521,11.25333,11.24199,11.231190000000002,11.221020000000001,11.21148,11.202480000000001,11.19411,11.18637,11.179170000000001,11.17269,11.16675,11.16135,11.15667,11.15253,11.14893,11.14596,11.14353,11.14173,11.14047,11.13975,11.13948,11.13984,11.14065,11.14191,11.14371,11.14587,11.14857,11.15163,11.155140000000001,11.15901,11.163240000000002,11.16783,11.17269,11.17791,11.1834,11.18925,11.19528,11.20149,11.20806,11.214720000000002,11.22165,11.228670000000001,11.23587,11.24316,11.250630000000001,11.25819,11.26584,11.273579999999999,11.281410000000001,11.28924,11.297070000000001,11.30499,11.31291,11.320829999999999,11.328660000000001,11.33658,11.344410000000002,11.35215,11.35998,11.36763,11.37528,11.382840000000002,11.390310000000001,11.3976,11.40489,11.41209,11.4192,11.42613,11.432970000000001,11.439720000000001,11.44629,11.452770000000001,11.45907,11.46528,11.47131,11.47725,11.48301,11.48859,11.49408,11.4993,11.504430000000001,11.50938,11.51424,11.518830000000001,11.52333,11.527560000000001,11.5317,11.53566,11.53944,11.54304,11.54646,11.5497,11.55276,11.55564,11.55834,11.56086,11.5632,11.56536,11.56725,11.56905,11.57058,11.57202,11.57319,11.57418,11.574990000000001,11.57562,11.57607,11.576250000000002,11.57634,11.57616,11.575800000000001,11.57517,11.57445,11.57346,11.57229,11.57094,11.56932,11.56752,11.56554,11.56338,11.56095,11.55834,11.55546,11.5524,11.54916,11.54574,11.542050000000001,11.53818,11.534040000000001,11.529720000000001,11.52513,11.52036,11.515410000000001,11.51019,11.50479,11.49912,11.49327,11.48724,11.48094,11.47437,11.46762,11.46069,11.45358,11.446110000000001,11.438550000000001,11.430719999999999,11.42271,11.414430000000001,11.40597,11.39733,11.38851,11.379420000000001,11.37015,11.3607,11.35098,11.34117,11.33109,11.32092,11.31048,11.29995,11.28924,11.27835,11.26728,11.256120000000001,11.24478,11.233350000000002,11.22174,11.210040000000001,11.198250000000002,11.18637,11.1744,11.16234,11.15019,11.13804,11.1258,11.11356,11.10132,11.088989999999999,11.076749999999999,11.06451,11.05227,11.04012,11.02806,11.016,11.00412,10.992329999999999,10.98063,10.96902,10.957590000000001,10.94634,10.93536,10.92447,10.91376,10.90332,10.89306,10.88307,10.87335,10.8639,10.85472,10.84581,10.83717,10.828800000000001,10.82079,10.81305,10.80558,10.79847,10.791630000000001,10.78506,10.77885,10.773000000000001,10.76733,10.762020000000001,10.75698,10.75212,10.747620000000001,10.7433,10.73925,10.735470000000001,10.73187,10.72836,10.72512,10.72197,10.719000000000001,10.71612,10.713330000000001,10.710540000000002,10.707930000000001,10.70523,10.702530000000001,10.69983,10.69713,10.69434,10.691370000000001,10.6884,10.685160000000002,10.681830000000001,10.678320000000001,10.67454,10.67058,10.66635,10.661850000000001,10.65699,10.651860000000001,10.646370000000001,10.64052,10.63431,10.627650000000001,10.62063,10.61316,10.60524,10.596870000000001,10.58805,10.578780000000002,10.56897,10.55871,10.548,10.53675,10.52496,10.51263,10.49985,10.48653,10.472760000000001,10.458450000000001,10.4436,10.4283,10.41255,10.396350000000002,10.37961,10.36251,10.34496,10.327050000000002,10.30878,10.29024,10.27125,10.25208,10.23273,10.21311,10.19331,10.17342,10.153530000000002,10.13355,10.11366,10.093950000000001,10.07433,10.05498,10.03599,10.01736,9.99918,9.981630000000001,9.96471,9.94842,9.93303,9.91854,9.90504,9.892619999999999,9.88137,9.87147,9.86292,9.8559,9.85041,9.84663,9.84456,9.84429,9.846,9.84969,9.85545,9.86328,9.87327,9.88542,9.89982,9.91656,9.935550000000001,9.95679,9.98037,10.0062,10.034370000000001,10.0647,10.097280000000001,10.13202,10.16892,10.2078,10.24875,10.29168,10.3365,10.38312,10.43145,10.48149,10.533150000000001,10.586340000000002,10.64106,10.697040000000001,10.75437,10.81296,10.872720000000001,10.93356,10.99539,11.058300000000001,11.12202,11.18664,11.25198,11.31813,11.384910000000001,11.45223,11.52027,11.58876,11.65779,11.72718,11.79702,11.867220000000001,11.93778,12.008610000000001,12.07971,12.15108,12.22263
16.47801,16.436429999999998,16.39512,16.35399,16.31304,16.272270000000002,16.23177,16.19154,16.151400000000002,16.111620000000002,16.072020000000002,16.032600000000002,15.99345,15.95448,15.915780000000002,15.877260000000001,15.8391,15.801029999999999,15.763320000000002,15.72579,15.68853,15.65145,15.61464,15.578100000000001,15.54183,15.505740000000001,15.47001,15.43446,15.39918,15.364080000000001,15.329339999999998,15.29478,15.26058,15.22656,15.192810000000001,15.159329999999999,15.12612,15.09318,15.060509999999999,15.028110000000002,14.99598,14.96412,14.93253,14.901209999999999,14.870160000000002,14.83929,14.80878,14.778540000000001,14.74857,14.718869999999999,14.689350000000001,14.660190000000002,14.631300000000001,14.602680000000001,14.57424,14.546160000000002,14.51835,14.49072,14.46345,14.436360000000002,14.40954,14.38308,14.3568,14.3307,14.30496,14.27949,14.254199999999999,14.22918,14.20434,14.17986,14.155470000000001,14.13144,14.10759,14.08401,14.06061,14.03739,14.01453,13.991760000000001,13.96926,13.946940000000001,13.9248,13.90284,13.881150000000002,13.85964,13.83831,13.81707,13.796100000000001,13.77531,13.75461,13.73409,13.713750000000001,13.69359,13.67352,13.653540000000001,13.63383,13.61412,13.59459,13.57515,13.55589,13.53672,13.517550000000002,13.498560000000001,13.479659999999999,13.46085,13.44204,13.42341,13.40478,13.38624,13.3677,13.34925,13.3308,13.31244,13.294080000000001,13.27572,13.25745,13.239180000000001,13.22091,13.20255,13.184280000000001,13.16601,13.147739999999999,13.129380000000001,13.11102,13.09266,13.0743,13.055850000000001,13.037400000000002,13.01886,13.00023,12.9816,12.96297,12.94416,12.92535,12.906450000000001,12.88746,12.86847,12.8493,12.83004,12.81078,12.79134,12.7719,12.75228,12.732569999999999,12.712860000000001,12.69297,12.6729,12.65283,12.632579999999999,12.61233,12.5919,12.57129,12.55068,12.52989,12.50901,12.48804,12.466890000000001,12.44565,12.42432,12.4029,12.38139,12.3597,12.33801,12.31614,12.29418,12.27213,12.24999,12.22776,12.205440000000001,12.18303,12.16062,12.13812,12.115530000000001,12.09285,12.070170000000001,12.0474,12.02463,12.00186,11.979090000000001,11.956230000000001,11.93346,11.9106,11.887830000000001,11.86515,11.84247,11.819790000000001,11.79729,11.77479,11.75238,11.73015,11.708010000000002,11.686050000000002,11.66418,11.64258,11.62107,11.59983,11.578859999999999,11.55807,11.53755,11.5173,11.49741,11.47779,11.45853,11.43954,11.421,11.40291,11.38518,11.36781,11.35098,11.3346,11.318670000000001,11.30328,11.28834,11.27403,11.26017,11.24694,11.23425,11.2221,11.21058,11.19969,11.189430000000002,11.179710000000002,11.17062,11.16225,11.15442,11.14731,11.140740000000001,11.1348,11.129579999999999,11.1249,11.120940000000001,11.11752,11.11473,11.112480000000001,11.11086,11.10987,11.10942,11.10942,11.110050000000001,11.111220000000001,11.11284,11.115,11.11761,11.12058,11.124089999999999,11.12796,11.13228,11.13696,11.142000000000001,11.14731,11.152980000000001,11.15901,11.16522,11.171700000000001,11.178450000000002,11.18547,11.19267,11.19996,11.20752,11.21517,11.223,11.23092,11.23893,11.24703,11.255220000000001,11.2635,11.271690000000001,11.28006,11.28834,11.296710000000001,11.30499,11.31327,11.32155,11.32974,11.33793,11.34612,11.354130000000001,11.36214,11.36997,11.3778,11.38554,11.3931,11.40057,11.40795,11.41524,11.42235,11.429369999999999,11.436209999999999,11.44287,11.449440000000001,11.45592,11.46213,11.46825,11.47428,11.480039999999999,11.485710000000001,11.491109999999999,11.49642,11.50155,11.5065,11.51127,11.515860000000002,11.52036,11.52459,11.52864,11.53251,11.5362,11.53971,11.54304,11.546190000000001,11.54916,11.55186,11.55447,11.55681,11.55897,11.56095,11.562750000000001,11.56437,11.56572,11.566980000000001,11.56797,11.56878,11.56932,11.56977,11.56995,11.56995,11.56968,11.56932,11.56869,11.56779,11.5668,11.56554,11.564010000000001,11.562389999999999,11.560500000000001,11.558430000000001,11.55609,11.55357,11.55078,11.54781,11.54466,11.54124,11.53764,11.53377,11.529720000000001,11.5254,11.520900000000001,11.51613,11.511180000000001,11.50596,11.50056,11.49489,11.48904,11.482920000000002,11.47662,11.47005,11.4633,11.456280000000001,11.44908,11.441609999999999,11.43396,11.42604,11.41794,11.40957,11.40102,11.392199999999999,11.3832,11.37402,11.36457,11.354940000000001,11.345130000000001,11.33505,11.32488,11.314440000000001,11.30382,11.29302,11.28204,11.27088,11.259540000000001,11.24811,11.23641,11.22471,11.21274,11.20068,11.18853,11.176290000000002,11.163960000000001,11.15145,11.13894,11.12634,11.11365,11.10096,11.08818,11.0754,11.06262,11.04993,11.03715,11.02446,11.01186,10.99926,10.98675,10.97442,10.96209,10.949940000000002,10.93797,10.92609,10.914390000000001,10.90296,10.891710000000002,10.880640000000001,10.86984,10.85922,10.84896,10.838880000000001,10.829160000000002,10.81962,10.81053,10.80162,10.79307,10.784880000000001,10.776959999999999,10.7694,10.7622,10.755270000000001,10.7487,10.74249,10.736640000000001,10.731060000000001,10.725750000000001,10.7208,10.71612,10.71171,10.707659999999999,10.703790000000001,10.70019,10.69677,10.693620000000001,10.690650000000002,10.68786,10.685160000000002,10.682640000000001,10.6803,10.67796,10.67571,10.67346,10.67121,10.66905,10.6668,10.66446,10.66203,10.65951,10.6569,10.65411,10.65114,10.6479,10.64448,10.64079,10.63692,10.63269,10.6281,10.62324,10.617930000000001,10.61235,10.60632,10.59993,10.59309,10.5858,10.57815,10.56996,10.56132,10.55223,10.5426,10.53252,10.5219,10.51083,10.499220000000001,10.487160000000001,10.47456,10.46151,10.44792,10.43388,10.41939,10.404449999999999,10.38897,10.373130000000002,10.35684,10.340190000000002,10.32318,10.305810000000001,10.288170000000001,10.27017,10.25199,10.23354,10.215,10.19628,10.17747,10.158570000000001,10.13976,10.12104,10.10241,10.08405,10.06596,10.04814,10.03077,10.01385,9.99747,9.98181,9.96687,9.95265,9.93942,9.927180000000002,9.91593,9.905940000000001,9.897210000000001,9.88983,9.883799999999999,9.87939,9.8766,9.87543,9.87606,9.878490000000001,9.8829,9.8892,9.89757,9.90801,9.92052,9.935279999999999,9.952110000000001,9.971100000000002,9.99234,10.015830000000001,10.04148,10.06929,10.09926,10.1313,10.1655,10.20177,10.240020000000001,10.28025,10.322280000000001,10.366290000000001,10.41201,10.45944,10.50858,10.55925,10.61145,10.66509,10.72008,10.776420000000002,10.83402,10.8927,10.95255,11.01348,11.07531,11.13813,11.20185,11.266290000000001,11.33154,11.39742,11.46402,11.53116,11.598930000000001,11.66715,11.73582,11.80494,11.874509999999999,11.94444,12.01464,12.0852,12.155940000000001,12.22695
16.4691,16.42743,16.38603,16.344810000000003,16.30386,16.263090000000002,16.2225,16.18218,16.14204,16.10217,16.06248,16.02306,15.98382,15.94485,15.906060000000002,15.867540000000002,15.82929,15.791220000000001,15.753419999999998,15.71589,15.67854,15.64146,15.60465,15.568019999999999,15.53166,15.495570000000003,15.45975,15.424200000000003,15.38883,15.353819999999999,15.318990000000001,15.284430000000002,15.250140000000002,15.21612,15.182369999999999,15.148890000000002,15.115590000000001,15.082650000000001,15.049980000000001,15.01758,14.985360000000002,14.953499999999998,14.921909999999999,14.890500000000001,14.85945,14.828669999999999,14.79807,14.76783,14.73786,14.708160000000001,14.67864,14.64948,14.620590000000002,14.59197,14.56362,14.53545,14.507639999999999,14.480099999999998,14.452830000000002,14.425740000000001,14.39901,14.37246,14.34618,14.320170000000001,14.29443,14.26896,14.24376,14.21874,14.193990000000001,14.16951,14.14521,14.12118,14.09742,14.07384,14.05053,14.0274,14.00445,13.98177,13.95936,13.93704,13.91499,13.89312,13.87152,13.85001,13.82877,13.80762,13.78674,13.76595,13.74534,13.724910000000001,13.70466,13.6845,13.664520000000001,13.644630000000001,13.62492,13.605390000000002,13.58595,13.5666,13.54734,13.52817,13.509179999999999,13.49019,13.47138,13.45257,13.433940000000002,13.415310000000002,13.39668,13.37823,13.35978,13.341330000000001,13.32297,13.3047,13.286340000000001,13.26807,13.2498,13.231530000000001,13.21335,13.195079999999999,13.17681,13.15854,13.140270000000001,13.122,13.10364,13.08528,13.066920000000001,13.04847,13.03002,13.01148,12.99285,12.97422,12.9555,12.93678,12.91788,12.89898,12.879900000000001,12.86082,12.84165,12.82239,12.803040000000001,12.783600000000002,12.76398,12.74436,12.72456,12.70467,12.68469,12.664530000000001,12.64437,12.62403,12.60351,12.58299,12.56229,12.541500000000001,12.52053,12.499469999999999,12.47832,12.456990000000001,12.43557,12.414060000000001,12.39246,12.37068,12.34881,12.32676,12.304710000000002,12.28248,12.26016,12.23775,12.21525,12.19266,12.16998,12.147210000000001,12.124350000000002,12.1014,12.07845,12.05541,12.03228,12.00915,11.98602,11.9628,11.93958,11.91636,11.89314,11.86992,11.84679,11.82366,11.80062,11.77758,11.75463,11.73186,11.70909,11.6865,11.664090000000002,11.64177,11.61963,11.59767,11.57598,11.55447,11.53323,11.51226,11.49156,11.47113,11.45106,11.43135,11.412,11.39301,11.37438,11.35629,11.33856,11.32128,11.304540000000001,11.288250000000001,11.2725,11.257290000000001,11.24262,11.22849,11.21499,11.20203,11.1897,11.178,11.16693,11.156490000000002,11.14668,11.137500000000001,11.129040000000002,11.12121,11.11401,11.10753,11.10168,11.09646,11.09196,11.088090000000001,11.08485,11.082239999999999,11.080169999999999,11.07882,11.078009999999999,11.07783,11.078280000000001,11.079180000000001,11.08062,11.08269,11.085120000000002,11.08818,11.0916,11.09547,11.09979,11.104560000000001,11.109689999999999,11.115179999999999,11.121030000000001,11.12715,11.13363,11.14038,11.1474,11.1546,11.16207,11.16972,11.17764,11.18565,11.19384,11.20212,11.21049,11.21904,11.22759,11.23623,11.24496,11.253689999999999,11.26242,11.27115,11.27997,11.2887,11.29743,11.30607,11.31471,11.323260000000001,11.331809999999999,11.34018,11.348550000000001,11.35683,11.364930000000001,11.37303,11.38095,11.38869,11.396429999999999,11.4039,11.41137,11.418660000000001,11.42577,11.4327,11.43954,11.446200000000001,11.452679999999999,11.45907,11.465190000000002,11.471219999999999,11.47707,11.48265,11.48814,11.493450000000001,11.49858,11.503530000000001,11.50821,11.5128,11.51712,11.521350000000002,11.52531,11.52909,11.53269,11.53611,11.53935,11.54232,11.5452,11.54781,11.55024,11.5524,11.55447,11.55627,11.55789,11.559330000000001,11.560500000000001,11.561490000000001,11.5623,11.56284,11.5632,11.56338,11.56338,11.56311,11.562570000000001,11.56194,11.56104,11.55987,11.558520000000001,11.55699,11.55519,11.55321,11.55105,11.54862,11.545919999999999,11.54304,11.53998,11.53665,11.533050000000001,11.52927,11.52531,11.52108,11.516580000000001,11.5119,11.506950000000002,11.50182,11.49642,11.49075,11.4849,11.47878,11.47248,11.465910000000001,11.45907,11.452050000000002,11.44476,11.43729,11.42955,11.42154,11.41335,11.40489,11.39625,11.38734,11.37825,11.36889,11.35935,11.34954,11.339550000000001,11.32929,11.31894,11.30832,11.29743,11.28645,11.2752,11.263770000000001,11.25225,11.24046,11.228580000000001,11.21643,11.20419,11.19186,11.17935,11.16666,11.153970000000001,11.1411,11.12814,11.11509,11.10195,11.08881,11.07558,11.06235,11.04903,11.0358,11.02248,11.00925,10.996020000000001,10.982880000000002,10.969830000000002,10.95687,10.944,10.93122,10.91862,10.90611,10.89387,10.88172,10.86984,10.85814,10.84671,10.835460000000001,10.824570000000001,10.81386,10.80351,10.793429999999999,10.78371,10.77426,10.76517,10.75644,10.74807,10.73997,10.73232,10.72503,10.71801,10.71144,10.70514,10.69929,10.69371,10.688580000000002,10.68372,10.67913,10.674900000000001,10.67103,10.667340000000001,10.664010000000001,10.66086,10.65798,10.65537,10.652849999999999,10.6506,10.64844,10.64646,10.64457,10.64268,10.64097,10.639170000000002,10.63746,10.635750000000002,10.63395,10.63206,10.63008,10.62801,10.62576,10.62333,10.62072,10.617930000000001,10.61478,10.61145,10.607850000000001,10.60389,10.59957,10.59498,10.58994,10.58463,10.578780000000002,10.572569999999999,10.566,10.558890000000002,10.55142,10.54341,10.53495,10.52604,10.51659,10.506689999999999,10.49625,10.48536,10.474020000000001,10.46214,10.44972,10.43694,10.42362,10.40985,10.39563,10.38096,10.36593,10.35045,10.334610000000001,10.31841,10.30194,10.28511,10.26801,10.250729999999999,10.233270000000001,10.21563,10.1979,10.18008,10.16226,10.14444,10.126800000000001,10.10925,10.09197,10.07487,10.05822,10.04193,10.02618,10.01097,9.99648,9.982619999999999,9.969660000000001,9.957510000000001,9.94635,9.93627,9.92736,9.91962,9.91323,9.90828,9.904770000000001,9.90279,9.90252,9.903870000000001,9.90702,9.91206,9.9189,9.927810000000001,9.93861,9.95148,9.966420000000001,9.98343,10.00251,10.02375,10.04706,10.07253,10.10007,10.12968,10.16136,10.19511,10.23075,10.26846,10.307970000000001,10.34937,10.39266,10.437570000000001,10.484190000000002,10.53252,10.58229,10.63359,10.68642,10.74051,10.79595,10.85265,10.91043,10.96947,11.02941,11.09043,11.15244,11.215259999999999,11.27889,11.34333,11.40849,11.47428,11.540700000000001,11.607750000000001,11.67534,11.74338,11.81187,11.88081,11.95011,12.01986,12.08979,12.16008,12.23055
16.45974,16.41807,16.37658,16.33536,16.294320000000003,16.25346,16.21287,16.17246,16.13232,16.092360000000003,16.052580000000003,16.013070000000003,15.97383,15.934770000000002,15.89598,15.85737,15.81903,15.780960000000002,15.743070000000001,15.705450000000003,15.668099999999999,15.63102,15.594119999999998,15.557490000000001,15.52104,15.484950000000001,15.449040000000002,15.413490000000001,15.378120000000001,15.34302,15.308100000000001,15.27354,15.239250000000002,15.20514,15.171389999999999,15.137820000000001,15.104610000000001,15.071580000000003,15.038820000000001,15.00642,14.974200000000002,14.94234,14.91066,14.87934,14.848200000000002,14.81742,14.78682,14.756580000000001,14.72661,14.696819999999999,14.667390000000001,14.638230000000002,14.609340000000001,14.580720000000001,14.55228,14.524200000000002,14.49639,14.46885,14.44158,14.41458,14.38776,14.361300000000002,14.33502,14.309099999999999,14.28336,14.25789,14.23269,14.20776,14.183010000000001,14.15862,14.13432,14.110380000000001,14.08662,14.063130000000001,14.03982,14.016779999999999,13.993920000000001,13.97133,13.94892,13.92669,13.90473,13.88286,13.861260000000001,13.83993,13.81869,13.79763,13.77675,13.75605,13.735529999999999,13.715190000000002,13.69503,13.67496,13.65507,13.63527,13.61565,13.59612,13.576680000000001,13.55742,13.538250000000001,13.519260000000001,13.50027,13.48137,13.462650000000002,13.44393,13.4253,13.40676,13.38822,13.36977,13.35141,13.33305,13.31478,13.29651,13.27824,13.26006,13.241790000000002,13.22361,13.205430000000002,13.18716,13.16898,13.15071,13.13253,13.114260000000002,13.0959,13.07763,13.05918,13.04082,13.02228,13.00374,12.9852,12.966569999999999,12.94785,12.92904,12.91014,12.89115,12.872160000000001,12.85299,12.833730000000001,12.81447,12.79503,12.775500000000001,12.75579,12.73608,12.71619,12.69621,12.67614,12.65589,12.63555,12.615120000000001,12.59451,12.57381,12.553020000000002,12.53205,12.5109,12.489749999999999,12.46833,12.44691,12.42522,12.403530000000002,12.38166,12.3597,12.33756,12.31533,12.29292,12.270510000000002,12.24792,12.225150000000001,12.20238,12.17952,12.15648,12.13335,12.11022,12.08691,12.063600000000001,12.0402,12.016710000000002,11.993219999999999,11.96964,11.946060000000001,11.92248,11.898810000000001,11.87514,11.851560000000001,11.82798,11.8044,11.78082,11.757330000000001,11.733929999999999,11.710619999999999,11.68749,11.66436,11.64141,11.61864,11.59596,11.573550000000001,11.55132,11.52936,11.507579999999999,11.48607,11.46492,11.444040000000001,11.42343,11.40327,11.383379999999999,11.36394,11.344949999999999,11.326319999999999,11.30823,11.2905,11.2734,11.25675,11.24055,11.22498,11.210040000000001,11.195640000000001,11.181780000000002,11.16864,11.15604,11.144160000000001,11.132909999999999,11.122290000000001,11.11239,11.10312,11.09457,11.08665,11.079540000000001,11.07297,11.067210000000001,11.06208,11.057670000000002,11.05389,11.050830000000001,11.0484,11.0466,11.04552,11.04498,11.045069999999999,11.04579,11.04705,11.04894,11.05128,11.054160000000001,11.05758,11.06145,11.06586,11.070630000000001,11.07585,11.08143,11.08746,11.09376,11.10042,11.10735,11.114640000000001,11.122200000000001,11.12994,11.13795,11.14614,11.15451,11.16306,11.171700000000001,11.180520000000001,11.189430000000002,11.19843,11.20752,11.2167,11.22588,11.23506,11.244240000000001,11.25351,11.26269,11.27187,11.28105,11.290140000000001,11.299230000000001,11.30814,11.31705,11.32587,11.3346,11.34324,11.3517,11.36007,11.368350000000001,11.37645,11.38446,11.39229,11.400030000000001,11.40759,11.41497,11.42226,11.42928,11.436209999999999,11.44296,11.449530000000001,11.45592,11.46213,11.468160000000001,11.47392,11.47959,11.48508,11.49039,11.49543,11.50029,11.50506,11.50956,11.51379,11.517930000000002,11.5218,11.525490000000001,11.529,11.532330000000002,11.53539,11.53827,11.54097,11.5434,11.54565,11.54772,11.549610000000001,11.55123,11.55258,11.553840000000001,11.554829999999999,11.55564,11.55618,11.55654,11.55663,11.55654,11.55627,11.55573,11.555010000000001,11.55402,11.55285,11.551409999999999,11.54979,11.5479,11.54583,11.54349,11.54097,11.53818,11.535210000000001,11.53197,11.52846,11.52477,11.52081,11.516670000000001,11.51226,11.507579999999999,11.50272,11.49759,11.49219,11.48661,11.48076,11.474639999999999,11.46834,11.461770000000001,11.454930000000001,11.44791,11.44053,11.433060000000001,11.425229999999999,11.41722,11.408940000000001,11.40039,11.391660000000002,11.38266,11.37348,11.36403,11.35431,11.344410000000002,11.334240000000001,11.32389,11.31327,11.30247,11.2914,11.280240000000001,11.26872,11.257109999999999,11.24532,11.233260000000001,11.221020000000001,11.20869,11.19609,11.1834,11.17053,11.15757,11.14443,11.1312,11.11779,11.10438,11.09079,11.077110000000001,11.06343,11.04975,11.03598,11.022120000000001,11.00835,10.994580000000001,10.980810000000002,10.96704,10.953360000000002,10.939770000000001,10.92627,10.91286,10.89963,10.88649,10.87353,10.860840000000001,10.84824,10.83591,10.82376,10.81188,10.80027,10.78902,10.77795,10.76724,10.75689,10.74681,10.73718,10.727820000000001,10.718820000000001,10.71027,10.70208,10.69425,10.68678,10.67976,10.6731,10.6668,10.66095,10.65546,10.65033,10.64556,10.64115,10.6371,10.63341,10.62999,10.626930000000002,10.62405,10.621440000000002,10.61919,10.61703,10.61514,10.613430000000001,10.61181,10.610370000000001,10.609020000000001,10.60767,10.60641,10.60524,10.60398,10.60272,10.601460000000001,10.600019999999999,10.59849,10.59678,10.59498,10.593,10.59075,10.58823,10.58553,10.58247,10.57914,10.57554,10.57149,10.56717,10.5624,10.55727,10.55169,10.54566,10.53927,10.53243,10.52505,10.51722,10.50894,10.500210000000001,10.49094,10.48122,10.47096,10.46025,10.44909,10.437389999999999,10.42533,10.41273,10.39968,10.386180000000001,10.37223,10.357920000000002,10.34325,10.32822,10.31283,10.297080000000001,10.281060000000002,10.26486,10.24839,10.23183,10.21509,10.198170000000001,10.18134,10.16442,10.147590000000001,10.13085,10.11429,10.098,10.08198,10.06632,10.05111,10.03635,10.02222,10.00863,9.99585,9.98388,9.97281,9.96264,9.95355,9.94554,9.938790000000001,9.933300000000001,9.929160000000001,9.92655,9.92538,9.925830000000001,9.927900000000001,9.93168,9.93726,9.94464,9.95391,9.96507,9.9783,9.99342,10.01052,10.02969,10.050930000000001,10.07424,10.09953,10.126890000000001,10.15623,10.18755,10.22085,10.25604,10.29321,10.332180000000001,10.373040000000001,10.415610000000001,10.45989,10.50579,10.55331,10.602450000000001,10.652940000000001,10.70496,10.758329999999999,10.81296,10.86885,10.925910000000002,10.98405,11.04336,11.103570000000001,11.16477,11.22687,11.28978,11.35359,11.41803,11.48319,11.54898,11.615400000000001,11.68236,11.749770000000002,11.817720000000001,11.88612,11.954970000000001,12.02409,12.09366,12.16341,12.23352
16.45011,16.408350000000002,16.366770000000002,16.32546,16.28433,16.243470000000002,16.20279,16.162380000000002,16.12206,16.0821,16.04232,16.00272,15.963390000000002,15.92433,15.88545,15.846840000000002,15.808410000000002,15.77025,15.73236,15.694650000000001,15.65721,15.62004,15.583139999999998,15.546420000000001,15.509970000000001,15.473790000000001,15.437879999999998,15.402240000000003,15.366780000000002,15.33168,15.29676,15.26211,15.22782,15.193710000000001,15.159870000000002,15.126299999999999,15.093,15.05997,15.02721,14.99472,14.9625,14.930550000000002,14.89896,14.867550000000001,14.83641,14.80563,14.77503,14.7447,14.71473,14.685030000000001,14.65551,14.62635,14.59746,14.56884,14.540489999999998,14.512410000000001,14.484600000000002,14.457060000000002,14.42979,14.40279,14.37597,14.34951,14.32332,14.2974,14.27166,14.24628,14.22108,14.196150000000001,14.17149,14.1471,14.12289,14.09895,14.075280000000001,14.05179,14.02857,14.00553,13.98276,13.96026,13.93785,13.91571,13.89384,13.87206,13.85055,13.829220000000001,13.80807,13.7871,13.76631,13.7457,13.72527,13.705020000000001,13.684859999999999,13.66488,13.64508,13.62537,13.60584,13.586400000000001,13.56705,13.547880000000001,13.5288,13.50981,13.490910000000001,13.4721,13.45347,13.43484,13.4163,13.39776,13.3794,13.360949999999999,13.342680000000001,13.32441,13.30614,13.28796,13.269779999999999,13.2516,13.233419999999999,13.21524,13.19715,13.17897,13.16079,13.14261,13.12443,13.106160000000001,13.08789,13.06953,13.05117,13.03281,13.01436,12.99582,12.97719,12.95856,12.93984,12.92103,12.90213,12.883140000000001,12.86406,12.84489,12.82554,12.80619,12.78675,12.767130000000002,12.74742,12.72753,12.70764,12.687570000000001,12.66732,12.647070000000001,12.62655,12.60603,12.585239999999999,12.56445,12.54348,12.52233,12.501090000000001,12.47967,12.45816,12.436470000000002,12.4146,12.39273,12.370590000000002,12.34836,12.32604,12.30354,12.28095,12.258180000000001,12.23532,12.21228,12.18924,12.16602,12.14271,12.11922,12.09573,12.07215,12.048390000000001,12.02463,12.000779999999999,11.976840000000001,11.952900000000001,11.928870000000002,11.90484,11.88081,11.85669,11.832659999999999,11.80854,11.78451,11.76048,11.73654,11.71269,11.68884,11.66517,11.64159,11.6181,11.594790000000001,11.57166,11.54871,11.52594,11.50344,11.48112,11.45907,11.43738,11.41596,11.3949,11.3742,11.35386,11.333969999999999,11.314440000000001,11.29536,11.27673,11.258640000000002,11.24109,11.22399,11.20752,11.19159,11.1762,11.16144,11.1474,11.1339,11.12112,11.10897,11.09754,11.08674,11.07666,11.067300000000001,11.05866,11.050830000000001,11.04363,11.03715,11.03139,11.02635,11.02203,11.01843,11.01555,11.013300000000001,11.01177,11.010869999999999,11.01069,11.011050000000001,11.012129999999999,11.013750000000002,11.016,11.0187,11.02203,11.0259,11.030220000000002,11.03508,11.04039,11.04606,11.052180000000002,11.05866,11.0655,11.072700000000001,11.08026,11.088000000000001,11.096100000000002,11.10438,11.11293,11.12166,11.13057,11.13966,11.14893,11.1582,11.16765,11.177190000000001,11.18682,11.19645,11.20617,11.21589,11.22561,11.23524,11.24496,11.25459,11.26422,11.273760000000001,11.28321,11.29257,11.30193,11.31111,11.3202,11.3292,11.33811,11.34684,11.355390000000002,11.36394,11.37222,11.38041,11.38842,11.39625,11.4039,11.41146,11.418750000000001,11.42595,11.43288,11.439720000000001,11.44629,11.452679999999999,11.45898,11.46501,11.47086,11.47644,11.48193,11.487150000000002,11.49219,11.49705,11.50164,11.50605,11.51028,11.51433,11.51811,11.52171,11.52504,11.52819,11.53116,11.53386,11.53638,11.53872,11.540790000000001,11.54268,11.5443,11.54574,11.547,11.54799,11.54871,11.54925,11.549610000000001,11.5497,11.549610000000001,11.54925,11.54871,11.5479,11.54682,11.54556,11.544120000000001,11.54232,11.540429999999999,11.53818,11.53575,11.533140000000001,11.53026,11.52711,11.52369,11.520090000000001,11.51622,11.51217,11.507850000000001,11.50326,11.4984,11.493360000000001,11.487960000000001,11.482470000000001,11.47662,11.470590000000001,11.4642,11.45763,11.45088,11.443769999999999,11.436480000000001,11.42892,11.42109,11.41299,11.404710000000001,11.39616,11.38734,11.37825,11.36889,11.35935,11.34954,11.339550000000001,11.3292,11.31876,11.30796,11.29698,11.28582,11.2743,11.26269,11.25081,11.238750000000001,11.226510000000001,11.214,11.20131,11.18844,11.17548,11.16225,11.14893,11.13543,11.12175,11.10798,11.09412,11.080169999999999,11.066040000000001,11.05191,11.03769,11.023380000000001,11.009070000000001,10.994670000000001,10.980360000000001,10.966050000000001,10.95165,10.937429999999999,10.923210000000001,10.90908,10.895040000000002,10.88109,10.86732,10.85373,10.84023,10.827,10.81395,10.80108,10.78857,10.77624,10.76427,10.75248,10.74114,10.73007,10.71936,10.70901,10.69902,10.689390000000001,10.680209999999999,10.67148,10.66302,10.655100000000001,10.647540000000001,10.64043,10.63377,10.627469999999999,10.62162,10.61613,10.61109,10.6065,10.60227,10.59831,10.594800000000001,10.59165,10.58877,10.58625,10.584,10.58202,10.58031,10.578780000000002,10.577520000000002,10.57635,10.575360000000002,10.57446,10.57365,10.57293,10.57221,10.57158,10.57086,10.57014,10.56924,10.56834,10.567260000000001,10.56609,10.56465,10.563030000000001,10.56114,10.55907,10.55664,10.553939999999999,10.55097,10.547550000000001,10.54386,10.53972,10.53522,10.53036,10.52496,10.519200000000001,10.51299,10.50624,10.49913,10.49148,10.48338,10.47474,10.46565,10.45611,10.44603,10.435500000000001,10.424520000000001,10.41309,10.40121,10.38879,10.37601,10.36278,10.34919,10.335239999999999,10.32093,10.30626,10.291319999999999,10.27611,10.26063,10.24497,10.229130000000001,10.2132,10.19718,10.18116,10.165140000000001,10.14921,10.13337,10.117709999999999,10.10223,10.087110000000001,10.07235,10.05804,10.04427,10.03104,10.01844,10.00656,9.99549,9.98532,9.97605,9.96786,9.96075,9.95481,9.95013,9.9468,9.94482,9.944370000000001,9.94545,9.94815,9.95247,9.95859,9.966420000000001,9.976140000000001,9.98766,10.00107,10.01637,10.03365,10.05291,10.074150000000001,10.097370000000002,10.12257,10.149750000000001,10.17882,10.20987,10.24281,10.27773,10.31445,10.35297,10.3932,10.43523,10.47897,10.52424,10.57122,10.61964,10.669500000000001,10.7208,10.773539999999999,10.82745,10.88262,10.93905,10.99656,11.055150000000001,11.11473,11.1753,11.23677,11.299050000000001,11.36214,11.42604,11.49057,11.55582,11.6217,11.688120000000001,11.75508,11.82258,11.890440000000002,11.95884,12.02751,12.09663,12.16602,12.23577
16.44003,16.398270000000004,16.3566,16.3152,16.274070000000002,16.23312,16.192349999999998,16.15185,16.111530000000002,16.07148,16.03161,15.991919999999999,15.95259,15.91344,15.87447,15.835770000000002,15.797340000000002,15.759090000000002,15.721110000000001,15.683399999999999,15.64587,15.6087,15.57171,15.5349,15.498450000000002,15.46218,15.42627,15.39054,15.35508,15.31989,15.284880000000001,15.250230000000002,15.215850000000001,15.181650000000001,15.14781,15.114240000000002,15.08085,15.04782,15.01506,14.982480000000002,14.95026,14.918310000000002,14.886630000000002,14.855220000000001,14.82408,14.793210000000002,14.762609999999999,14.73237,14.702309999999999,14.67261,14.643089999999999,14.61393,14.585040000000001,14.556420000000001,14.52807,14.49999,14.472180000000002,14.444640000000001,14.417370000000002,14.39037,14.36364,14.33718,14.31099,14.28507,14.25942,14.23404,14.208929999999999,14.184,14.15943,14.13504,14.11092,14.08698,14.06331,14.03991,14.016779999999999,13.99383,13.971060000000001,13.94856,13.92633,13.90428,13.88241,13.86072,13.839300000000001,13.81797,13.79691,13.77603,13.75533,13.73481,13.71447,13.69422,13.674240000000001,13.65435,13.63455,13.614930000000001,13.59549,13.57614,13.55688,13.5378,13.51881,13.49991,13.4811,13.46247,13.44384,13.4253,13.40676,13.388399999999999,13.370040000000001,13.35177,13.333499999999999,13.31532,13.29714,13.278960000000001,13.260869999999999,13.24278,13.22469,13.2066,13.18851,13.17033,13.15224,13.134060000000002,13.11597,13.097700000000001,13.07952,13.06116,13.042890000000002,13.02444,13.00599,12.987540000000001,12.968910000000001,12.950280000000001,12.93147,12.91266,12.89376,12.874770000000002,12.855690000000001,12.83643,12.817079999999999,12.79773,12.778110000000002,12.75849,12.73869,12.7188,12.698730000000001,12.67857,12.65832,12.63789,12.61728,12.59658,12.575790000000001,12.55482,12.533669999999999,12.51234,12.490920000000001,12.46932,12.44763,12.42576,12.40371,12.381570000000002,12.35925,12.33684,12.31425,12.29148,12.26862,12.24558,12.22245,12.199140000000002,12.175740000000001,12.15216,12.128580000000001,12.10482,12.08088,12.056939999999999,12.03282,12.008700000000001,11.984490000000001,11.9601,11.93571,11.91132,11.88684,11.86236,11.83779,11.81322,11.78865,11.764170000000002,11.739690000000001,11.71521,11.69082,11.66643,11.64222,11.6181,11.59407,11.57022,11.54655,11.523060000000001,11.49975,11.47662,11.45385,11.43126,11.409030000000001,11.387070000000001,11.36547,11.34423,11.32335,11.30283,11.28285,11.26332,11.244240000000001,11.22561,11.20761,11.19006,11.17314,11.15685,11.1411,11.12607,11.11167,11.0979,11.08476,11.07243,11.06073,11.04984,11.03967,11.03013,11.02149,11.01348,11.00628,10.9998,10.99413,10.989180000000001,10.985040000000001,10.981530000000001,10.97883,10.97685,10.9755,10.974870000000001,10.97496,10.97577,10.97712,10.9791,10.9818,10.984950000000001,10.98873,10.99305,10.997910000000001,11.00322,11.008980000000001,11.01519,11.021849999999999,11.028870000000001,11.036340000000001,11.044080000000001,11.052180000000002,11.060550000000001,11.069189999999999,11.078009999999999,11.087190000000001,11.09646,11.10591,11.11563,11.12535,11.135250000000001,11.14524,11.15532,11.16549,11.17566,11.185920000000001,11.19609,11.20635,11.21652,11.22669,11.23677,11.24685,11.25684,11.26674,11.27664,11.28636,11.29599,11.30544,11.31489,11.32407,11.33316,11.34216,11.35098,11.359620000000001,11.36808,11.37645,11.38455,11.392560000000001,11.4003,11.40795,11.41533,11.42262,11.429640000000001,11.436480000000001,11.44305,11.449530000000001,11.45574,11.461770000000001,11.46762,11.4732,11.4786,11.48382,11.48877,11.49354,11.498130000000002,11.50245,11.506590000000001,11.51046,11.51415,11.517570000000001,11.52081,11.52387,11.52666,11.52918,11.53161,11.53368,11.53557,11.53728,11.53872,11.53998,11.54097,11.54169,11.54223,11.5425,11.54259,11.54241,11.542050000000001,11.54142,11.540610000000001,11.53944,11.53818,11.536560000000001,11.53476,11.53269,11.53044,11.52792,11.52513,11.522070000000001,11.518830000000001,11.515320000000001,11.51154,11.507579999999999,11.50335,11.498850000000001,11.49408,11.48904,11.48382,11.478240000000001,11.47248,11.466450000000002,11.46015,11.45367,11.44683,11.439810000000001,11.43243,11.42487,11.417040000000002,11.408940000000001,11.40057,11.39202,11.38311,11.37402,11.36457,11.354940000000001,11.345040000000001,11.33487,11.324520000000001,11.3139,11.30301,11.29185,11.28042,11.26881,11.25702,11.24487,11.23263,11.22012,11.20734,11.19447,11.18133,11.168009999999999,11.15442,11.140740000000001,11.126880000000002,11.11293,11.098709999999999,11.08449,11.07,11.05551,11.04084,11.02617,11.01141,10.99656,10.981620000000001,10.96677,10.95183,10.936890000000002,10.92204,10.90719,10.892430000000001,10.87767,10.86309,10.848600000000001,10.834290000000001,10.82016,10.80612,10.79235,10.77885,10.76553,10.75248,10.739700000000001,10.72728,10.71513,10.70334,10.69191,10.68084,10.67013,10.659870000000002,10.64997,10.64061,10.63161,10.62297,10.61487,10.60722,10.600019999999999,10.59327,10.586969999999999,10.58112,10.57581,10.57086,10.56627,10.56222,10.558530000000001,10.5552,10.55232,10.54971,10.547460000000001,10.54557,10.54395,10.5426,10.54152,10.54062,10.53999,10.53945,10.539090000000002,10.53882,10.538640000000001,10.53846,10.53837,10.53828,10.5381,10.53792,10.53756,10.53711,10.536480000000001,10.53576,10.53477,10.533510000000001,10.53207,10.53036,10.52829,10.52586,10.523159999999999,10.520100000000001,10.516680000000001,10.51281,10.50849,10.50381,10.49868,10.4931,10.487070000000001,10.4805,10.47348,10.46601,10.45809,10.449629999999999,10.44072,10.431360000000002,10.42146,10.41111,10.40031,10.38906,10.377360000000001,10.36521,10.3527,10.33974,10.32642,10.31283,10.298879999999999,10.28466,10.27008,10.25541,10.24047,10.22535,10.21014,10.194930000000001,10.179630000000001,10.16442,10.14921,10.134179999999999,10.119330000000001,10.104659999999999,10.090349999999999,10.07649,10.062990000000001,10.049940000000001,10.037519999999999,10.02582,10.01475,10.00449,9.995040000000001,9.98667,9.979199999999999,9.97281,9.967590000000001,9.96363,9.96102,9.95976,9.95985,9.96156,9.9648,9.969660000000001,9.976140000000001,9.98442,9.99441,10.0062,10.01988,10.035449999999999,10.05282,10.07217,10.09341,10.11663,10.14174,10.168740000000001,10.19763,10.2285,10.261170000000002,10.29573,10.33209,10.37016,10.41003,10.45161,10.49481,10.539629999999999,10.585980000000001,10.63395,10.68327,10.73403,10.786050000000001,10.83951,10.89414,10.949940000000002,11.00682,11.06487,11.12382,11.183850000000001,11.24478,11.306519999999999,11.36916,11.43252,11.496599999999999,11.56131,11.62674,11.69271,11.75922,11.826270000000001,11.89377,11.961720000000001,12.03003,12.09879,12.16782,12.23721
16.429679999999998,16.38774,16.346069999999997,16.30458,16.26336,16.22232,16.18155,16.14087,16.100550000000002,16.06041,16.02045,15.98076,15.941339999999999,15.9021,15.86304,15.82434,15.78582,15.74748,15.709409999999998,15.671700000000001,15.634080000000003,15.59682,15.55974,15.522929999999999,15.48639,15.450119999999998,15.41412,15.3783,15.34275,15.307560000000002,15.27255,15.237810000000001,15.203340000000003,15.169140000000002,15.1353,15.10164,15.06825,15.03513,15.00228,14.96979,14.93748,14.905529999999999,14.873759999999999,14.84235,14.81121,14.780339999999999,14.749740000000001,14.719410000000002,14.689350000000001,14.659559999999999,14.630130000000001,14.600879999999998,14.57199,14.543370000000001,14.515020000000002,14.486939999999999,14.45913,14.43159,14.40432,14.37741,14.35068,14.32422,14.298119999999999,14.272200000000002,14.24655,14.22126,14.196150000000001,14.17131,14.146650000000001,14.122349999999999,14.098230000000001,14.07447,14.0508,14.02749,14.00436,13.9815,13.958820000000001,13.93641,13.91418,13.892130000000002,13.87035,13.848840000000001,13.82742,13.80627,13.785210000000001,13.76442,13.74381,13.72338,13.70313,13.682970000000001,13.66299,13.64319,13.62357,13.604040000000001,13.58469,13.56543,13.54626,13.527270000000001,13.50837,13.48956,13.470839999999999,13.45221,13.43376,13.415310000000002,13.39686,13.37859,13.36032,13.34214,13.32396,13.30578,13.28769,13.26969,13.2516,13.233600000000001,13.21551,13.19751,13.17951,13.16142,13.14333,13.125240000000002,13.107149999999999,13.08897,13.07079,13.052520000000001,13.03416,13.0158,12.99744,12.9789,12.96036,12.94164,12.922920000000001,12.90411,12.88512,12.86613,12.846960000000001,12.82779,12.808440000000001,12.78891,12.76929,12.74958,12.72978,12.7098,12.68964,12.66939,12.64905,12.628530000000001,12.60783,12.58695,12.56598,12.544920000000001,12.52359,12.50217,12.48057,12.45879,12.43692,12.41487,12.39264,12.37023,12.34773,12.32496,12.302190000000001,12.27915,12.256020000000001,12.23271,12.20922,12.185640000000001,12.16197,12.13812,12.114090000000001,12.08997,12.06576,12.04137,12.01698,11.99241,11.96775,11.943,11.91816,11.893320000000001,11.86839,11.84337,11.81835,11.793330000000001,11.768310000000001,11.74329,11.71827,11.69325,11.668320000000001,11.64348,11.61864,11.59398,11.569410000000001,11.545020000000001,11.52072,11.496599999999999,11.472750000000001,11.44908,11.42568,11.40255,11.37969,11.35719,11.33496,11.313180000000001,11.29176,11.27079,11.25018,11.23011,11.21058,11.191500000000001,11.172960000000002,11.154959999999999,11.13759,11.12085,11.10474,11.089350000000001,11.07459,11.06046,11.04714,11.03454,11.02266,11.0115,11.001149999999999,10.99152,10.98279,10.97478,10.96749,10.9611,10.955430000000002,10.950569999999999,10.946520000000001,10.943190000000001,10.94067,10.93887,10.93788,10.937610000000001,10.93797,10.93905,10.94085,10.94328,10.94634,10.949940000000002,10.954170000000001,10.95903,10.964340000000002,10.97019,10.97649,10.98333,10.990530000000001,10.998090000000001,11.0061,11.014470000000001,11.023109999999999,11.03211,11.04129,11.050830000000001,11.060550000000001,11.07045,11.08053,11.09079,11.101140000000001,11.11158,11.122200000000001,11.13282,11.14353,11.15424,11.16504,11.17575,11.18655,11.19726,11.207880000000001,11.2185,11.22903,11.23956,11.24991,11.26017,11.270340000000001,11.28042,11.290320000000001,11.30013,11.30976,11.31921,11.328570000000001,11.33775,11.34675,11.35557,11.36421,11.372670000000001,11.38086,11.38896,11.39688,11.40453,11.412,11.41929,11.4264,11.43324,11.4399,11.44629,11.4525,11.45853,11.46429,11.46987,11.47518,11.480310000000001,11.48526,11.48994,11.49435,11.49858,11.50263,11.50641,11.509920000000001,11.513250000000001,11.51631,11.51919,11.5218,11.524230000000001,11.526390000000001,11.52828,11.52999,11.53152,11.53269,11.53368,11.53449,11.53503,11.535300000000001,11.535300000000001,11.535120000000001,11.53467,11.534040000000001,11.533140000000001,11.53197,11.53053,11.528910000000002,11.52702,11.52486,11.52252,11.51982,11.51694,11.51379,11.51046,11.50677,11.5029,11.49876,11.49435,11.48967,11.48472,11.479500000000002,11.4741,11.46834,11.4624,11.456190000000001,11.44962,11.44287,11.43585,11.42856,11.421,11.413170000000001,11.40507,11.396700000000001,11.38806,11.37915,11.36997,11.36052,11.3508,11.34081,11.330549999999999,11.32002,11.30931,11.29824,11.286990000000001,11.27547,11.26368,11.251619999999999,11.23938,11.22687,11.21418,11.201220000000001,11.187990000000001,11.17458,11.16099,11.14713,11.133180000000001,11.11896,11.104560000000001,11.09007,11.07531,11.060550000000001,11.04552,11.03049,11.01528,10.99998,10.98459,10.9692,10.95372,10.93824,10.92267,10.90719,10.891710000000002,10.87632,10.86093,10.845630000000002,10.83051,10.815389999999999,10.80054,10.785779999999999,10.77129,10.75698,10.74285,10.729080000000002,10.71549,10.70226,10.689300000000001,10.67679,10.66455,10.652759999999999,10.641240000000002,10.630260000000002,10.61964,10.60956,10.59984,10.590570000000001,10.58184,10.57356,10.56582,10.558530000000001,10.55169,10.545390000000001,10.539629999999999,10.53423,10.52937,10.52505,10.52109,10.51758,10.514520000000001,10.51182,10.50957,10.50768,10.506150000000002,10.504890000000001,10.50399,10.50336,10.50291,10.502730000000001,10.502730000000001,10.50291,10.50318,10.503540000000001,10.50399,10.50444,10.50498,10.50543,10.50579,10.506060000000002,10.50633,10.50633,10.50624,10.50588,10.50534,10.504529999999999,10.50345,10.5021,10.50039,10.49832,10.495890000000001,10.4931,10.48986,10.486260000000001,10.48221,10.47771,10.472760000000001,10.46736,10.46142,10.455119999999999,10.44828,10.440900000000001,10.433159999999999,10.42488,10.41606,10.40679,10.397070000000001,10.3869,10.37628,10.36521,10.35369,10.34181,10.32957,10.316880000000001,10.30392,10.2906,10.27701,10.26315,10.24902,10.2348,10.2204,10.205910000000001,10.19133,10.17675,10.16217,10.14768,10.13337,10.119240000000001,10.10529,10.0917,10.07856,10.06578,10.05354,10.04184,10.03077,10.020420000000001,10.01088,10.00215,9.99441,9.98766,9.981990000000001,9.977400000000001,9.974070000000001,9.972,9.97128,9.972,9.97416,9.97785,9.98307,9.99,9.99864,10.00899,10.021049999999999,10.03491,10.05066,10.06821,10.08756,10.10889,10.13202,10.15704,10.183950000000001,10.21275,10.243440000000001,10.27584,10.310130000000001,10.346219999999999,10.384020000000001,10.42353,10.46466,10.5075,10.55196,10.597859999999999,10.64529,10.69425,10.74447,10.79613,10.849050000000002,10.90314,10.95849,11.01492,11.07243,11.131020000000001,11.19051,11.25099,11.312280000000001,11.374469999999999,11.43738,11.50101,11.56536,11.63043,11.69595,11.7621,11.828790000000001,11.89602,11.96361,12.031649999999999,12.10005,12.1689,12.23793
16.41888,16.37694,16.33518,16.2936,16.25229,16.21116,16.1703,16.129620000000003,16.08912,16.04889,16.008930000000003,15.96915,15.929640000000001,15.89031,15.85125,15.81237,15.77376,15.73542,15.697350000000002,15.659460000000001,15.621840000000002,15.584489999999999,15.54732,15.510509999999998,15.473880000000001,15.43752,15.401430000000001,15.36561,15.330060000000001,15.29469,15.259680000000001,15.22485,15.19038,15.156179999999999,15.12216,15.088500000000002,15.055019999999999,15.021899999999999,14.989049999999999,14.956470000000001,14.92416,14.892120000000002,14.860350000000002,14.828850000000001,14.79771,14.766839999999998,14.73615,14.705820000000001,14.67576,14.64597,14.61654,14.587290000000001,14.558399999999999,14.529780000000002,14.501430000000001,14.473349999999998,14.44554,14.418,14.390820000000001,14.36382,14.33718,14.31072,14.28462,14.258700000000001,14.23314,14.20776,14.182739999999999,14.1579,14.13342,14.10912,14.085090000000001,14.06124,14.03775,14.01444,13.9914,13.96854,13.94595,13.923630000000001,13.901489999999999,13.879529999999999,13.857840000000001,13.83633,13.815,13.79394,13.77297,13.752270000000001,13.73175,13.71141,13.69125,13.671180000000001,13.651290000000001,13.631580000000001,13.61205,13.59261,13.57335,13.55418,13.53519,13.516290000000001,13.49748,13.47876,13.460130000000001,13.44159,13.42323,13.404869999999999,13.386510000000001,13.36833,13.350150000000001,13.33206,13.313970000000001,13.29588,13.27788,13.25988,13.24197,13.223970000000001,13.20606,13.18806,13.17006,13.15215,13.13415,13.11606,13.09797,13.079880000000001,13.0617,13.043520000000001,13.02525,13.00689,12.988529999999999,12.96999,12.95145,12.93282,12.914010000000001,12.895199999999999,12.8763,12.85722,12.83805,12.81879,12.79944,12.77991,12.760290000000001,12.740490000000001,12.720600000000001,12.70053,12.68037,12.66003,12.639510000000001,12.618900000000002,12.59811,12.57714,12.555990000000001,12.53475,12.513330000000002,12.49173,12.469949999999999,12.447989999999999,12.42594,12.40362,12.38121,12.35862,12.33585,12.312899999999999,12.289860000000001,12.26655,12.24315,12.21957,12.19581,12.17187,12.14784,12.12363,12.09933,12.07485,12.05028,12.025530000000002,12.00069,11.975670000000001,11.95065,11.925450000000001,11.90025,11.87487,11.849490000000001,11.82402,11.79855,11.77299,11.74743,11.721870000000001,11.69631,11.67075,11.64528,11.61981,11.59452,11.56923,11.544030000000001,11.51901,11.49417,11.46951,11.44503,11.42073,11.396700000000001,11.37294,11.34954,11.32641,11.30355,11.281139999999999,11.259179999999999,11.237580000000001,11.21643,11.19582,11.17566,11.15613,11.13705,11.118599999999999,11.10078,11.08359,11.06712,11.05128,11.03616,11.02167,11.00808,10.99512,10.98306,10.97172,10.96119,10.95147,10.94256,10.93446,10.92726,10.92087,10.91529,10.91052,10.906559999999999,10.903410000000001,10.901069999999999,10.89954,10.89882,10.89882,10.89954,10.90098,10.90314,10.906020000000002,10.90953,10.913670000000002,10.91844,10.92375,10.9296,10.93599,10.942919999999999,10.9503,10.95804,10.96632,10.974870000000001,10.98387,10.99314,11.002770000000002,11.01258,11.02275,11.033100000000001,11.04363,11.05434,11.065140000000001,11.076120000000001,11.08728,11.09844,11.109689999999999,11.120940000000001,11.13228,11.14362,11.154869999999999,11.166210000000001,11.17746,11.18862,11.19978,11.21076,11.22174,11.23263,11.24334,11.253960000000001,11.26449,11.27484,11.28501,11.295000000000002,11.3049,11.31462,11.324160000000001,11.33352,11.34261,11.35161,11.36034,11.368979999999999,11.377350000000002,11.385449999999999,11.39346,11.4012,11.408669999999999,11.41605,11.42307,11.43,11.43657,11.44305,11.44917,11.4552,11.46087,11.466450000000002,11.47167,11.476709999999999,11.481570000000001,11.48616,11.490480000000002,11.49453,11.4984,11.502089999999999,11.50551,11.50866,11.51154,11.51424,11.516670000000001,11.51892,11.520900000000001,11.52261,11.52405,11.52531,11.5263,11.52711,11.527560000000001,11.52783,11.52783,11.527650000000001,11.5272,11.52648,11.525490000000001,11.524230000000001,11.52279,11.52108,11.5191,11.51685,11.51433,11.51163,11.50866,11.50533,11.50182,11.498040000000001,11.49408,11.48976,11.48517,11.480310000000001,11.47527,11.46987,11.4642,11.458350000000001,11.45214,11.44566,11.439000000000002,11.43198,11.42469,11.41713,11.4093,11.4012,11.39283,11.38419,11.37528,11.36601,11.35656,11.34684,11.33676,11.32641,11.31588,11.30499,11.29383,11.28249,11.27079,11.25891,11.24667,11.23425,11.22156,11.2086,11.195459999999999,11.18196,11.16837,11.15442,11.14038,11.12598,11.11149,11.096820000000001,11.08188,11.06676,11.05155,11.03616,11.02068,11.00502,10.989180000000001,10.97334,10.95741,10.94139,10.92528,10.90917,10.89306,10.87695,10.860840000000001,10.84482,10.828800000000001,10.81287,10.797120000000001,10.781460000000001,10.765979999999999,10.750680000000001,10.73556,10.72071,10.70604,10.69164,10.677600000000002,10.663829999999999,10.65042,10.63737,10.624770000000002,10.612530000000001,10.60065,10.589310000000001,10.57842,10.56789,10.55799,10.54854,10.53954,10.531080000000001,10.52325,10.515870000000001,10.50894,10.502640000000001,10.49688,10.49157,10.486799999999999,10.482569999999999,10.47879,10.47555,10.47267,10.470329999999999,10.468350000000001,10.46682,10.46565,10.464839999999999,10.464300000000001,10.46412,10.46421,10.46457,10.46502,10.46574,10.46664,10.46763,10.46862,10.4697,10.47087,10.471950000000001,10.47303,10.473930000000001,10.47483,10.47555,10.476090000000001,10.47645,10.47654,10.47645,10.476,10.475280000000001,10.47429,10.47294,10.47114,10.46898,10.466460000000001,10.46349,10.46007,10.456290000000001,10.451970000000001,10.4472,10.441980000000001,10.43622,10.430010000000001,10.423350000000001,10.41615,10.40841,10.40031,10.391670000000001,10.382489999999999,10.37295,10.362870000000001,10.352430000000002,10.34154,10.3302,10.31859,10.30653,10.294110000000002,10.28142,10.26837,10.25514,10.24164,10.22805,10.21419,10.200330000000001,10.18638,10.17243,10.15848,10.144620000000002,10.13094,10.11744,10.104120000000002,10.09116,10.07865,10.066500000000001,10.05489,10.04382,10.03338,10.02366,10.01475,10.006649999999999,9.99945,9.99324,9.988109999999999,9.984150000000001,9.98127,9.97974,9.979470000000001,9.980640000000001,9.98325,9.98739,9.992970000000001,10.00026,10.00917,10.01979,10.03212,10.04616,10.062,10.079640000000001,10.099169999999999,10.1205,10.14363,10.168650000000001,10.19556,10.22418,10.25469,10.287,10.321110000000001,10.35693,10.39446,10.4337,10.47456,10.517130000000002,10.56114,10.60677,10.65384,10.702350000000001,10.7523,10.80351,10.85607,10.9098,10.96479,11.02086,11.078009999999999,11.13615,11.19528,11.2554,11.31633,11.378160000000001,11.440710000000001,11.50407,11.568060000000001,11.63277,11.69802,11.7639,11.83032,11.89719,11.96451,12.03237,12.1005,12.169080000000001,12.23793
16.407719999999998,16.36569,16.32384,16.28226,16.24086,16.199640000000002,16.15869,16.11792,16.077330000000003,16.0371,15.99696,15.95709,15.91749,15.87816,15.83901,15.80004,15.761339999999999,15.722909999999999,15.68475,15.64686,15.60915,15.57171,15.534450000000001,15.49755,15.46092,15.424470000000001,15.38829,15.35238,15.31674,15.281369999999999,15.24627,15.21144,15.176879999999999,15.14259,15.108569999999999,15.07482,15.041339999999998,15.00813,14.97519,14.942610000000002,14.910210000000001,14.878170000000003,14.8464,14.8149,14.78367,14.75271,14.72211,14.691690000000001,14.66163,14.63184,14.602319999999999,14.57316,14.54418,14.515559999999999,14.487210000000001,14.45913,14.431320000000001,14.403780000000001,14.3766,14.34969,14.32296,14.29659,14.27049,14.244660000000001,14.2191,14.19381,14.16879,14.14395,14.11947,14.095260000000001,14.07123,14.04756,14.02407,14.00085,13.977810000000002,13.95504,13.932540000000001,13.91022,13.88817,13.8663,13.8447,13.82328,13.80204,13.781070000000001,13.76019,13.73958,13.719149999999999,13.6989,13.678830000000001,13.658850000000001,13.639140000000001,13.61952,13.60008,13.58073,13.56156,13.542480000000001,13.523579999999999,13.50477,13.48605,13.46742,13.448970000000001,13.430520000000001,13.41225,13.393979999999999,13.3758,13.357619999999999,13.33953,13.321530000000001,13.30353,13.28562,13.26771,13.2498,13.23189,13.21407,13.19616,13.17825,13.16034,13.142430000000001,13.12452,13.10652,13.08852,13.07043,13.05234,13.03416,13.015979999999999,12.997620000000001,12.97926,12.96081,12.94227,12.92364,12.90492,12.88611,12.86712,12.848040000000001,12.82887,12.809610000000001,12.79017,12.77064,12.75093,12.73113,12.71115,12.690990000000001,12.67074,12.65031,12.6297,12.609,12.58812,12.56706,12.54582,12.5244,12.5028,12.481020000000001,12.459060000000001,12.437009999999999,12.41469,12.39228,12.3696,12.34674,12.323789999999999,12.300569999999999,12.277260000000002,12.25368,12.23001,12.20616,12.18213,12.157829999999999,12.13353,12.10896,12.0843,12.05946,12.034440000000002,12.00933,11.98404,11.95866,11.93319,11.907540000000001,11.88189,11.856060000000001,11.83014,11.80422,11.77821,11.75211,11.72601,11.699910000000001,11.673810000000001,11.64771,11.62161,11.595600000000001,11.56968,11.54376,11.51802,11.49237,11.4669,11.441609999999999,11.41641,11.39157,11.366909999999999,11.34252,11.3184,11.29464,11.27124,11.248199999999999,11.22552,11.203380000000001,11.1816,11.160359999999999,11.13966,11.1195,11.099969999999999,11.08098,11.062710000000001,11.04498,11.02806,11.01177,10.99629,10.981530000000001,10.96749,10.95435,10.941930000000001,10.93041,10.919699999999999,10.9098,10.9008,10.8927,10.88541,10.87902,10.87353,10.86885,10.865070000000001,10.862100000000002,10.860030000000002,10.858680000000001,10.85823,10.85859,10.85967,10.86156,10.86408,10.86741,10.87137,10.876050000000001,10.88136,10.88721,10.8936,10.90062,10.908090000000001,10.9161,10.924560000000001,10.93338,10.94265,10.95228,10.96218,10.972439999999999,10.98297,10.99377,11.00475,11.016,11.027339999999999,11.03886,11.05047,11.06217,11.07396,11.085840000000001,11.09772,11.109689999999999,11.12157,11.13345,11.14533,11.15712,11.16882,11.180520000000001,11.19204,11.20356,11.2149,11.22606,11.237219999999999,11.24811,11.25891,11.26953,11.27997,11.290230000000001,11.30031,11.310210000000001,11.319930000000001,11.32947,11.33874,11.34783,11.35674,11.36538,11.373840000000001,11.38212,11.39013,11.397870000000001,11.40543,11.41272,11.419830000000001,11.426670000000001,11.43333,11.439720000000001,11.445839999999999,11.45178,11.45736,11.46285,11.46798,11.47293,11.4777,11.48211,11.48634,11.4903,11.49408,11.4975,11.50074,11.50371,11.5065,11.509020000000001,11.51127,11.513250000000001,11.51496,11.51649,11.51775,11.518740000000001,11.51946,11.520000000000001,11.52027,11.52027,11.520000000000001,11.51946,11.518740000000001,11.51766,11.516399999999999,11.51487,11.513069999999999,11.511,11.50866,11.50614,11.50326,11.500110000000001,11.496780000000001,11.49309,11.489220000000001,11.48508,11.48058,11.4759,11.47086,11.46555,11.46006,11.454210000000002,11.44809,11.441699999999999,11.43504,11.42811,11.42091,11.41335,11.405610000000001,11.39751,11.389140000000001,11.3805,11.37159,11.36232,11.352780000000001,11.343060000000001,11.33289,11.32254,11.31192,11.30094,11.28978,11.27826,11.26647,11.25441,11.24208,11.22948,11.21661,11.20347,11.19006,11.17647,11.162519999999999,11.148390000000001,11.13399,11.11941,11.104560000000001,11.08953,11.07432,11.05884,11.043180000000001,11.02743,11.01141,10.9953,10.9791,10.96272,10.94625,10.9296,10.91304,10.8963,10.87956,10.862820000000001,10.84608,10.82934,10.8126,10.79604,10.77948,10.7631,10.74681,10.7307,10.714770000000001,10.69902,10.68354,10.668330000000001,10.65339,10.638720000000001,10.6245,10.61055,10.59705,10.58391,10.57122,10.55898,10.547189999999999,10.53594,10.52514,10.51497,10.50525,10.49607,10.48743,10.479420000000001,10.471950000000001,10.46502,10.45863,10.45287,10.44765,10.443060000000001,10.438920000000001,10.435319999999999,10.432260000000001,10.42974,10.42758,10.42596,10.42479,10.42407,10.42362,10.42362,10.42389,10.424520000000001,10.42533,10.4265,10.42776,10.4292,10.43082,10.43244,10.43424,10.43595,10.437750000000001,10.43946,10.44117,10.4427,10.444139999999999,10.445310000000001,10.446390000000001,10.4472,10.447830000000002,10.4481,10.4481,10.44774,10.44702,10.44594,10.444500000000001,10.44261,10.44036,10.437570000000001,10.43442,10.43073,10.426590000000001,10.422,10.41687,10.41129,10.40517,10.3986,10.391580000000001,10.38393,10.37592,10.36737,10.35837,10.34892,10.33902,10.32867,10.31796,10.3068,10.29528,10.28349,10.27134,10.25883,10.24614,10.233270000000001,10.220130000000001,10.2069,10.19358,10.18017,10.16667,10.15335,10.140030000000001,10.126890000000001,10.11393,10.10115,10.08882,10.07676,10.065150000000001,10.05408,10.04355,10.03365,10.024469999999999,10.01601,10.00845,10.00179,9.996030000000001,9.99135,9.98784,9.985410000000002,9.98433,9.98451,9.98604,9.98901,9.99342,9.999360000000001,10.006920000000001,10.0161,10.0269,10.03941,10.05363,10.06965,10.08747,10.107000000000001,10.12842,10.15155,10.17657,10.20339,10.23201,10.26243,10.29456,10.32858,10.364220000000001,10.40157,10.44063,10.481309999999999,10.52361,10.56744,10.6128,10.6596,10.707840000000001,10.757430000000001,10.80837,10.86066,10.91412,10.96875,11.02455,11.08143,11.1393,11.19816,11.25792,11.318670000000001,11.38014,11.44251,11.505600000000001,11.56932,11.633759999999999,11.69883,11.76444,11.830589999999999,11.89728,11.96451,12.0321,12.10005,12.16845,12.23712
16.39629,16.35417,16.31223,16.27047,16.22898,16.18767,16.146630000000002,16.10577,16.06518,16.02477,15.984630000000001,15.94467,15.90498,15.86547,15.826230000000002,15.78726,15.748470000000001,15.710040000000001,15.671700000000001,15.63372,15.595920000000001,15.55839,15.52113,15.48414,15.44742,15.41088,15.374699999999999,15.3387,15.30297,15.26751,15.232410000000002,15.19749,15.162840000000001,15.12846,15.09444,15.060600000000003,15.02703,14.993820000000001,14.960880000000001,14.92821,14.895809999999999,14.86368,14.83182,14.800320000000001,14.769,14.73804,14.70744,14.67702,14.64687,14.61708,14.587560000000002,14.558309999999999,14.52942,14.50071,14.472360000000002,14.44428,14.41656,14.38902,14.361839999999999,14.33484,14.3082,14.281830000000001,14.255730000000002,14.22999,14.20443,14.17914,14.15412,14.129460000000002,14.104980000000001,14.080770000000001,14.056830000000001,14.03316,14.00976,13.98654,13.96368,13.941,13.9185,13.896270000000001,13.874310000000001,13.85253,13.83102,13.80969,13.788540000000001,13.767570000000001,13.746870000000001,13.72635,13.70601,13.68585,13.66587,13.64607,13.62636,13.60683,13.587480000000001,13.56831,13.549230000000001,13.53033,13.51152,13.4928,13.474169999999999,13.45572,13.437270000000002,13.419,13.40082,13.38264,13.364550000000001,13.34655,13.32855,13.310640000000001,13.29273,13.27491,13.25709,13.239270000000001,13.22145,13.20372,13.1859,13.16808,13.15026,13.13244,13.11462,13.09671,13.078710000000001,13.06071,13.04271,13.02453,13.00635,12.98808,12.96972,12.95136,12.93282,12.91419,12.895470000000001,12.87666,12.85767,12.83868,12.819420000000001,12.80016,12.780719999999999,12.7611,12.74139,12.7215,12.70143,12.68127,12.66093,12.640410000000001,12.619710000000001,12.59892,12.577860000000001,12.55671,12.535290000000002,12.51378,12.492,12.470130000000001,12.447989999999999,12.42576,12.40326,12.38058,12.35772,12.33468,12.31146,12.28806,12.26439,12.24063,12.2166,12.19248,12.16809,12.14352,12.118860000000002,12.09393,12.06891,12.04371,12.01833,11.99277,11.96712,11.94129,11.915370000000001,11.88927,11.86308,11.8368,11.81043,11.78397,11.757420000000002,11.730780000000001,11.70414,11.6775,11.65077,11.62413,11.5974,11.570760000000002,11.54421,11.51775,11.491290000000001,11.46501,11.43882,11.412899999999999,11.387070000000001,11.36151,11.33613,11.31111,11.28636,11.26188,11.23785,11.21409,11.19078,11.168009999999999,11.1456,11.12373,11.10249,11.081700000000001,11.061539999999999,11.042010000000001,11.0232,11.00502,10.98756,10.97091,10.95489,10.939770000000001,10.925460000000001,10.91196,10.899270000000001,10.887480000000002,10.87659,10.8666,10.857510000000001,10.84932,10.84203,10.83564,10.83015,10.82556,10.82196,10.81917,10.81728,10.81629,10.81611,10.816830000000001,10.81827,10.82061,10.82358,10.82736,10.831859999999999,10.83708,10.84293,10.84932,10.85643,10.86399,10.87218,10.88082,10.88991,10.89945,10.90935,10.919699999999999,10.93032,10.9413,10.95246,10.96398,10.97568,10.98756,10.99953,11.01177,11.0241,11.036430000000001,11.04894,11.06145,11.07396,11.08647,11.098980000000001,11.11149,11.12391,11.13633,11.14857,11.16081,11.172870000000001,11.18484,11.19672,11.20842,11.22003,11.23137,11.24262,11.253689999999999,11.26458,11.27529,11.285730000000001,11.29599,11.30607,11.31597,11.3256,11.33505,11.34423,11.35323,11.36196,11.370510000000001,11.37879,11.3868,11.394630000000001,11.402190000000001,11.40948,11.416500000000001,11.423340000000001,11.42991,11.436300000000001,11.44233,11.44818,11.45376,11.45907,11.4642,11.469059999999999,11.47356,11.47797,11.48202,11.485800000000001,11.4894,11.49273,11.49579,11.49858,11.501100000000001,11.50344,11.505419999999999,11.50722,11.50875,11.51001,11.511,11.51181,11.51226,11.51253,11.512440000000002,11.51217,11.51163,11.51082,11.50974,11.50839,11.50677,11.50497,11.50281,11.50038,11.49768,11.494710000000001,11.49156,11.48805,11.48427,11.480220000000001,11.4759,11.47131,11.466450000000002,11.46123,11.45583,11.45007,11.444040000000001,11.437740000000002,11.43117,11.42433,11.41713,11.40966,11.401919999999999,11.39391,11.38554,11.376900000000001,11.36799,11.35872,11.34927,11.339459999999999,11.32929,11.31894,11.30823,11.29716,11.28591,11.2743,11.26242,11.25027,11.23785,11.22507,11.21202,11.198789999999999,11.185200000000002,11.171339999999999,11.157210000000001,11.14281,11.12823,11.113290000000001,11.098170000000001,11.08287,11.067300000000001,11.05146,11.03544,11.019240000000002,11.00286,10.986300000000002,10.96965,10.95273,10.93572,10.91862,10.901430000000001,10.88415,10.86678,10.84941,10.83195,10.81458,10.797120000000001,10.77984,10.762559999999999,10.74528,10.72827,10.711260000000001,10.69452,10.67796,10.66158,10.645470000000001,10.62963,10.61415,10.59894,10.58409,10.5696,10.555560000000002,10.541970000000001,10.528830000000001,10.51614,10.50399,10.492289999999999,10.48122,10.470690000000001,10.4607,10.45134,10.44252,10.434330000000001,10.426770000000001,10.41975,10.413359999999999,10.40769,10.40247,10.39797,10.39401,10.39059,10.3878,10.38546,10.38375,10.3824,10.38168,10.38132,10.38132,10.38177,10.382670000000001,10.38375,10.38519,10.3869,10.38879,10.390860000000002,10.39311,10.39545,10.39788,10.40031,10.40283,10.40526,10.4076,10.40985,10.41201,10.41399,10.415700000000001,10.41732,10.41858,10.41957,10.42029,10.42065,10.42065,10.42029,10.41948,10.418310000000002,10.41669,10.41462,10.4121,10.409040000000001,10.40553,10.40157,10.397070000000001,10.39212,10.38663,10.380600000000001,10.37412,10.3671,10.359630000000001,10.351709999999999,10.34325,10.33434,10.324980000000002,10.31517,10.30491,10.29429,10.28331,10.27197,10.26036,10.24839,10.23624,10.22373,10.21113,10.19835,10.18548,10.172609999999999,10.159650000000001,10.146690000000001,10.13391,10.12122,10.10871,10.09647,10.0845,10.072890000000001,10.06182,10.05111,10.041030000000001,10.03158,10.02285,10.01484,10.00764,10.00134,9.996030000000001,9.991710000000001,9.98856,9.98658,9.98577,9.986220000000001,9.988109999999999,9.99135,9.996030000000001,10.00224,10.010069999999999,10.01943,10.03041,10.0431,10.057500000000001,10.07361,10.09152,10.11114,10.13256,10.15578,10.1808,10.20762,10.23624,10.26657,10.2987,10.332540000000002,10.36818,10.40544,10.44432,10.484820000000001,10.52694,10.570680000000001,10.615860000000001,10.66248,10.710540000000002,10.759950000000002,10.81071,10.862729999999999,10.91601,10.97046,11.02608,11.08269,11.14038,11.199060000000001,11.25873,11.31921,11.3805,11.44269,11.505600000000001,11.569139999999999,11.6334,11.698290000000002,11.76381,11.82987,11.89638,11.96334,12.03084,12.0987,12.166920000000001,12.2355
16.38441,16.342200000000002,16.30017,16.25832,16.21674,16.17543,16.13421,16.09326,16.052580000000003,16.01208,15.971850000000002,15.931800000000003,15.892020000000002,15.852420000000002,15.81309,15.774030000000002,15.73524,15.69663,15.65829,15.62013,15.58233,15.544709999999998,15.50736,15.47028,15.43338,15.396840000000001,15.36048,15.324480000000001,15.288660000000002,15.253200000000001,15.21792,15.183000000000002,15.148259999999999,15.11388,15.07968,15.045840000000002,15.01227,14.97897,14.94594,14.91318,14.88078,14.84856,14.8167,14.785110000000001,14.75388,14.72283,14.69214,14.66172,14.631570000000002,14.60178,14.572169999999998,14.54292,14.51403,14.48532,14.456970000000002,14.42889,14.40108,14.37363,14.34636,14.319450000000002,14.292810000000001,14.26653,14.24043,14.214690000000001,14.18913,14.16393,14.139000000000001,14.11425,14.08986,14.06574,14.0418,14.01822,13.994819999999999,13.97178,13.94892,13.92624,13.903920000000001,13.881780000000001,13.859820000000001,13.83813,13.81671,13.79547,13.77441,13.753620000000002,13.73301,13.71258,13.69233,13.67226,13.65237,13.63266,13.61313,13.59369,13.574430000000001,13.55535,13.53645,13.517550000000002,13.49892,13.48029,13.46184,13.443480000000001,13.42521,13.407029999999999,13.38885,13.37085,13.35285,13.33494,13.31712,13.299299999999999,13.28157,13.26384,13.24611,13.22838,13.21065,13.19301,13.17528,13.15755,13.13982,13.12209,13.10427,13.08645,13.06863,13.05063,13.032630000000001,13.01463,12.996450000000001,12.97827,12.95991,12.941550000000001,12.9231,12.90447,12.885750000000002,12.86694,12.848040000000001,12.82896,12.809790000000001,12.79044,12.77091,12.751290000000001,12.731580000000001,12.7116,12.69153,12.671280000000001,12.65085,12.63033,12.60954,12.588569999999999,12.56742,12.546180000000001,12.52467,12.50298,12.481110000000001,12.458969999999999,12.43674,12.41424,12.39156,12.3687,12.34566,12.32235,12.29895,12.27528,12.25134,12.227310000000001,12.203009999999999,12.17853,12.153870000000001,12.12903,12.10392,12.07872,12.05325,12.027690000000002,12.00186,11.97594,11.94984,11.92356,11.89719,11.87064,11.844000000000001,11.81718,11.790270000000001,11.76327,11.736180000000001,11.709,11.68182,11.65455,11.62728,11.599920000000001,11.57265,11.545380000000002,11.51811,11.491019999999999,11.463930000000001,11.43693,11.41011,11.383379999999999,11.35692,11.33064,11.304630000000001,11.2788,11.25333,11.22822,11.203380000000001,11.178989999999999,11.155050000000001,11.13147,11.10843,11.085930000000001,11.063970000000001,11.04264,11.021849999999999,11.00178,10.98234,10.96362,10.94571,10.928519999999999,10.912139999999999,10.89657,10.88181,10.86795,10.85508,10.843020000000001,10.831859999999999,10.82169,10.81251,10.80423,10.79685,10.79055,10.78515,10.780650000000001,10.777230000000001,10.77462,10.773000000000001,10.77228,10.77246,10.77345,10.77543,10.77813,10.78164,10.785960000000001,10.791,10.79667,10.80315,10.810170000000001,10.81791,10.82619,10.83501,10.844280000000001,10.854090000000001,10.86435,10.87497,10.88604,10.89738,10.90908,10.92105,10.9332,10.94562,10.95822,10.971,10.98387,10.99692,11.009970000000001,11.023109999999999,11.036340000000001,11.04948,11.062710000000001,11.07585,11.088989999999999,11.10204,11.115,11.12787,11.14065,11.15325,11.16576,11.17818,11.19042,11.202480000000001,11.214360000000001,11.22606,11.237490000000001,11.24883,11.2599,11.27088,11.281500000000001,11.29194,11.302200000000001,11.312190000000001,11.322000000000001,11.33154,11.34081,11.349810000000002,11.35863,11.367180000000001,11.37546,11.383560000000001,11.39139,11.39886,11.40615,11.413260000000001,11.420010000000001,11.42649,11.432789999999999,11.43882,11.444490000000002,11.449980000000002,11.4552,11.460239999999999,11.46492,11.469330000000001,11.47347,11.477430000000002,11.48112,11.48445,11.4876,11.490480000000002,11.49309,11.49543,11.4975,11.4993,11.50083,11.502089999999999,11.50317,11.50389,11.504340000000001,11.50461,11.50452,11.50425,11.503620000000002,11.50281,11.50164,11.50029,11.49858,11.496599999999999,11.494439999999999,11.49192,11.489130000000001,11.48607,11.48274,11.479140000000001,11.47527,11.47104,11.46663,11.46186,11.456819999999999,11.45151,11.445839999999999,11.43999,11.43378,11.427299999999999,11.42046,11.41335,11.40597,11.39832,11.390310000000001,11.38203,11.37339,11.36457,11.355300000000002,11.34585,11.336039999999999,11.32587,11.31543,11.304720000000001,11.293650000000001,11.28231,11.2707,11.25873,11.24649,11.23389,11.221020000000001,11.207880000000001,11.19447,11.1807,11.16666,11.15235,11.13777,11.12292,11.107800000000001,11.09241,11.076749999999999,11.06082,11.04471,11.02833,11.01177,10.99494,10.97802,10.96083,10.94346,10.926,10.90836,10.89063,10.872720000000001,10.85481,10.836720000000001,10.818719999999999,10.80054,10.782449999999999,10.76436,10.746360000000001,10.72836,10.71045,10.69263,10.675080000000001,10.65762,10.64034,10.62333,10.6065,10.59003,10.57392,10.55808,10.54269,10.527660000000001,10.51308,10.49895,10.48527,10.47213,10.45953,10.447470000000001,10.43604,10.42515,10.414890000000002,10.40526,10.39626,10.38789,10.38024,10.373130000000002,10.36683,10.36107,10.35603,10.35153,10.347750000000001,10.3446,10.34199,10.34001,10.338569999999999,10.337670000000001,10.33722,10.3374,10.33794,10.338840000000001,10.340190000000002,10.3419,10.34397,10.34631,10.34883,10.35153,10.354500000000002,10.35756,10.360710000000001,10.36386,10.36701,10.37025,10.37331,10.37637,10.37925,10.381950000000002,10.38447,10.38672,10.38879,10.3905,10.39194,10.39302,10.393740000000001,10.3941,10.39401,10.393469999999999,10.392570000000001,10.39113,10.38924,10.3869,10.384020000000001,10.380690000000001,10.37682,10.37241,10.367550000000001,10.362150000000002,10.35621,10.349820000000001,10.34289,10.335420000000001,10.3275,10.31913,10.310220000000001,10.30095,10.29123,10.281060000000002,10.27053,10.25973,10.24848,10.23705,10.22526,10.21329,10.20105,10.18872,10.176300000000001,10.16379,10.15119,10.13868,10.12626,10.11393,10.10178,10.0899,10.078380000000001,10.06713,10.05633,10.04607,10.03635,10.02717,10.0188,10.01106,10.00422,9.99828,9.99324,9.98928,9.986310000000001,9.9846,9.984060000000001,9.98478,9.98685,9.99036,9.99531,10.0017,10.00962,10.019160000000001,10.03032,10.043190000000001,10.057680000000001,10.073970000000001,10.091880000000002,10.111680000000002,10.1331,10.156410000000001,10.18143,10.20834,10.23687,10.26729,10.29933,10.333169999999999,10.36872,10.40589,10.44477,10.48527,10.5273,10.57095,10.61604,10.66257,10.710540000000002,10.75986,10.81053,10.86246,10.915650000000001,10.96992,11.025450000000001,11.08197,11.13957,11.19807,11.25765,11.31804,11.37924,11.44125,11.50407,11.56761,11.631780000000001,11.69658,11.76192,11.82789,11.894309999999999,11.96127,12.02868,12.09645,12.16467,12.23316
16.37217,16.329870000000003,16.28775,16.24581,16.20414,16.162650000000003,16.12143,16.08039,16.03962,15.999030000000001,15.95862,15.91848,15.878610000000002,15.83901,15.79959,15.760350000000003,15.72147,15.68277,15.64434,15.60609,15.5682,15.53049,15.493050000000002,15.455880000000002,15.418980000000001,15.38226,15.345899999999999,15.30972,15.273900000000001,15.23835,15.20298,15.16797,15.13314,15.09867,15.06447,15.030540000000002,14.99688,14.96358,14.930460000000002,14.8977,14.86521,14.832990000000002,14.801039999999999,14.769449999999999,14.73804,14.706990000000001,14.6763,14.64579,14.615639999999999,14.585849999999999,14.55624,14.526990000000001,14.498009999999999,14.469300000000002,14.44095,14.41287,14.38506,14.35761,14.33034,14.30343,14.27688,14.25051,14.2245,14.19876,14.1732,14.14809,14.12316,14.0985,14.074110000000001,14.050080000000001,14.02623,14.002650000000001,13.97934,13.9563,13.933530000000001,13.91094,13.888710000000001,13.86657,13.844790000000001,13.82319,13.80186,13.78071,13.75974,13.73904,13.718520000000002,13.69818,13.678020000000002,13.65804,13.638330000000002,13.61871,13.59927,13.580010000000001,13.56093,13.54194,13.523040000000002,13.50441,13.48578,13.46733,13.448970000000001,13.4307,13.41261,13.39452,13.376520000000001,13.35861,13.34079,13.32297,13.30524,13.2876,13.269960000000001,13.252320000000001,13.234679999999999,13.217130000000001,13.19949,13.181939999999999,13.1643,13.14666,13.12902,13.111379999999999,13.09365,13.07592,13.058100000000001,13.040280000000001,13.02237,13.00437,12.98628,12.968100000000002,12.94983,12.93147,12.91302,12.89448,12.87576,12.857040000000001,12.83805,12.81897,12.7998,12.78045,12.76101,12.7413,12.7215,12.70152,12.68145,12.66111,12.64059,12.61998,12.5991,12.57804,12.5568,12.53538,12.51378,12.491909999999999,12.469949999999999,12.44772,12.42522,12.40263,12.37977,12.35664,12.33342,12.30984,12.28617,12.26223,12.238109999999999,12.21372,12.18915,12.1644,12.139380000000001,12.114180000000001,12.0888,12.06315,12.037410000000001,12.0114,11.98521,11.95884,11.93229,11.905560000000001,11.87865,11.85165,11.82447,11.7972,11.76975,11.742210000000002,11.71458,11.686770000000001,11.65896,11.631150000000002,11.60316,11.57526,11.54727,11.51937,11.49147,11.463569999999999,11.43585,11.408130000000002,11.38059,11.35323,11.32596,11.29896,11.27214,11.24568,11.2194,11.193480000000001,11.168009999999999,11.14281,11.11815,11.09385,11.07009,11.04687,11.024280000000001,11.00223,10.980810000000002,10.96011,10.94004,10.92078,10.90224,10.884599999999999,10.86768,10.85175,10.83663,10.822410000000001,10.80909,10.79685,10.78551,10.775160000000001,10.7658,10.757430000000001,10.75005,10.74375,10.73835,10.73403,10.7307,10.72836,10.727010000000002,10.726560000000001,10.7271,10.72854,10.730879999999999,10.73403,10.73808,10.74294,10.748520000000001,10.75491,10.761930000000001,10.769670000000001,10.77804,10.78704,10.79658,10.80657,10.81719,10.82817,10.8396,10.85139,10.86345,10.875960000000001,10.88865,10.90161,10.91484,10.92816,10.94166,10.95534,10.96902,10.982880000000002,10.99674,11.0106,11.02446,11.038319999999999,11.05209,11.06586,11.079540000000001,11.09313,11.106630000000001,11.11995,11.133180000000001,11.146320000000001,11.15919,11.17197,11.184479999999999,11.196900000000001,11.20905,11.221020000000001,11.23281,11.244330000000001,11.25567,11.26674,11.27754,11.288160000000001,11.29851,11.30868,11.31849,11.32812,11.337480000000001,11.34657,11.355390000000002,11.36394,11.37231,11.380320000000001,11.38815,11.39562,11.40291,11.40984,11.416590000000001,11.42307,11.42919,11.435130000000001,11.440710000000001,11.446110000000001,11.45124,11.45601,11.4606,11.46483,11.46888,11.47257,11.476080000000001,11.47932,11.482199999999999,11.4849,11.48724,11.4894,11.491200000000001,11.49282,11.49408,11.49507,11.49588,11.49633,11.496509999999999,11.496509999999999,11.49615,11.49552,11.494620000000001,11.493450000000001,11.49201,11.49021,11.48823,11.485890000000001,11.48328,11.48049,11.47734,11.47383,11.47014,11.46609,11.461770000000001,11.457180000000001,11.45232,11.447099999999999,11.441609999999999,11.43585,11.429730000000001,11.423340000000001,11.41668,11.40966,11.40237,11.39472,11.3868,11.37861,11.37006,11.36115,11.351970000000001,11.34252,11.33271,11.32263,11.312190000000001,11.30139,11.29041,11.27898,11.26728,11.255310000000001,11.242980000000001,11.23029,11.21733,11.2041,11.19051,11.17656,11.16243,11.14794,11.133180000000001,11.118060000000002,11.10267,11.087100000000001,11.07117,11.05497,11.0385,11.021849999999999,11.00493,10.98774,10.970369999999999,10.95273,10.93491,10.917000000000002,10.89882,10.88055,10.862100000000002,10.843560000000002,10.82493,10.80621,10.787400000000002,10.76859,10.749780000000001,10.73097,10.71216,10.69344,10.67481,10.656360000000001,10.638,10.619819999999999,10.60182,10.58409,10.56663,10.54953,10.5327,10.51623,10.500210000000001,10.48455,10.46934,10.45467,10.44054,10.42686,10.41381,10.401390000000001,10.389510000000001,10.37826,10.36773,10.35783,10.348650000000001,10.340100000000001,10.33227,10.32516,10.318769999999999,10.3131,10.308060000000001,10.303740000000001,10.300139999999999,10.29717,10.294830000000001,10.29312,10.292040000000002,10.291590000000001,10.291590000000001,10.29222,10.29321,10.29474,10.29672,10.29897,10.301670000000001,10.304640000000001,10.30788,10.311300000000001,10.3149,10.31868,10.32255,10.32651,10.330470000000002,10.33443,10.3383,10.34208,10.34577,10.34928,10.35252,10.35558,10.35837,10.360890000000001,10.36305,10.36494,10.366380000000001,10.36737,10.368,10.36827,10.368,10.36728,10.366019999999999,10.36431,10.362150000000002,10.35936,10.35612,10.35234,10.34802,10.343160000000001,10.33785,10.33191,10.32552,10.31859,10.311209999999999,10.30329,10.294920000000001,10.286100000000001,10.27683,10.26711,10.25703,10.24659,10.235790000000001,10.22472,10.21329,10.201680000000001,10.18989,10.17792,10.16577,10.15362,10.14138,10.12923,10.11708,10.10511,10.09332,10.081710000000001,10.07037,10.059479999999999,10.04895,10.03887,10.02942,10.020510000000002,10.01232,10.004850000000001,9.99828,9.99252,9.98766,9.98388,9.98118,9.97965,9.97929,9.98019,9.98244,9.98604,9.99117,9.99765,10.00575,10.01547,10.026720000000001,10.03968,10.054260000000001,10.070640000000001,10.08864,10.10853,10.13004,10.15344,10.17855,10.20537,10.23399,10.26441,10.29654,10.33038,10.366019999999999,10.40319,10.44207,10.482569999999999,10.524600000000001,10.56816,10.61325,10.659870000000002,10.70775,10.75716,10.807739999999999,10.85967,10.91286,10.967130000000001,11.02257,11.07909,11.13669,11.19519,11.25468,11.31507,11.37627,11.438279999999999,11.501100000000001,11.56455,11.62872,11.693520000000001,11.75886,11.82483,11.891250000000001,11.95821,12.025530000000002,12.0933,12.161520000000001,12.23001
16.359659999999998,16.31718,16.274970000000003,16.23294,16.191180000000003,16.1496,16.1082,16.06707,16.02621,15.985440000000002,15.94503,15.904800000000002,15.864840000000001,15.82506,15.78555,15.74622,15.70725,15.668460000000001,15.62994,15.591600000000001,15.55353,15.51582,15.478290000000001,15.441030000000001,15.403950000000002,15.367230000000001,15.330779999999999,15.29451,15.258600000000001,15.22296,15.1875,15.152399999999998,15.11757,15.083010000000002,15.048720000000001,15.0147,14.980949999999998,14.94756,14.91444,14.881590000000001,14.84901,14.816790000000001,14.784749999999999,14.75307,14.721750000000002,14.690610000000001,14.65983,14.62932,14.599169999999999,14.569289999999999,14.53968,14.51034,14.481359999999999,14.452739999999999,14.4243,14.39622,14.36841,14.34096,14.31378,14.28687,14.26023,14.23395,14.20794,14.1822,14.15673,14.131530000000001,14.10669,14.082120000000002,14.05782,14.0337,14.00994,13.98645,13.96323,13.940280000000001,13.91751,13.895100000000001,13.87287,13.85091,13.829130000000001,13.80762,13.78638,13.765320000000001,13.744439999999999,13.72383,13.7034,13.68324,13.663170000000001,13.64337,13.62375,13.60422,13.58496,13.56579,13.5468,13.52799,13.50927,13.490639999999999,13.47219,13.45392,13.43565,13.41756,13.399560000000001,13.38156,13.36374,13.34592,13.328280000000001,13.310550000000001,13.293,13.275450000000001,13.2579,13.24035,13.22289,13.205430000000002,13.18797,13.170420000000002,13.15296,13.13541,13.11795,13.10031,13.08276,13.06503,13.0473,13.02957,13.01175,12.99375,12.975750000000001,12.957659999999999,12.93948,12.92112,12.902759999999999,12.88422,12.86559,12.84678,12.82788,12.8088,12.789629999999999,12.77028,12.75075,12.73104,12.71124,12.69126,12.67101,12.65067,12.63015,12.60936,12.58848,12.56733,12.546,12.5244,12.50271,12.48075,12.45852,12.4362,12.41352,12.39075,12.367709999999999,12.3444,12.32091,12.29715,12.27321,12.249,12.22461,12.199950000000001,12.17511,12.15,12.12462,12.09915,12.07332,12.0474,12.02121,11.99484,11.9682,11.94138,11.914380000000001,11.8872,11.85984,11.8323,11.804670000000002,11.77677,11.74878,11.7207,11.69244,11.66418,11.63574,11.60721,11.57868,11.55006,11.52144,11.49282,11.4642,11.435580000000002,11.40705,11.3787,11.35035,11.32218,11.29419,11.26638,11.238840000000001,11.21157,11.184479999999999,11.15784,11.13147,11.10555,11.08008,11.055060000000001,11.03058,11.00655,10.98324,10.96047,10.93833,10.917000000000002,10.8963,10.87641,10.857330000000001,10.83906,10.82169,10.80522,10.78974,10.775070000000001,10.76148,10.74888,10.73736,10.72674,10.71729,10.70883,10.70145,10.69515,10.68984,10.68561,10.68246,10.680390000000001,10.679310000000001,10.67922,10.68012,10.68192,10.68471,10.6884,10.69299,10.69839,10.704600000000001,10.71162,10.71936,10.727820000000001,10.73691,10.74654,10.75689,10.76769,10.779029999999999,10.79082,10.80297,10.815570000000001,10.82853,10.84176,10.855350000000001,10.86912,10.88307,10.897200000000002,10.911510000000002,10.925910000000002,10.9404,10.95498,10.96956,10.98423,10.99881,11.01339,11.02788,11.04228,11.05659,11.07081,11.08494,11.09889,11.11275,11.12634,11.13984,11.15316,11.166210000000001,11.17908,11.19177,11.20419,11.21643,11.2284,11.240100000000002,11.251619999999999,11.262870000000001,11.273850000000001,11.284559999999999,11.29509,11.30526,11.31525,11.32488,11.334240000000001,11.34342,11.35224,11.360790000000001,11.36916,11.37717,11.384910000000001,11.392380000000001,11.39958,11.40642,11.41308,11.41947,11.425500000000001,11.43126,11.43684,11.44206,11.44701,11.451690000000001,11.45601,11.46015,11.46402,11.46753,11.47077,11.47383,11.47653,11.47896,11.48112,11.48301,11.48454,11.485890000000001,11.48697,11.487689999999999,11.48814,11.48832,11.48823,11.487870000000001,11.48724,11.48625,11.48508,11.48355,11.48175,11.47968,11.47725,11.474549999999999,11.47167,11.46834,11.46483,11.460960000000002,11.456819999999999,11.45241,11.44764,11.4426,11.4372,11.43162,11.42559,11.41938,11.41281,11.40588,11.39868,11.39112,11.38329,11.37519,11.36673,11.35791,11.34882,11.33937,11.32956,11.31948,11.30913,11.29833,11.28726,11.275920000000001,11.264130000000002,11.25207,11.23974,11.22696,11.214,11.20059,11.186910000000001,11.172960000000002,11.158560000000001,11.143979999999999,11.129040000000002,11.11374,11.098170000000001,11.08233,11.066130000000001,11.049660000000001,11.03292,11.01591,10.99863,10.98117,10.96335,10.945350000000001,10.92717,10.908719999999999,10.890089999999999,10.87128,10.85229,10.83312,10.81386,10.79451,10.775070000000001,10.75554,10.73601,10.71648,10.696860000000001,10.67733,10.65789,10.638449999999999,10.61919,10.60011,10.58121,10.56249,10.54404,10.52577,10.50795,10.490400000000001,10.4733,10.45656,10.440270000000002,10.424520000000001,10.40922,10.39455,10.38033,10.36683,10.35387,10.34163,10.330020000000001,10.31922,10.30905,10.299600000000002,10.29087,10.28295,10.27575,10.269359999999999,10.2636,10.25874,10.25451,10.251090000000001,10.24839,10.24632,10.24497,10.244250000000001,10.24416,10.2447,10.24569,10.24731,10.24938,10.25199,10.25487,10.2582,10.261890000000001,10.26585,10.26999,10.2744,10.27899,10.28358,10.28835,10.29312,10.29789,10.302570000000001,10.307160000000001,10.31157,10.31589,10.32003,10.32381,10.32741,10.33074,10.33362,10.33623,10.33848,10.34028,10.34163,10.34253,10.34298,10.34289,10.34235,10.34136,10.33974,10.33758,10.33497,10.331819999999999,10.32804,10.323720000000002,10.318950000000001,10.313550000000001,10.3077,10.30122,10.29429,10.28691,10.27899,10.27053,10.261709999999999,10.25244,10.24272,10.23264,10.2222,10.21149,10.200420000000001,10.18917,10.17765,10.16595,10.154160000000001,10.14228,10.130310000000001,10.11834,10.10646,10.09467,10.08306,10.07172,10.06056,10.04985,10.0395,10.0296,10.02033,10.011600000000001,10.0035,9.99621,9.98973,9.984060000000001,9.97938,9.97569,9.973170000000001,9.971639999999999,9.97146,9.97245,9.97479,9.97848,9.98361,9.99027,9.998460000000001,10.008180000000001,10.01961,10.03257,10.04724,10.06371,10.0818,10.10169,10.123380000000001,10.146780000000001,10.17198,10.19889,10.22769,10.25811,10.29033,10.324259999999999,10.3599,10.39725,10.43613,10.47672,10.51884,10.56249,10.60767,10.654290000000001,10.702350000000001,10.75176,10.802520000000001,10.85445,10.90773,10.96209,11.017619999999999,11.07423,11.13183,11.19042,11.25,11.31039,11.37168,11.43378,11.496599999999999,11.56014,11.624400000000001,11.6892,11.75463,11.8206,11.88711,11.95407,12.02148,12.08925,12.15747,12.22605
16.346700000000002,16.30413,16.26183,16.21971,16.177770000000002,16.1361,16.09461,16.05339,16.01235,15.971580000000001,15.930990000000001,15.890670000000002,15.85053,15.810749999999999,15.771059999999999,15.73173,15.69258,15.6537,15.615000000000002,15.576660000000002,15.5385,15.50061,15.462990000000001,15.425640000000001,15.388560000000002,15.35166,15.31512,15.278760000000002,15.242759999999999,15.20703,15.17157,15.13629,15.10137,15.06672,15.03243,14.99832,14.964479999999998,14.931000000000001,14.89779,14.86494,14.83227,14.799960000000002,14.76792,14.73615,14.70474,14.673599999999999,14.64282,14.61222,14.582070000000002,14.552100000000001,14.52249,14.49315,14.464170000000001,14.43546,14.40702,14.37894,14.351130000000001,14.323680000000001,14.2965,14.26959,14.24295,14.21667,14.190660000000001,14.165009999999999,14.13954,14.11443,14.08959,14.06502,14.04081,14.016779999999999,13.99311,13.96962,13.94649,13.92354,13.90095,13.878540000000001,13.8564,13.83453,13.81284,13.79151,13.77027,13.749390000000002,13.7286,13.708079999999999,13.68783,13.66767,13.64778,13.628070000000001,13.60854,13.58919,13.57002,13.551029999999999,13.53213,13.51341,13.49487,13.476420000000001,13.45815,13.439969999999999,13.42188,13.403880000000001,13.38597,13.36815,13.35051,13.33287,13.315230000000001,13.29777,13.280220000000002,13.26285,13.24539,13.22802,13.21065,13.19328,13.176,13.15863,13.14126,13.123800000000001,13.10643,13.08897,13.07142,13.053870000000002,13.03623,13.0185,13.00077,12.98295,12.96495,12.946950000000001,12.92877,12.9105,12.892140000000001,12.87369,12.85506,12.836340000000002,12.81744,12.79836,12.77919,12.75984,12.740310000000001,12.720600000000001,12.700800000000001,12.68073,12.66048,12.64005,12.619439999999999,12.598650000000001,12.577589999999999,12.55635,12.53493,12.513330000000002,12.49146,12.46932,12.447000000000001,12.4245,12.40164,12.378689999999999,12.35538,12.33189,12.30822,12.28428,12.260069999999999,12.23559,12.210930000000001,12.186,12.1608,12.13542,12.10977,12.083850000000002,12.05775,12.03138,12.00474,11.97801,11.95092,11.92374,11.8962,11.86857,11.84076,11.81268,11.78451,11.756070000000001,11.72754,11.69883,11.67003,11.64105,11.61198,11.58282,11.55357,11.524320000000001,11.49498,11.46564,11.436300000000001,11.40696,11.37771,11.348460000000001,11.31939,11.29041,11.261610000000001,11.23299,11.204640000000001,11.17647,11.14866,11.12112,11.09394,11.067210000000001,11.04093,11.0151,10.98972,10.96497,10.94085,10.91736,10.8945,10.872359999999999,10.85103,10.83051,10.8108,10.79199,10.77408,10.757069999999999,10.74105,10.72611,10.71207,10.6992,10.687320000000001,10.67661,10.66689,10.658339999999999,10.650960000000001,10.644660000000002,10.63944,10.635390000000001,10.632420000000002,10.63053,10.62972,10.62999,10.63125,10.63359,10.63683,10.64106,10.64628,10.65231,10.65915,10.6668,10.67526,10.68444,10.69425,10.70478,10.71585,10.727549999999999,10.739700000000001,10.7523,10.76535,10.77876,10.79262,10.80666,10.821060000000001,10.83564,10.85049,10.865520000000002,10.88055,10.895850000000001,10.911150000000001,10.926449999999999,10.941840000000001,10.95723,10.97253,10.98783,11.00304,11.01816,11.033190000000001,11.04804,11.0628,11.07738,11.09178,11.10609,11.120130000000001,11.1339,11.147580000000001,11.16099,11.17413,11.18709,11.19978,11.212200000000001,11.224350000000001,11.236320000000001,11.24793,11.259360000000001,11.270430000000001,11.28123,11.29185,11.30211,11.312100000000001,11.32182,11.33118,11.34036,11.34918,11.35773,11.36601,11.373930000000001,11.38167,11.389050000000001,11.39616,11.403,11.40948,11.415690000000001,11.42172,11.427299999999999,11.4327,11.437740000000002,11.4426,11.447099999999999,11.45124,11.4552,11.4588,11.46222,11.46528,11.46798,11.4705,11.472750000000001,11.474639999999999,11.47626,11.47761,11.4786,11.47941,11.47986,11.480039999999999,11.47995,11.479500000000002,11.47878,11.47788,11.47653,11.475,11.47311,11.47095,11.468520000000002,11.465729999999999,11.462670000000001,11.45934,11.45565,11.451690000000001,11.447460000000001,11.44287,11.43801,11.432789999999999,11.427299999999999,11.42145,11.41533,11.408850000000001,11.4021,11.39499,11.38761,11.37987,11.371770000000001,11.3634,11.35467,11.34567,11.336310000000001,11.326590000000001,11.316510000000001,11.30616,11.29545,11.28438,11.27295,11.26125,11.24919,11.23677,11.22399,11.21094,11.19753,11.18376,11.16963,11.155140000000001,11.14038,11.12526,11.10987,11.09412,11.078009999999999,11.06163,11.04498,11.02797,11.01069,10.99305,10.97523,10.95714,10.93869,10.92006,10.901159999999999,10.88208,10.862729999999999,10.84329,10.82358,10.803780000000001,10.7838,10.76364,10.743480000000002,10.72314,10.70289,10.68246,10.66212,10.641779999999999,10.62153,10.60137,10.5813,10.56141,10.541699999999999,10.522170000000001,10.50291,10.48401,10.46538,10.44711,10.4292,10.41183,10.39482,10.37844,10.36251,10.34721,10.332540000000002,10.31841,10.305090000000002,10.2924,10.28043,10.26918,10.25874,10.24902,10.240110000000001,10.23201,10.224810000000002,10.21833,10.212660000000001,10.2078,10.203750000000001,10.20051,10.197989999999999,10.19628,10.19529,10.194930000000001,10.19529,10.19628,10.1979,10.200059999999999,10.20276,10.206,10.2096,10.21365,10.218060000000001,10.22274,10.22769,10.23291,10.23822,10.24371,10.24929,10.25487,10.260449999999999,10.26603,10.271429999999999,10.27674,10.281870000000001,10.28682,10.291500000000001,10.29591,10.29996,10.303740000000001,10.30707,10.31004,10.31256,10.314720000000001,10.31634,10.31751,10.318140000000001,10.318230000000002,10.31787,10.316970000000001,10.31544,10.31337,10.31076,10.30761,10.30392,10.299600000000002,10.29474,10.289340000000001,10.2834,10.276919999999999,10.2699,10.26243,10.254420000000001,10.24596,10.23705,10.22769,10.217970000000001,10.2078,10.19736,10.18665,10.17558,10.16433,10.1529,10.141290000000001,10.12959,10.1178,10.10601,10.09431,10.082699999999999,10.07127,10.06002,10.04895,10.03833,10.028070000000001,10.01826,10.00908,10.00035,9.99234,9.98514,9.978660000000001,9.973080000000001,9.9684,9.96471,9.962190000000001,9.96075,9.96048,9.96156,9.9639,9.967590000000001,9.97281,9.979470000000001,9.98766,9.99747,10.0089,10.02195,10.03671,10.05318,10.07136,10.09134,10.11303,10.136610000000001,10.161900000000001,10.1889,10.217789999999999,10.24839,10.2807,10.314720000000001,10.35054,10.387979999999999,10.42704,10.46781,10.51011,10.553939999999999,10.59921,10.64601,10.69425,10.74375,10.79469,10.8468,10.900170000000001,10.9548,11.01042,11.067210000000001,11.12499,11.18376,11.24343,11.304,11.36547,11.42766,11.49066,11.554290000000002,11.61864,11.68362,11.74914,11.815290000000001,11.88189,11.94894,12.01644,12.084389999999999,12.152700000000001,12.22128
16.33338,16.29072,16.24824,16.20603,16.164,16.122239999999998,16.08066,16.039260000000002,15.998130000000002,15.957180000000001,15.91659,15.876090000000001,15.835860000000002,15.7959,15.756210000000001,15.716700000000001,15.67746,15.638490000000001,15.599699999999999,15.561179999999998,15.522929999999999,15.484950000000001,15.447239999999999,15.4098,15.37254,15.33564,15.298919999999999,15.26256,15.226469999999999,15.19056,15.155009999999999,15.119730000000002,15.08472,15.049980000000001,15.01551,14.9814,14.947470000000001,14.913900000000002,14.8806,14.84766,14.814989999999998,14.78259,14.750459999999999,14.718689999999999,14.68719,14.656050000000002,14.62518,14.59458,14.564340000000001,14.534370000000001,14.504669999999999,14.475330000000001,14.44635,14.41755,14.3892,14.36103,14.33322,14.30577,14.27859,14.25168,14.22513,14.19885,14.17284,14.14719,14.12181,14.0967,14.071860000000001,14.04738,14.02317,13.99923,13.97556,13.95225,13.929120000000001,13.90626,13.88367,13.86144,13.83939,13.81761,13.79601,13.77468,13.753620000000002,13.73283,13.71222,13.691790000000001,13.67163,13.65165,13.63185,13.61223,13.59288,13.57362,13.554630000000001,13.535730000000001,13.51701,13.498380000000001,13.48002,13.46166,13.443570000000001,13.42548,13.40757,13.38975,13.371929999999999,13.35429,13.33674,13.319280000000001,13.30182,13.284450000000001,13.26708,13.2498,13.232520000000001,13.21533,13.19805,13.180860000000001,13.163670000000002,13.14639,13.129109999999999,13.11183,13.09455,13.07718,13.05981,13.04235,13.024799999999999,13.00716,12.98952,12.9717,12.95388,12.935880000000001,12.91788,12.899610000000001,12.88134,12.86289,12.84435,12.82563,12.80673,12.787740000000001,12.76848,12.74913,12.72969,12.70998,12.69009,12.670020000000001,12.64968,12.62925,12.60855,12.587670000000001,12.566609999999999,12.54528,12.52377,12.50199,12.479940000000001,12.45771,12.4353,12.41253,12.38958,12.36645,12.34296,12.31929,12.295350000000001,12.27114,12.24666,12.222,12.19698,12.17178,12.146310000000001,12.12057,12.09456,12.06837,12.04182,12.015089999999999,11.98809,11.96091,11.93346,11.90574,11.877839999999999,11.84967,11.82132,11.7927,11.76399,11.73501,11.705850000000002,11.6766,11.64708,11.617560000000001,11.587769999999999,11.55798,11.52801,11.498040000000001,11.46798,11.43792,11.407770000000001,11.37771,11.34765,11.317590000000001,11.28771,11.25792,11.22822,11.198789999999999,11.169540000000001,11.140559999999999,11.11185,11.08341,11.05542,11.02779,11.00061,10.97388,10.94769,10.922130000000001,10.897110000000001,10.87281,10.84923,10.826369999999999,10.80423,10.78299,10.76265,10.74321,10.72467,10.707120000000002,10.690650000000002,10.67517,10.66086,10.647540000000001,10.63548,10.6245,10.614600000000001,10.60596,10.59849,10.59219,10.587150000000001,10.58319,10.580400000000001,10.578780000000002,10.578330000000001,10.57896,10.58067,10.58337,10.587240000000001,10.59201,10.59777,10.60452,10.61208,10.62045,10.62963,10.63962,10.65024,10.66158,10.67355,10.686060000000001,10.699110000000001,10.712610000000002,10.726560000000001,10.740870000000001,10.75554,10.77057,10.78587,10.801350000000001,10.81701,10.83285,10.84887,10.86489,10.88109,10.897200000000002,10.9134,10.9296,10.94571,10.961730000000001,10.97766,10.993500000000001,11.00925,11.02482,11.04021,11.05542,11.07054,11.08539,11.099969999999999,11.11437,11.12859,11.14254,11.15622,11.16963,11.18277,11.195730000000001,11.20833,11.22066,11.23272,11.24451,11.25603,11.26719,11.27817,11.28879,11.299050000000001,11.30904,11.31876,11.32821,11.337299999999999,11.34612,11.35467,11.362860000000001,11.37078,11.37834,11.385720000000001,11.39274,11.3994,11.40579,11.41191,11.417760000000001,11.423250000000001,11.42847,11.43333,11.43792,11.44224,11.44629,11.449980000000002,11.4534,11.45655,11.45943,11.46195,11.4642,11.46609,11.4678,11.469149999999999,11.47014,11.47095,11.471400000000001,11.47158,11.471400000000001,11.47104,11.47032,11.469240000000001,11.46789,11.46627,11.46438,11.46213,11.459610000000001,11.45673,11.45358,11.45016,11.44638,11.44233,11.43792,11.43324,11.4282,11.42289,11.41722,11.41119,11.40489,11.39823,11.391300000000001,11.38401,11.37645,11.368440000000001,11.36016,11.35152,11.34261,11.33334,11.32371,11.31372,11.303370000000001,11.29266,11.28168,11.27025,11.25855,11.24649,11.234070000000001,11.22129,11.20815,11.19465,11.18088,11.16666,11.15217,11.13723,11.12202,11.10645,11.090520000000001,11.07432,11.05776,11.04084,11.02356,11.00601,10.98819,10.97001,10.95156,10.93275,10.91376,10.89441,10.87488,10.85508,10.8351,10.814850000000002,10.79451,10.773900000000001,10.753110000000001,10.73232,10.711260000000001,10.6902,10.66905,10.6479,10.62675,10.6056,10.58454,10.56348,10.5426,10.52181,10.501290000000001,10.48095,10.460880000000001,10.44117,10.42173,10.402650000000001,10.384020000000001,10.36584,10.3482,10.3311,10.31454,10.29861,10.28331,10.26864,10.25478,10.24164,10.22922,10.21761,10.206809999999999,10.19691,10.18782,10.179540000000001,10.17225,10.16568,10.1601,10.15533,10.15146,10.1484,10.14615,10.14471,10.14408,10.14417,10.14507,10.14651,10.148760000000001,10.15146,10.15488,10.15875,10.16307,10.16784,10.172970000000001,10.17855,10.18431,10.190339999999999,10.19655,10.20285,10.20933,10.21581,10.2222,10.22868,10.23498,10.24119,10.24713,10.25298,10.25847,10.26378,10.26864,10.27323,10.27737,10.28115,10.28448,10.287360000000001,10.2897,10.291590000000001,10.29294,10.293750000000001,10.29402,10.293660000000001,10.292850000000001,10.29141,10.289340000000001,10.28673,10.28358,10.279800000000002,10.27539,10.27044,10.26495,10.25892,10.252350000000002,10.245239999999999,10.23759,10.22949,10.22094,10.21185,10.2024,10.192590000000001,10.18242,10.17189,10.161,10.14993,10.13868,10.12725,10.115639999999999,10.10403,10.09242,10.08072,10.0692,10.05777,10.046520000000001,10.035630000000001,10.02492,10.01466,10.00494,9.99558,9.98694,9.97884,9.97155,9.96507,9.9594,9.954630000000002,9.95094,9.94833,9.9468,9.946530000000001,9.947519999999999,9.949770000000001,9.95346,9.95859,9.96525,9.97344,9.98325,9.99468,10.00773,10.022490000000001,10.039050000000001,10.057319999999999,10.0773,10.099169999999999,10.12275,10.14813,10.1754,10.20438,10.23507,10.26765,10.30185,10.33785,10.37547,10.4148,10.45575,10.49832,10.54233,10.58796,10.63494,10.68336,10.733220000000001,10.78434,10.836720000000001,10.890360000000001,10.945170000000001,11.001149999999999,11.05812,11.11617,11.17521,11.23506,11.2959,11.35755,11.420010000000001,11.48319,11.54709,11.61162,11.67678,11.74248,11.808810000000001,11.87559,11.942820000000001,12.0105,12.07854,12.14703,12.21579
16.3197,16.27695,16.23438,16.19199,16.14987,16.10793,16.066260000000003,16.02477,15.98346,15.942509999999999,15.901650000000002,15.86115,15.82083,15.78069,15.74082,15.70122,15.661890000000001,15.62274,15.58395,15.545340000000001,15.506910000000001,15.46884,15.431040000000001,15.39342,15.35607,15.319080000000001,15.28227,15.245820000000002,15.20955,15.17364,15.137910000000002,15.10254,15.06744,15.03261,14.998050000000001,14.96385,14.92992,14.896260000000002,14.86287,14.829839999999999,14.79708,14.764590000000002,14.73246,14.7006,14.66901,14.63778,14.606910000000001,14.57622,14.545979999999998,14.51592,14.486220000000001,14.456879999999998,14.42781,14.3991,14.370659999999999,14.34249,14.314680000000001,14.287230000000001,14.26005,14.23314,14.20659,14.18031,14.154300000000001,14.12865,14.10336,14.07825,14.0535,14.02911,14.004900000000001,13.98105,13.95747,13.93416,13.91112,13.88835,13.86585,13.84362,13.82166,13.79997,13.778550000000001,13.75731,13.73634,13.71564,13.69512,13.67487,13.654800000000002,13.634910000000001,13.61529,13.59585,13.576590000000001,13.55751,13.53861,13.51989,13.50126,13.48281,13.46454,13.44645,13.428450000000002,13.410540000000001,13.39272,13.37508,13.35744,13.33998,13.322519999999999,13.30524,13.28796,13.27068,13.253490000000001,13.23639,13.21929,13.20219,13.18509,13.16799,13.15089,13.13379,13.11669,13.0995,13.08231,13.06512,13.04784,13.030470000000001,13.01301,12.995550000000001,12.97791,12.96027,12.94254,12.92463,12.90663,12.888449999999999,12.87027,12.85182,12.83328,12.81465,12.79584,12.776760000000001,12.75759,12.738330000000001,12.7188,12.69909,12.67911,12.659040000000001,12.6387,12.61818,12.59748,12.57651,12.55536,12.533940000000001,12.51234,12.49047,12.46833,12.446010000000001,12.42333,12.40047,12.37743,12.35403,12.33036,12.30651,12.282300000000001,12.257909999999999,12.23316,12.20823,12.18294,12.15747,12.131639999999999,12.10563,12.07926,12.052620000000001,12.0258,11.998619999999999,11.97126,11.94363,11.91573,11.887559999999999,11.85912,11.8305,11.80161,11.772450000000001,11.74311,11.71359,11.683890000000002,11.653920000000001,11.62386,11.59362,11.5632,11.53269,11.501999999999999,11.47131,11.44044,11.40957,11.3787,11.34774,11.31687,11.286,11.255220000000001,11.22462,11.19402,11.16369,11.13354,11.103570000000001,11.07396,11.04462,11.01573,10.9872,10.95903,10.931400000000002,10.9044,10.877849999999999,10.852020000000001,10.82682,10.802430000000001,10.77876,10.7559,10.73385,10.71279,10.69263,10.67355,10.65546,10.63836,10.62243,10.60767,10.59408,10.581570000000001,10.57032,10.56033,10.5516,10.54404,10.537740000000001,10.53279,10.528920000000001,10.5264,10.52505,10.52487,10.52595,10.528110000000002,10.53135,10.53576,10.541160000000001,10.547550000000001,10.55502,10.5633,10.57248,10.58247,10.59327,10.60479,10.61703,10.62981,10.643310000000001,10.65726,10.671660000000001,10.6866,10.7019,10.71747,10.7334,10.749600000000001,10.766070000000001,10.782720000000001,10.79946,10.81638,10.833300000000001,10.85031,10.86732,10.88433,10.901340000000001,10.91826,10.93509,10.95174,10.96839,10.98477,11.00106,11.01717,11.033100000000001,11.048760000000001,11.06424,11.079540000000001,11.094479999999999,11.10924,11.12373,11.13795,11.1519,11.16558,11.178989999999999,11.19204,11.20482,11.21733,11.22948,11.24136,11.25297,11.26422,11.2752,11.28582,11.29617,11.30616,11.31588,11.325330000000001,11.33442,11.343150000000001,11.35161,11.35971,11.36754,11.3751,11.3823,11.389140000000001,11.39571,11.40201,11.40795,11.413620000000002,11.41893,11.42397,11.42865,11.43315,11.4372,11.441070000000002,11.444490000000002,11.44773,11.45061,11.45322,11.455470000000002,11.45745,11.45916,11.460510000000001,11.46159,11.4624,11.46285,11.463030000000002,11.46285,11.4624,11.46159,11.4606,11.45916,11.457540000000002,11.45556,11.45322,11.45061,11.44764,11.4444,11.44089,11.43702,11.432789999999999,11.42829,11.42343,11.4183,11.41281,11.40696,11.40084,11.394359999999999,11.38752,11.38041,11.37294,11.365110000000001,11.35692,11.348460000000001,11.339550000000001,11.33037,11.320829999999999,11.31093,11.30067,11.290049999999999,11.279069999999999,11.26773,11.256120000000001,11.24406,11.23164,11.218860000000001,11.20572,11.19222,11.178360000000001,11.16414,11.149469999999999,11.134530000000002,11.11923,11.103570000000001,11.08746,11.07108,11.05434,11.03724,11.019779999999999,11.00196,10.98387,10.96542,10.946610000000002,10.92753,10.908180000000002,10.88847,10.868490000000001,10.84824,10.827810000000001,10.80702,10.786140000000001,10.7649,10.74357,10.722059999999999,10.700370000000001,10.67859,10.65672,10.63476,10.61271,10.59066,10.5687,10.54674,10.52487,10.50309,10.4814,10.45998,10.43883,10.417860000000001,10.39725,10.376999999999999,10.35711,10.337670000000001,10.31868,10.300320000000001,10.282409999999999,10.26513,10.24857,10.23264,10.21743,10.202940000000002,10.189350000000001,10.17648,10.164510000000002,10.15335,10.143180000000001,10.13382,10.12545,10.117980000000001,10.11141,10.105830000000001,10.10115,10.09746,10.09458,10.092600000000001,10.09152,10.09134,10.091880000000002,10.09323,10.0953,10.098,10.101510000000001,10.10547,10.110149999999999,10.11519,10.12077,10.126800000000001,10.1331,10.13976,10.146690000000001,10.1538,10.161,10.168379999999999,10.17576,10.18314,10.190520000000001,10.19772,10.20483,10.21176,10.21842,10.224900000000002,10.231020000000001,10.23678,10.242180000000001,10.24722,10.25181,10.25586,10.25955,10.26261,10.26522,10.26729,10.268820000000002,10.26972,10.27008,10.26981,10.269,10.267560000000001,10.26549,10.26279,10.25955,10.25559,10.25118,10.24605,10.24047,10.234259999999999,10.227509999999999,10.220220000000001,10.21239,10.20411,10.19538,10.18611,10.17648,10.16649,10.156139999999999,10.145520000000001,10.134540000000001,10.123380000000001,10.11204,10.10052,10.089,10.0773,10.065690000000002,10.054170000000001,10.04265,10.031400000000001,10.020420000000001,10.00971,9.999360000000001,9.98946,9.98001,9.97119,9.963000000000001,9.95562,9.94887,9.94311,9.93825,9.93438,9.93159,9.92988,9.92943,9.93033,9.93249,9.93609,9.941130000000001,9.947700000000001,9.9558,9.965520000000001,9.97686,9.98991,10.004760000000001,10.021320000000001,10.039589999999999,10.059750000000001,10.081620000000001,10.10538,10.13094,10.1583,10.18746,10.21842,10.251090000000001,10.28565,10.32183,10.35981,10.39941,10.44063,10.48347,10.52784,10.57374,10.62108,10.66986,10.72008,10.771560000000001,10.8243,10.878210000000001,10.93338,10.98963,11.04705,11.10537,11.16468,11.22498,11.286090000000002,11.34801,11.41074,11.47428,11.53845,11.603250000000001,11.66868,11.73465,11.80116,11.86821,11.93571,12.003570000000002,12.07188,12.14055,12.20958
16.30566,16.26273,16.220070000000003,16.177590000000002,16.13529,16.09326,16.05141,16.00983,15.96843,15.927299999999999,15.886349999999998,15.845670000000002,15.805259999999999,15.765030000000001,15.72507,15.68538,15.64587,15.60663,15.56766,15.528870000000001,15.490440000000001,15.45219,15.414299999999999,15.37659,15.339150000000002,15.301979999999999,15.265080000000001,15.22854,15.192179999999999,15.15609,15.12036,15.0849,15.049620000000003,15.0147,14.98014,14.945760000000002,14.91174,14.877989999999999,14.8446,14.811390000000001,14.778540000000001,14.74605,14.713830000000002,14.68188,14.650289999999998,14.618970000000001,14.58801,14.55732,14.526990000000001,14.49693,14.46723,14.437800000000001,14.408729999999998,14.37993,14.35149,14.32332,14.29551,14.267970000000002,14.24079,14.21397,14.187330000000001,14.161140000000001,14.13522,14.109570000000001,14.084190000000001,14.05926,14.03451,14.01012,13.985999999999999,13.962150000000001,13.938659999999999,13.91535,13.8924,13.869720000000001,13.8474,13.82526,13.80339,13.78179,13.76046,13.73931,13.71843,13.69782,13.677480000000001,13.65732,13.63743,13.61763,13.59819,13.57884,13.55976,13.54077,13.52205,13.50342,13.48506,13.466790000000001,13.44861,13.43061,13.412790000000001,13.39506,13.377419999999999,13.35987,13.3425,13.32513,13.30794,13.290750000000001,13.27356,13.25655,13.23954,13.22253,13.20552,13.188600000000001,13.17168,13.154760000000001,13.13775,13.12083,13.103819999999999,13.086810000000002,13.0698,13.0527,13.03551,13.01823,13.00095,12.98358,12.96612,12.94848,12.93084,12.91302,12.89511,12.87702,12.858839999999999,12.840570000000001,12.822030000000002,12.803400000000002,12.78459,12.765690000000001,12.74652,12.72717,12.70764,12.68793,12.66804,12.64788,12.62754,12.60702,12.58623,12.56526,12.54393,12.52251,12.500729999999999,12.478769999999999,12.45654,12.43404,12.41127,12.38832,12.36501,12.34143,12.31758,12.29346,12.269160000000001,12.24441,12.219479999999999,12.194280000000001,12.16872,12.142890000000001,12.116790000000002,12.09042,12.06378,12.03678,12.00951,11.98197,11.954160000000002,11.92608,11.89773,11.869110000000001,11.84022,11.811060000000001,11.78163,11.751930000000002,11.72205,11.6919,11.661570000000001,11.63097,11.60019,11.56932,11.53818,11.506950000000002,11.47554,11.444040000000001,11.41245,11.38077,11.349,11.31723,11.28546,11.25378,11.2221,11.19051,11.15901,11.127780000000001,11.096639999999999,11.065769999999999,11.03517,11.004840000000002,10.97496,10.94544,10.91637,10.88775,10.85976,10.83231,10.80549,10.779390000000001,10.7541,10.72953,10.705860000000001,10.683,10.66122,10.64034,10.62054,10.60182,10.58418,10.56771,10.5525,10.53846,10.52568,10.51416,10.50399,10.49508,10.48752,10.48122,10.47627,10.47267,10.470329999999999,10.46925,10.469430000000001,10.47087,10.47357,10.477440000000001,10.48239,10.488420000000001,10.49553,10.50372,10.51281,10.5228,10.53369,10.545390000000001,10.55781,10.57095,10.58472,10.59912,10.61415,10.62954,10.645470000000001,10.66176,10.678320000000001,10.69524,10.71252,10.729890000000001,10.74744,10.76517,10.78299,10.8009,10.81881,10.836720000000001,10.85463,10.87245,10.890179999999999,10.90782,10.925370000000001,10.94274,10.95993,10.97694,10.99377,11.010330000000002,11.02671,11.04282,11.05866,11.07432,11.08962,11.10465,11.11941,11.1339,11.148119999999999,11.161980000000002,11.17548,11.18871,11.201670000000002,11.21427,11.226600000000001,11.23848,11.25018,11.26143,11.27241,11.28312,11.29347,11.303460000000001,11.31309,11.322450000000002,11.33145,11.34018,11.348550000000001,11.35656,11.3643,11.37168,11.37879,11.38554,11.39193,11.398050000000001,11.40381,11.4093,11.414430000000001,11.41929,11.42379,11.428020000000002,11.43189,11.43549,11.43873,11.441699999999999,11.4444,11.44674,11.448720000000002,11.45043,11.45178,11.452950000000001,11.45367,11.454120000000001,11.4543,11.454120000000001,11.45367,11.452860000000001,11.45178,11.45034,11.448630000000001,11.446560000000002,11.44422,11.44152,11.438460000000001,11.435130000000001,11.43153,11.427480000000001,11.42316,11.41857,11.413620000000002,11.40831,11.402640000000002,11.396700000000001,11.390400000000001,11.38374,11.37672,11.36943,11.36178,11.35368,11.34531,11.33658,11.327490000000001,11.31804,11.30832,11.29815,11.28762,11.27664,11.26539,11.25378,11.241810000000001,11.22939,11.21661,11.20347,11.189969999999999,11.17611,11.161890000000001,11.14722,11.13219,11.116800000000001,11.10105,11.08485,11.06838,11.05146,11.03418,11.01654,10.99854,10.98018,10.961459999999999,10.94247,10.923029999999999,10.90332,10.88325,10.862910000000001,10.842300000000002,10.82133,10.80009,10.77867,10.75698,10.73502,10.71288,10.69056,10.66806,10.645380000000001,10.62261,10.59984,10.57689,10.55403,10.531080000000001,10.508220000000001,10.48536,10.46268,10.44018,10.41777,10.39572,10.373850000000001,10.35234,10.331190000000001,10.3104,10.29006,10.27035,10.251090000000001,10.232370000000001,10.21437,10.19709,10.18044,10.1646,10.14957,10.13544,10.12212,10.1097,10.098180000000001,10.087650000000002,10.07811,10.06956,10.062,10.055430000000001,10.04985,10.04526,10.04166,10.039050000000001,10.03743,10.03671,10.036890000000001,10.03788,10.03977,10.042470000000002,10.04589,10.049940000000001,10.054710000000002,10.06011,10.06605,10.07244,10.079279999999999,10.08657,10.09413,10.10196,10.10997,10.11825,10.12653,10.1349,10.143270000000001,10.15155,10.159740000000001,10.16784,10.17567,10.18332,10.190610000000001,10.19772,10.20438,10.21059,10.216529999999999,10.22193,10.22679,10.23129,10.23516,10.238489999999999,10.241280000000001,10.243440000000001,10.24506,10.24605,10.246410000000001,10.24614,10.245239999999999,10.2438,10.24164,10.238850000000001,10.235430000000001,10.23138,10.2267,10.221480000000001,10.21563,10.209240000000001,10.20222,10.19466,10.18665,10.178099999999999,10.1691,10.159650000000001,10.14984,10.13958,10.129050000000001,10.11816,10.107090000000001,10.095749999999999,10.084230000000002,10.07262,10.060920000000001,10.049220000000002,10.037519999999999,10.026000000000002,10.01457,10.00341,9.99252,9.981990000000001,9.971910000000001,9.96228,9.953280000000001,9.94482,9.93717,9.93024,9.92421,9.919080000000001,9.914940000000001,9.91188,9.90999,9.909360000000001,9.90999,9.91197,9.91539,9.920250000000001,9.92664,9.934650000000001,9.944280000000001,9.95553,9.968580000000001,9.98334,9.9999,10.01826,10.03842,10.06047,10.08432,10.11006,10.137599999999999,10.16694,10.198170000000001,10.231200000000001,10.265939999999999,10.302480000000001,10.34082,10.38078,10.42236,10.46556,10.510380000000001,10.55664,10.60443,10.65366,10.70424,10.756170000000001,10.809360000000002,10.86381,10.91934,10.976040000000001,11.03382,11.092590000000001,11.15235,11.21301,11.27457,11.33685,11.400030000000001,11.463840000000001,11.52837,11.593530000000001,11.659320000000001,11.72565,11.792430000000001,11.85975,11.927610000000001,11.99574,12.06432,12.133260000000002,12.20247
16.29126,16.24824,16.2054,16.16274,16.120350000000002,16.07823,16.0362,15.99453,15.952950000000001,15.91173,15.87069,15.82983,15.789240000000001,15.74892,15.708870000000001,15.669,15.6294,15.589979999999999,15.550920000000001,15.512040000000002,15.473429999999999,15.435089999999999,15.397020000000001,15.35922,15.32169,15.284430000000002,15.247440000000001,15.21072,15.17427,15.13809,15.10218,15.06663,15.03135,14.996250000000002,14.961599999999999,14.92713,14.89302,14.859180000000002,14.82561,14.7924,14.75946,14.72688,14.69457,14.662619999999999,14.630939999999999,14.59953,14.568480000000001,14.53779,14.50737,14.47731,14.44752,14.41809,14.38893,14.36013,14.33169,14.303519999999999,14.27562,14.24817,14.2209,14.194080000000001,14.16753,14.141250000000001,14.11533,14.089770000000001,14.06448,14.03946,14.0148,13.9905,13.966380000000001,13.94262,13.919130000000001,13.895999999999999,13.873140000000001,13.85055,13.82823,13.80618,13.784400000000002,13.76289,13.74165,13.720680000000002,13.699980000000002,13.67946,13.65921,13.639140000000001,13.619340000000001,13.599810000000002,13.58046,13.56129,13.542300000000001,13.52349,13.50495,13.4865,13.46823,13.45014,13.43214,13.41432,13.39659,13.379040000000002,13.36158,13.3443,13.327020000000001,13.30983,13.29273,13.27572,13.258799999999999,13.24188,13.22505,13.20822,13.19139,13.174650000000002,13.15791,13.14108,13.12434,13.107510000000001,13.090679999999999,13.07376,13.056840000000001,13.03992,13.02282,13.00572,12.988529999999999,12.97134,12.95397,12.93642,12.91887,12.90114,12.88332,12.86532,12.84723,12.82896,12.8106,12.791970000000001,12.77325,12.75426,12.73518,12.71583,12.696390000000001,12.676680000000001,12.6567,12.63654,12.616200000000001,12.595590000000001,12.5748,12.553740000000001,12.532409999999999,12.510810000000001,12.48903,12.466890000000001,12.444569999999999,12.42198,12.39912,12.3759,12.3525,12.328740000000002,12.304710000000002,12.28041,12.25575,12.23091,12.20562,12.180150000000001,12.15432,12.12822,12.10185,12.07512,12.048029999999999,12.020760000000001,11.993129999999999,11.965140000000002,11.93688,11.90835,11.87955,11.850389999999999,11.82105,11.79135,11.761379999999999,11.73114,11.70063,11.66985,11.63889,11.60766,11.576250000000002,11.54457,11.5128,11.48076,11.448630000000001,11.416319999999999,11.38392,11.35134,11.31876,11.28618,11.25351,11.220839999999999,11.18826,11.15568,11.12328,11.09097,11.05884,11.02698,10.9953,10.96398,10.93302,10.90251,10.872359999999999,10.84275,10.81377,10.78533,10.75752,10.73043,10.70415,10.67868,10.65411,10.63044,10.60776,10.58616,10.56564,10.5462,10.528020000000001,10.51101,10.49526,10.480770000000001,10.46763,10.45584,10.4454,10.4364,10.42875,10.422450000000001,10.41759,10.41417,10.4121,10.41129,10.41192,10.41381,10.416960000000001,10.42137,10.42704,10.43379,10.44171,10.45062,10.46052,10.47141,10.4832,10.495890000000001,10.5093,10.523430000000001,10.53828,10.55367,10.56969,10.58616,10.60308,10.62045,10.63809,10.65609,10.67436,10.692810000000001,10.711350000000001,10.73007,10.74888,10.76778,10.78659,10.80549,10.8243,10.843020000000001,10.861650000000001,10.8801,10.898460000000002,10.916640000000001,10.93455,10.95237,10.96992,10.9872,11.00421,11.02104,11.03751,11.0538,11.06973,11.0853,11.10069,11.11563,11.130300000000002,11.1447,11.15874,11.17242,11.18583,11.198789999999999,11.21148,11.2239,11.23587,11.24757,11.25891,11.26989,11.28051,11.29077,11.30076,11.31039,11.31966,11.328570000000001,11.33721,11.34549,11.35341,11.36097,11.36826,11.37519,11.38176,11.38797,11.39391,11.39958,11.404800000000002,11.40975,11.414430000000001,11.418750000000001,11.42271,11.4264,11.429730000000001,11.4327,11.4354,11.43783,11.439810000000001,11.441609999999999,11.44296,11.44413,11.44485,11.445300000000001,11.44548,11.445300000000001,11.44476,11.443950000000001,11.44287,11.44134,11.43954,11.43747,11.43504,11.432250000000002,11.42919,11.42577,11.421990000000001,11.41794,11.41353,11.40876,11.40363,11.39823,11.392470000000001,11.38626,11.37987,11.37303,11.36583,11.358360000000001,11.350439999999999,11.34225,11.33361,11.3247,11.315339999999999,11.30571,11.295630000000001,11.28519,11.27439,11.26323,11.251619999999999,11.23974,11.22741,11.21463,11.20158,11.188080000000001,11.174220000000002,11.15991,11.14524,11.13021,11.11473,11.09889,11.08269,11.066040000000001,11.04903,11.03166,11.01384,10.995659999999999,10.97712,10.95822,10.93887,10.91925,10.899270000000001,10.87884,10.85814,10.83708,10.81575,10.79406,10.7721,10.74987,10.72737,10.70469,10.68165,10.658520000000001,10.63521,10.61163,10.58805,10.56429,10.54044,10.51659,10.49274,10.46889,10.44513,10.42146,10.39797,10.37466,10.35153,10.32876,10.30626,10.28421,10.26252,10.241280000000001,10.22058,10.20051,10.180980000000002,10.16217,10.14408,10.126800000000001,10.11024,10.09458,10.07982,10.06596,10.05309,10.041210000000001,10.03041,10.0206,10.01178,10.00413,9.99747,9.99198,9.987480000000001,9.984060000000001,9.98172,9.98037,9.98001,9.980640000000001,9.98217,9.984689999999999,9.98793,9.99207,9.996929999999999,10.002419999999999,10.00863,10.01547,10.02276,10.0305,10.03869,10.04724,10.05606,10.065150000000001,10.07433,10.08369,10.09305,10.10241,10.11177,10.12095,10.13004,10.13886,10.1475,10.15578,10.16379,10.17135,10.17855,10.1853,10.191510000000001,10.19727,10.20258,10.20726,10.211310000000001,10.21482,10.2177,10.220040000000001,10.22166,10.22265,10.22301,10.22265,10.22166,10.220040000000001,10.2177,10.214730000000001,10.21113,10.2069,10.20204,10.19646,10.190339999999999,10.18368,10.17639,10.168560000000001,10.16019,10.15137,10.14201,10.132290000000001,10.12212,10.11159,10.10079,10.08963,10.07829,10.06668,10.05498,10.043190000000001,10.03131,10.01952,10.00773,9.99612,9.984689999999999,9.97362,9.96282,9.95238,9.94248,9.93312,9.92439,9.91629,9.909089999999999,9.902700000000001,9.897210000000001,9.89271,9.889380000000001,9.887129999999999,9.886140000000001,9.8865,9.88821,9.891359999999999,9.895950000000001,9.90216,9.90999,9.91944,9.9306,9.943560000000002,9.95832,9.97488,9.99324,10.01349,10.035630000000001,10.059660000000001,10.08549,10.1133,10.14291,10.17441,10.2078,10.2429,10.27989,10.3185,10.35891,10.40094,10.44468,10.48995,10.53675,10.585080000000001,10.63476,10.685880000000001,10.73835,10.79208,10.84698,10.90305,10.96029,11.01861,11.07792,11.13813,11.19933,11.26134,11.324160000000001,11.3877,11.45196,11.51694,11.582550000000001,11.6487,11.715480000000001,11.78262,11.850389999999999,11.918520000000001,11.98701,12.055950000000001,12.125160000000001,12.19473
16.276410000000002,16.2333,16.19028,16.14753,16.105050000000002,16.06275,16.02063,15.97878,15.937109999999999,15.89571,15.85449,15.81354,15.772860000000001,15.73236,15.69213,15.652170000000002,15.612480000000001,15.57297,15.533729999999998,15.494760000000001,15.45597,15.41754,15.379380000000001,15.3414,15.303780000000001,15.26634,15.229259999999998,15.192360000000003,15.15582,15.119549999999998,15.083549999999999,15.04782,15.01245,14.977260000000001,14.94243,14.90796,14.873669999999999,14.839740000000003,14.80617,14.772780000000001,14.739840000000001,14.707080000000001,14.674769999999999,14.64264,14.61096,14.579460000000001,14.54841,14.51763,14.487120000000003,14.456970000000002,14.427180000000002,14.39766,14.368500000000001,14.3397,14.31117,14.283,14.2551,14.22765,14.200380000000001,14.17356,14.14701,14.12073,14.094899999999999,14.06934,14.04405,14.019120000000001,13.99446,13.97016,13.94613,13.922460000000001,13.89906,13.87593,13.85316,13.83066,13.808430000000001,13.786470000000001,13.76478,13.743360000000001,13.7223,13.70142,13.680810000000001,13.66047,13.640310000000001,13.620420000000001,13.6008,13.58136,13.562100000000001,13.54311,13.5243,13.50567,13.487219999999999,13.468950000000001,13.45086,13.43286,13.41513,13.397490000000001,13.37994,13.362570000000002,13.34529,13.3281,13.31109,13.294080000000001,13.27716,13.260330000000002,13.24359,13.22685,13.21011,13.19346,13.1769,13.160250000000001,13.143690000000001,13.12704,13.11039,13.09374,13.07709,13.06035,13.043610000000001,13.02678,13.00986,12.99294,12.97584,12.95874,12.941460000000001,12.92409,12.90663,12.88899,12.87126,12.853439999999999,12.83535,12.81717,12.798810000000001,12.78036,12.761640000000002,12.74274,12.72366,12.70431,12.68487,12.66516,12.64527,12.625110000000001,12.60468,12.58407,12.56319,12.542040000000002,12.52071,12.49902,12.47715,12.454920000000001,12.43251,12.409740000000001,12.3867,12.36339,12.33981,12.31587,12.29166,12.267090000000001,12.24234,12.21714,12.19167,12.16593,12.13983,12.113370000000002,12.086640000000001,12.05964,12.03219,12.00456,11.97648,11.94813,11.91951,11.890440000000002,11.86119,11.83158,11.80161,11.771370000000001,11.740860000000001,11.710080000000001,11.678939999999999,11.647620000000002,11.61594,11.58408,11.55195,11.51955,11.48697,11.454210000000002,11.421270000000002,11.38815,11.35485,11.32146,11.28798,11.25441,11.220839999999999,11.187270000000002,11.153609999999999,11.120130000000001,11.08665,11.05335,11.02014,10.9872,10.95453,10.922130000000001,10.890089999999999,10.85841,10.82718,10.79649,10.76643,10.73691,10.708020000000001,10.67994,10.65267,10.62621,10.60065,10.576080000000001,10.5525,10.530090000000001,10.508759999999999,10.4886,10.4697,10.452060000000001,10.43586,10.420919999999999,10.407330000000002,10.39527,10.38465,10.37538,10.36773,10.36143,10.356660000000002,10.35342,10.35153,10.351170000000002,10.35216,10.354500000000002,10.35828,10.36332,10.369620000000001,10.377180000000001,10.38582,10.39563,10.40643,10.418310000000002,10.43109,10.44468,10.45917,10.47438,10.490310000000001,10.506780000000001,10.52388,10.54152,10.55952,10.57797,10.59678,10.615860000000001,10.63521,10.65474,10.67436,10.69416,10.71396,10.73385,10.75374,10.773539999999999,10.79325,10.81296,10.83249,10.851840000000001,10.871010000000002,10.89,10.90881,10.92735,10.94562,10.96371,10.98144,10.9989,11.01609,11.03292,11.04948,11.06568,11.081610000000001,11.09718,11.11239,11.12724,11.14173,11.15595,11.16972,11.18322,11.19627,11.20905,11.22147,11.23344,11.245140000000001,11.25648,11.26737,11.27799,11.288250000000001,11.29815,11.307690000000001,11.31687,11.32569,11.334150000000001,11.34234,11.35008,11.35755,11.36466,11.371410000000001,11.3778,11.38392,11.38968,11.39508,11.400120000000001,11.40489,11.4093,11.41335,11.41713,11.42046,11.42361,11.42631,11.428740000000001,11.430900000000001,11.43261,11.43405,11.435220000000001,11.43594,11.436390000000001,11.43657,11.436390000000001,11.43585,11.43504,11.43378,11.43234,11.43045,11.42829,11.42577,11.42298,11.41974,11.41623,11.41245,11.40822,11.40372,11.39877,11.39355,11.38806,11.38212,11.37582,11.36916,11.36223,11.35485,11.3472,11.3391,11.33064,11.32182,11.31264,11.303099999999999,11.2932,11.28285,11.27214,11.26107,11.24964,11.23776,11.22552,11.21292,11.19987,11.18637,11.17251,11.15829,11.14362,11.12859,11.113109999999999,11.09718,11.08089,11.06424,11.04714,11.02959,11.01168,10.99341,10.97469,10.95552,10.93608,10.9161,10.895850000000001,10.875240000000002,10.85418,10.83276,10.81107,10.78893,10.76652,10.74384,10.7208,10.69749,10.67391,10.650150000000002,10.62603,10.60182,10.577430000000001,10.55286,10.5282,10.50336,10.47852,10.45368,10.42893,10.40409,10.379430000000001,10.35495,10.33056,10.30644,10.28259,10.2591,10.23606,10.21338,10.19115,10.169550000000001,10.14849,10.128150000000002,10.10844,10.08954,10.07145,10.054170000000001,10.03788,10.022490000000001,10.008090000000001,9.99477,9.98244,9.97119,9.96111,9.9522,9.944370000000001,9.937710000000001,9.93213,9.927810000000001,9.924570000000001,9.922500000000001,9.92142,9.92151,9.92259,9.92475,9.927810000000001,9.93177,9.93663,9.942210000000001,9.9486,9.95571,9.96336,9.971639999999999,9.980459999999999,9.989640000000001,9.99918,10.00908,10.019160000000001,10.02942,10.039860000000001,10.0503,10.06074,10.071180000000002,10.081439999999999,10.09152,10.101420000000001,10.11105,10.12032,10.12923,10.137780000000001,10.14597,10.15362,10.160730000000001,10.167390000000001,10.17342,10.17891,10.18377,10.188,10.1916,10.194569999999999,10.19691,10.19853,10.199430000000001,10.1997,10.19925,10.198080000000001,10.19628,10.19376,10.190520000000001,10.18665,10.18206,10.17684,10.17099,10.1646,10.15749,10.14984,10.14165,10.13292,10.12365,10.11402,10.10385,10.09332,10.08243,10.071180000000002,10.059750000000001,10.04805,10.03617,10.02411,10.01205,9.99999,9.98793,9.97605,9.964260000000001,9.95283,9.94158,9.93078,9.92052,9.910710000000002,9.90153,9.89307,9.885330000000002,9.878490000000001,9.87264,9.86769,9.863909999999999,9.861300000000002,9.85986,9.85986,9.86112,9.863909999999999,9.86832,9.87417,9.88173,9.89109,9.90207,9.914940000000001,9.92952,9.94608,9.96453,9.98478,10.0071,10.03122,10.057319999999999,10.0854,10.11528,10.14714,10.18089,10.21644,10.25379,10.29294,10.33389,10.376460000000002,10.42065,10.46655,10.51389,10.56285,10.61316,10.66491,10.71801,10.77228,10.827900000000001,10.884599999999999,10.94247,11.00133,11.06127,11.122110000000001,11.183850000000001,11.246400000000001,11.30976,11.373930000000001,11.43873,11.50416,11.570310000000001,11.63691,11.70414,11.77182,11.83995,11.90844,11.97738,12.04668,12.116340000000001,12.18618
16.261290000000002,16.218,16.17489,16.13196,16.089299999999998,16.04691,16.004610000000003,15.962670000000001,15.920820000000003,15.87933,15.83793,15.79689,15.756029999999999,15.715440000000001,15.67503,15.63489,15.59502,15.55542,15.515999999999998,15.47694,15.438060000000002,15.399449999999998,15.361110000000002,15.32304,15.28524,15.247710000000001,15.210450000000002,15.17355,15.13683,15.100470000000001,15.06429,15.02847,14.99292,14.957730000000002,14.92281,14.888160000000001,14.85378,14.81976,14.78601,14.75262,14.7195,14.68674,14.65425,14.62212,14.59035,14.558760000000001,14.52762,14.496750000000002,14.466239999999999,14.43609,14.406210000000002,14.37669,14.347439999999999,14.31855,14.29002,14.26185,14.23395,14.20641,14.17923,14.15232,14.12577,14.09958,14.07375,14.04819,14.0229,13.99797,13.9734,13.94919,13.92525,13.90158,13.878269999999999,13.85523,13.832460000000001,13.81005,13.78791,13.76613,13.74453,13.7232,13.70223,13.68144,13.661010000000001,13.64076,13.62078,13.60107,13.58154,13.562190000000001,13.5432,13.5243,13.50567,13.487219999999999,13.468950000000001,13.45086,13.43295,13.41513,13.397580000000001,13.38012,13.36275,13.34556,13.32846,13.31145,13.29462,13.27779,13.261050000000001,13.244399999999999,13.22784,13.21128,13.19481,13.17834,13.16187,13.14549,13.12902,13.112639999999999,13.096169999999999,13.079699999999999,13.06314,13.04658,13.03002,13.01337,12.99654,12.979800000000001,12.96288,12.94587,12.92868,12.91149,12.894120000000001,12.87657,12.859020000000001,12.8412,12.823290000000002,12.80511,12.78684,12.76839,12.74976,12.73095,12.71187,12.69261,12.67317,12.65346,12.63357,12.613410000000002,12.59298,12.572370000000001,12.5514,12.53025,12.50883,12.48705,12.46509,12.44286,12.42027,12.39741,12.37419,12.35079,12.32694,12.30291,12.27852,12.25377,12.228660000000001,12.203280000000001,12.17763,12.15153,12.125160000000001,12.09843,12.07143,12.04398,12.01626,11.98818,11.95974,11.930940000000001,11.90187,11.87244,11.84265,11.8125,11.78208,11.7513,11.72016,11.68875,11.65707,11.62503,11.592720000000002,11.56014,11.52729,11.49417,11.46087,11.427299999999999,11.39346,11.359530000000001,11.325330000000001,11.29113,11.25666,11.22219,11.18763,11.152980000000001,11.11833,11.083770000000001,11.049299999999999,11.01483,10.98063,10.946520000000001,10.91268,10.879199999999999,10.84599,10.81314,10.78083,10.748970000000002,10.71765,10.68705,10.65708,10.62783,10.599480000000002,10.571940000000001,10.545390000000001,10.51983,10.49535,10.471950000000001,10.449810000000001,10.428840000000001,10.40931,10.39104,10.37412,10.358730000000001,10.34478,10.33236,10.32138,10.31202,10.30428,10.29798,10.2933,10.29024,10.288620000000002,10.288620000000002,10.29006,10.29294,10.29735,10.303020000000002,10.31004,10.31841,10.327950000000001,10.338659999999999,10.35045,10.36332,10.377180000000001,10.39185,10.40742,10.423800000000002,10.440809999999999,10.45854,10.47681,10.49553,10.51479,10.534410000000001,10.55439,10.574639999999999,10.59507,10.61577,10.636560000000001,10.65744,10.678320000000001,10.6992,10.720170000000001,10.740960000000001,10.761660000000001,10.78227,10.80279,10.82304,10.843110000000001,10.863000000000001,10.88262,10.90197,10.92105,10.939770000000001,10.95831,10.97649,10.99431,11.01177,11.028960000000001,11.04579,11.06226,11.078370000000001,11.09412,11.10951,11.12454,11.13921,11.15352,11.167380000000001,11.18088,11.19402,11.2068,11.21922,11.23128,11.242890000000001,11.25414,11.26512,11.275649999999999,11.28582,11.295630000000001,11.30499,11.314079999999999,11.32281,11.33118,11.33919,11.34675,11.354040000000001,11.36097,11.36754,11.37375,11.37969,11.38518,11.390400000000001,11.39526,11.39976,11.4039,11.407680000000001,11.41119,11.414340000000001,11.41713,11.419649999999999,11.42172,11.42352,11.42505,11.42613,11.42694,11.42739,11.427570000000001,11.427299999999999,11.426760000000002,11.42595,11.42469,11.42316,11.421270000000002,11.41902,11.41641,11.41353,11.410290000000002,11.40669,11.40273,11.39841,11.393820000000002,11.38878,11.38347,11.37771,11.37168,11.36529,11.35845,11.35134,11.34378,11.33595,11.32767,11.319030000000001,11.310030000000001,11.30058,11.29077,11.280600000000002,11.27007,11.25909,11.24775,11.23596,11.22381,11.211300000000001,11.19834,11.18493,11.17116,11.15694,11.14227,11.12724,11.11176,11.09592,11.079540000000001,11.0628,11.0457,11.02806,11.01006,10.99161,10.972800000000001,10.95354,10.93383,10.91376,10.89324,10.87227,10.85094,10.82925,10.8072,10.7847,10.761930000000001,10.738710000000001,10.71522,10.691370000000001,10.66725,10.64277,10.61811,10.59318,10.56798,10.54269,10.517130000000002,10.49148,10.46574,10.439820000000001,10.41399,10.388069999999999,10.36224,10.3365,10.31094,10.28547,10.26036,10.235430000000001,10.21086,10.18665,10.16298,10.13976,10.11708,10.09512,10.073789999999999,10.05318,10.03338,10.01448,9.996390000000002,9.97938,9.96336,9.94833,9.93447,9.921690000000002,9.91008,9.89964,9.890460000000001,9.88254,9.87579,9.8703,9.86607,9.863010000000001,9.86121,9.86058,9.86103,9.86265,9.86535,9.86913,9.87381,9.87939,9.885869999999999,9.89316,9.90117,9.9099,9.919170000000001,9.92898,9.93924,9.949860000000001,9.960840000000001,9.97209,9.98352,9.995040000000001,10.006649999999999,10.01817,10.02969,10.041030000000001,10.05228,10.06326,10.073879999999999,10.084230000000002,10.09422,10.10376,10.11285,10.121400000000001,10.1295,10.13697,10.1439,10.1502,10.15587,10.16082,10.165230000000001,10.16883,10.1718,10.174050000000001,10.17558,10.17639,10.17648,10.17576,10.17441,10.17234,10.16946,10.16595,10.16172,10.15677,10.15119,10.14498,10.13805,10.13058,10.12248,10.113750000000001,10.10457,10.094850000000001,10.08468,10.074150000000001,10.063080000000001,10.05174,10.04013,10.02816,10.0161,10.00377,9.991439999999999,9.97902,9.9666,9.95427,9.94212,9.930150000000001,9.91854,9.907290000000001,9.8964,9.886140000000001,9.876420000000001,9.867420000000001,9.85914,9.85176,9.84528,9.83979,9.83547,9.83232,9.830430000000002,9.82989,9.83079,9.83322,9.83718,9.84276,9.84996,9.85905,9.86985,9.88254,9.897120000000001,9.913590000000001,9.93195,9.95238,9.97479,9.999089999999999,10.02546,10.05372,10.08405,10.11627,10.15038,10.186470000000002,10.22436,10.264050000000001,10.30554,10.34874,10.393650000000001,10.44018,10.488240000000001,10.537830000000001,10.58886,10.64133,10.69506,10.75014,10.806479999999999,10.8639,10.922490000000002,10.98207,11.04264,11.104199999999999,11.16657,11.229840000000001,11.29383,11.35854,11.42397,11.49003,11.55672,11.62395,11.69163,11.75985,11.82852,11.89755,11.96694,12.0366,12.10671,12.177
16.24581,16.202340000000003,16.15905,16.116030000000002,16.07319,16.030620000000003,15.988230000000001,15.946110000000001,15.904169999999999,15.86241,15.821010000000001,15.779700000000002,15.738750000000001,15.69798,15.657480000000001,15.61716,15.5772,15.537420000000001,15.49791,15.458580000000001,15.41961,15.38091,15.34239,15.30423,15.26625,15.22863,15.19128,15.154110000000001,15.1173,15.08076,15.044580000000002,15.008580000000002,14.972940000000001,14.937570000000001,14.90256,14.86773,14.833350000000001,14.799150000000001,14.76531,14.73183,14.698620000000002,14.665770000000002,14.63319,14.600969999999998,14.56902,14.537519999999999,14.5062,14.475330000000001,14.444730000000002,14.414490000000002,14.38452,14.35491,14.325660000000001,14.29677,14.26824,14.239980000000001,14.21208,14.18454,14.15736,14.13045,14.1039,14.07771,14.05188,14.02632,14.00112,13.97628,13.95171,13.9275,13.90356,13.87998,13.85676,13.833810000000001,13.81113,13.78881,13.76676,13.74507,13.72356,13.70241,13.68153,13.66092,13.64058,13.620420000000001,13.600620000000001,13.581,13.56165,13.542480000000001,13.523579999999999,13.50495,13.48641,13.468140000000002,13.45005,13.43214,13.41441,13.39686,13.3794,13.36212,13.34502,13.328009999999999,13.31109,13.29435,13.277610000000001,13.261050000000001,13.24449,13.228110000000001,13.211640000000001,13.195350000000001,13.17906,13.16277,13.14648,13.13028,13.11399,13.097790000000002,13.0815,13.06521,13.04883,13.032449999999999,13.016070000000001,12.999509999999999,12.98295,12.9663,12.94947,12.932640000000001,12.91563,12.89853,12.88134,12.86397,12.84642,12.82869,12.81087,12.79287,12.774690000000001,12.75633,12.7377,12.71889,12.699900000000001,12.68073,12.66129,12.641580000000001,12.621690000000001,12.60153,12.5811,12.5604,12.539520000000001,12.51828,12.496770000000001,12.47499,12.452940000000002,12.430530000000001,12.40785,12.3849,12.36159,12.33801,12.31407,12.28977,12.2652,12.24027,12.21498,12.18933,12.16341,12.137129999999999,12.1104,12.083400000000001,12.05604,12.028229999999999,12.000150000000001,11.97171,11.94291,11.91366,11.88414,11.85417,11.82393,11.793330000000001,11.76228,11.73096,11.69928,11.66733,11.63493,11.602260000000001,11.56923,11.53593,11.502360000000001,11.468520000000002,11.434320000000001,11.39994,11.36529,11.33046,11.29545,11.26017,11.2248,11.189340000000001,11.1537,11.118060000000002,11.08242,11.046690000000002,11.011140000000001,10.97559,10.94013,10.90485,10.86984,10.8351,10.80072,10.7667,10.733130000000001,10.70001,10.66752,10.63566,10.60452,10.574100000000001,10.544580000000002,10.515870000000001,10.488240000000001,10.4616,10.43613,10.41183,10.3887,10.36692,10.34658,10.327589999999999,10.310130000000001,10.294110000000002,10.279710000000001,10.26693,10.25577,10.24614,10.23831,10.2321,10.227509999999999,10.22454,10.223279999999999,10.223640000000001,10.225530000000001,10.229040000000001,10.23399,10.24047,10.2483,10.25748,10.26801,10.279710000000001,10.29249,10.30644,10.32138,10.33731,10.35405,10.371599999999999,10.38987,10.40877,10.4283,10.44828,10.4688,10.489680000000002,10.51083,10.532340000000001,10.55403,10.57581,10.59777,10.619819999999999,10.641869999999999,10.663920000000001,10.685880000000001,10.70775,10.72953,10.75113,10.77255,10.79379,10.814760000000001,10.835460000000001,10.85598,10.87614,10.89603,10.91556,10.93482,10.95372,10.97226,10.990440000000001,11.008260000000002,11.02572,11.04273,11.05947,11.07576,11.09169,11.10717,11.122290000000001,11.13705,11.15136,11.165310000000002,11.1789,11.19204,11.20482,11.21724,11.22921,11.240820000000001,11.25198,11.262870000000001,11.27331,11.28339,11.29302,11.30238,11.31129,11.319840000000001,11.32803,11.33586,11.34333,11.350439999999999,11.35719,11.36358,11.36961,11.37519,11.3805,11.385449999999999,11.39013,11.394359999999999,11.39823,11.40183,11.40498,11.40786,11.41038,11.41254,11.414430000000001,11.41587,11.417040000000002,11.417850000000001,11.4183,11.418389999999999,11.41821,11.41767,11.41677,11.41551,11.41389,11.41191,11.40966,11.40705,11.40408,11.40066,11.39706,11.39301,11.3886,11.38383,11.3787,11.37321,11.36736,11.36115,11.35458,11.34765,11.34036,11.33262,11.32461,11.31615,11.30724,11.29806,11.28843,11.27844,11.268,11.2572,11.24595,11.23434,11.222280000000001,11.209859999999999,11.196990000000001,11.18367,11.1699,11.15577,11.14119,11.12625,11.11077,11.09493,11.07864,11.061810000000001,11.04462,11.02707,11.008980000000001,10.990440000000001,10.97145,10.952100000000002,10.932210000000001,10.91196,10.89126,10.87011,10.848510000000001,10.826550000000001,10.80414,10.78137,10.75815,10.734570000000001,10.71063,10.68633,10.661669999999999,10.636650000000001,10.61136,10.58571,10.55988,10.53378,10.50741,10.48086,10.454220000000001,10.4274,10.400490000000001,10.37349,10.34658,10.31958,10.292760000000001,10.26603,10.23948,10.21311,10.187100000000001,10.16136,10.13607,10.11123,10.08693,10.06326,10.04022,10.01781,9.9963,9.97551,9.95571,9.936810000000001,9.91899,9.90225,9.88659,9.8721,9.85887,9.846900000000002,9.8361,9.82665,9.81855,9.8118,9.80631,9.80217,9.79938,9.79785,9.79758,9.79857,9.80073,9.80406,9.808470000000002,9.813960000000002,9.82044,9.827820000000001,9.83601,9.84501,9.85473,9.86508,9.87606,9.887400000000001,9.899280000000001,9.911430000000001,9.92385,9.93645,9.949140000000002,9.96192,9.9747,9.98739,9.9999,10.01223,10.02429,10.03608,10.04751,10.05858,10.06911,10.07919,10.08873,10.09773,10.106190000000002,10.11393,10.121129999999999,10.12752,10.13337,10.13841,10.14273,10.146419999999999,10.1493,10.15137,10.15272,10.15335,10.15317,10.152180000000001,10.15056,10.148040000000002,10.14489,10.140929999999999,10.13625,10.13085,10.124820000000001,10.118070000000001,10.11069,10.10268,10.09404,10.084769999999999,10.07505,10.06479,10.05408,10.04292,10.031400000000001,10.01943,10.00728,9.99486,9.98217,9.96939,9.956610000000001,9.94374,9.93096,9.918270000000001,9.905759999999999,9.89352,9.881639999999999,9.87021,9.85932,9.848970000000001,9.83925,9.83034,9.822330000000001,9.81522,9.809099999999999,9.80415,9.800370000000001,9.79785,9.79677,9.797130000000001,9.79902,9.80253,9.80766,9.814589999999999,9.82332,9.833850000000002,9.84636,9.860850000000001,9.87723,9.89568,9.91611,9.93861,9.96318,9.98973,10.01844,10.04904,10.081710000000001,10.11636,10.15299,10.19142,10.23174,10.27395,10.31787,10.3635,10.41075,10.459620000000001,10.510019999999999,10.561860000000001,10.61514,10.66977,10.725660000000001,10.782720000000001,10.841040000000001,10.90035,10.96074,11.022120000000001,11.08449,11.147580000000001,11.21157,11.27637,11.341800000000001,11.40795,11.474639999999999,11.541960000000001,11.609820000000001,11.67813,11.74689,11.8161,11.885670000000001,11.95551,12.0258,12.09627,12.1671
16.22988,16.186320000000002,16.14285,16.09965,16.056720000000002,16.01397,15.9714,15.929100000000002,15.887070000000001,15.84522,15.80355,15.76215,15.721020000000001,15.68007,15.639479999999999,15.598980000000001,15.558840000000002,15.518970000000001,15.479280000000001,15.439860000000001,15.400709999999998,15.36183,15.323220000000001,15.284880000000001,15.24681,15.209010000000001,15.171479999999999,15.13422,15.09723,15.060600000000003,15.02424,14.988150000000001,14.952330000000002,14.916870000000001,14.88168,14.846850000000002,14.812290000000003,14.778000000000002,14.74407,14.71041,14.67711,14.64417,14.6115,14.579190000000002,14.54715,14.51547,14.48415,14.453190000000001,14.4225,14.39217,14.3622,14.332590000000001,14.30325,14.27436,14.24574,14.21748,14.18958,14.161950000000001,14.13477,14.10786,14.08131,14.05512,14.029290000000001,14.00382,13.978620000000001,13.953780000000002,13.929300000000001,13.905090000000001,13.88124,13.857750000000001,13.83453,13.81167,13.78917,13.76685,13.74498,13.72329,13.70196,13.680900000000001,13.66011,13.63968,13.61943,13.599450000000001,13.57974,13.5603,13.54113,13.52214,13.50342,13.48488,13.46661,13.44852,13.43061,13.41288,13.39533,13.37796,13.36068,13.34367,13.326749999999999,13.30992,13.293180000000001,13.27662,13.26015,13.24377,13.22748,13.21119,13.195079999999999,13.178880000000001,13.16277,13.14675,13.130730000000002,13.11462,13.098600000000001,13.08258,13.06647,13.050360000000001,13.03425,13.018049999999999,13.00176,12.985380000000001,12.969000000000001,12.952440000000001,12.935880000000001,12.91914,12.90231,12.8853,12.8682,12.85101,12.833549999999999,12.816,12.79827,12.78036,12.762270000000001,12.744,12.72546,12.706740000000002,12.687750000000001,12.66858,12.649230000000001,12.62961,12.609630000000001,12.58947,12.56913,12.54843,12.52746,12.50613,12.484620000000001,12.46275,12.440610000000001,12.4182,12.395430000000001,12.372300000000001,12.3489,12.32514,12.30102,12.27663,12.25179,12.22668,12.201210000000001,12.17529,12.1491,12.12255,12.095550000000001,12.068190000000001,12.04056,12.01239,11.98395,11.95515,11.9259,11.89629,11.86623,11.8359,11.80512,11.77398,11.74239,11.71053,11.67822,11.64564,11.61261,11.579220000000001,11.54556,11.51154,11.47716,11.44251,11.40759,11.37231,11.33676,11.301029999999999,11.265030000000001,11.22885,11.19249,11.15595,11.11932,11.082600000000001,11.04579,11.008980000000001,10.97217,10.93545,10.89882,10.86228,10.82601,10.790009999999999,10.75437,10.719000000000001,10.68417,10.64979,10.615950000000002,10.58283,10.55034,10.51866,10.48788,10.458,10.4292,10.40148,10.37484,10.34946,10.32543,10.30275,10.28151,10.2618,10.24362,10.22706,10.21212,10.19898,10.18746,10.17765,10.16973,10.16343,10.159020000000002,10.156320000000001,10.15533,10.156139999999999,10.158570000000001,10.16262,10.16829,10.175490000000002,10.18422,10.1943,10.205820000000001,10.2186,10.23255,10.247670000000001,10.26378,10.28088,10.298879999999999,10.31778,10.33731,10.35756,10.37835,10.39977,10.42155,10.44369,10.46619,10.48896,10.51191,10.53504,10.558169999999999,10.581389999999999,10.60461,10.62783,10.650960000000001,10.67391,10.69677,10.71936,10.74177,10.764000000000001,10.785960000000001,10.80756,10.82898,10.84995,10.87065,10.89108,10.91106,10.93068,10.949940000000002,10.96875,10.98729,11.005379999999999,11.02302,11.0403,11.05713,11.0736,11.08962,11.10528,11.12049,11.135250000000001,11.149650000000001,11.1636,11.177190000000001,11.19033,11.20302,11.215349999999999,11.22732,11.238840000000001,11.25,11.260710000000001,11.27106,11.28096,11.2905,11.29968,11.3085,11.31687,11.32488,11.33253,11.33982,11.34666,11.35323,11.35935,11.3652,11.370600000000001,11.37564,11.380320000000001,11.38473,11.38869,11.39229,11.39562,11.3985,11.40111,11.40327,11.40516,11.40669,11.40786,11.408669999999999,11.40912,11.40921,11.409030000000001,11.4084,11.4075,11.40615,11.40453,11.40255,11.40021,11.39751,11.39445,11.39103,11.38725,11.38311,11.37861,11.37375,11.36853,11.362950000000001,11.35701,11.350620000000001,11.34387,11.33685,11.32929,11.32146,11.313180000000001,11.304540000000001,11.295539999999999,11.286090000000002,11.27619,11.265929999999999,11.255310000000001,11.244240000000001,11.23272,11.220839999999999,11.20851,11.195730000000001,11.182590000000001,11.16891,11.154869999999999,11.14038,11.12544,11.110050000000001,11.0943,11.078009999999999,11.06127,11.044080000000001,11.026440000000001,11.008260000000002,10.98972,10.97073,10.9512,10.93122,10.91088,10.89,10.86867,10.84689,10.82466,10.80198,10.77885,10.75536,10.73142,10.70703,10.68228,10.65708,10.63161,10.605690000000001,10.579500000000001,10.552950000000001,10.52613,10.499039999999999,10.47168,10.444139999999999,10.41633,10.38843,10.36044,10.33236,10.30428,10.2762,10.24812,10.220220000000001,10.19241,10.16496,10.13769,10.11078,10.084230000000002,10.05822,10.032750000000002,10.007909999999999,9.9837,9.9603,9.93762,9.91593,9.89514,9.87534,9.85671,9.83916,9.82278,9.80775,9.79389,9.78147,9.77031,9.76068,9.752310000000001,9.745470000000001,9.740070000000001,9.73602,9.73341,9.73224,9.732330000000001,9.73386,9.736650000000001,9.74061,9.74583,9.75213,9.75951,9.76779,9.77706,9.787139999999999,9.798029999999999,9.80955,9.821610000000002,9.8343,9.84735,9.86067,9.874350000000002,9.888300000000001,9.90225,9.91629,9.93024,9.944189999999999,9.95796,9.97146,9.98478,9.99765,10.010250000000001,10.02231,10.03401,10.045079999999999,10.05561,10.0656,10.07496,10.08369,10.09161,10.09899,10.10556,10.111320000000001,10.11636,10.12068,10.12419,10.126890000000001,10.12878,10.12995,10.130220000000001,10.12977,10.12842,10.12635,10.123470000000001,10.11978,10.11537,10.110149999999999,10.10421,10.09764,10.090259999999999,10.08225,10.07361,10.064340000000001,10.05453,10.04409,10.0332,10.02186,10.00998,9.99783,9.98523,9.97245,9.95931,9.94608,9.93276,9.91935,9.905940000000001,9.89271,9.87957,9.8667,9.8541,9.841949999999999,9.83025,9.81918,9.80874,9.79902,9.7902,9.78237,9.775530000000002,9.76977,9.765270000000001,9.76212,9.76032,9.76005,9.7614,9.76428,9.76896,9.77544,9.78381,9.794160000000002,9.806400000000002,9.82062,9.837,9.85545,9.87597,9.89856,9.92331,9.95022,9.97929,10.010340000000001,10.04355,10.078740000000002,10.115910000000001,10.15506,10.196100000000001,10.23903,10.28376,10.3302,10.37835,10.428030000000001,10.479330000000001,10.532160000000001,10.586340000000002,10.641869999999999,10.69866,10.75671,10.81593,10.87614,10.93752,10.99971,11.06289,11.12697,11.19177,11.257290000000001,11.32353,11.390400000000001,11.4579,11.52594,11.59452,11.66346,11.732940000000001,11.80269,11.87289,11.94336,12.014190000000001,12.0852,12.15648
16.21368,16.16985,16.12629,16.083000000000002,16.0398,15.99696,15.954210000000002,15.91173,15.86952,15.82749,15.785730000000001,15.744150000000001,15.702840000000002,15.661800000000001,15.620940000000001,15.58035,15.54003,15.49998,15.4602,15.4206,15.381269999999999,15.342210000000001,15.303510000000001,15.26499,15.226740000000001,15.18885,15.151139999999998,15.11379,15.07662,15.03981,15.00336,14.967089999999999,14.93118,14.895629999999999,14.860259999999998,14.82525,14.790600000000001,14.75622,14.72211,14.68845,14.65497,14.62194,14.58918,14.55678,14.524650000000001,14.492880000000001,14.46147,14.43042,14.39964,14.36931,14.33925,14.30955,14.28021,14.25123,14.22252,14.19426,14.166269999999999,14.13873,14.11146,14.08455,14.058090000000002,14.0319,14.006070000000001,13.980509999999999,13.955400000000001,13.930560000000002,13.90617,13.88205,13.8582,13.8348,13.81167,13.7889,13.766399999999999,13.74426,13.72239,13.70088,13.679640000000001,13.65876,13.63806,13.61772,13.59765,13.57785,13.55832,13.53897,13.51998,13.50117,13.48263,13.46427,13.446180000000002,13.42827,13.410540000000001,13.392990000000001,13.375620000000001,13.35852,13.341420000000001,13.32459,13.30785,13.29129,13.27482,13.25844,13.24215,13.226040000000001,13.20993,13.19391,13.17789,13.162049999999999,13.14612,13.13028,13.11444,13.098600000000001,13.08276,13.066920000000001,13.05108,13.03515,13.01922,13.003200000000001,12.98709,12.97089,12.95469,12.93831,12.92193,12.90537,12.888630000000001,12.87189,12.854880000000001,12.83778,12.8205,12.803040000000001,12.7854,12.767669999999999,12.74958,12.7314,12.712950000000001,12.69432,12.67542,12.65634,12.63699,12.61737,12.59748,12.57732,12.55689,12.53619,12.51522,12.49389,12.472380000000001,12.450420000000001,12.42819,12.40569,12.38283,12.359610000000002,12.33603,12.31218,12.28788,12.26331,12.238290000000001,12.213000000000001,12.18726,12.16116,12.1347,12.107880000000002,12.08061,12.052980000000002,12.0249,11.99646,11.96766,11.938410000000001,11.9088,11.87874,11.848230000000001,11.81736,11.786130000000002,11.75445,11.72241,11.689919999999999,11.656979999999999,11.62377,11.590110000000001,11.556000000000001,11.52162,11.48688,11.451690000000001,11.41623,11.38041,11.34432,11.30787,11.27124,11.23425,11.19708,11.15964,11.12202,11.08431,11.04642,11.00853,10.97046,10.93248,10.8945,10.856610000000002,10.81881,10.78119,10.74384,10.70685,10.67013,10.63386,10.598130000000001,10.56294,10.52838,10.49463,10.4616,10.42947,10.39833,10.36818,10.3392,10.311480000000001,10.28493,10.259820000000001,10.23624,10.2141,10.19349,10.17459,10.157399999999999,10.14192,10.12824,10.11645,10.10646,10.09836,10.09215,10.08774,10.08531,10.08468,10.08585,10.08891,10.09359,10.10007,10.10808,10.117709999999999,10.128870000000001,10.14138,10.15533,10.17045,10.18674,10.2042,10.22265,10.242,10.26225,10.28322,10.30482,10.327050000000002,10.349820000000001,10.373040000000001,10.39653,10.42047,10.44459,10.4688,10.49328,10.51776,10.54224,10.56663,10.59102,10.61532,10.63944,10.66338,10.68714,10.710540000000002,10.73376,10.75671,10.779300000000001,10.80153,10.82349,10.845,10.86615,10.886940000000001,10.90737,10.92735,10.94688,10.966050000000001,10.98477,11.00304,11.020950000000001,11.038319999999999,11.05533,11.07189,11.088000000000001,11.10375,11.11896,11.13381,11.14821,11.16216,11.17566,11.1888,11.20149,11.21373,11.22552,11.23695,11.24802,11.258640000000002,11.26881,11.27862,11.28798,11.29698,11.30562,11.31381,11.32164,11.32902,11.33613,11.342789999999999,11.34909,11.35503,11.36052,11.36574,11.370510000000001,11.37492,11.37897,11.382750000000001,11.38608,11.389050000000001,11.391660000000002,11.39391,11.395800000000001,11.39733,11.3985,11.3994,11.399849999999999,11.39994,11.39967,11.39913,11.39814,11.396790000000001,11.39517,11.3931,11.39067,11.38797,11.384820000000001,11.38131,11.37744,11.37321,11.36862,11.36367,11.358270000000001,11.3526,11.346480000000001,11.34,11.33316,11.32587,11.31822,11.310210000000001,11.30175,11.29293,11.28366,11.27403,11.26395,11.25342,11.24253,11.231190000000002,11.21949,11.20734,11.19465,11.1816,11.1681,11.15424,11.13984,11.12499,11.109689999999999,11.09394,11.07765,11.061,11.043809999999999,11.02617,11.00808,10.98945,10.97046,10.950840000000001,10.930860000000001,10.91034,10.88937,10.86786,10.8459,10.82349,10.80063,10.777230000000001,10.75347,10.72917,10.70442,10.679310000000001,10.65366,10.627650000000001,10.60128,10.57446,10.54737,10.51983,10.49202,10.46385,10.435500000000001,10.406880000000001,10.37799,10.34892,10.31976,10.29051,10.261170000000002,10.23192,10.20258,10.17342,10.14444,10.115639999999999,10.087110000000001,10.058940000000002,10.03113,10.00386,9.977129999999999,9.95103,9.92565,9.90108,9.877320000000001,9.854460000000001,9.83268,9.811890000000002,9.79236,9.77391,9.75681,9.74106,9.726659999999999,9.7137,9.70227,9.69219,9.68373,9.6768,9.6714,9.66753,9.6651,9.66429,9.66483,9.6669,9.67032,9.675,9.68103,9.688229999999999,9.6966,9.70596,9.71631,9.72756,9.73962,9.752310000000001,9.76572,9.779670000000001,9.79398,9.80874,9.82377,9.83898,9.85428,9.869580000000001,9.884970000000001,9.90018,9.91521,9.92997,9.944460000000001,9.95859,9.97236,9.98559,9.99837,10.01052,10.02213,10.03311,10.04337,10.053,10.061910000000001,10.07001,10.077390000000001,10.08396,10.089720000000002,10.09476,10.0989,10.10214,10.104659999999999,10.10628,10.107000000000001,10.106910000000001,10.10601,10.1043,10.10169,10.09827,10.09404,10.089,10.08324,10.076670000000002,10.06938,10.06137,10.05264,10.043280000000001,10.03329,10.02267,10.011600000000001,9.9999,9.98775,9.975150000000001,9.962190000000001,9.94887,9.935279999999999,9.92151,9.90756,9.89352,9.879480000000001,9.865440000000001,9.85158,9.8379,9.824580000000001,9.81153,9.79902,9.787049999999999,9.7758,9.765179999999999,9.75546,9.746730000000001,9.73899,9.732420000000001,9.72711,9.72306,9.72054,9.71955,9.720180000000001,9.72252,9.72657,9.7326,9.740520000000002,9.75042,9.762480000000002,9.77652,9.792720000000001,9.81117,9.83178,9.854550000000001,9.87957,9.90675,9.93618,9.96777,10.001520000000001,10.03734,10.07523,10.115100000000002,10.15695,10.20078,10.246410000000001,10.293750000000001,10.3428,10.39356,10.44585,10.49967,10.55493,10.61145,10.669319999999999,10.72845,10.78866,10.84995,10.912230000000001,10.9755,11.039579999999999,11.104560000000001,11.170350000000001,11.23677,11.30391,11.37159,11.4399,11.50875,11.57805,11.6478,11.71791,11.78847,11.8593,11.9304,12.00177,12.073409999999999,12.14523
16.19703,16.15311,16.109370000000002,16.06581,16.02252,15.9795,15.93657,15.894,15.85161,15.8094,15.767460000000002,15.7257,15.6843,15.642990000000001,15.60204,15.561269999999999,15.52077,15.480540000000001,15.440579999999999,15.400890000000002,15.36138,15.32223,15.28326,15.244560000000002,15.206220000000002,15.16815,15.13026,15.092730000000001,15.055470000000001,15.01857,14.98194,14.945580000000001,14.90949,14.873759999999999,14.838299999999998,14.80311,14.768279999999999,14.73381,14.69961,14.665770000000002,14.63229,14.59908,14.56623,14.53365,14.501430000000001,14.469660000000001,14.438070000000002,14.406930000000001,14.376149999999999,14.345640000000001,14.31558,14.28579,14.25636,14.22738,14.198670000000002,14.17032,14.14233,14.114700000000001,14.08752,14.06061,14.03406,14.00787,13.982040000000001,13.956570000000001,13.93146,13.90671,13.88223,13.8582,13.83444,13.81113,13.78809,13.765320000000001,13.743,13.72095,13.69917,13.67775,13.6566,13.635810000000001,13.61529,13.595130000000001,13.57515,13.555530000000001,13.53618,13.51701,13.498199999999999,13.47957,13.46112,13.44303,13.42512,13.40739,13.38984,13.37256,13.35537,13.33845,13.321620000000001,13.30497,13.2885,13.272120000000001,13.25583,13.23972,13.2237,13.20777,13.191840000000001,13.17609,13.16034,13.144680000000001,13.12902,13.11336,13.097790000000002,13.082130000000001,13.06656,13.0509,13.03524,13.019580000000001,13.00374,12.987990000000002,12.972059999999999,12.95613,12.94011,12.92391,12.90762,12.891240000000002,12.874770000000002,12.85812,12.84129,12.82428,12.80718,12.789900000000001,12.77235,12.75462,12.736799999999999,12.71862,12.70035,12.68172,12.66291,12.643830000000001,12.62457,12.60495,12.58515,12.56499,12.54456,12.52386,12.502889999999999,12.48156,12.45996,12.438,12.41568,12.393089999999999,12.370140000000001,12.34683,12.32316,12.29913,12.274740000000001,12.2499,12.22479,12.19923,12.17331,12.14703,12.1203,12.09312,12.06558,12.03768,12.00933,11.98053,11.95128,11.92167,11.89161,11.8611,11.83023,11.798820000000001,11.767050000000001,11.73483,11.70225,11.669130000000001,11.63565,11.60172,11.56743,11.53269,11.4975,11.46195,11.42604,11.38968,11.35305,11.31606,11.27871,11.241,11.20311,11.164860000000001,11.12634,11.08764,11.048760000000001,11.0097,10.970550000000001,10.93131,10.89198,10.85274,10.813500000000001,10.77435,10.735380000000001,10.69659,10.65816,10.620000000000001,10.58229,10.545119999999999,10.5084,10.4724,10.43721,10.40274,10.36917,10.33659,10.30518,10.274849999999999,10.24587,10.218150000000001,10.19187,10.167119999999999,10.14399,10.12257,10.102860000000002,10.084950000000001,10.06893,10.054710000000002,10.04256,10.032300000000001,10.02411,10.017900000000001,10.013670000000001,10.01142,10.01115,10.012860000000002,10.01646,10.02186,10.02915,10.03806,10.048680000000001,10.060920000000001,10.0746,10.089720000000002,10.106190000000002,10.12383,10.14264,10.16253,10.18332,10.205010000000001,10.22742,10.25055,10.274310000000002,10.29852,10.32318,10.3482,10.37358,10.39905,10.42479,10.45053,10.47636,10.50219,10.52793,10.55358,10.57914,10.60443,10.62945,10.654290000000001,10.67886,10.70316,10.727010000000002,10.75059,10.773810000000001,10.79667,10.819080000000001,10.841040000000001,10.862639999999999,10.88379,10.90458,10.92483,10.94463,10.96407,10.98297,11.001420000000001,11.01942,11.03697,11.05407,11.070720000000001,11.08683,11.10258,11.11788,11.13264,11.14704,11.1609,11.1744,11.18745,11.20005,11.212200000000001,11.2239,11.235149999999999,11.24604,11.25648,11.26656,11.27619,11.28537,11.29419,11.30265,11.31066,11.31822,11.325420000000001,11.33226,11.33865,11.34477,11.350439999999999,11.35566,11.36061,11.365110000000001,11.369250000000001,11.37303,11.37645,11.37951,11.38212,11.38446,11.38635,11.38797,11.389140000000001,11.39004,11.39049,11.39058,11.390310000000001,11.38968,11.38869,11.38734,11.38563,11.383560000000001,11.38113,11.37825,11.3751,11.3715,11.36754,11.36322,11.35854,11.3535,11.34801,11.34216,11.33595,11.32929,11.32227,11.31489,11.30706,11.298869999999999,11.290230000000001,11.28123,11.271780000000001,11.26188,11.251619999999999,11.240910000000001,11.22975,11.21823,11.20617,11.19375,11.18079,11.167470000000002,11.1537,11.13939,11.12472,11.10951,11.09385,11.07765,11.06109,11.04399,11.02635,11.008260000000002,10.98972,10.970640000000001,10.95111,10.93104,10.91043,10.88937,10.86777,10.84572,10.82313,10.80009,10.77651,10.75239,10.727820000000001,10.7028,10.67733,10.65132,10.62486,10.598040000000001,10.570680000000001,10.542959999999999,10.51488,10.48635,10.457460000000001,10.4283,10.39878,10.36908,10.33902,10.30887,10.278450000000001,10.24794,10.21743,10.18683,10.15623,10.12572,10.09539,10.065240000000001,10.035359999999999,10.00584,9.97677,9.94806,9.920069999999999,9.892619999999999,9.86598,9.840060000000001,9.81513,9.7911,9.76824,9.74646,9.72585,9.70659,9.688590000000001,9.672120000000001,9.65709,9.64359,9.63162,9.621360000000001,9.61263,9.60561,9.60021,9.59643,9.59436,9.593820000000001,9.594899999999999,9.59751,9.60165,9.60714,9.61407,9.62226,9.63162,9.64206,9.65358,9.66609,9.679409999999999,9.69345,9.70821,9.723510000000001,9.739260000000002,9.75546,9.77184,9.78849,9.80523,9.82197,9.83862,9.85527,9.87165,9.88776,9.90351,9.9189,9.93384,9.94833,9.962190000000001,9.97551,9.9882,10.00017,10.011510000000001,10.02204,10.03185,10.040849999999999,10.04904,10.05633,10.062899999999999,10.068570000000001,10.07334,10.07721,10.08018,10.08234,10.0836,10.08396,10.08333,10.08198,10.079640000000001,10.07649,10.07244,10.06758,10.06182,10.05534,10.04805,10.039950000000001,10.03113,10.02168,10.01142,10.000620000000001,9.98919,9.977129999999999,9.96462,9.95157,9.93807,9.92421,9.91008,9.89568,9.88101,9.86625,9.8514,9.836640000000001,9.82188,9.8073,9.79308,9.77913,9.76563,9.75267,9.74034,9.72873,9.718020000000001,9.708300000000001,9.699570000000001,9.69201,9.68571,9.68076,9.67734,9.67554,9.675360000000001,9.67698,9.6804,9.68589,9.69327,9.702810000000001,9.71451,9.72837,9.74448,9.76284,9.78345,9.80649,9.83178,9.85932,9.8892,9.92133,9.95562,9.99216,10.03086,10.07163,10.11438,10.15911,10.20573,10.25415,10.30428,10.35612,10.40958,10.46448,10.52091,10.5786,10.63764,10.69785,10.75914,10.8216,10.88505,10.94931,11.014560000000001,11.08053,11.14731,11.214720000000002,11.28285,11.35152,11.42073,11.49039,11.560590000000001,11.631060000000002,11.70198,11.77326,11.84481,11.916630000000001,11.98872,12.06099,12.13335
16.18002,16.13592,16.092,16.04835,16.00488,15.96159,15.91857,15.875820000000001,15.833250000000001,15.79086,15.74874,15.706890000000001,15.66522,15.62382,15.58269,15.541739999999999,15.501060000000003,15.46065,15.42051,15.380640000000001,15.340950000000001,15.30162,15.26256,15.22368,15.18516,15.146909999999998,15.10893,15.07122,15.03378,14.9967,14.95989,14.92335,14.88717,14.85126,14.815710000000001,14.780429999999999,14.745420000000001,14.710770000000002,14.676480000000002,14.642550000000002,14.608889999999999,14.57559,14.54256,14.50989,14.477670000000002,14.44572,14.41404,14.382810000000001,14.35194,14.32143,14.29119,14.2614,14.23188,14.202810000000001,14.174100000000001,14.14566,14.11767,14.09004,14.06277,14.03586,14.00931,13.98312,13.95729,13.93191,13.9068,13.88205,13.85766,13.83363,13.80996,13.78665,13.7637,13.741109999999999,13.71879,13.69683,13.675229999999999,13.6539,13.63293,13.61223,13.591890000000001,13.57182,13.55202,13.53249,13.51332,13.494330000000001,13.475700000000002,13.45725,13.43907,13.42107,13.40334,13.38588,13.36851,13.35141,13.33449,13.31775,13.30119,13.28481,13.26852,13.25241,13.23639,13.22046,13.20471,13.188960000000002,13.173300000000001,13.15782,13.142249999999999,13.12686,13.111379999999999,13.09599,13.08069,13.0653,13.04991,13.03443,13.01904,13.00356,12.987990000000002,12.97242,12.956760000000001,12.94101,12.92517,12.90915,12.89313,12.876840000000001,12.86055,12.84408,12.827430000000001,12.8106,12.79359,12.7764,12.759030000000001,12.74148,12.72366,12.70566,12.68748,12.66894,12.65022,12.63123,12.61197,12.59244,12.57264,12.552570000000001,12.53214,12.51144,12.49047,12.46914,12.447450000000002,12.4254,12.403080000000001,12.3804,12.35736,12.33396,12.31011,12.28599,12.26142,12.23649,12.2112,12.18546,12.159270000000001,12.13272,12.10572,12.078360000000002,12.05055,12.02229,11.99358,11.964419999999999,11.934899999999999,11.90484,11.87442,11.84346,11.81205,11.780190000000001,11.74797,11.71521,11.682,11.64825,11.61414,11.57958,11.54457,11.509110000000002,11.4732,11.43684,11.400120000000001,11.362950000000001,11.325420000000001,11.28753,11.24919,11.21049,11.171520000000001,11.13219,11.092680000000001,11.052810000000001,11.01276,10.972439999999999,10.93203,10.89144,10.85085,10.810170000000001,10.769580000000001,10.72899,10.688580000000002,10.64835,10.608300000000002,10.5687,10.52946,10.49067,10.45242,10.414890000000002,10.37808,10.34208,10.30698,10.272960000000001,10.240020000000001,10.20834,10.17792,10.14894,10.121400000000001,10.09557,10.07136,10.04895,10.02834,10.00962,9.992970000000001,9.9783,9.965610000000002,9.955169999999999,9.9468,9.94059,9.93645,9.93447,9.934650000000001,9.936900000000001,9.941130000000001,9.94734,9.955440000000001,9.96534,9.97704,9.990450000000001,10.00539,10.02186,10.03968,10.05876,10.0791,10.10043,10.12284,10.14606,10.17009,10.19475,10.220040000000001,10.24587,10.272150000000002,10.2987,10.32552,10.35261,10.37979,10.40697,10.43424,10.46142,10.48851,10.515509999999999,10.54224,10.56879,10.59507,10.62108,10.646730000000002,10.67202,10.697040000000001,10.72161,10.74573,10.769490000000001,10.792800000000002,10.815660000000001,10.83807,10.860030000000002,10.881540000000001,10.90251,10.923029999999999,10.943100000000001,10.96272,10.9818,11.00034,11.01843,11.03607,11.05326,11.06991,11.08611,11.10177,11.11698,11.13183,11.146049999999999,11.15991,11.17332,11.18619,11.1987,11.21076,11.222280000000001,11.23344,11.24415,11.25441,11.26431,11.273760000000001,11.282760000000001,11.29131,11.2995,11.30733,11.31471,11.32164,11.32821,11.33442,11.34018,11.34558,11.350620000000001,11.35521,11.359440000000001,11.36331,11.36673,11.36988,11.372580000000001,11.37492,11.376900000000001,11.37852,11.37969,11.38059,11.38104,11.38113,11.38086,11.380230000000001,11.37924,11.3778,11.376090000000001,11.373930000000001,11.371410000000001,11.36853,11.36529,11.361600000000001,11.35764,11.35323,11.34837,11.34324,11.337660000000001,11.33172,11.325330000000001,11.31858,11.31138,11.30382,11.2959,11.28753,11.27871,11.26944,11.25981,11.249730000000001,11.23929,11.22831,11.21697,11.20509,11.19285,11.18007,11.16693,11.15325,11.13921,11.12454,11.10951,11.09394,11.07792,11.06145,11.04444,11.02689,11.008890000000001,10.99035,10.97127,10.95174,10.93167,10.91106,10.88991,10.868310000000001,10.846169999999999,10.82349,10.80027,10.77651,10.75221,10.72746,10.702169999999999,10.676340000000001,10.64997,10.62315,10.59588,10.56816,10.539900000000001,10.511190000000001,10.48212,10.45251,10.42263,10.39239,10.3617,10.33083,10.299600000000002,10.26819,10.23651,10.20474,10.172880000000001,10.140929999999999,10.10898,10.07712,10.045350000000001,10.013760000000001,9.98244,9.95148,9.92097,9.89091,9.86139,9.832590000000001,9.8046,9.77733,9.751050000000001,9.72585,9.70173,9.678780000000001,9.65709,9.63684,9.618030000000001,9.600750000000001,9.585,9.57087,9.55845,9.547830000000001,9.538920000000001,9.53172,9.52632,9.52272,9.52092,9.52083,9.522450000000001,9.525689999999999,9.53055,9.536850000000001,9.54468,9.55395,9.564390000000001,9.57609,9.58896,9.602730000000001,9.6174,9.63288,9.64908,9.66582,9.683100000000001,9.700740000000001,9.71865,9.73683,9.75501,9.77328,9.79146,9.80946,9.82728,9.84474,9.861930000000001,9.878580000000001,9.894870000000001,9.91053,9.92565,9.94005,9.95382,9.96687,9.979199999999999,9.99072,10.001430000000001,10.01133,10.020420000000001,10.02852,10.03581,10.04211,10.04751,10.052010000000001,10.05561,10.05822,10.05993,10.06065,10.06047,10.05939,10.057319999999999,10.05435,10.05048,10.04571,10.04004,10.033560000000001,10.02627,10.01808,10.00917,9.99945,9.98901,9.97785,9.96606,9.95364,9.94059,9.92709,9.91305,9.89856,9.88371,9.86859,9.853110000000001,9.83754,9.82188,9.80613,9.79047,9.7749,9.759599999999999,9.74457,9.72999,9.715950000000001,9.70245,9.689760000000001,9.67788,9.66699,9.65709,9.64845,9.641070000000001,9.63513,9.63072,9.62793,9.626850000000001,9.62766,9.63036,9.63513,9.64206,9.65106,9.662400000000002,9.675989999999999,9.691920000000001,9.71028,9.73098,9.754199999999999,9.779760000000001,9.80775,9.838080000000001,9.87084,9.905850000000001,9.943200000000001,9.98271,10.024379999999999,10.06821,10.11393,10.16172,10.211310000000001,10.26261,10.315710000000001,10.37034,10.426590000000001,10.484190000000002,10.543230000000001,10.603530000000001,10.665,10.727549999999999,10.791269999999999,10.855889999999999,10.92141,10.98774,11.05488,11.12274,11.19132,11.26044,11.3301,11.4003,11.47095,11.541960000000001,11.613420000000001,11.68515,11.75724,11.829600000000001,11.902140000000001,11.97495,12.04785,12.120930000000001
16.162650000000003,16.118370000000002,16.07427,16.03044,15.986790000000001,15.94341,15.90021,15.85719,15.814440000000001,15.77187,15.729659999999999,15.687539999999998,15.64569,15.604110000000002,15.562800000000001,15.521760000000002,15.4809,15.44031,15.39999,15.359940000000002,15.320070000000001,15.280560000000001,15.24132,15.20226,15.163560000000002,15.125130000000002,15.08697,15.04917,15.011550000000002,14.974290000000002,14.937300000000002,14.90067,14.86431,14.82822,14.79249,14.75703,14.721930000000002,14.68719,14.65272,14.618609999999999,14.58486,14.55138,14.51826,14.4855,14.453100000000001,14.421059999999999,14.389380000000001,14.35806,14.327010000000001,14.29641,14.26617,14.23629,14.20668,14.177520000000001,14.14872,14.12037,14.09229,14.06466,14.0373,14.010390000000001,13.983839999999999,13.95765,13.93182,13.90644,13.88133,13.856670000000001,13.832370000000001,13.80834,13.78476,13.76154,13.73859,13.71609,13.69386,13.671990000000001,13.65048,13.629330000000001,13.60845,13.58793,13.567680000000001,13.54779,13.52817,13.50882,13.48974,13.471020000000001,13.452480000000001,13.4343,13.4163,13.398480000000001,13.381020000000001,13.36374,13.346639999999999,13.32972,13.31307,13.29651,13.280220000000002,13.26402,13.248000000000001,13.23207,13.21632,13.200660000000001,13.18509,13.169699999999999,13.15431,13.13901,13.123709999999999,13.10859,13.09338,13.07826,13.06314,13.047930000000001,13.03281,13.01769,13.00248,12.98718,12.97188,12.95649,12.94101,12.92553,12.909870000000002,12.894120000000001,12.878190000000002,12.86217,12.846060000000001,12.82977,12.8133,12.796650000000001,12.77982,12.76272,12.74553,12.72807,12.71043,12.69252,12.674430000000001,12.655980000000001,12.63735,12.618450000000001,12.59928,12.579749999999999,12.56004,12.53997,12.519540000000001,12.498930000000001,12.477870000000001,12.45654,12.434849999999999,12.4128,12.39039,12.36762,12.34449,12.321,12.29706,12.27276,12.2481,12.22299,12.197519999999999,12.1716,12.14523,12.11841,12.09123,12.06351,12.03543,12.0069,11.97783,11.9484,11.918429999999999,11.88801,11.85714,11.82573,11.79387,11.761560000000001,11.728710000000001,11.695409999999999,11.66166,11.62737,11.59263,11.55735,11.52162,11.48544,11.44881,11.41164,11.37411,11.336039999999999,11.297609999999999,11.25873,11.2194,11.179710000000002,11.13966,11.09925,11.05857,11.01753,10.97622,10.93464,10.89288,10.85103,10.809,10.76688,10.72485,10.68273,10.64079,10.59894,10.55736,10.51614,10.47519,10.434780000000002,10.39491,10.35576,10.31724,10.27962,10.2429,10.20726,10.17279,10.13949,10.10763,10.07721,10.04841,10.021230000000001,9.99585,9.97236,9.95085,9.931320000000001,9.91386,9.89865,9.8856,9.8748,9.86625,9.860040000000001,9.85608,9.854460000000001,9.855,9.85779,9.86274,9.869760000000001,9.87885,9.88983,9.902700000000001,9.91737,9.93366,9.95148,9.97083,9.991439999999999,10.01331,10.03635,10.06038,10.08531,10.11096,10.13742,10.16433,10.19187,10.21977,10.24794,10.27647,10.305090000000002,10.3338,10.36251,10.39131,10.41993,10.448369999999999,10.47672,10.504800000000001,10.53261,10.56015,10.58733,10.61415,10.64061,10.666620000000002,10.69227,10.71738,10.742130000000001,10.76634,10.7901,10.81332,10.83609,10.85832,10.8801,10.901340000000001,10.92204,10.94229,10.962,10.98117,10.9998,11.017980000000001,11.035710000000002,11.052810000000001,11.069460000000001,11.085659999999999,11.10132,11.116439999999999,11.1312,11.14533,11.159099999999999,11.17233,11.185200000000002,11.19753,11.20932,11.220749999999999,11.231729999999999,11.24226,11.25234,11.26197,11.27124,11.28006,11.28843,11.29635,11.30391,11.311020000000001,11.317680000000001,11.32398,11.329920000000001,11.335410000000001,11.34054,11.345220000000001,11.34954,11.3535,11.35701,11.36016,11.362950000000001,11.36529,11.36736,11.368979999999999,11.37015,11.37105,11.3715,11.37159,11.37132,11.37069,11.3697,11.36826,11.36646,11.3643,11.361690000000001,11.35872,11.355390000000002,11.3517,11.34765,11.343150000000001,11.3382,11.33289,11.32722,11.321190000000001,11.31471,11.30778,11.300490000000002,11.29275,11.284650000000001,11.2761,11.267100000000001,11.25765,11.24784,11.237580000000001,11.22687,11.21571,11.2041,11.19204,11.17944,11.16648,11.152980000000001,11.13903,11.12463,11.10978,11.0943,11.07846,11.06208,11.04516,11.027700000000001,11.00979,10.991340000000001,10.97235,10.952820000000001,10.93284,10.912230000000001,10.89108,10.86948,10.84725,10.824480000000001,10.80117,10.77732,10.752839999999999,10.72791,10.702350000000001,10.676340000000001,10.649700000000001,10.62261,10.59489,10.56672,10.53801,10.50885,10.47915,10.449,10.4184,10.387440000000002,10.35603,10.324259999999999,10.29213,10.25964,10.226970000000001,10.194030000000001,10.16091,10.12761,10.09422,10.06083,10.02753,9.99432,9.9612,9.92844,9.895950000000001,9.86382,9.83223,9.80127,9.770940000000001,9.74142,9.71271,9.685080000000001,9.65844,9.63306,9.60885,9.586079999999999,9.56475,9.54495,9.52668,9.51021,9.49554,9.482579999999999,9.47151,9.46233,9.45504,9.449639999999999,9.44622,9.44469,9.44505,9.44721,9.451080000000001,9.456750000000001,9.464039999999999,9.472949999999999,9.483300000000002,9.495000000000001,9.507959999999999,9.52209,9.53739,9.5535,9.57051,9.58824,9.6066,9.6255,9.644670000000001,9.6642,9.684,9.703800000000001,9.723600000000001,9.743310000000001,9.76284,9.7821,9.80109,9.81963,9.83772,9.85527,9.87219,9.88857,9.90423,9.919170000000001,9.933300000000001,9.94671,9.95922,9.97092,9.981630000000001,9.99153,10.000530000000001,10.00854,10.015559999999999,10.02159,10.026720000000001,10.03086,10.03392,10.03608,10.03725,10.03743,10.03653,10.03473,10.032029999999999,10.02825,10.02357,10.017990000000001,10.01142,10.004040000000002,9.99576,9.98667,9.97668,9.96597,9.95445,9.942210000000001,9.92934,9.91584,9.90171,9.88704,9.871830000000001,9.85626,9.84024,9.82404,9.80748,9.79083,9.77409,9.75735,9.74061,9.72414,9.70794,9.69219,9.67689,9.66213,9.64818,9.63504,9.6228,9.611640000000001,9.60174,9.59319,9.586079999999999,9.5805,9.576630000000002,9.574560000000002,9.57447,9.57636,9.58032,9.58662,9.59508,9.60597,9.619290000000001,9.63513,9.653400000000001,9.674190000000001,9.69759,9.723510000000001,9.75186,9.78282,9.81621,9.852030000000001,9.89028,9.93069,9.97344,10.018350000000002,10.06533,10.11429,10.165140000000001,10.21788,10.27224,10.32831,10.385909999999999,10.44495,10.50534,10.56699,10.629900000000001,10.69389,10.75887,10.82484,10.891620000000001,10.9593,11.027700000000001,11.09673,11.16639,11.236680000000002,11.30751,11.3787,11.45043,11.52243,11.594790000000001,11.66751,11.74041,11.813580000000002,11.886930000000001,11.960460000000001,12.03417,12.10797
16.144920000000003,16.100459999999998,16.05618,16.01217,15.96834,15.924779999999998,15.881310000000001,15.838199999999999,15.79527,15.75252,15.710040000000001,15.66783,15.625799999999998,15.58404,15.54255,15.501240000000001,15.4602,15.41943,15.378930000000002,15.3387,15.29874,15.25896,15.219539999999999,15.180390000000001,15.141509999999998,15.1029,15.064559999999998,15.02649,14.98878,14.95134,14.91417,14.877360000000001,14.840819999999999,14.804640000000001,14.768730000000001,14.73309,14.6979,14.662980000000001,14.628329999999998,14.594129999999998,14.560200000000002,14.526629999999999,14.49333,14.46048,14.42799,14.39577,14.364,14.332500000000001,14.301449999999999,14.270760000000001,14.24034,14.210370000000001,14.18076,14.1516,14.122710000000001,14.09427,14.066189999999999,14.03847,14.01111,13.984200000000001,13.95765,13.93146,13.90563,13.88025,13.85523,13.83057,13.80627,13.782330000000002,13.75875,13.735619999999999,13.71276,13.690349999999999,13.66821,13.64652,13.6251,13.604040000000001,13.58325,13.56291,13.54275,13.523040000000002,13.5036,13.48443,13.465530000000001,13.446990000000001,13.42863,13.410630000000001,13.39281,13.37526,13.35798,13.34088,13.324050000000002,13.3074,13.29093,13.274730000000002,13.25862,13.24269,13.22685,13.21128,13.19571,13.18032,13.16502,13.1499,13.134780000000001,13.119750000000002,13.10472,13.089780000000001,13.07484,13.05999,13.04514,13.0302,13.01535,13.00041,12.985470000000001,12.97044,12.95541,12.9402,12.924990000000001,12.90969,12.8943,12.87873,12.863069999999999,12.84723,12.8313,12.815190000000001,12.7989,12.78243,12.765690000000001,12.74886,12.73176,12.71448,12.69693,12.6792,12.66111,12.64284,12.6243,12.60549,12.58641,12.566970000000001,12.54726,12.527280000000001,12.50685,12.48624,12.46518,12.44385,12.42216,12.40002,12.37761,12.35475,12.33153,12.30795,12.28392,12.259530000000002,12.234689999999999,12.20949,12.18375,12.15765,12.1311,12.1041,12.07665,12.04875,12.02031,11.99142,11.96208,11.93229,11.901959999999999,11.871089999999999,11.839770000000001,11.808,11.775689999999999,11.74284,11.70954,11.675609999999999,11.64123,11.6064,11.57094,11.53503,11.49867,11.461680000000001,11.424240000000001,11.38626,11.34783,11.308950000000001,11.26953,11.229659999999999,11.189430000000002,11.14866,11.10753,11.06595,11.02401,10.9818,10.93923,10.89639,10.853280000000002,10.809899999999999,10.76643,10.72287,10.67922,10.63557,10.59201,10.54854,10.50534,10.46232,10.41975,10.37754,10.335960000000002,10.294920000000001,10.25469,10.21527,10.17684,10.13949,10.10322,10.068389999999999,10.03491,10.00296,9.97263,9.944189999999999,9.91755,9.892890000000001,9.8703,9.84978,9.8316,9.81576,9.80217,9.7911,9.78237,9.776159999999999,9.77229,9.770940000000001,9.77202,9.77535,9.78111,9.78903,9.79911,9.811350000000001,9.825479999999999,9.8415,9.85923,9.87867,9.89955,9.92187,9.94545,9.9702,9.996030000000001,10.02267,10.05021,10.078380000000001,10.10718,10.13643,10.16613,10.196010000000001,10.22625,10.256490000000001,10.28691,10.31724,10.34748,10.37763,10.4076,10.437389999999999,10.46682,10.495980000000001,10.52478,10.55322,10.58121,10.60875,10.63593,10.66257,10.68876,10.714409999999999,10.73961,10.76427,10.78839,10.811969999999999,10.83501,10.857510000000001,10.879470000000001,10.90089,10.92177,10.94211,10.96191,10.98117,10.9998,11.017980000000001,11.035710000000002,11.052810000000001,11.069460000000001,11.08548,11.101140000000001,11.11617,11.13075,11.14488,11.158470000000001,11.171520000000001,11.18421,11.19636,11.20806,11.21931,11.23002,11.24037,11.25018,11.25963,11.26863,11.277180000000001,11.28528,11.29302,11.30022,11.30715,11.313540000000001,11.319569999999999,11.32515,11.33037,11.33523,11.339550000000001,11.3436,11.3472,11.350439999999999,11.35323,11.35566,11.35773,11.35935,11.36061,11.36151,11.36196,11.36205,11.36178,11.36106,11.36007,11.35863,11.35674,11.35458,11.351880000000001,11.34891,11.34549,11.34171,11.337570000000001,11.332980000000001,11.327940000000002,11.32263,11.31678,11.31057,11.304,11.29698,11.289510000000002,11.28168,11.27331,11.264669999999999,11.25549,11.24586,11.23587,11.225340000000001,11.21445,11.20302,11.19123,11.1789,11.166120000000001,11.1528,11.13912,11.124810000000002,11.11014,11.09493,11.079180000000001,11.06289,11.04615,11.028870000000001,11.011050000000001,10.99269,10.97379,10.95435,10.93446,10.91385,10.89279,10.8711,10.84887,10.8261,10.80279,10.77876,10.75428,10.72917,10.70352,10.67724,10.65042,10.62297,10.59507,10.566540000000002,10.53738,10.50777,10.47762,10.44693,10.415700000000001,10.384020000000001,10.351890000000001,10.31931,10.28637,10.25298,10.21923,10.185210000000001,10.150830000000001,10.11636,10.081620000000001,10.04679,10.01187,9.97704,9.942210000000001,9.90756,9.873090000000001,9.83898,9.80532,9.772110000000001,9.73944,9.70758,9.67644,9.6462,9.617040000000001,9.58896,9.56214,9.53658,9.51255,9.49005,9.46917,9.450000000000001,9.43272,9.41724,9.40374,9.39222,9.38277,9.37539,9.36999,9.366750000000001,9.365490000000001,9.3663,9.36909,9.37377,9.38025,9.38853,9.39852,9.41013,9.42309,9.43749,9.45315,9.46989,9.48771,9.50634,9.525689999999999,9.545760000000001,9.56628,9.587250000000001,9.60849,9.62991,9.651420000000002,9.67284,9.69417,9.71532,9.7362,9.75663,9.7767,9.796230000000001,9.81513,9.83349,9.851130000000001,9.86796,9.88416,9.89946,9.91386,9.92745,9.94005,9.951749999999999,9.96255,9.97227,9.98109,9.98883,9.99558,10.00125,10.00593,10.009530000000002,10.012139999999999,10.013670000000001,10.01412,10.013580000000001,10.01205,10.009440000000001,10.00584,10.001159999999999,9.99558,9.98901,9.98154,9.973080000000001,9.96372,9.95346,9.942390000000001,9.93051,9.91782,9.90441,9.89028,9.87552,9.86013,9.8442,9.82773,9.81081,9.79362,9.776069999999999,9.758339999999999,9.74043,9.72252,9.70461,9.68688,9.66933,9.652140000000001,9.635489999999999,9.61938,9.6039,9.58932,9.57573,9.56322,9.55188,9.54189,9.533520000000001,9.52668,9.52155,9.518400000000002,9.51723,9.51822,9.521370000000001,9.526860000000001,9.534780000000001,9.54522,9.55818,9.57384,9.59202,9.6129,9.63648,9.66276,9.69174,9.72324,9.75744,9.794070000000001,9.83322,9.8748,9.91872,9.96489,10.01313,10.06344,10.11573,10.16991,10.2258,10.2834,10.34244,10.40301,10.46493,10.5282,10.592550000000001,10.65798,10.724490000000001,10.7919,10.86012,10.92915,10.9989,11.069280000000001,11.1402,11.21166,11.28366,11.356020000000001,11.428830000000001,11.50191,11.57526,11.64897,11.72277,11.79684,11.871089999999999,11.94543,12.01986,12.09447
16.12683,16.08219,16.03773,15.993540000000001,15.94953,15.9057,15.862140000000002,15.81876,15.77565,15.732719999999999,15.690059999999999,15.64767,15.60546,15.56352,15.521760000000002,15.480269999999999,15.43905,15.398100000000001,15.357420000000001,15.31701,15.27678,15.23691,15.19731,15.157889999999998,15.11883,15.080040000000002,15.041520000000002,15.00336,14.96538,14.927760000000001,14.890500000000001,14.853419999999998,14.816790000000001,14.780339999999999,14.744340000000001,14.70861,14.67315,14.638050000000002,14.60331,14.56893,14.53482,14.50116,14.46777,14.43474,14.402070000000002,14.36985,14.3379,14.30631,14.275170000000001,14.2443,14.213880000000001,14.18382,14.15412,14.12487,14.09598,14.06745,14.03928,14.011560000000001,13.984200000000001,13.9572,13.93065,13.90446,13.878630000000001,13.853250000000001,13.82823,13.80366,13.77936,13.75551,13.73202,13.70889,13.686209999999999,13.6638,13.64184,13.62015,13.59891,13.577940000000002,13.55733,13.53708,13.51719,13.49757,13.47822,13.45932,13.4406,13.42224,13.40406,13.38624,13.36869,13.35141,13.33431,13.31748,13.300830000000001,13.284450000000001,13.26825,13.25223,13.23639,13.22073,13.20516,13.189860000000001,13.174560000000001,13.159440000000002,13.14441,13.12956,13.11471,13.09995,13.085189999999999,13.07052,13.055940000000001,13.041269999999999,13.02669,13.012020000000001,12.99744,12.98277,12.968100000000002,12.95334,12.93849,12.92364,12.908610000000001,12.89358,12.87837,12.863069999999999,12.84759,12.83202,12.81627,12.80034,12.78423,12.767940000000001,12.751470000000001,12.734729999999999,12.71781,12.70062,12.68325,12.665610000000001,12.6477,12.62961,12.61116,12.59244,12.57336,12.55401,12.53439,12.51441,12.49407,12.473460000000001,12.4524,12.43107,12.40938,12.38724,12.36474,12.341880000000002,12.318570000000001,12.2949,12.27078,12.2463,12.22128,12.1959,12.170069999999999,12.143790000000001,12.11697,12.08979,12.06207,12.033900000000001,12.00519,11.97603,11.94633,11.91618,11.885489999999999,11.85426,11.82249,11.790270000000001,11.757420000000002,11.72412,11.690280000000001,11.65581,11.620890000000001,11.58534,11.549339999999999,11.51271,11.47554,11.43783,11.39958,11.360880000000002,11.32155,11.28168,11.24136,11.2005,11.15919,11.11734,11.07504,11.03238,10.989180000000001,10.94571,10.90179,10.8576,10.81305,10.768320000000001,10.72332,10.678139999999999,10.632959999999999,10.5876,10.54233,10.497150000000001,10.45215,10.407330000000002,10.362870000000001,10.31886,10.27539,10.232460000000001,10.190339999999999,10.14903,10.10871,10.06947,10.031490000000002,9.99477,9.95958,9.92601,9.89415,9.864180000000001,9.8361,9.81018,9.78642,9.765,9.74592,9.72936,9.71532,9.703800000000001,9.694890000000001,9.68868,9.68499,9.684,9.68553,9.68958,9.696150000000001,9.705060000000001,9.71622,9.72972,9.7452,9.76275,9.78201,9.80316,9.825750000000001,9.849870000000001,9.87534,9.90198,9.92961,9.95823,9.98766,10.01781,10.048499999999999,10.079640000000001,10.11114,10.14291,10.17486,10.206990000000001,10.23903,10.27107,10.30293,10.334700000000002,10.366200000000001,10.39734,10.4283,10.458810000000001,10.48896,10.51866,10.547910000000002,10.57662,10.604880000000001,10.63269,10.659870000000002,10.6866,10.7127,10.73826,10.76328,10.78767,10.81152,10.83483,10.857510000000001,10.87956,10.901159999999999,10.922130000000001,10.94247,10.96236,10.981620000000001,11.00034,11.01843,11.03607,11.05317,11.06964,11.085659999999999,11.101140000000001,11.11608,11.13057,11.14443,11.15793,11.170800000000002,11.18331,11.19528,11.206710000000001,11.21778,11.22831,11.23839,11.24802,11.2572,11.265929999999999,11.27421,11.28204,11.289510000000002,11.29644,11.30301,11.30913,11.31489,11.3202,11.325059999999999,11.32956,11.33361,11.337299999999999,11.34063,11.34342,11.34594,11.34801,11.34963,11.35098,11.351880000000001,11.35233,11.35242,11.35215,11.35143,11.35035,11.34891,11.347019999999999,11.34477,11.34207,11.33901,11.33559,11.33172,11.3274,11.32272,11.317680000000001,11.312190000000001,11.30634,11.29995,11.2932,11.286090000000002,11.278530000000002,11.270520000000001,11.262060000000002,11.253150000000002,11.24379,11.234070000000001,11.22381,11.2131,11.20203,11.19042,11.17827,11.16576,11.15271,11.13921,11.12517,11.11059,11.09556,11.08008,11.063970000000001,11.047410000000001,11.030220000000002,11.01258,10.994399999999999,10.97559,10.956330000000001,10.936440000000001,10.91601,10.89495,10.87335,10.851120000000002,10.82835,10.80504,10.78101,10.75644,10.731240000000001,10.7055,10.67904,10.65204,10.624410000000001,10.59624,10.56744,10.53801,10.50795,10.477350000000001,10.44621,10.414530000000001,10.38222,10.34946,10.31616,10.28232,10.24812,10.21338,10.178370000000001,10.14291,10.10718,10.071180000000002,10.03491,9.998550000000002,9.962100000000001,9.925559999999999,9.88911,9.85275,9.81666,9.78084,9.74538,9.710460000000001,9.67608,9.642420000000001,9.609570000000001,9.57771,9.54684,9.51723,9.48888,9.461879999999999,9.4365,9.412650000000001,9.390690000000001,9.37044,9.352260000000001,9.335970000000001,9.32184,9.30987,9.30006,9.2925,9.28719,9.284040000000001,9.28323,9.28449,9.28791,9.2934,9.300870000000002,9.31023,9.321390000000001,9.334349999999999,9.348749999999999,9.364680000000002,9.381870000000001,9.40032,9.41976,9.440190000000001,9.461340000000002,9.48321,9.50562,9.52839,9.55143,9.57465,9.59787,9.621089999999999,9.64422,9.66699,9.68949,9.71154,9.73314,9.754199999999999,9.77454,9.79425,9.81324,9.83142,9.84879,9.86526,9.88083,9.89541,9.909089999999999,9.92178,9.933390000000001,9.94401,9.95355,9.96201,9.96939,9.97569,9.98091,9.985050000000001,9.98802,9.99,9.99081,9.990540000000001,9.98919,9.98667,9.98316,9.978570000000001,9.97299,9.966330000000001,9.958680000000001,9.95004,9.94041,9.92988,9.91836,9.906030000000001,9.892800000000001,9.87876,9.864,9.84852,9.83232,9.81549,9.798210000000001,9.7803,9.762030000000001,9.743310000000001,9.72441,9.70524,9.68607,9.66681,9.64764,9.62865,9.60993,9.591750000000001,9.574110000000001,9.5571,9.5409,9.525689999999999,9.511560000000001,9.49869,9.48726,9.477360000000001,9.46908,9.46269,9.45828,9.45594,9.455850000000002,9.4581,9.46278,9.46998,9.479880000000001,9.49248,9.50787,9.52605,9.54702,9.57087,9.59751,9.62703,9.65925,9.69426,9.73188,9.772110000000001,9.814860000000001,9.860040000000001,9.90756,9.95733,10.00917,10.062990000000001,10.11879,10.176300000000001,10.23552,10.296270000000002,10.35855,10.42209,10.48698,10.553040000000001,10.620090000000001,10.688130000000001,10.757069999999999,10.82682,10.89738,10.968570000000001,11.0403,11.11266,11.18547,11.258640000000002,11.33226,11.40624,11.480400000000001,11.554920000000001,11.62962,11.704500000000001,11.77947,11.854619999999999,11.92986,12.0051,12.080430000000002
16.10838,16.06347,16.01883,15.974460000000002,15.930269999999998,15.88626,15.842519999999999,15.798960000000001,15.75558,15.712470000000001,15.66963,15.62697,15.584579999999999,15.542460000000002,15.50052,15.458850000000002,15.417450000000002,15.376320000000002,15.335460000000001,15.29478,15.254460000000002,15.214320000000003,15.174449999999998,15.134940000000002,15.0957,15.056640000000002,15.01803,14.9796,14.941440000000002,14.90364,14.866200000000001,14.828940000000001,14.79213,14.7555,14.719320000000002,14.683410000000002,14.647770000000001,14.612580000000001,14.577659999999998,14.543099999999999,14.508899999999999,14.475060000000001,14.44149,14.40837,14.37561,14.34312,14.31108,14.2794,14.24817,14.217210000000001,14.1867,14.15655,14.12676,14.09742,14.06844,14.03982,14.011650000000001,13.983839999999999,13.956479999999999,13.92948,13.90293,13.87674,13.85091,13.82553,13.800510000000001,13.77594,13.75173,13.72788,13.70448,13.68144,13.65876,13.63653,13.61457,13.593060000000001,13.57191,13.551120000000001,13.530600000000002,13.51053,13.49073,13.47129,13.45221,13.4334,13.414950000000001,13.396770000000002,13.37886,13.361220000000001,13.34385,13.326749999999999,13.30992,13.29336,13.27698,13.26078,13.24485,13.2291,13.21353,13.19814,13.18293,13.167810000000001,13.15287,13.13802,13.12326,13.108680000000001,13.0941,13.07961,13.06521,13.05081,13.03641,13.0221,13.00779,12.993480000000002,12.979080000000002,12.964680000000001,12.950280000000001,12.93579,12.9213,12.90663,12.891869999999999,12.87702,12.86208,12.84705,12.83184,12.816450000000001,12.800880000000001,12.78522,12.76929,12.75318,12.73689,12.72042,12.70368,12.68667,12.66939,12.65193,12.6342,12.616109999999999,12.597750000000001,12.579120000000001,12.560220000000001,12.54096,12.52134,12.50145,12.481200000000001,12.46059,12.43962,12.4182,12.39651,12.37437,12.35187,12.32892,12.305520000000001,12.28176,12.25755,12.23298,12.20787,12.18231,12.1563,12.129840000000002,12.10284,12.07539,12.047490000000002,12.01905,11.990070000000001,11.96064,11.93058,11.900070000000001,11.869019999999999,11.83743,11.805209999999999,11.772540000000001,11.73924,11.705400000000001,11.67102,11.63601,11.60046,11.56437,11.527650000000001,11.4903,11.4525,11.41398,11.37492,11.33532,11.29518,11.25441,11.2131,11.17116,11.12877,11.085840000000001,11.04246,10.99845,10.954080000000001,10.90926,10.86399,10.81836,10.77237,10.72611,10.67949,10.63278,10.5858,10.53882,10.491750000000001,10.44477,10.39788,10.351170000000002,10.304730000000001,10.25874,10.21329,10.168379999999999,10.12419,10.080900000000002,10.03851,9.997290000000001,9.95733,9.91872,9.881639999999999,9.84627,9.812700000000001,9.78111,9.751500000000002,9.72423,9.699209999999999,9.67671,9.65673,9.63936,9.624690000000001,9.61281,9.60363,9.59742,9.593910000000001,9.59319,9.59535,9.60012,9.60759,9.61758,9.629999999999999,9.64485,9.66186,9.680940000000001,9.702,9.724860000000001,9.74943,9.77544,9.80289,9.83151,9.861300000000002,9.8919,9.9234,9.95553,9.988290000000001,10.02141,10.05489,10.08864,10.12248,10.156410000000001,10.19025,10.22409,10.25766,10.29105,10.32408,10.35684,10.38924,10.421190000000001,10.45269,10.483740000000001,10.514249999999999,10.54422,10.57365,10.60254,10.630799999999999,10.658520000000001,10.68561,10.71207,10.737990000000002,10.76328,10.787939999999999,10.811969999999999,10.835460000000001,10.85823,10.88046,10.90206,10.923119999999999,10.94346,10.96335,10.982520000000001,11.00124,11.01933,11.03679,11.0538,11.07018,11.08611,11.10141,11.11617,11.13048,11.144250000000001,11.15748,11.17017,11.182409999999999,11.1942,11.20545,11.21616,11.226510000000001,11.236320000000001,11.24568,11.25459,11.26305,11.27106,11.27862,11.285730000000001,11.292480000000001,11.29869,11.304540000000001,11.30994,11.31489,11.31948,11.32362,11.3274,11.33073,11.33361,11.33613,11.33829,11.33991,11.34126,11.34216,11.34261,11.3427,11.34243,11.34171,11.34063,11.3391,11.33721,11.33487,11.332170000000001,11.32911,11.3256,11.32164,11.31732,11.31255,11.30733,11.30175,11.295720000000001,11.28933,11.28249,11.2752,11.26746,11.25927,11.25072,11.24163,11.23218,11.22219,11.21175,11.20086,11.18952,11.17773,11.1654,11.15262,11.1393,11.125530000000001,11.111220000000001,11.09637,11.08107,11.065230000000001,11.048760000000001,11.03184,11.014380000000001,10.99638,10.97775,10.95858,10.93878,10.91844,10.89756,10.876050000000001,10.85391,10.831230000000001,10.80783,10.783890000000001,10.75932,10.73412,10.7082,10.681740000000001,10.65465,10.626840000000001,10.59849,10.569420000000001,10.53972,10.50939,10.47843,10.44684,10.41471,10.38186,10.34856,10.31454,10.28007,10.24506,10.20951,10.17351,10.137060000000002,10.10016,10.062899999999999,10.02537,9.987570000000002,9.94959,9.911430000000001,9.87327,9.83502,9.79695,9.75897,9.721350000000001,9.684,9.64719,9.61101,9.57555,9.5409,9.50715,9.47457,9.44316,9.41319,9.38457,9.35766,9.332550000000001,9.30924,9.28791,9.268650000000001,9.25155,9.2367,9.22419,9.21411,9.206280000000001,9.20097,9.19809,9.19755,9.19935,9.20349,9.20988,9.21843,9.22896,9.24147,9.25578,9.2718,9.28935,9.30825,9.3285,9.34983,9.37206,9.39519,9.41895,9.44325,9.468,9.493020000000001,9.51813,9.543330000000001,9.56835,9.59328,9.61785,9.64206,9.66582,9.68904,9.71163,9.7335,9.75465,9.77508,9.79461,9.81315,9.83088,9.847620000000001,9.86328,9.87795,9.891630000000001,9.90414,9.91557,9.925920000000001,9.9351,9.943200000000001,9.95013,9.95589,9.96048,9.9639,9.96624,9.96732,9.96732,9.966149999999999,9.9639,9.96039,9.95589,9.95022,9.94338,9.935550000000001,9.926730000000001,9.916739999999999,9.905850000000001,9.89388,9.88101,9.86724,9.85257,9.83709,9.8208,9.803790000000001,9.78606,9.76761,9.748709999999999,9.72927,9.70938,9.68913,9.668610000000001,9.647910000000001,9.62721,9.60651,9.5859,9.565650000000002,9.54567,9.52632,9.5076,9.489690000000001,9.47268,9.45684,9.442260000000001,9.429120000000001,9.41751,9.4077,9.39987,9.39402,9.39033,9.38907,9.39024,9.39402,9.400500000000001,9.40986,9.42201,9.43713,9.45522,9.47628,9.500399999999999,9.52749,9.557640000000001,9.59067,9.626579999999999,9.665280000000001,9.70668,9.750779999999999,9.7974,9.84645,9.89775,9.9513,10.00683,10.064340000000001,10.12374,10.18476,10.24731,10.311390000000001,10.37682,10.44351,10.51128,10.580129999999999,10.64988,10.72053,10.7919,10.86399,10.93671,11.01006,11.083770000000001,11.15802,11.23263,11.30751,11.38266,11.458079999999999,11.53377,11.60955,11.68542,11.761470000000001,11.83752,11.91366,11.98989,12.066030000000001
16.08948,16.04448,15.99966,15.95502,15.91065,15.866370000000002,15.822450000000002,15.77871,15.735149999999999,15.691860000000002,15.64875,15.60591,15.56334,15.52104,15.478919999999999,15.43698,15.395400000000002,15.354,15.312959999999999,15.272100000000002,15.23151,15.19119,15.151230000000002,15.111450000000001,15.071940000000001,15.03279,14.993910000000001,14.955300000000001,14.916960000000001,14.87898,14.841270000000002,14.80392,14.766839999999998,14.730120000000001,14.693670000000001,14.657580000000001,14.621850000000002,14.586390000000002,14.55138,14.51664,14.48226,14.44824,14.41458,14.38128,14.34834,14.31576,14.28363,14.25177,14.22036,14.189400000000001,14.15871,14.12847,14.098590000000002,14.06916,14.04009,14.011470000000001,13.98321,13.955400000000001,13.927950000000001,13.90095,13.874310000000001,13.84812,13.82238,13.797,13.77198,13.74741,13.72329,13.699530000000001,13.67613,13.653179999999999,13.63059,13.60845,13.58658,13.56516,13.5441,13.52349,13.503150000000002,13.48317,13.46355,13.44429,13.42539,13.40676,13.38849,13.37049,13.35285,13.33539,13.31829,13.30146,13.2849,13.26852,13.25241,13.23657,13.22082,13.20534,13.19013,13.17501,13.15998,13.14522,13.13055,13.11597,13.10157,13.08726,13.072949999999999,13.05882,13.04469,13.030560000000001,13.01652,13.00248,12.98844,12.974400000000001,12.96036,12.94623,12.9321,12.91788,12.90366,12.88926,12.87486,12.86028,12.84552,12.83076,12.81573,12.800609999999999,12.78531,12.76983,12.75417,12.738240000000001,12.72213,12.70584,12.68928,12.672450000000001,12.65535,12.637979999999999,12.62043,12.60252,12.58425,12.5658,12.5469,12.52773,12.50829,12.4884,12.468150000000001,12.44763,12.42666,12.40533,12.38355,12.36141,12.33891,12.31587,12.292470000000002,12.26871,12.24441,12.219660000000001,12.194460000000001,12.16872,12.14253,12.11589,12.0888,12.06108,12.03291,12.004199999999999,11.97495,11.945250000000001,11.91492,11.88405,11.852549999999999,11.8206,11.78802,11.75481,11.72115,11.686770000000001,11.651850000000001,11.6163,11.580119999999999,11.5434,11.50596,11.46798,11.429369999999999,11.39013,11.35026,11.30976,11.26872,11.22696,11.184660000000001,11.14173,11.09826,11.054250000000001,11.00961,10.96443,10.91871,10.87254,10.825830000000002,10.77876,10.731240000000001,10.68336,10.63521,10.5867,10.53801,10.489230000000001,10.440270000000002,10.391399999999999,10.34253,10.29384,10.24533,10.19727,10.14966,10.10259,10.05624,10.010790000000002,9.96624,9.92286,9.88083,9.840150000000001,9.801,9.76365,9.728190000000001,9.6948,9.66366,9.63477,9.6084,9.58464,9.56367,9.5454,9.530100000000001,9.51777,9.50841,9.50211,9.49878,9.498510000000001,9.50121,9.50679,9.51525,9.52641,9.540270000000001,9.55656,9.57519,9.596070000000001,9.619019999999999,9.64386,9.67041,9.69858,9.7281,9.75888,9.79083,9.823680000000001,9.85734,9.891720000000001,9.92655,9.96183,9.99738,10.0332,10.06902,10.104930000000001,10.14066,10.176300000000001,10.21167,10.246770000000001,10.28151,10.3158,10.349730000000001,10.38312,10.41606,10.44846,10.48032,10.511550000000002,10.54215,10.57212,10.601550000000001,10.630260000000002,10.658430000000001,10.685880000000001,10.712610000000002,10.738800000000001,10.76427,10.78911,10.81332,10.836810000000002,10.85976,10.881990000000002,10.90359,10.924650000000002,10.944989999999999,10.96479,10.98396,11.0025,11.0205,11.03787,11.0547,11.07099,11.08665,11.10186,11.116439999999999,11.13048,11.144070000000001,11.157029999999999,11.169540000000001,11.1816,11.19303,11.2041,11.21454,11.22462,11.234160000000001,11.24325,11.251890000000001,11.26008,11.26773,11.27502,11.28186,11.288250000000001,11.29419,11.29968,11.304720000000001,11.3094,11.31363,11.31741,11.320829999999999,11.3238,11.326319999999999,11.328479999999999,11.33019,11.33154,11.33244,11.33289,11.332980000000001,11.33271,11.331990000000001,11.330820000000001,11.32929,11.3274,11.325059999999999,11.32227,11.31912,11.315520000000001,11.311470000000002,11.30706,11.30229,11.29698,11.29131,11.28519,11.27862,11.271690000000001,11.26422,11.25639,11.24811,11.23938,11.23011,11.22048,11.21031,11.19978,11.18862,11.177100000000001,11.16504,11.15253,11.13948,11.12589,11.11185,11.09727,11.082239999999999,11.06658,11.05038,11.03364,11.016359999999999,10.99854,10.98009,10.9611,10.94157,10.92132,10.90062,10.879199999999999,10.857149999999999,10.83456,10.81125,10.787400000000002,10.762830000000001,10.73763,10.7118,10.68525,10.65807,10.63017,10.60164,10.57248,10.5426,10.512,10.480770000000001,10.44882,10.41624,10.38303,10.34919,10.31463,10.27953,10.2438,10.20744,10.170630000000001,10.13319,10.0953,10.05696,10.01817,9.97902,9.9396,9.89991,9.860040000000001,9.819989999999999,9.77994,9.739980000000001,9.70011,9.66051,9.62127,9.58248,9.544229999999999,9.50679,9.47016,9.43452,9.39996,9.366750000000001,9.33489,9.30465,9.27612,9.249390000000002,9.224730000000001,9.20214,9.1818,9.16371,9.14814,9.135,9.124469999999999,9.11655,9.11124,9.10845,9.108360000000001,9.110790000000001,9.11574,9.12303,9.13266,9.144540000000001,9.15849,9.17433,9.191970000000001,9.21132,9.232199999999999,9.254340000000001,9.277650000000001,9.30195,9.32715,9.35298,9.37935,9.40617,9.43326,9.46044,9.487530000000001,9.51462,9.54144,9.5679,9.593910000000001,9.61938,9.644309999999999,9.668520000000001,9.69201,9.714690000000001,9.73656,9.75744,9.77733,9.79632,9.81423,9.83106,9.84681,9.86139,9.874889999999999,9.887129999999999,9.898290000000001,9.908190000000001,9.917010000000001,9.92448,9.93078,9.93591,9.93978,9.94248,9.94392,9.9441,9.94311,9.94095,9.93753,9.93294,9.92727,9.920340000000001,9.91224,9.90315,9.892800000000001,9.88146,9.86913,9.85563,9.84123,9.825840000000001,9.80955,9.79245,9.77445,9.755640000000001,9.7362,9.716040000000001,9.695340000000002,9.674190000000001,9.6525,9.63054,9.608310000000001,9.5859,9.56349,9.541170000000001,9.519120000000001,9.49734,9.4761,9.455400000000001,9.4356,9.416699999999999,9.39888,9.38241,9.36738,9.35397,9.34245,9.33291,9.32544,9.3204,9.31779,9.31779,9.32058,9.32616,9.3348,9.3465,9.36135,9.37935,9.400590000000001,9.424980000000001,9.45261,9.48339,9.51732,9.55422,9.59418,9.636930000000001,9.68247,9.73062,9.78138,9.83448,9.88983,9.94725,10.00674,10.06803,10.13103,10.19565,10.261709999999999,10.32903,10.3977,10.46736,10.5381,10.60974,10.68219,10.75536,10.829160000000002,10.90359,10.97847,11.0538,11.12949,11.20545,11.28177,11.358270000000001,11.43495,11.51181,11.58876,11.6658,11.74284,11.81997,11.8971,11.97414,12.05118
16.07031,16.02504,15.98004,15.935220000000001,15.890579999999998,15.84621,15.80202,15.75801,15.71427,15.6708,15.627510000000001,15.584489999999999,15.54165,15.49908,15.45678,15.414660000000001,15.37281,15.331320000000002,15.289920000000002,15.248880000000002,15.20811,15.167610000000002,15.12738,15.08742,15.04773,15.00831,14.96925,14.930460000000002,14.891940000000002,14.853690000000002,14.8158,14.778270000000001,14.741010000000001,14.704020000000002,14.667480000000001,14.631210000000001,14.59521,14.55966,14.52438,14.48946,14.4549,14.42079,14.38695,14.35347,14.32044,14.28768,14.25537,14.22342,14.191920000000001,14.160779999999999,14.129999999999999,14.09967,14.0697,14.04018,14.01111,13.9824,13.95405,13.92615,13.8987,13.87161,13.84497,13.81878,13.79304,13.76766,13.742640000000002,13.718160000000001,13.693950000000001,13.67028,13.64697,13.62411,13.60161,13.57947,13.55778,13.53654,13.51557,13.49505,13.47489,13.45509,13.43565,13.41657,13.39776,13.3794,13.361310000000001,13.343580000000001,13.326120000000001,13.30893,13.292010000000001,13.275450000000001,13.25916,13.24305,13.22721,13.21155,13.19616,13.18104,13.16601,13.151159999999999,13.13649,13.122,13.10769,13.09338,13.07934,13.0653,13.051350000000001,13.03749,13.02363,13.00986,12.996089999999999,12.98241,12.968639999999999,12.95496,12.941189999999999,12.92742,12.91356,12.899610000000001,12.88566,12.87153,12.8574,12.84309,12.82869,12.81411,12.79935,12.7845,12.76947,12.75417,12.73869,12.72303,12.70719,12.690990000000001,12.6747,12.658050000000001,12.64113,12.623940000000001,12.60648,12.588750000000001,12.57066,12.55221,12.53349,12.51441,12.49506,12.47526,12.4551,12.43458,12.4137,12.39237,12.370590000000002,12.34845,12.32586,12.30291,12.27942,12.25557,12.23118,12.20634,12.18096,12.15513,12.12885,12.102030000000001,12.07467,12.04677,12.01842,11.98944,11.95992,11.92986,11.89926,11.868030000000001,11.836260000000001,11.80386,11.77083,11.73726,11.703059999999999,11.668140000000001,11.63268,11.596589999999999,11.55987,11.52243,11.48436,11.44566,11.40633,11.366280000000001,11.3256,11.2842,11.24226,11.1996,11.15622,11.1123,11.06766,11.02248,10.97658,10.930140000000002,10.88316,10.835550000000001,10.787400000000002,10.738800000000001,10.68975,10.64025,10.5903,10.54008,10.48959,10.43883,10.387979999999999,10.33704,10.286100000000001,10.23525,10.18467,10.134360000000001,10.0845,10.03518,9.98649,9.938699999999999,9.8919,9.84618,9.80181,9.75888,9.71757,9.67806,9.64062,9.60525,9.57231,9.54171,9.5139,9.488790000000002,9.46665,9.44748,9.43146,9.41859,9.40896,9.40257,9.39951,9.399600000000001,9.403020000000001,9.4095,9.41904,9.43146,9.44676,9.46467,9.4851,9.50787,9.53289,9.559800000000001,9.5886,9.619019999999999,9.65088,9.684,9.71829,9.753570000000002,9.78957,9.8262,9.863370000000002,9.9009,9.938699999999999,9.976590000000002,10.01457,10.05246,10.09017,10.1277,10.16496,10.20186,10.23831,10.274310000000002,10.30977,10.34478,10.37916,10.41291,10.44612,10.47861,10.51047,10.54161,10.57212,10.60191,10.631070000000001,10.65951,10.687230000000001,10.71423,10.74051,10.766160000000001,10.79109,10.815389999999999,10.83897,10.86192,10.88415,10.90575,10.926720000000001,10.94697,10.96668,10.98567,11.00412,11.02194,11.03922,11.05587,11.07198,11.08746,11.102400000000001,11.116800000000001,11.13057,11.143889999999999,11.15667,11.16891,11.1807,11.19195,11.20266,11.21283,11.22264,11.231910000000001,11.240639999999999,11.24901,11.25684,11.26422,11.27115,11.27772,11.28375,11.28933,11.29446,11.299230000000001,11.30355,11.30742,11.31084,11.31381,11.31642,11.31858,11.32038,11.32173,11.32263,11.323170000000001,11.323260000000001,11.3229,11.32218,11.321010000000001,11.31948,11.317499999999999,11.31507,11.312280000000001,11.30904,11.30544,11.30139,11.29689,11.29194,11.286629999999999,11.28078,11.27457,11.26791,11.26089,11.25333,11.24532,11.23686,11.22795,11.21859,11.20878,11.19852,11.18772,11.17638,11.16468,11.15244,11.13966,11.12634,11.112570000000002,11.09826,11.08341,11.06802,11.05209,11.03562,11.01852,11.00097,10.9827,10.963890000000001,10.94454,10.924560000000001,10.903950000000002,10.882710000000001,10.860840000000001,10.83834,10.81521,10.791450000000001,10.76697,10.74177,10.716030000000002,10.68948,10.6623,10.634400000000001,10.605780000000001,10.57653,10.54647,10.515690000000001,10.48428,10.45215,10.41921,10.38564,10.35135,10.31634,10.2807,10.244340000000001,10.20735,10.16973,10.13148,10.092600000000001,10.05327,10.01331,9.97299,9.93213,9.891,9.84951,9.80784,9.7659,9.72396,9.68193,9.64008,9.59841,9.55701,9.51615,9.47583,9.43614,9.39744,9.35964,9.3231,9.287820000000002,9.25407,9.221940000000002,9.191609999999999,9.163260000000001,9.136980000000001,9.11304,9.09144,9.07236,9.05589,9.042119999999999,9.031139999999999,9.02295,9.01764,9.01512,9.01539,9.01845,9.02421,9.03258,9.04347,9.056790000000001,9.07227,9.08982,9.10935,9.13059,9.153450000000001,9.17775,9.20322,9.22968,9.25713,9.285210000000001,9.31383,9.34281,9.37206,9.4014,9.43074,9.45981,9.4887,9.517140000000001,9.54504,9.5724,9.599129999999999,9.62505,9.650160000000001,9.67446,9.69777,9.72009,9.741330000000001,9.76158,9.780660000000001,9.79866,9.81549,9.831150000000001,9.845550000000001,9.858690000000001,9.870659999999999,9.88137,9.890820000000001,9.89892,9.905759999999999,9.911340000000001,9.91566,9.91872,9.920430000000001,9.92088,9.920069999999999,9.918,9.914579999999999,9.90999,9.90414,9.897120000000001,9.88884,9.8793,9.86868,9.85689,9.84393,9.82989,9.814770000000001,9.79866,9.781559999999999,9.76338,9.74439,9.72459,9.70389,9.68247,9.66042,9.63774,9.61461,9.591030000000002,9.56709,9.54297,9.51867,9.49446,9.47043,9.44667,9.42327,9.400590000000001,9.378630000000001,9.357569999999999,9.33768,9.319139999999999,9.30204,9.28665,9.27315,9.26172,9.25254,9.24579,9.24174,9.240480000000002,9.2421,9.246780000000001,9.2547,9.265860000000002,9.28035,9.29826,9.31959,9.34434,9.3726,9.4041,9.439020000000001,9.477089999999999,9.518310000000001,9.56259,9.60975,9.6597,9.71226,9.76734,9.82467,9.88425,9.94581,10.00926,10.07442,10.141200000000001,10.20933,10.2789,10.349639999999999,10.42137,10.49418,10.567800000000002,10.642140000000001,10.7172,10.792890000000002,10.86903,10.94562,11.02257,11.09988,11.17737,11.25513,11.33307,11.411100000000001,11.489220000000001,11.567340000000002,11.64555,11.72376,11.80197,11.880090000000001,11.95812,12.03606
16.05069,16.00524,15.95997,15.91497,15.870150000000002,15.82551,15.78114,15.736949999999998,15.693029999999998,15.649290000000002,15.605820000000001,15.562529999999999,15.51951,15.47667,15.434190000000001,15.39189,15.34986,15.308010000000001,15.266520000000002,15.225209999999999,15.184260000000002,15.14349,15.102989999999998,15.06285,15.02298,14.98338,14.944050000000002,14.90499,14.866290000000001,14.827860000000001,14.78979,14.751990000000001,14.71455,14.67738,14.640569999999999,14.604120000000002,14.567939999999998,14.53221,14.496750000000002,14.46165,14.426910000000001,14.392619999999999,14.358600000000001,14.32503,14.29173,14.25888,14.22648,14.19435,14.16267,14.13144,14.10057,14.07015,14.04009,14.01048,13.981230000000002,13.952430000000001,13.92408,13.89609,13.86864,13.84155,13.814820000000001,13.788630000000001,13.7628,13.73742,13.71249,13.68801,13.66389,13.64022,13.617,13.59414,13.57173,13.54977,13.52817,13.50702,13.48623,13.4658,13.44582,13.42611,13.40685,13.38795,13.36941,13.35123,13.33332,13.315769999999999,13.29858,13.28166,13.26501,13.24872,13.23261,13.21686,13.20129,13.18599,13.17087,13.15593,13.14126,13.12677,13.11237,13.09824,13.084200000000001,13.070250000000001,13.056479999999999,13.04271,13.02912,13.01562,13.00212,12.988620000000001,12.97521,12.9618,12.94848,12.93507,12.921570000000001,12.90807,12.89457,12.880980000000001,12.8673,12.853530000000001,12.83958,12.82563,12.8115,12.797189999999999,12.7827,12.76812,12.753269999999999,12.738240000000001,12.72303,12.70764,12.691980000000001,12.67605,12.65985,12.643469999999999,12.62673,12.60972,12.59244,12.5748,12.55689,12.538620000000002,12.51999,12.501000000000001,12.48174,12.46203,12.441960000000002,12.42144,12.40056,12.37932,12.35763,12.33549,12.312899999999999,12.289860000000001,12.26637,12.24243,12.21795,12.19302,12.16755,12.141630000000001,12.115169999999999,12.08817,12.060630000000002,12.03255,12.00393,11.974770000000001,11.94498,11.91465,11.883690000000001,11.8521,11.81997,11.78721,11.75373,11.719710000000001,11.68506,11.649690000000001,11.61369,11.576970000000001,11.53962,11.50155,11.46285,11.42343,11.38329,11.34252,11.30094,11.25873,11.2158,11.17215,11.127780000000001,11.08278,11.03706,10.99062,10.94355,10.895760000000001,10.84743,10.798380000000002,10.74879,10.69857,10.6479,10.59669,10.54503,10.49292,10.44054,10.3878,10.33488,10.281870000000001,10.22868,10.17567,10.12275,10.0701,10.01781,9.96597,9.914940000000001,9.86463,9.81531,9.76707,9.720270000000001,9.67482,9.631170000000001,9.589409999999999,9.549719999999999,9.51228,9.47727,9.444870000000002,9.41535,9.3888,9.365400000000001,9.34515,9.328320000000001,9.31491,9.304920000000001,9.29853,9.29565,9.296280000000001,9.30033,9.3078,9.31851,9.332370000000001,9.34929,9.369,9.39141,9.41634,9.443520000000001,9.47277,9.503910000000001,9.536850000000001,9.571140000000002,9.60687,9.64368,9.68139,9.719909999999999,9.759060000000002,9.79866,9.83862,9.87867,9.9189,9.95913,9.999089999999999,10.038960000000001,10.07847,10.11762,10.156410000000001,10.19466,10.232370000000001,10.269540000000001,10.30608,10.3419,10.377180000000001,10.41174,10.44549,10.47861,10.51101,10.5426,10.57356,10.603710000000001,10.63305,10.66176,10.68966,10.716840000000001,10.74321,10.76895,10.79397,10.818180000000002,10.84176,10.86471,10.88685,10.90836,10.92924,10.9494,10.96893,10.98783,11.0061,11.02374,11.040750000000001,11.057220000000001,11.07306,11.08836,11.10303,11.11716,11.13075,11.1438,11.15631,11.168280000000001,11.179710000000002,11.190690000000002,11.201130000000001,11.21103,11.22048,11.22948,11.23794,11.24595,11.25342,11.26053,11.267100000000001,11.27322,11.27898,11.2842,11.28897,11.293379999999999,11.29734,11.30085,11.30391,11.306519999999999,11.30868,11.31048,11.31183,11.31282,11.31336,11.31345,11.31309,11.31237,11.3112,11.30958,11.3076,11.30517,11.30229,11.299050000000001,11.29527,11.291220000000001,11.286629999999999,11.28159,11.27619,11.270340000000001,11.26395,11.2572,11.25,11.24235,11.23425,11.225700000000002,11.21661,11.20707,11.19708,11.18664,11.17566,11.16423,11.152260000000002,11.13975,11.12679,11.113290000000001,11.09925,11.084670000000001,11.06955,11.05389,11.03769,11.02086,11.003490000000001,10.98549,10.966949999999999,10.94778,10.92807,10.90764,10.88658,10.864980000000001,10.84266,10.81962,10.79595,10.771650000000001,10.74663,10.72089,10.69443,10.66725,10.63944,10.61082,10.581479999999999,10.55133,10.52055,10.48896,10.45656,10.42344,10.389600000000002,10.355039999999999,10.31958,10.28349,10.24668,10.209060000000001,10.170720000000001,10.13175,10.09215,10.051829999999999,10.01088,9.96939,9.92736,9.88479,9.84186,9.79848,9.75483,9.711,9.6669,9.62289,9.578790000000001,9.53496,9.4914,9.4482,9.40563,9.36369,9.32265,9.2826,9.24381,9.206280000000001,9.17037,9.13626,9.103950000000001,9.0738,9.045810000000001,9.020340000000001,8.997381,8.97714,8.959734000000001,8.945243999999999,8.933750999999999,8.925309,8.919945,8.917667999999999,8.918442,8.922213000000001,8.928918000000001,8.938449,8.950689,8.965494,8.982711,9.00216,9.023670000000001,9.047070000000001,9.07209,9.098640000000001,9.12645,9.155339999999999,9.185130000000001,9.21564,9.246599999999999,9.27801,9.3096,9.341280000000001,9.372779999999999,9.4041,9.43506,9.465570000000001,9.49554,9.52488,9.553410000000001,9.58113,9.60795,9.63387,9.65871,9.68256,9.70524,9.72675,9.74718,9.76626,9.78426,9.800910000000002,9.8163,9.83034,9.84312,9.854550000000001,9.86463,9.87345,9.88083,9.88695,9.891630000000001,9.895050000000001,9.89703,9.89775,9.89703,9.895050000000001,9.891720000000001,9.88704,9.8811,9.87381,9.86526,9.85545,9.844380000000001,9.83205,9.81855,9.803790000000001,9.78795,9.77103,9.75294,9.73386,9.713790000000001,9.692730000000001,9.670770000000001,9.648000000000001,9.624509999999999,9.6003,9.57546,9.55017,9.52443,9.49833,9.47214,9.44586,9.41967,9.39366,9.3681,9.34308,9.31878,9.295380000000002,9.27315,9.252270000000001,9.232920000000002,9.21528,9.19962,9.186119999999999,9.17505,9.166500000000001,9.160829999999999,9.15804,9.1584,9.16209,9.169110000000002,9.179730000000001,9.19386,9.211680000000001,9.23319,9.2583,9.28719,9.31959,9.35559,9.39492,9.43767,9.48357,9.53253,9.58446,9.639000000000001,9.69624,9.75582,9.81765,9.88155,9.94734,10.01484,10.08396,10.15452,10.22634,10.29933,10.3734,10.44828,10.52406,10.60047,10.677600000000002,10.755180000000001,10.83321,10.9116,10.99026,11.069189999999999,11.148390000000001,11.22768,11.30706,11.38653,11.466000000000001,11.545380000000002,11.62485,11.70423,11.783520000000001,11.86263,11.94165,12.020579999999999
16.030800000000003,15.98508,15.93963,15.894359999999999,15.849359999999999,15.804540000000001,15.7599,15.715440000000001,15.67134,15.627330000000002,15.583590000000001,15.54012,15.496920000000001,15.453899999999999,15.411150000000001,15.36858,15.32628,15.284250000000002,15.24249,15.201,15.159780000000001,15.11883,15.078149999999999,15.037740000000001,14.997600000000002,14.957820000000002,14.918220000000002,14.87898,14.840100000000001,14.801490000000001,14.763150000000001,14.72517,14.687460000000002,14.65011,14.613119999999999,14.576400000000001,14.54004,14.50413,14.468490000000001,14.433209999999999,14.398290000000001,14.36373,14.32953,14.29578,14.26239,14.22936,14.19678,14.16456,14.1327,14.10138,14.07033,14.03973,14.00958,13.979880000000001,13.95054,13.92174,13.8933,13.865219999999999,13.83768,13.810590000000001,13.78386,13.757579999999999,13.73175,13.70646,13.68153,13.65696,13.63293,13.60935,13.58613,13.56336,13.54104,13.51917,13.497660000000002,13.476600000000001,13.45599,13.43574,13.415849999999999,13.39641,13.37733,13.35861,13.34025,13.32225,13.30461,13.28733,13.27032,13.25367,13.23729,13.22118,13.205430000000002,13.189860000000001,13.174650000000002,13.15962,13.14486,13.13028,13.11588,13.101659999999999,13.087620000000001,13.07376,13.060080000000001,13.04649,13.03308,13.019670000000001,13.00644,12.99321,12.98007,12.96693,12.95388,12.94083,12.92778,12.91464,12.90159,12.888449999999999,12.87522,12.8619,12.84858,12.835080000000001,12.82149,12.80781,12.79395,12.77991,12.765780000000001,12.751380000000001,12.73689,12.72213,12.70719,12.691980000000001,12.6765,12.66084,12.64491,12.628620000000002,12.612150000000002,12.59532,12.57822,12.56076,12.54294,12.524849999999999,12.506400000000001,12.4875,12.46833,12.44871,12.42873,12.4083,12.38751,12.36627,12.34458,12.32244,12.29985,12.276810000000001,12.25323,12.22929,12.20472,12.1797,12.15414,12.12813,12.10149,12.0744,12.04668,12.01842,11.98953,11.9601,11.93004,11.89944,11.86821,11.836260000000001,11.80377,11.77065,11.73681,11.70234,11.66715,11.63124,11.5947,11.55753,11.51955,11.48085,11.44143,11.401290000000001,11.360430000000001,11.31885,11.27646,11.233350000000002,11.189430000000002,11.14479,11.099430000000002,11.05326,11.00637,10.95876,10.91043,10.86129,10.81152,10.76103,10.70991,10.65816,10.605690000000001,10.55277,10.499310000000001,10.445310000000001,10.390860000000002,10.33614,10.281060000000002,10.2258,10.17036,10.11492,10.05957,10.0044,9.94959,9.89523,9.8415,9.78849,9.73647,9.68562,9.63612,9.58806,9.5418,9.49752,9.45531,9.41562,9.37845,9.34407,9.312660000000001,9.28449,9.25965,9.23823,9.2205,9.20646,9.196200000000001,9.189720000000001,9.18711,9.18819,9.19305,9.201600000000001,9.213659999999999,9.22905,9.24777,9.26946,9.29394,9.32112,9.35073,9.38259,9.41634,9.45189,9.48897,9.52731,9.56682,9.60732,9.648539999999999,9.6903,9.732510000000001,9.77499,9.81756,9.86013,9.902700000000001,9.945,9.98694,10.028609999999999,10.069830000000001,10.110420000000001,10.15056,10.19007,10.228950000000001,10.26702,10.30446,10.34118,10.377180000000001,10.41228,10.44666,10.48032,10.51308,10.545119999999999,10.576260000000001,10.60668,10.636289999999999,10.66509,10.69308,10.72035,10.74681,10.77255,10.79748,10.82178,10.845270000000001,10.86804,10.890089999999999,10.91142,10.932120000000001,10.95219,10.971540000000001,10.99026,11.008260000000002,11.02572,11.04255,11.05875,11.07432,11.089350000000001,11.10375,11.11761,11.13093,11.14371,11.15586,11.16756,11.17872,11.189340000000001,11.19942,11.20905,11.21823,11.22678,11.23497,11.24262,11.249820000000001,11.25648,11.262780000000001,11.26854,11.27394,11.2788,11.28321,11.28726,11.29077,11.29392,11.29653,11.29878,11.30058,11.30202,11.30292,11.303460000000001,11.30355,11.30319,11.30247,11.301300000000001,11.29968,11.297609999999999,11.29518,11.292300000000001,11.28897,11.28519,11.28096,11.27637,11.27124,11.26575,11.25981,11.25333,11.24649,11.2392,11.23137,11.223180000000001,11.21445,11.20527,11.19555,11.18538,11.17476,11.1636,11.15199,11.13984,11.12715,11.11392,11.100240000000001,11.085930000000001,11.07108,11.05569,11.039760000000001,11.023290000000001,11.00619,10.98846,10.97019,10.95129,10.93176,10.9116,10.89081,10.86939,10.84725,10.824480000000001,10.800989999999999,10.77678,10.751940000000001,10.72638,10.70001,10.67301,10.645199999999999,10.616670000000001,10.58733,10.55718,10.52631,10.494720000000001,10.462230000000002,10.42893,10.39491,10.36008,10.32435,10.287899999999999,10.25064,10.212570000000001,10.17369,10.13409,10.093679999999999,10.05255,10.010790000000002,9.968219999999999,9.92511,9.88128,9.837,9.79209,9.746820000000001,9.70119,9.6552,9.60903,9.56277,9.51642,9.470250000000002,9.42426,9.37872,9.33363,9.28926,9.24579,9.20322,9.162,9.12213,9.08388,9.04752,9.01305,8.980866,8.951075999999999,8.923878,8.899434000000001,8.877906000000001,8.859429,8.844129,8.832068999999999,8.82333,8.817948,8.815905,8.817192,8.821746000000001,8.829477,8.840277,8.854002000000001,8.870508000000001,8.889606,8.911098,8.934795000000001,8.960481,8.987931,9.01692,9.04725,9.078750000000001,9.11106,9.14418,9.17775,9.211680000000001,9.24579,9.279810000000001,9.31383,9.3474,9.380700000000001,9.41337,9.445409999999999,9.47673,9.50724,9.536850000000001,9.56547,9.59301,9.61947,9.64485,9.66897,9.691920000000001,9.71361,9.73395,9.75303,9.770669999999999,9.787049999999999,9.80208,9.81567,9.827820000000001,9.83862,9.84807,9.85599,9.86256,9.86769,9.87147,9.87372,9.87462,9.87408,9.87219,9.868860000000002,9.864090000000001,9.85797,9.8505,9.84159,9.83142,9.8199,9.80703,9.792900000000001,9.77751,9.76086,9.74304,9.72396,9.703800000000001,9.68256,9.66024,9.636930000000001,9.61272,9.587610000000002,9.56178,9.53514,9.507959999999999,9.48024,9.45216,9.423810000000001,9.39528,9.366750000000001,9.3384,9.310319999999999,9.282869999999999,9.25605,9.230129999999999,9.20529,9.18189,9.15993,9.13986,9.121860000000002,9.106110000000001,9.092789999999999,9.08235,9.07479,9.07038,9.0693,9.07182,9.077940000000002,9.08784,9.10161,9.119340000000001,9.14103,9.16668,9.196200000000001,9.22959,9.26676,9.30762,9.35199,9.399690000000001,9.45072,9.50472,9.5616,9.62118,9.68319,9.74754,9.813960000000002,9.88227,9.95238,10.02402,10.0971,10.17144,10.246860000000002,10.32327,10.400580000000001,10.47861,10.55727,10.636470000000001,10.71612,10.79613,10.87641,10.95696,11.03769,11.11851,11.19942,11.28033,11.36133,11.44215,11.52297,11.603700000000002,11.68425,11.76462,11.844899999999999,11.925,12.00492
16.010460000000002,15.964559999999999,15.91884,15.87339,15.82812,15.78303,15.738209999999999,15.693570000000001,15.649200000000002,15.60501,15.56109,15.517349999999999,15.473880000000001,15.43059,15.38757,15.344820000000002,15.302340000000001,15.26004,15.2181,15.176340000000001,15.134850000000002,15.093720000000001,15.05277,15.01209,14.971770000000001,14.931720000000002,14.891940000000002,14.852430000000002,14.813279999999999,14.7744,14.735880000000002,14.69763,14.65974,14.62221,14.584950000000001,14.54805,14.51151,14.475330000000001,14.43951,14.40405,14.36895,14.33421,14.29983,14.2659,14.232330000000001,14.19912,14.16636,14.13396,14.102010000000002,14.07042,14.03937,14.008680000000002,13.978349999999999,13.94856,13.919130000000001,13.89015,13.86162,13.83354,13.80591,13.77873,13.751999999999999,13.72572,13.69989,13.67451,13.64958,13.62519,13.60116,13.57758,13.55445,13.53177,13.509540000000001,13.48776,13.46634,13.445459999999999,13.424940000000001,13.40478,13.385069999999999,13.36581,13.346910000000001,13.328370000000001,13.310279999999999,13.29246,13.27509,13.25799,13.24125,13.224870000000001,13.20876,13.19301,13.17744,13.162230000000001,13.14729,13.13253,13.118129999999999,13.103819999999999,13.089780000000001,13.07592,13.062240000000001,13.04874,13.03542,13.0221,13.00905,12.996,12.983130000000001,12.970260000000001,12.95748,12.9447,12.93201,12.919319999999999,12.90654,12.89385,12.881070000000001,12.86829,12.85542,12.842459999999999,12.82941,12.81627,12.803040000000001,12.789629999999999,12.77613,12.762360000000001,12.7485,12.73446,12.72015,12.70575,12.690990000000001,12.67605,12.66093,12.64545,12.6297,12.61368,12.59739,12.58074,12.56382,12.54654,12.52899,12.51099,12.49263,12.47391,12.45483,12.4353,12.41541,12.39507,12.37437,12.35313,12.33153,12.30939,12.2868,12.263760000000001,12.240179999999999,12.216149999999999,12.19158,12.16647,12.140820000000001,12.11463,12.0879,12.060630000000002,12.03273,12.004290000000001,11.97522,11.94561,11.915280000000001,11.88441,11.852820000000001,11.8206,11.78775,11.75418,11.71998,11.68506,11.64942,11.613059999999999,11.57598,11.53818,11.49957,11.460239999999999,11.42019,11.379330000000001,11.337660000000001,11.29527,11.25207,11.20806,11.163240000000002,11.11761,11.07117,11.02392,10.975859999999999,10.92699,10.877310000000001,10.82682,10.77561,10.72368,10.67094,10.61748,10.56339,10.50858,10.45314,10.39725,10.340729999999999,10.283850000000001,10.22652,10.16892,10.11114,10.05318,9.99531,9.93744,9.87993,9.82278,9.76626,9.710460000000001,9.655560000000001,9.60174,9.54927,9.498420000000001,9.44937,9.4023,9.35748,9.31518,9.275580000000001,9.238949999999999,9.20556,9.17559,9.14913,9.12654,9.10773,9.092970000000001,9.08235,9.07578,9.07344,9.07515,9.080820000000001,9.09054,9.104040000000001,9.12123,9.14184,9.165690000000001,9.1926,9.2223,9.25452,9.28908,9.32571,9.36414,9.4041,9.445409999999999,9.48789,9.53127,9.575370000000001,9.61992,9.66492,9.71001,9.75528,9.800370000000001,9.845369999999999,9.89001,9.93429,9.97812,10.02141,10.06407,10.1061,10.14741,10.188,10.227870000000001,10.26693,10.305090000000002,10.34253,10.37898,10.41471,10.44954,10.48347,10.51659,10.5489,10.58031,10.61082,10.64052,10.669410000000001,10.69749,10.72476,10.75122,10.77687,10.80171,10.825830000000002,10.84923,10.87191,10.893780000000001,10.914930000000002,10.93545,10.95525,10.97442,10.99287,11.01069,11.02788,11.04435,11.060279999999999,11.07567,11.09034,11.104470000000001,11.118060000000002,11.131110000000001,11.14353,11.15541,11.16675,11.17755,11.187899999999999,11.19762,11.20689,11.21571,11.22399,11.231729999999999,11.23911,11.24586,11.25225,11.2581,11.26359,11.26854,11.273040000000002,11.27709,11.28069,11.28384,11.28654,11.28888,11.29068,11.292119999999999,11.29302,11.293560000000001,11.293650000000001,11.293379999999999,11.29257,11.2914,11.28969,11.28762,11.2851,11.28222,11.2788,11.27502,11.2707,11.26602,11.26089,11.255310000000001,11.24919,11.242709999999999,11.23578,11.22831,11.22039,11.21202,11.2032,11.19384,11.18403,11.173770000000001,11.16297,11.15163,11.13975,11.127419999999999,11.114550000000001,11.101140000000001,11.087190000000001,11.072700000000001,11.05758,11.042010000000001,11.02572,11.008980000000001,10.99152,10.97352,10.95489,10.93572,10.91583,10.89522,10.87407,10.8522,10.82961,10.80639,10.782449999999999,10.75779,10.73241,10.70622,10.679310000000001,10.65168,10.62324,10.593990000000002,10.563930000000001,10.53306,10.501470000000001,10.46898,10.435590000000001,10.40148,10.366380000000001,10.33056,10.29384,10.256219999999999,10.217789999999999,10.178460000000001,10.13832,10.097370000000002,10.055520000000001,10.01295,9.96957,9.92538,9.88047,9.83493,9.78876,9.74196,9.69462,9.64683,9.59868,9.55026,9.50166,9.45297,9.40428,9.355770000000001,9.30762,9.259920000000001,9.21294,9.16668,9.12159,9.07767,9.03519,8.994429,8.955549,8.918793,8.884377,8.852526000000001,8.823447,8.797338,8.77437,8.754714000000002,8.738487,8.725806,8.716725,8.711298000000001,8.709515999999999,8.71137,8.71677,8.725635,8.737839000000001,8.753211,8.77158,8.792748,8.81649,8.842581,8.870778,8.900847,8.932545000000001,8.965620000000001,8.999846999999999,9.03501,9.070829999999999,9.10719,9.143820000000002,9.18054,9.217260000000001,9.25371,9.289890000000002,9.32544,9.36045,9.394739999999999,9.42822,9.46071,9.492210000000002,9.52272,9.55206,9.58014,9.607050000000001,9.6327,9.65709,9.68004,9.701640000000001,9.72189,9.74061,9.75798,9.77391,9.7884,9.80136,9.81288,9.822870000000002,9.83142,9.83844,9.84402,9.84807,9.85059,9.85167,9.85131,9.84942,9.846,9.84123,9.83493,9.82719,9.81801,9.80739,9.79533,9.781920000000001,9.76716,9.750960000000001,9.7335,9.714690000000001,9.69462,9.673380000000002,9.65088,9.62721,9.60246,9.576630000000002,9.549900000000001,9.522269999999999,9.49383,9.46458,9.434790000000001,9.40446,9.37377,9.34281,9.311850000000002,9.28089,9.250200000000001,9.21996,9.190349999999999,9.16164,9.13401,9.10773,9.08307,9.0603,9.0396,9.02133,9.00567,8.992953,8.983368,8.977158,8.974548,8.975718,8.980830000000001,8.990019,9.00342,9.02097,9.04284,9.06894,9.09936,9.13383,9.17235,9.21483,9.261,9.31086,9.36405,9.42048,9.479880000000001,9.54198,9.60669,9.67383,9.74295,9.81414,9.88695,9.96138,10.03725,10.1142,10.19232,10.27125,10.351080000000001,10.43154,10.51254,10.593990000000002,10.6758,10.75797,10.84032,10.92276,11.005379999999999,11.08791,11.17053,11.25306,11.335500000000001,11.417850000000001,11.500110000000001,11.5821,11.66391,11.74554,11.82699,11.90808,11.98899
15.98976,15.94368,15.897780000000001,15.85206,15.806519999999999,15.76125,15.716159999999999,15.671250000000002,15.62661,15.58224,15.538050000000002,15.494039999999998,15.450390000000002,15.406830000000001,15.363629999999999,15.32061,15.27786,15.235380000000001,15.19317,15.151139999999998,15.10947,15.06798,15.026850000000001,14.98599,14.945400000000001,14.90508,14.86503,14.82534,14.785919999999999,14.746860000000002,14.708070000000001,14.66955,14.631480000000002,14.593679999999999,14.55615,14.519070000000001,14.48235,14.445899999999998,14.40981,14.37417,14.338890000000001,14.303880000000001,14.26941,14.23521,14.20146,14.16807,14.13513,14.102640000000001,14.07051,14.038829999999999,14.00751,13.97673,13.94631,13.91634,13.88682,13.857750000000001,13.829130000000001,13.80105,13.77333,13.74606,13.719330000000001,13.69305,13.66713,13.64175,13.616909999999999,13.59243,13.56849,13.54491,13.52187,13.49928,13.47714,13.45545,13.43412,13.41333,13.392990000000001,13.37301,13.35348,13.3344,13.31568,13.297320000000001,13.27941,13.26186,13.244670000000001,13.22784,13.21137,13.195260000000001,13.17942,13.16394,13.14873,13.13388,13.11921,13.10481,13.090679999999999,13.07673,13.06305,13.04955,13.03623,13.02309,13.01004,12.99717,12.98448,12.97179,12.959280000000001,12.94677,12.93435,12.92202,12.9096,12.897269999999999,12.88494,12.87261,12.86019,12.84777,12.83526,12.82266,12.80997,12.7971,12.78423,12.771180000000001,12.75795,12.74454,12.73095,12.71718,12.70323,12.6891,12.674610000000001,12.659939999999999,12.645000000000001,12.629880000000002,12.6144,12.59856,12.58245,12.566070000000002,12.54933,12.53223,12.51477,12.49704,12.47886,12.46023,12.44124,12.42189,12.40209,12.38184,12.36114,12.33999,12.318389999999999,12.296339999999999,12.27375,12.25071,12.227129999999999,12.203009999999999,12.17844,12.15324,12.12759,12.10131,12.0744,12.04695,12.01896,11.99034,11.96109,11.93112,11.90061,11.86947,11.837610000000002,11.80503,11.77182,11.73789,11.703240000000001,11.66787,11.631780000000001,11.59497,11.55735,11.51901,11.47986,11.4399,11.39913,11.35755,11.31516,11.27187,11.227860000000002,11.18295,11.137139999999999,11.090520000000001,11.043,10.994580000000001,10.945350000000001,10.89522,10.844280000000001,10.792440000000001,10.739700000000001,10.68624,10.63188,10.57671,10.52082,10.46421,10.40679,10.34883,10.29024,10.231020000000001,10.17144,10.11141,10.05102,9.990540000000001,9.92988,9.86931,9.80883,9.748800000000001,9.68922,9.63036,9.57231,9.51543,9.4599,9.4059,9.353700000000002,9.30357,9.25587,9.21078,9.16857,9.12951,9.09387,9.06183,9.03366,9.009540000000001,8.989686,8.974152,8.963046,8.956431,8.954307,8.956638,8.963360999999999,8.974350000000001,8.98947,9.00855,9.031320000000001,9.05751,9.08703,9.11952,9.15462,9.19224,9.23193,9.27351,9.31662,9.361170000000001,9.4068,9.453240000000001,9.500399999999999,9.54801,9.59589,9.64386,9.691830000000001,9.73971,9.787230000000001,9.834389999999999,9.88101,9.92709,9.97254,10.01736,10.06137,10.10457,10.14696,10.188540000000001,10.229130000000001,10.26891,10.307789999999999,10.345680000000002,10.382760000000001,10.418849999999999,10.45395,10.488240000000001,10.52154,10.553939999999999,10.58544,10.61604,10.64583,10.674719999999999,10.70271,10.729890000000001,10.75626,10.78182,10.80657,10.83051,10.85373,10.87614,10.89783,10.9188,10.93905,10.95867,10.97748,10.995659999999999,11.01321,11.03013,11.04633,11.06199,11.077020000000001,11.091420000000001,11.10519,11.11851,11.131110000000001,11.14326,11.15478,11.165849999999999,11.176290000000002,11.18628,11.195640000000001,11.204550000000001,11.21301,11.220930000000001,11.22831,11.23524,11.24172,11.24775,11.25324,11.258280000000001,11.262780000000001,11.26692,11.27061,11.273850000000001,11.27655,11.27889,11.28069,11.28213,11.28312,11.28366,11.28375,11.28339,11.282670000000001,11.281410000000001,11.27979,11.27763,11.275110000000002,11.27214,11.26872,11.264850000000001,11.26053,11.25576,11.25045,11.24478,11.23866,11.232090000000001,11.22498,11.21751,11.20941,11.200949999999999,11.19195,11.182500000000001,11.17251,11.16207,11.15109,11.13966,11.127600000000001,11.11509,11.10204,11.08836,11.07423,11.05947,11.044170000000001,11.02824,11.01177,10.994670000000001,10.977030000000001,10.95867,10.939770000000001,10.92015,10.8999,10.87902,10.857420000000001,10.835189999999999,10.81215,10.78848,10.764000000000001,10.73889,10.71297,10.68624,10.65879,10.63044,10.60137,10.57149,10.54071,10.509120000000001,10.47672,10.44333,10.40913,10.37403,10.338030000000002,10.30113,10.263330000000002,10.22463,10.185030000000001,10.14444,10.10295,10.06065,10.01736,9.97326,9.92826,9.88236,9.83574,9.78831,9.74016,9.69138,9.64197,9.59193,9.54153,9.49068,9.43956,9.38835,9.33705,9.28584,9.2349,9.1845,9.13455,9.085500000000001,9.03753,8.99073,8.945442,8.901882,8.860302,8.820954,8.784089999999999,8.749962,8.718804,8.690832,8.666271,8.645274,8.628021,8.61462,8.605152,8.599671,8.598177,8.600643,8.606988,8.617113,8.630856000000001,8.648046,8.668485,8.691930000000001,8.718138000000001,8.746857,8.777817,8.810748,8.84538,8.881434,8.918667000000001,8.956818,8.995653,9.03492,9.074520000000001,9.11412,9.153540000000001,9.19269,9.23139,9.26955,9.30699,9.343530000000001,9.37917,9.41382,9.44739,9.47979,9.51093,9.54081,9.56934,9.596520000000002,9.62226,9.646650000000001,9.66951,9.69084,9.71073,9.729090000000001,9.746010000000002,9.76131,9.77508,9.787230000000001,9.79785,9.806939999999999,9.814499999999999,9.82044,9.82485,9.82764,9.82899,9.82863,9.82683,9.823409999999999,9.81846,9.81198,9.80397,9.79443,9.78336,9.770850000000001,9.75681,9.741330000000001,9.72441,9.70596,9.68616,9.665009999999999,9.642510000000001,9.61875,9.593639999999999,9.56736,9.53991,9.511379999999999,9.48186,9.45135,9.42003,9.38799,9.35532,9.32211,9.288630000000001,9.254880000000002,9.22113,9.18756,9.15435,9.121770000000001,9.09,9.05931,9.02997,9.00225,8.976420000000001,8.952822000000001,8.931726,8.913429,8.898219000000001,8.886366,8.87814,8.873766,8.873478,8.877447,8.885826,8.898723,8.916201000000001,8.938314,8.965026,8.996300999999999,9.03204,9.07209,9.116370000000002,9.1647,9.21681,9.27252,9.33156,9.39366,9.458730000000001,9.52641,9.59643,9.668700000000001,9.74286,9.81873,9.89613,9.97488,10.0548,10.135710000000001,10.21743,10.29987,10.38294,10.466370000000001,10.55025,10.634400000000001,10.71873,10.80324,10.88775,10.97226,11.05668,11.14101,11.22525,11.30931,11.39319,11.4768,11.56023,11.64339,11.72619,11.808810000000001,11.891070000000001,11.97306
15.968699999999998,15.922350000000002,15.87618,15.830280000000002,15.784559999999999,15.73902,15.693660000000001,15.64857,15.60366,15.55902,15.51456,15.470369999999999,15.42636,15.38271,15.339150000000002,15.29595,15.252930000000001,15.210180000000001,15.167700000000002,15.125490000000001,15.08346,15.04179,15.000390000000001,14.959260000000002,14.9184,14.87781,14.83758,14.79762,14.75793,14.7186,14.679630000000001,14.64093,14.602500000000001,14.56452,14.52681,14.48946,14.45247,14.41575,14.379480000000001,14.343570000000001,14.308110000000001,14.272920000000001,14.23818,14.203800000000001,14.169870000000001,14.1363,14.10318,14.07051,14.038200000000002,14.00634,13.97493,13.94397,13.91346,13.88331,13.853700000000002,13.82454,13.79583,13.76766,13.73985,13.71258,13.68576,13.65939,13.633560000000001,13.60818,13.58325,13.55877,13.534830000000001,13.51134,13.48839,13.46589,13.44375,13.42215,13.401000000000002,13.38039,13.36014,13.34034,13.32099,13.302,13.28355,13.265460000000001,13.24773,13.23045,13.21344,13.19697,13.18077,13.16484,13.14936,13.13415,13.1193,13.10463,13.09032,13.07628,13.06251,13.048919999999999,13.0356,13.02246,13.009500000000001,12.99672,12.98412,12.97161,12.959280000000001,12.946950000000001,12.934800000000001,12.92274,12.910680000000001,12.89871,12.88674,12.874770000000002,12.8628,12.85083,12.83886,12.8268,12.81465,12.80241,12.79008,12.777660000000001,12.76506,12.75228,12.73941,12.72636,12.71313,12.69972,12.68604,12.672179999999999,12.658050000000001,12.643650000000001,12.62898,12.61404,12.59883,12.583260000000001,12.56742,12.55122,12.53466,12.51783,12.50055,12.48291,12.46491,12.44646,12.42765,12.40839,12.38868,12.36852,12.348,12.32685,12.30534,12.28329,12.260790000000002,12.23775,12.214170000000001,12.19005,12.16539,12.1401,12.11436,12.087990000000001,12.06099,12.03345,12.00528,11.97639,11.94696,11.9169,11.88612,11.854619999999999,11.82249,11.78964,11.756070000000001,11.72178,11.686770000000001,11.65095,11.61441,11.577060000000001,11.53899,11.50002,11.460239999999999,11.419649999999999,11.37825,11.33595,11.29275,11.24874,11.20383,11.15802,11.111220000000001,11.06361,11.01501,10.96551,10.91502,10.86363,10.811340000000001,10.75806,10.70388,10.648800000000001,10.59282,10.53594,10.478250000000001,10.41966,10.36026,10.300139999999999,10.2393,10.17783,10.11573,10.05318,9.990179999999999,9.92691,9.86346,9.79992,9.736379999999999,9.6732,9.610380000000001,9.54828,9.4869,9.4266,9.367650000000001,9.310319999999999,9.25479,9.20142,9.15048,9.10233,9.05715,9.01539,8.977194,8.94294,8.912844,8.887131,8.865981,8.849547,8.837946,8.831223,8.829396000000001,8.832429000000001,8.840232,8.852679,8.86959,8.890749,8.915922,8.944830000000001,8.977185,9.01269,9.051029999999999,9.091890000000001,9.135,9.17991,9.22653,9.2745,9.32346,9.37332,9.423720000000001,9.474480000000002,9.52551,9.57654,9.62748,9.67806,9.728280000000002,9.77805,9.82719,9.87561,9.92331,9.97029,10.01637,10.06146,10.10574,10.14903,10.19142,10.23273,10.273050000000001,10.31247,10.35081,10.388160000000001,10.424520000000001,10.45989,10.49427,10.52775,10.56024,10.59174,10.62234,10.65204,10.68084,10.70874,10.73583,10.762020000000001,10.787400000000002,10.811969999999999,10.83564,10.858680000000001,10.88082,10.90224,10.92294,10.942919999999999,10.96218,10.980810000000002,10.99863,11.01591,11.03247,11.0484,11.063699999999999,11.078370000000001,11.09241,11.10591,11.118780000000001,11.131110000000001,11.142900000000001,11.15406,11.16468,11.17485,11.18439,11.193480000000001,11.20203,11.210040000000001,11.217600000000001,11.22462,11.231190000000002,11.237219999999999,11.2428,11.24793,11.25261,11.25675,11.26044,11.263770000000001,11.26656,11.2689,11.27079,11.27223,11.27322,11.273760000000001,11.273850000000001,11.27349,11.27268,11.271419999999999,11.26971,11.26764,11.265030000000001,11.26197,11.25855,11.25459,11.25027,11.24541,11.240100000000002,11.23434,11.22813,11.22138,11.21427,11.206620000000001,11.19852,11.18988,11.18079,11.17116,11.16108,11.15046,11.1393,11.127690000000001,11.115450000000001,11.10276,11.08953,11.07567,11.06127,11.04633,11.030759999999999,11.01465,10.997910000000001,10.98054,10.96254,10.94391,10.924650000000002,10.904760000000001,10.88415,10.862910000000001,10.840950000000001,10.81827,10.79478,10.77066,10.74573,10.72008,10.693620000000001,10.66644,10.63836,10.60947,10.57968,10.54917,10.517669999999999,10.48536,10.452060000000001,10.41795,10.382850000000001,10.34685,10.309859999999999,10.27197,10.23309,10.19322,10.15236,10.11051,10.067760000000002,10.02393,9.979199999999999,9.933480000000001,9.88686,9.839340000000002,9.79083,9.74151,9.69138,9.640440000000002,9.58878,9.53658,9.48366,9.43038,9.37665,9.32274,9.268650000000001,9.21456,9.16074,9.10728,9.05427,9.00216,8.951013,8.901117,8.852733,8.806131,8.76159,8.719398,8.679825,8.643168,8.609688,8.579646,8.553285,8.530802999999999,8.51238,8.498169,8.48826,8.482707000000001,8.481519,8.484669,8.492058,8.503569,8.519031,8.538236999999999,8.560953,8.586927,8.615862000000002,8.647479,8.681463,8.717517,8.755344000000001,8.794638,8.835129,8.876520000000001,8.918577,8.961039,9.003689999999999,9.04626,9.08874,9.130680000000002,9.17217,9.21294,9.2529,9.29187,9.32985,9.366750000000001,9.40239,9.436770000000001,9.469800000000001,9.50139,9.53163,9.56034,9.587610000000002,9.61335,9.63747,9.66006,9.68112,9.70047,9.71829,9.734490000000001,9.748980000000001,9.761940000000001,9.77319,9.78282,9.79083,9.79722,9.8019,9.805050000000001,9.80649,9.80631,9.80442,9.801,9.79596,9.789209999999999,9.78093,9.77103,9.75951,9.74637,9.7317,9.7155,9.69768,9.67833,9.657540000000001,9.63522,9.61146,9.586260000000001,9.55971,9.53181,9.502650000000001,9.47223,9.44064,9.40806,9.37449,9.34002,9.30474,9.26892,9.23256,9.19593,9.15921,9.12249,9.08613,9.05022,9.01512,8.981019000000002,8.948304,8.917227,8.888112,8.861291999999999,8.837091,8.815851,8.797878,8.783496,8.773002,8.766675000000001,8.764757999999999,8.767449,8.774928,8.787312000000002,8.804682,8.827074,8.854461,8.886789,8.923932,8.965764,9.012060000000002,9.06273,9.11736,9.17577,9.23778,9.303030000000001,9.37125,9.44217,9.51552,9.591030000000002,9.668429999999999,9.747630000000001,9.82827,9.91017,9.99315,10.07712,10.161810000000001,10.24704,10.33281,10.419030000000001,10.50543,10.59201,10.67859,10.76535,10.851930000000001,10.93851,11.02491,11.11104,11.196990000000001,11.282760000000001,11.36817,11.45331,11.53809,11.6226,11.706750000000001,11.79054,11.87388,11.95695
15.947280000000001,15.90075,15.85431,15.80814,15.76215,15.716339999999999,15.6708,15.62544,15.580259999999999,15.535350000000001,15.49071,15.446250000000001,15.401969999999999,15.358049999999999,15.314309999999999,15.270750000000001,15.22746,15.18453,15.14178,15.099300000000001,15.057,15.01506,14.97339,14.93199,14.890860000000002,14.85009,14.809590000000002,14.769359999999999,14.7294,14.6898,14.650560000000002,14.61159,14.57298,14.53464,14.496750000000002,14.45913,14.42187,14.384970000000001,14.34852,14.31234,14.27661,14.241240000000001,14.206230000000001,14.17167,14.137559999999999,14.10381,14.07051,14.03757,14.00508,13.973130000000001,13.941540000000002,13.9104,13.879710000000001,13.84947,13.81977,13.790429999999999,13.76163,13.73337,13.705470000000002,13.67811,13.651290000000001,13.62492,13.599,13.57362,13.54869,13.5243,13.50036,13.47696,13.45401,13.43151,13.40955,13.38804,13.36698,13.34646,13.32639,13.30677,13.28751,13.268790000000001,13.25052,13.23261,13.215150000000001,13.19805,13.181400000000002,13.16511,13.149180000000001,13.133610000000001,13.118400000000001,13.10355,13.08897,13.07475,13.06071,13.047030000000001,13.03362,13.02039,13.007430000000001,12.99465,12.98214,12.96972,12.95748,12.94542,12.93345,12.921570000000001,12.909780000000001,12.89817,12.886470000000001,12.87495,12.86334,12.85182,12.84021,12.82869,12.817079999999999,12.80538,12.79359,12.7818,12.76983,12.75777,12.74553,12.7332,12.720600000000001,12.70791,12.69504,12.681899999999999,12.66858,12.65499,12.64122,12.627089999999999,12.612689999999999,12.59802,12.583079999999999,12.56778,12.55221,12.53628,12.5199,12.50325,12.48624,12.46878,12.45096,12.432690000000001,12.41397,12.39489,12.37527,12.3552,12.334769999999999,12.31371,12.29229,12.27024,12.24774,12.2247,12.201120000000001,12.177,12.152339999999999,12.12705,12.10122,12.07476,12.04767,12.01995,11.99169,11.96271,11.933010000000001,11.90268,11.87172,11.84004,11.80755,11.77443,11.7405,11.705850000000002,11.67048,11.63421,11.59722,11.55942,11.52081,11.4813,11.44098,11.39976,11.35764,11.31462,11.2707,11.22588,11.18007,11.13336,11.085659999999999,11.03697,10.98729,10.93662,10.884960000000001,10.83231,10.77867,10.72395,10.66824,10.61154,10.55385,10.49526,10.435590000000001,10.37502,10.31364,10.25127,10.188180000000001,10.12428,10.059660000000001,9.99441,9.92871,9.86247,9.79605,9.72936,9.66267,9.59616,9.52992,9.464220000000001,9.39933,9.33543,9.27279,9.211770000000001,9.15255,9.09558,9.04113,8.989542,8.941158000000001,8.896329,8.855379,8.818623,8.786349000000001,8.758809000000001,8.736237000000001,8.718804,8.706627000000001,8.699787,8.698293000000001,8.702100000000002,8.711109,8.725167,8.744076000000002,8.767593000000002,8.795430000000001,8.827272,8.862804,8.901665999999999,8.943507,8.987976,9.034740000000001,9.083430000000002,9.13374,9.1854,9.23805,9.29142,9.345329999999999,9.399600000000001,9.45387,9.508140000000001,9.56205,9.61569,9.668700000000001,9.721169999999999,9.77283,9.82377,9.87381,9.92295,9.97119,10.018350000000002,10.06452,10.109610000000002,10.15362,10.19655,10.238489999999999,10.27926,10.318950000000001,10.35756,10.39518,10.43172,10.46718,10.50165,10.53513,10.56753,10.59903,10.62954,10.65915,10.68777,10.71549,10.7424,10.768320000000001,10.793429999999999,10.817730000000001,10.84122,10.8639,10.88586,10.90701,10.92735,10.94706,10.96596,10.98423,11.00178,11.01861,11.03481,11.05038,11.06532,11.07972,11.0934,11.10654,11.11905,11.13093,11.14236,11.15316,11.16342,11.17314,11.182409999999999,11.19105,11.19924,11.20689,11.214,11.22066,11.22678,11.23245,11.23767,11.24235,11.24658,11.25036,11.253689999999999,11.25648,11.25882,11.260800000000001,11.26224,11.26323,11.263770000000001,11.26386,11.2635,11.26269,11.26143,11.25972,11.25756,11.25495,11.251890000000001,11.248380000000001,11.24442,11.23992,11.23506,11.229659999999999,11.22381,11.21751,11.21076,11.20347,11.195730000000001,11.18754,11.17881,11.169540000000001,11.159820000000002,11.149650000000001,11.13885,11.127600000000001,11.11572,11.10339,11.090520000000001,11.077020000000001,11.06298,11.0484,11.033190000000001,11.01744,11.00106,10.98405,10.9665,10.94823,10.92933,10.90971,10.88946,10.86858,10.84689,10.824570000000001,10.80144,10.77759,10.753020000000001,10.727640000000001,10.70154,10.67454,10.646730000000002,10.61811,10.58859,10.55826,10.52703,10.49481,10.461780000000001,10.42776,10.39275,10.35684,10.31985,10.281870000000001,10.24299,10.202940000000002,10.161990000000001,10.11987,10.07676,10.03266,9.987480000000001,9.94122,9.89388,9.845550000000001,9.796230000000001,9.74583,9.69462,9.64233,9.58923,9.53532,9.480690000000001,9.42534,9.36936,9.31293,9.25614,9.19917,9.14202,9.08505,9.02835,8.972091,8.916588,8.862066,8.808786,8.757026999999999,8.707095,8.659296,8.613954,8.571384,8.531910000000002,8.495847000000001,8.463483,8.435097,8.410932,8.391204,8.376066,8.365644,8.360001,8.359146,8.363043000000001,8.371602000000001,8.384661000000001,8.40204,8.423487,8.448741,8.477504999999999,8.509455,8.544258000000001,8.581572000000001,8.621055,8.662374,8.705196,8.749206,8.794107,8.83962,8.885484,8.931447,8.977293,9.02286,9.06786,9.11223,9.15579,9.19836,9.23994,9.28026,9.319410000000001,9.35721,9.39366,9.42867,9.462150000000001,9.4941,9.52443,9.553139999999999,9.58032,9.60579,9.62964,9.65178,9.67221,9.69093,9.70794,9.723329999999999,9.73692,9.748890000000001,9.759060000000002,9.767520000000001,9.774270000000001,9.77931,9.78264,9.78426,9.78417,9.78237,9.77886,9.77364,9.766710000000002,9.75807,9.74781,9.735750000000001,9.72207,9.70677,9.689760000000001,9.67104,9.6507,9.62883,9.60525,9.58023,9.55359,9.52542,9.49581,9.464760000000002,9.43245,9.39879,9.36387,9.32787,9.29088,9.2529,9.21429,9.17496,9.13518,9.095130000000001,9.05508,9.01521,8.975736,8.936982,8.899236,8.862804,8.828037,8.795277,8.764884,8.737236000000001,8.712702,8.69166,8.674452,8.661438,8.652915,8.649170999999999,8.65044,8.656920000000001,8.668746,8.686008000000001,8.708733,8.736903,8.770419,8.809173,8.852976,8.901603,8.95482,9.01233,9.07389,9.139140000000001,9.20772,9.279449999999999,9.35388,9.43083,9.51003,9.591030000000002,9.67374,9.75789,9.84321,9.92952,10.01664,10.10448,10.192770000000001,10.28142,10.37043,10.45944,10.548630000000001,10.63773,10.72674,10.815570000000001,10.90422,10.992600000000001,11.08071,11.16846,11.25585,11.342970000000001,11.429640000000001,11.515860000000002,11.60172,11.68713,11.77218,11.85678,11.94093
15.925500000000001,15.8787,15.832080000000001,15.78564,15.739379999999999,15.6933,15.64749,15.60186,15.5565,15.51132,15.46641,15.421680000000002,15.37713,15.33294,15.28893,15.2451,15.20163,15.15834,15.115319999999999,15.072569999999999,15.03009,14.987879999999999,14.94585,14.904270000000002,14.86287,14.821739999999998,14.780970000000002,14.74047,14.700330000000001,14.66046,14.62086,14.58162,14.54274,14.50422,14.46597,14.428170000000001,14.39064,14.35356,14.31675,14.28039,14.24439,14.20884,14.17356,14.138819999999999,14.10444,14.07051,14.036940000000001,14.00382,13.97124,13.939020000000001,13.907250000000001,13.87593,13.84515,13.814820000000001,13.784939999999999,13.75551,13.72662,13.69818,13.67028,13.64283,13.615920000000001,13.589459999999999,13.563540000000001,13.538160000000001,13.51323,13.488840000000001,13.4649,13.441500000000001,13.41864,13.396230000000001,13.374360000000001,13.35294,13.33206,13.31163,13.29165,13.272210000000001,13.25322,13.234679999999999,13.21659,13.19895,13.18167,13.16484,13.148460000000002,13.13244,13.116869999999999,13.10157,13.086720000000001,13.07214,13.057920000000001,13.04397,13.03038,13.01706,13.00392,12.99114,12.97854,12.96621,12.95406,12.942,12.930209999999999,12.91851,12.90699,12.89556,12.88422,12.87297,12.861720000000002,12.85056,12.83949,12.828330000000001,12.81717,12.80601,12.79476,12.783510000000001,12.772170000000001,12.76074,12.74913,12.73752,12.72564,12.71367,12.70152,12.68919,12.676590000000001,12.6639,12.65085,12.63762,12.62412,12.61035,12.596219999999999,12.58191,12.56724,12.55221,12.53682,12.52116,12.50505,12.48858,12.47175,12.45447,12.43683,12.418740000000001,12.4002,12.3813,12.36186,12.341880000000002,12.32154,12.30066,12.27924,12.25728,12.23478,12.21183,12.18825,12.16413,12.139380000000001,12.114090000000001,12.08817,12.06162,12.03453,12.00672,11.978190000000001,11.94912,11.91924,11.88873,11.857500000000002,11.82555,11.79288,11.759400000000001,11.725200000000001,11.690190000000001,11.65437,11.61774,11.580300000000001,11.542050000000001,11.5029,11.46285,11.4219,11.38005,11.337299999999999,11.293560000000001,11.24892,11.20329,11.15658,11.10897,11.060279999999999,11.0106,10.95984,10.908,10.85517,10.80117,10.74618,10.69002,10.63278,10.57446,10.51506,10.45458,10.39311,10.330470000000002,10.26693,10.20231,10.13688,10.070459999999999,10.00323,9.935279999999999,9.86661,9.7974,9.72774,9.65781,9.5877,9.51759,9.447750000000001,9.378269999999999,9.30951,9.24174,9.175139999999999,9.11007,9.04689,8.985996,8.927676,8.872335,8.820369,8.772165000000001,8.728100999999999,8.688537,8.653815,8.624232000000001,8.600049,8.581472999999999,8.568639,8.561655,8.560521,8.565192000000001,8.575551,8.591427,8.612577,8.638722,8.669528999999999,8.704638000000001,8.74368,8.786249999999999,8.831952000000001,8.880381,8.93115,8.98389,9.038250000000001,9.09387,9.15048,9.20772,9.265410000000001,9.32328,9.381060000000002,9.438659999999999,9.4959,9.55251,9.60858,9.66384,9.7182,9.77166,9.82413,9.87561,9.925920000000001,9.975150000000001,10.0233,10.07019,10.115910000000001,10.16055,10.20393,10.24623,10.287270000000001,10.32723,10.366019999999999,10.40373,10.440270000000002,10.475819999999999,10.510200000000001,10.54359,10.575899999999999,10.60722,10.63755,10.66698,10.69533,10.72287,10.74942,10.775160000000001,10.8,10.82403,10.84716,10.86948,10.89108,10.91187,10.931939999999999,10.9512,10.969830000000002,10.98765,11.004840000000002,11.0214,11.03724,11.05245,11.06694,11.08089,11.09421,11.106990000000001,11.11914,11.13066,11.14164,11.15208,11.161980000000002,11.17125,11.18007,11.18835,11.19609,11.203380000000001,11.210130000000001,11.21634,11.2221,11.22732,11.232090000000001,11.23641,11.24019,11.24352,11.246400000000001,11.24883,11.25072,11.25225,11.25324,11.25378,11.253870000000001,11.25351,11.2527,11.25144,11.249730000000001,11.24748,11.24487,11.241810000000001,11.23821,11.234160000000001,11.229659999999999,11.22471,11.21931,11.213370000000001,11.20698,11.20014,11.192760000000002,11.18493,11.17656,11.16774,11.15838,11.14857,11.13822,11.12724,11.11581,11.10384,11.091330000000001,11.078280000000001,11.0646,11.05038,11.03562,11.02023,11.00421,10.98765,10.970369999999999,10.95246,10.93392,10.91475,10.89486,10.87434,10.85301,10.83105,10.80828,10.784880000000001,10.760580000000001,10.73556,10.70973,10.683090000000002,10.655640000000002,10.62729,10.598130000000001,10.56807,10.53702,10.50516,10.47222,10.43847,10.40364,10.36782,10.33101,10.29312,10.25424,10.21419,10.17315,10.13094,10.087650000000002,10.043280000000001,9.99774,9.951120000000001,9.90333,9.85437,9.80433,9.753210000000001,9.70092,9.64764,9.59328,9.53793,9.48159,9.42444,9.36648,9.3078,9.24849,9.18873,9.12852,9.06822,9.00792,8.94771,8.88795,8.828847,8.770662,8.713692,8.658243,8.604657,8.553267,8.504442,8.458542,8.415936,8.376984,8.34201,8.311356,8.285292,8.26407,8.247879000000001,8.236863,8.231103000000001,8.230617,8.23536,8.245215,8.260002,8.279514,8.303472,8.331552,8.363421,8.39871,8.437032,8.478009,8.521253999999999,8.566389000000001,8.613045,8.660889000000001,8.709579,8.758818,8.808327,8.857836,8.90712,8.955963,9.00414,9.05157,9.0981,9.14346,9.187650000000001,9.23049,9.272070000000001,9.31212,9.35064,9.38763,9.423,9.456660000000001,9.4887,9.51903,9.54756,9.57438,9.599490000000001,9.622710000000001,9.64422,9.66393,9.681840000000001,9.69804,9.712349999999999,9.724860000000001,9.73566,9.74457,9.75177,9.75708,9.76068,9.762480000000002,9.762480000000002,9.76068,9.75708,9.75168,9.74448,9.73557,9.724770000000001,9.71226,9.697949999999999,9.68193,9.66411,9.644490000000001,9.62316,9.60012,9.575370000000001,9.548820000000001,9.52074,9.490950000000002,9.45954,9.4266,9.392130000000002,9.35622,9.31896,9.28044,9.24075,9.19989,9.15822,9.11574,9.07263,9.029069999999999,8.985384,8.941725,8.898390000000001,8.855675999999999,8.813898,8.773407,8.734563,8.697771,8.663427,8.631945,8.603766,8.579286,8.558928,8.543079,8.532099,8.526312,8.525988,8.531352,8.542566,8.55972,8.58285,8.61192,8.646822,8.687394,8.733429000000001,8.784666,8.840817000000001,8.901549000000001,8.966529,9.03537,9.10782,9.18333,9.26172,9.34263,9.4257,9.51066,9.597150000000001,9.685080000000001,9.77409,9.863909999999999,9.954540000000001,10.04562,10.13715,10.22886,10.32075,10.41264,10.50444,10.596060000000001,10.6875,10.77867,10.86948,10.95993,11.05002,11.13966,11.22885,11.317590000000001,11.40579,11.49354,11.58084,11.6676,11.753910000000001,11.839680000000001,11.92491
15.903360000000001,15.85629,15.8094,15.76269,15.716159999999999,15.669900000000002,15.62382,15.577920000000002,15.53229,15.486839999999999,15.441659999999999,15.396659999999999,15.351840000000001,15.307379999999998,15.2631,15.219000000000001,15.17526,15.131699999999999,15.088410000000001,15.0453,15.00255,14.96007,14.91786,14.87592,14.834250000000003,14.79285,14.751809999999999,14.71104,14.670539999999999,14.6304,14.590620000000001,14.55111,14.511960000000002,14.47308,14.43465,14.39649,14.358780000000001,14.32134,14.28435,14.247720000000001,14.21145,14.17563,14.14017,14.10516,14.0706,14.0364,14.002650000000001,13.96935,13.9365,13.9041,13.872150000000001,13.84065,13.80969,13.77918,13.74921,13.71969,13.690620000000001,13.66209,13.6341,13.60656,13.57956,13.553099999999999,13.52709,13.50171,13.47678,13.452390000000001,13.42854,13.405140000000001,13.38228,13.359960000000001,13.33818,13.31694,13.29615,13.27581,13.25601,13.23675,13.21794,13.199580000000001,13.18167,13.1643,13.14729,13.130730000000002,13.11462,13.09887,13.08357,13.06863,13.05405,13.03983,13.025970000000001,13.01238,12.99915,12.98619,12.9735,12.961079999999999,12.94893,12.93696,12.92526,12.91365,12.90231,12.89106,12.879900000000001,12.868920000000001,12.85803,12.84723,12.83643,12.82572,12.81501,12.804300000000001,12.79359,12.78288,12.77208,12.76128,12.7503,12.73932,12.72816,12.71691,12.705480000000001,12.69387,12.682080000000001,12.67011,12.65796,12.64554,12.632850000000001,12.61998,12.60684,12.59334,12.57957,12.56553,12.55113,12.53637,12.52134,12.50586,12.490020000000001,12.47382,12.45726,12.44016,12.4227,12.40479,12.38643,12.36762,12.34836,12.32856,12.30831,12.287519999999999,12.26619,12.24432,12.221910000000001,12.19896,12.17538,12.15126,12.1266,12.10122,12.0753,12.04866,12.02139,11.993490000000001,11.96496,11.93562,11.905650000000001,11.87496,11.84355,11.81133,11.77839,11.74464,11.710080000000001,11.67471,11.638620000000001,11.60154,11.563649999999999,11.52495,11.48526,11.44467,11.403179999999999,11.3607,11.31732,11.27286,11.22741,11.18097,11.13354,11.08494,11.03535,10.98459,10.93275,10.87983,10.825740000000001,10.770480000000001,10.71405,10.656450000000001,10.59768,10.537740000000001,10.47654,10.41426,10.35072,10.286100000000001,10.22031,10.15344,10.08549,10.01655,9.946530000000001,9.8757,9.80406,9.7317,9.6588,9.58536,9.511650000000001,9.43785,9.36405,9.290610000000001,9.21771,9.14562,9.07479,9.0054,8.937854999999999,8.872596,8.81001,8.75052,8.694567,8.642601,8.595054000000001,8.55234,8.514864000000001,8.482959,8.456949000000002,8.437068,8.423496,8.416332,8.415602999999999,8.421246,8.433126,8.451036,8.474697,8.503785,8.537913000000001,8.576666999999999,8.619615,8.666289,8.716239000000002,8.769024,8.824203,8.881352999999999,8.940078,9.0,9.06084,9.12222,9.18387,9.245610000000001,9.307170000000001,9.36828,9.428939999999999,9.488790000000002,9.547920000000001,9.606150000000001,9.6633,9.719370000000001,9.77436,9.82818,9.880740000000001,9.93204,9.98217,10.03095,10.07847,10.124730000000001,10.16964,10.21338,10.25586,10.297080000000001,10.33713,10.37601,10.413630000000001,10.45017,10.48554,10.51983,10.553040000000001,10.58517,10.61622,10.646370000000001,10.67544,10.70361,10.73079,10.757069999999999,10.782449999999999,10.80693,10.83051,10.85337,10.87533,10.89657,10.917000000000002,10.93662,10.95552,10.9737,10.99125,11.00799,11.0241,11.039579999999999,11.05434,11.06847,11.08206,11.09493,11.10726,11.11905,11.13012,11.140740000000001,11.15073,11.16018,11.16918,11.17755,11.18538,11.192760000000002,11.1996,11.205900000000002,11.21166,11.21706,11.22183,11.22615,11.23002,11.23344,11.236320000000001,11.238750000000001,11.24073,11.242170000000002,11.24325,11.24379,11.24388,11.24352,11.242709999999999,11.24145,11.239650000000001,11.237490000000001,11.23479,11.23164,11.22804,11.2239,11.2194,11.214360000000001,11.208870000000001,11.20293,11.19645,11.18952,11.18205,11.17413,11.16567,11.15676,11.14722,11.13732,11.12679,11.11572,11.104199999999999,11.09205,11.07936,11.066130000000001,11.05227,11.03787,11.02293,11.00727,10.99107,10.97424,10.95678,10.938600000000001,10.91979,10.90035,10.88019,10.859309999999999,10.83771,10.815389999999999,10.79226,10.768410000000001,10.74375,10.71828,10.69209,10.66491,10.63692,10.60812,10.578330000000001,10.54764,10.51605,10.48347,10.449900000000001,10.41534,10.37979,10.343160000000001,10.30545,10.266660000000002,10.22679,10.18575,10.14363,10.10025,10.05579,10.010069999999999,9.96318,9.91503,9.86571,9.81513,9.763290000000001,9.71028,9.6561,9.600660000000001,9.54414,9.48645,9.427679999999999,9.36801,9.307260000000001,9.2457,9.18342,9.120510000000001,9.05706,8.993268,8.929359,8.865504,8.801946000000001,8.738946,8.676801000000001,8.615817000000002,8.556336,8.498736000000001,8.443386,8.390709000000001,8.341109999999999,8.295003000000001,8.252793,8.214894000000001,8.181666,8.153451,8.130528,8.11314,8.10144,8.095545000000001,8.095455,8.101134,8.112438000000001,8.129178,8.151084,8.177840999999999,8.20908,8.244414,8.283402,8.32563,8.370648000000001,8.418024,8.467335,8.518176,8.570169000000002,8.622963,8.676207000000002,8.729621999999999,8.78292,8.835858,8.888211,8.93979,8.990415,9.03996,9.0882,9.13518,9.180719999999999,9.224639999999999,9.26703,9.3078,9.346860000000001,9.384120000000001,9.419580000000002,9.453330000000001,9.48519,9.51525,9.54342,9.5697,9.59418,9.61668,9.63738,9.65619,9.67311,9.688229999999999,9.701369999999999,9.71271,9.72207,9.72963,9.7353,9.739170000000001,9.74106,9.74115,9.73935,9.73566,9.73008,9.72261,9.71334,9.70218,9.68913,9.674190000000001,9.65736,9.63873,9.61812,9.5958,9.5715,9.5454,9.5175,9.4878,9.4563,9.42309,9.38808,9.35145,9.3132,9.27351,9.23229,9.189720000000001,9.145890000000001,9.10089,9.05499,9.00837,8.961075,8.913456,8.865738,8.818200000000001,8.771175,8.724996,8.680050000000001,8.636733000000001,8.595486,8.556768,8.521038,8.488773,8.460459,8.436573000000001,8.417547,8.403804000000001,8.395722000000001,8.393616,8.397738,8.408277,8.425341,8.448948,8.479053,8.515539,8.558199,8.606781000000002,8.660979000000001,8.720433,8.784783000000001,8.853606,8.926506000000002,9.00306,9.08289,9.1656,9.25083,9.33813,9.42732,9.51795,9.60993,9.702810000000001,9.7965,9.89073,9.985410000000002,10.08027,10.17522,10.27017,10.36494,10.45953,10.55385,10.64781,10.74141,10.83447,10.92708,11.01915,11.11068,11.201670000000002,11.292119999999999,11.38203,11.47131,11.55996,11.648159999999999,11.73564,11.82267,11.90907
15.880859999999998,15.83352,15.786360000000002,15.739379999999999,15.69267,15.646049999999999,15.599699999999999,15.55362,15.507629999999999,15.46191,15.41646,15.37119,15.32619,15.281369999999999,15.23682,15.192450000000001,15.148349999999999,15.104520000000003,15.060960000000001,15.017669999999999,14.97456,14.931810000000002,14.889240000000001,14.84703,14.80509,14.76342,14.72202,14.680980000000002,14.64021,14.599800000000002,14.55966,14.519879999999999,14.48046,14.44131,14.402610000000001,14.364180000000001,14.3262,14.28849,14.25123,14.21433,14.17779,14.1417,14.10597,14.070780000000001,14.03586,14.00148,13.967550000000001,13.93398,13.90095,13.86837,13.83624,13.80456,13.773420000000002,13.74273,13.71258,13.68288,13.65372,13.6251,13.59693,13.56939,13.542300000000001,13.51575,13.48974,13.46427,13.439340000000001,13.414950000000001,13.3911,13.36779,13.34502,13.322790000000001,13.30101,13.27986,13.25916,13.239090000000001,13.21947,13.2003,13.18167,13.16349,13.145850000000001,13.12866,13.11192,13.09572,13.079880000000001,13.064400000000001,13.04946,13.034790000000001,13.02057,13.00671,12.99321,12.98007,12.9672,12.954600000000001,12.94236,12.9303,12.9186,12.90708,12.89574,12.88458,12.87369,12.86289,12.85218,12.84165,12.83121,12.82086,12.8106,12.80034,12.79008,12.77982,12.76956,12.7593,12.74895,12.73851,12.72807,12.71745,12.706740000000002,12.69585,12.68487,12.67371,12.66228,12.65076,12.63897,12.62691,12.61467,12.60207,12.58929,12.57615,12.562740000000002,12.54897,12.53493,12.52044,12.505680000000002,12.49047,12.474900000000002,12.458969999999999,12.442590000000001,12.42576,12.408570000000001,12.39084,12.372660000000002,12.35403,12.334859999999999,12.315240000000001,12.295079999999999,12.274379999999999,12.25323,12.23145,12.20904,12.18618,12.16269,12.13857,12.11382,12.08844,12.06252,12.03579,12.00852,11.98053,11.95182,11.92239,11.89224,11.861369999999999,11.82969,11.79729,11.76408,11.73006,11.69523,11.65959,11.623050000000001,11.585609999999999,11.54736,11.50812,11.46798,11.42685,11.384820000000001,11.34171,11.297609999999999,11.25252,11.20635,11.159099999999999,11.11077,11.06136,11.01078,10.95903,10.90611,10.852020000000001,10.79667,10.74015,10.68228,10.62324,10.56285,10.501290000000001,10.43838,10.37421,10.30869,10.241909999999999,10.17396,10.104659999999999,10.03419,9.96255,9.88983,9.816030000000001,9.741240000000001,9.66564,9.58923,9.51219,9.434610000000001,9.35685,9.278910000000002,9.20115,9.123840000000001,9.04725,8.971713,8.897606999999999,8.825319,8.755308000000001,8.688015,8.623926,8.563545000000001,8.507376,8.455914,8.409654000000002,8.369055,8.334522,8.306433,8.285067,8.270631000000002,8.26326,8.262972,8.269713000000001,8.283303,8.303517,8.330013000000001,8.362413,8.400267,8.443098,8.490384,8.541621000000001,8.596269000000001,8.653842000000001,8.713836,8.775792000000001,8.839278,8.903880000000001,8.969256,9.03501,9.10098,9.16677,9.23229,9.297179999999999,9.36135,9.42462,9.48699,9.54819,9.608310000000001,9.66708,9.72459,9.78084,9.83565,9.88911,9.94122,9.99189,10.041210000000001,10.08909,10.135710000000001,10.18089,10.22472,10.26729,10.308510000000002,10.34856,10.38726,10.42479,10.46115,10.49634,10.53036,10.5633,10.59516,10.62594,10.65573,10.68453,10.712250000000001,10.73907,10.764990000000001,10.790009999999999,10.81413,10.837349999999999,10.85976,10.88136,10.90215,10.922130000000001,10.94139,10.95984,10.97766,10.994760000000001,11.011050000000001,11.026800000000001,11.041830000000001,11.05614,11.06991,11.08305,11.09547,11.10744,11.11869,11.1294,11.13957,11.1492,11.1582,11.16675,11.17467,11.18214,11.18907,11.195459999999999,11.20131,11.206710000000001,11.21157,11.21598,11.219850000000001,11.22327,11.226239999999999,11.228670000000001,11.23065,11.23218,11.233260000000001,11.2338,11.23389,11.23353,11.23272,11.23137,11.22957,11.22741,11.22462,11.22147,11.21787,11.21373,11.20914,11.20401,11.19843,11.192400000000001,11.185920000000001,11.17881,11.171339999999999,11.16333,11.15478,11.14569,11.13615,11.12607,11.115450000000001,11.10429,11.0925,11.08026,11.06748,11.05407,11.04003,11.025450000000001,11.01024,10.99449,10.97802,10.96101,10.94328,10.92483,10.90584,10.88604,10.86561,10.84446,10.8225,10.79982,10.776420000000002,10.75221,10.7271,10.701270000000001,10.67454,10.647,10.61856,10.58913,10.558890000000002,10.52757,10.49535,10.46214,10.427940000000001,10.39266,10.3563,10.31886,10.280339999999999,10.24056,10.1997,10.157670000000001,10.11447,10.069920000000002,10.0242,9.97722,9.92889,9.8793,9.828360000000002,9.776069999999999,9.72252,9.66762,9.61146,9.55395,9.495090000000001,9.43506,9.37377,9.31131,9.24786,9.18333,9.11781,9.05157,8.984673,8.917272,8.849565,8.781777,8.714142,8.646948,8.58051,8.515161,8.451270000000001,8.38926,8.329545000000001,8.272584,8.218854,8.168832,8.122977,8.081766,8.045622,8.014959,7.990092,7.971318,7.958835,7.95276,7.95312,7.959843,7.972794,7.991721,8.016327,8.046234,8.081019000000001,8.120214,8.163342,8.20989,8.259372,8.311293,8.365176,8.42058,8.477082,8.534295,8.591859,8.649459,8.706798000000001,8.763615,8.819685,8.874801,8.92881,8.981532000000001,9.03285,9.08271,9.13086,9.17739,9.22221,9.26514,9.30627,9.34551,9.38286,9.418320000000001,9.4518,9.483300000000002,9.512820000000001,9.54045,9.56601,9.589680000000001,9.611369999999999,9.63108,9.648810000000001,9.66456,9.678420000000001,9.69021,9.70011,9.70803,9.71406,9.718020000000001,9.72009,9.720270000000001,9.71847,9.7146,9.708929999999999,9.70119,9.69156,9.67986,9.666269999999999,9.6507,9.63315,9.613620000000001,9.59211,9.568620000000001,9.54315,9.5157,9.486270000000001,9.45495,9.421650000000001,9.38646,9.34947,9.310590000000001,9.26991,9.22752,9.183510000000002,9.137880000000001,9.09081,9.042480000000001,8.992998,8.942508,8.891235,8.839413,8.787312000000002,8.735237999999999,8.683533,8.632548,8.582724,8.534493000000001,8.488332000000002,8.444754000000001,8.404281,8.36748,8.334873,8.307009,8.284410000000001,8.267562,8.256897,8.252784,8.25552,8.265312000000002,8.282295000000001,8.306478,8.337807,8.37612,8.421173999999999,8.472663,8.530209,8.593416,8.661816,8.734959,8.812359,8.893557,8.978094,9.065520000000001,9.15543,9.24741,9.34119,9.43632,9.53262,9.62973,9.72747,9.825569999999999,9.92394,10.02231,10.12068,10.21887,10.316699999999999,10.41426,10.51128,10.607850000000001,10.70388,10.79928,10.89405,10.98828,11.08179,11.17458,11.26683,11.358270000000001,11.44917,11.53935,11.62881,11.717640000000001,11.80584,11.893410000000001
15.858,15.81039,15.76296,15.71571,15.668730000000002,15.621840000000002,15.575220000000002,15.528780000000001,15.48261,15.436620000000001,15.39081,15.345270000000001,15.3,15.25491,15.209999999999999,15.165360000000002,15.120990000000003,15.076889999999999,15.033059999999999,14.989410000000001,14.94603,14.903010000000002,14.860169999999998,14.817599999999999,14.775390000000002,14.73345,14.691780000000001,14.650379999999998,14.609340000000001,14.568570000000001,14.52816,14.488109999999999,14.44833,14.408909999999999,14.36985,14.331240000000001,14.292900000000001,14.25492,14.21739,14.18013,14.143410000000001,14.107050000000001,14.07105,14.0355,14.000399999999999,13.96575,13.93155,13.8978,13.8645,13.831740000000002,13.799339999999999,13.767570000000001,13.73616,13.70538,13.67505,13.64517,13.615920000000001,13.58712,13.558860000000001,13.53123,13.504050000000001,13.47741,13.4514,13.425930000000001,13.400910000000001,13.376520000000001,13.35267,13.32945,13.30668,13.28454,13.26294,13.241790000000002,13.22127,13.20129,13.18176,13.16286,13.14441,13.126500000000002,13.10904,13.09212,13.07565,13.05963,13.04415,13.029029999999999,13.01436,13.00005,12.98619,12.97269,12.95955,12.94677,12.93435,12.9222,12.91032,12.898800000000001,12.88746,12.87639,12.8655,12.854880000000001,12.84435,12.834,12.82383,12.81375,12.80385,12.79395,12.784139999999999,12.77433,12.764520000000001,12.754800000000001,12.74499,12.73518,12.72537,12.71538,12.705390000000001,12.69522,12.68496,12.674520000000001,12.66399,12.65319,12.64221,12.63105,12.619710000000001,12.6081,12.59613,12.58398,12.571560000000002,12.55878,12.54573,12.53232,12.51855,12.504420000000001,12.489930000000001,12.47499,12.45969,12.444030000000001,12.42792,12.41136,12.394260000000001,12.376800000000001,12.3588,12.340349999999999,12.32136,12.301919999999999,12.28194,12.26133,12.24027,12.218580000000001,12.196259999999999,12.17349,12.15,12.12588,12.10122,12.075840000000001,12.04983,12.0231,11.99574,11.96766,11.93886,11.90934,11.879010000000001,11.84796,11.816189999999999,11.783520000000001,11.75004,11.71584,11.68065,11.64465,11.607840000000001,11.57004,11.53134,11.49165,11.45097,11.40939,11.36673,11.323080000000001,11.27844,11.23263,11.18574,11.13768,11.08854,11.03823,10.98666,10.93392,10.87992,10.82466,10.76814,10.71027,10.65105,10.590480000000001,10.52856,10.46529,10.400580000000001,10.33452,10.26702,10.198170000000001,10.12788,10.05615,9.98316,9.90882,9.83313,9.756269999999999,9.67833,9.59922,9.519210000000001,9.4383,9.35676,9.27477,9.19251,9.11016,9.028080000000001,8.946612,8.866044,8.786799,8.709318000000001,8.634087,8.561601000000001,8.492409,8.427087,8.366202000000001,8.310348,8.260074000000001,8.215938,8.178417,8.147943,8.124876,8.10945,8.101827,8.102043,8.110008,8.125551,8.148366,8.178075,8.214219,8.256267,8.303652,8.355798,8.412093,8.471952,8.534790000000001,8.600067000000001,8.66727,8.735904,8.805546,8.875809,8.946324,9.01683,9.08694,9.15651,9.22536,9.293310000000002,9.36018,9.425790000000001,9.49023,9.55323,9.61488,9.675,9.733680000000001,9.79083,9.84645,9.90063,9.953190000000001,10.00431,10.0539,10.10205,10.148760000000001,10.19394,10.237860000000001,10.280339999999999,10.32147,10.36125,10.39986,10.43712,10.473210000000002,10.50804,10.54179,10.57437,10.60587,10.636289999999999,10.66572,10.694070000000002,10.72143,10.7478,10.77327,10.79784,10.82151,10.844370000000001,10.866330000000001,10.887480000000002,10.90782,10.92735,10.94616,10.96425,10.981530000000001,10.99818,11.01411,11.02932,11.0439,11.05785,11.07117,11.083770000000001,11.09583,11.10735,11.11815,11.1285,11.13822,11.14731,11.15595,11.163960000000001,11.171520000000001,11.17854,11.18502,11.19096,11.19636,11.20131,11.205810000000001,11.209769999999999,11.213189999999999,11.21616,11.218679999999999,11.22066,11.22219,11.223180000000001,11.22381,11.2239,11.22354,11.22264,11.22138,11.21958,11.21724,11.21454,11.211300000000001,11.20761,11.20347,11.198789999999999,11.193660000000001,11.188080000000001,11.18196,11.1753,11.168280000000001,11.160630000000001,11.15253,11.143889999999999,11.13471,11.12508,11.11482,11.10411,11.09286,11.08098,11.068560000000002,11.0556,11.042010000000001,11.02788,11.01312,10.99773,10.98171,10.965060000000001,10.94778,10.92987,10.91124,10.89198,10.87191,10.85121,10.829699999999999,10.80747,10.784519999999999,10.760760000000001,10.7361,10.71072,10.68444,10.657350000000001,10.62927,10.60038,10.5705,10.539629999999999,10.50786,10.47501,10.44117,10.40625,10.37025,10.333169999999999,10.294920000000001,10.2555,10.21491,10.17306,10.13004,10.08567,10.04004,9.993060000000002,9.94473,9.895050000000001,9.84393,9.79146,9.73755,9.68211,9.62532,9.56709,9.507420000000002,9.44631,9.383759999999999,9.31995,9.2547,9.188279999999999,9.120600000000001,9.05184,8.982162,8.911602,8.840358,8.768628,8.696636999999999,8.624646,8.552933999999999,8.481843,8.411742,8.343036,8.276175,8.211627,8.149923,8.091585,8.037153,7.987194000000001,7.94223,7.902774000000001,7.869303,7.8422220000000005,7.821855000000001,7.808454,7.802163,7.803008999999999,7.810920000000001,7.825725,7.847136,7.874793,7.908264000000001,7.947027000000001,7.990559999999999,8.038296,8.08965,8.144073,8.200998,8.259894,8.320275,8.381673000000001,8.443665000000001,8.505873,8.567946000000001,8.629578,8.690508,8.750502000000001,8.809362,8.86689,8.922969,8.977446,9.030240000000001,9.08127,9.13041,9.17766,9.22293,9.26622,9.30744,9.34668,9.38385,9.41895,9.45189,9.482850000000001,9.51174,9.53856,9.56322,9.5859,9.60651,9.62505,9.64152,9.65592,9.66834,9.67869,9.686969999999999,9.69327,9.6975,9.69975,9.69993,9.69804,9.69417,9.688229999999999,9.68022,9.67023,9.65808,9.64386,9.62766,9.6093,9.58887,9.566370000000001,9.5418,9.51507,9.486270000000001,9.45531,9.42228,9.387179999999999,9.35001,9.31077,9.26955,9.22635,9.18117,9.13428,9.085500000000001,9.0351,8.983152,8.929818000000001,8.875269,8.819721,8.763399,8.706591,8.649603,8.592813000000001,8.536608000000001,8.481429,8.427789,8.376201,8.327241,8.281503,8.239608,8.202186000000001,8.169858,8.143227000000001,8.122869000000001,8.109279,8.102898000000001,8.104077,8.113059,8.129979,8.154864,8.187615000000001,8.228043,8.275851,8.330661000000001,8.392041,8.459477999999999,8.532459000000001,8.610444,8.692866,8.779203,8.868933,8.961561000000001,9.056610000000001,9.15372,9.252360000000001,9.352350000000001,9.453240000000001,9.55485,9.656910000000002,9.75915,9.86139,9.96354,10.06542,10.16703,10.26801,10.36854,10.468440000000001,10.56771,10.66626,10.764090000000001,10.86111,10.95741,11.052900000000001,11.14767,11.24163,11.33478,11.42721,11.518830000000001,11.609729999999999,11.699910000000001,11.78937,11.878020000000001
15.83478,15.786900000000001,15.7392,15.691679999999998,15.64434,15.597270000000002,15.550379999999999,15.50367,15.457140000000003,15.41088,15.364799999999999,15.318990000000001,15.273360000000002,15.228000000000002,15.182820000000001,15.137910000000002,15.09318,15.048810000000001,15.004620000000001,14.960700000000001,14.917050000000001,14.87358,14.830470000000002,14.787630000000002,14.745060000000002,14.702850000000002,14.66082,14.619150000000001,14.577840000000002,14.536800000000001,14.496030000000001,14.455620000000001,14.415569999999999,14.37588,14.33655,14.297490000000002,14.25888,14.220630000000002,14.182739999999999,14.1453,14.108220000000001,14.07159,14.03532,13.9995,13.96413,13.929210000000001,13.89483,13.86081,13.82724,13.79421,13.76163,13.72959,13.69809,13.667040000000002,13.63653,13.60656,13.57713,13.54824,13.51989,13.49208,13.46481,13.438170000000001,13.41207,13.386510000000001,13.36149,13.337100000000001,13.31325,13.29003,13.26735,13.24521,13.2237,13.20273,13.1823,13.1625,13.14315,13.12443,13.106160000000001,13.08843,13.07124,13.054590000000001,13.03839,13.02264,13.007430000000001,12.99267,12.97836,12.964409999999999,12.95091,12.93777,12.925080000000001,12.91266,12.9006,12.8889,12.87756,12.8664,12.855509999999999,12.84489,12.83454,12.82437,12.814380000000002,12.80448,12.79485,12.78522,12.77577,12.76641,12.75705,12.747779999999999,12.73851,12.729239999999999,12.71997,12.710609999999999,12.701250000000002,12.6918,12.682260000000001,12.672540000000001,12.66273,12.65283,12.64266,12.6324,12.621870000000001,12.61116,12.60018,12.588930000000001,12.57741,12.565620000000001,12.55356,12.54123,12.528450000000001,12.515400000000001,12.50199,12.48822,12.474,12.45942,12.44439,12.429,12.413160000000001,12.396780000000001,12.38004,12.36276,12.34494,12.326670000000002,12.30795,12.2886,12.26871,12.24837,12.227310000000001,12.2058,12.18357,12.1608,12.137400000000001,12.113370000000002,12.08871,12.06333,12.037320000000001,12.01059,11.98314,11.954970000000001,11.92608,11.896469999999999,11.86605,11.83482,11.80287,11.77002,11.73636,11.7018,11.66643,11.63007,11.5929,11.55474,11.51568,11.47554,11.43441,11.392380000000001,11.34918,11.3049,11.25963,11.2131,11.16549,11.116710000000001,11.06676,11.01555,10.963080000000001,10.90935,10.85427,10.79784,10.740060000000001,10.68093,10.62036,10.55835,10.4949,10.429920000000001,10.363410000000002,10.29546,10.22589,10.15479,10.08225,10.008090000000001,9.93249,9.85527,9.7767,9.69669,9.61533,9.532710000000002,9.44892,9.36405,9.27828,9.191880000000001,9.104940000000001,9.01773,8.930619,8.843859,8.757864,8.673039000000001,8.589888,8.508915,8.430696000000001,8.355852,8.285004,8.218836,8.158014000000001,8.103195000000001,8.055027,8.014077,7.980876,7.955838,7.939269,7.93134,7.932113999999999,7.941492000000001,7.959258,7.985043,8.018397,8.058771,8.105552999999999,8.158068,8.215641,8.277579,8.343198000000001,8.411850000000001,8.482923000000001,8.555832,8.630064,8.705142,8.780652,8.856207,8.931501,9.00621,9.08019,9.153179999999999,9.225,9.29556,9.364680000000002,9.43227,9.49833,9.56286,9.625680000000001,9.68688,9.74637,9.80424,9.8604,9.914940000000001,9.96786,10.019160000000001,10.06884,10.11699,10.1637,10.20879,10.25253,10.294830000000001,10.33569,10.375200000000001,10.41345,10.45044,10.48608,10.52064,10.553939999999999,10.58607,10.61712,10.64718,10.67607,10.70397,10.730879999999999,10.7568,10.78182,10.805940000000001,10.829160000000002,10.85148,10.87299,10.8936,10.91349,10.93257,10.95093,10.968480000000001,10.98531,11.001510000000001,11.01699,11.03175,11.04588,11.05929,11.07216,11.0844,11.09592,11.106990000000001,11.11734,11.12724,11.136510000000001,11.14515,11.15334,11.16099,11.168009999999999,11.17458,11.18061,11.1861,11.19105,11.19555,11.1996,11.20311,11.20608,11.2086,11.21058,11.212110000000001,11.213189999999999,11.21373,11.21391,11.213460000000001,11.212650000000002,11.211300000000001,11.2095,11.207160000000002,11.204460000000001,11.201220000000001,11.19744,11.19321,11.18853,11.18331,11.17764,11.171520000000001,11.164860000000001,11.15766,11.14992,11.14173,11.133,11.12382,11.11401,11.103660000000001,11.09286,11.08143,11.069460000000001,11.05686,11.043809999999999,11.03004,11.01573,11.00079,10.98531,10.96911,10.95228,10.93482,10.916640000000001,10.897739999999999,10.878210000000001,10.85796,10.83699,10.81521,10.79271,10.7694,10.74528,10.72035,10.69452,10.66788,10.64034,10.61181,10.58247,10.552050000000001,10.52073,10.488420000000001,10.45503,10.42056,10.384920000000001,10.34829,10.3104,10.27134,10.231110000000001,10.18962,10.14687,10.102770000000001,10.057409999999999,10.01061,9.96237,9.912780000000001,9.86166,9.809099999999999,9.75501,9.699390000000001,9.64224,9.58347,9.52317,9.461340000000002,9.39789,9.33282,9.26631,9.19827,9.12879,9.05787,8.985735,8.912385,8.837991,8.762697000000001,8.68671,8.610246,8.533575,8.457012,8.380889999999999,8.305623,8.231643,8.159445000000002,8.089569000000001,8.022573000000001,7.959078,7.899705,7.845093,7.795863,7.752636,7.715952000000001,7.686306000000001,7.664103,7.649622,7.643061,7.644456000000001,7.653717,7.670628,7.694874,7.725996000000001,7.763489999999999,7.8067530000000005,7.855163999999999,7.908057,7.964775,8.02467,8.087112000000001,8.151507,8.217315000000001,8.284023000000001,8.351172,8.418357,8.485209000000001,8.551422,8.616708000000001,8.680842,8.743608,8.804834999999999,8.864388,8.922132,8.977995,9.03186,9.0837,9.13347,9.18108,9.22653,9.26991,9.31095,9.349920000000001,9.386640000000002,9.4212,9.45351,9.48366,9.511650000000001,9.53739,9.561060000000001,9.58257,9.60192,9.619110000000001,9.63414,9.6471,9.6579,9.666540000000001,9.67311,9.677610000000001,9.67995,9.68013,9.67824,9.67428,9.66807,9.659790000000001,9.64944,9.63684,9.62208,9.60516,9.58599,9.56466,9.541170000000001,9.51534,9.48735,9.45711,9.42462,9.38988,9.35289,9.313649999999999,9.27225,9.2286,9.1827,9.13473,9.08469,9.032670000000001,8.978742,8.923014,8.865648,8.806806,8.746695,8.685567,8.623701,8.561430000000001,8.499132,8.437230000000001,8.376219,8.316621000000001,8.259039,8.204103,8.152479000000001,8.104896,8.062056,8.024688000000001,7.993503,7.969158000000001,7.952255999999999,7.943310000000001,7.942743,7.950825000000001,7.967708999999999,7.993430999999999,8.027865,8.07075,8.121744,8.18037,8.246115,8.318376,8.396523,8.479935000000001,8.567973,8.660016,8.755479000000001,8.853804,8.954487,9.05706,9.161100000000001,9.26622,9.372150000000001,9.478439999999999,9.585090000000001,9.69165,9.798029999999999,9.90414,10.00971,10.11474,10.21914,10.32273,10.4256,10.52757,10.62873,10.72899,10.82835,10.92681,11.02437,11.121030000000001,11.216790000000001,11.31165,11.405610000000001,11.49876,11.59101,11.682540000000001,11.77317,11.86308
15.811200000000001,15.763050000000002,15.715080000000002,15.667290000000001,15.61968,15.572249999999999,15.52509,15.47802,15.431310000000002,15.38469,15.33834,15.292169999999999,15.24627,15.200550000000002,15.1551,15.109919999999999,15.06492,15.02019,14.975640000000002,14.93145,14.88744,14.843789999999998,14.800320000000001,14.757119999999999,14.71428,14.671710000000001,14.62941,14.587380000000001,14.54571,14.50431,14.46327,14.42259,14.38218,14.342130000000001,14.30244,14.26311,14.22423,14.18562,14.14746,14.10966,14.07231,14.03541,13.99887,13.96278,13.927140000000001,13.89186,13.85721,13.82292,13.78917,13.75587,13.72311,13.6908,13.659030000000001,13.6278,13.59711,13.566960000000002,13.53735,13.508280000000001,13.479840000000001,13.45194,13.42458,13.39785,13.37166,13.346010000000001,13.32108,13.2966,13.27284,13.24962,13.22694,13.20489,13.183470000000002,13.16259,13.14234,13.122630000000001,13.10346,13.08483,13.066830000000001,13.04937,13.032449999999999,13.015979999999999,13.00005,12.98466,12.96972,12.95532,12.941370000000001,12.92778,12.91464,12.90195,12.88962,12.877650000000001,12.86604,12.85479,12.843900000000001,12.83319,12.822840000000001,12.81267,12.80277,12.793140000000001,12.783600000000002,12.77433,12.76515,12.756060000000002,12.747150000000001,12.738240000000001,12.729420000000001,12.720690000000001,12.71187,12.70314,12.694410000000001,12.685590000000001,12.676680000000001,12.66777,12.65868,12.6495,12.64014,12.630690000000001,12.62106,12.61116,12.601170000000002,12.59082,12.58029,12.569490000000002,12.55842,12.547080000000001,12.53538,12.52341,12.51108,12.49839,12.48525,12.47184,12.457980000000001,12.443670000000001,12.429,12.41388,12.39831,12.3822,12.36573,12.348630000000002,12.33108,12.313080000000001,12.294450000000001,12.27537,12.25566,12.235410000000002,12.21453,12.19302,12.17097,12.148290000000001,12.12498,12.101040000000001,12.07638,12.051,12.02499,11.99826,11.97081,11.94255,11.91357,11.88387,11.85336,11.821950000000001,11.78982,11.75679,11.722859999999999,11.688120000000001,11.65248,11.61585,11.578320000000001,11.5398,11.50038,11.45988,11.4183,11.375729999999999,11.331990000000001,11.28717,11.24127,11.19411,11.14587,11.09628,11.04552,10.99341,10.94004,10.88532,10.82925,10.771650000000001,10.7127,10.652220000000002,10.5903,10.526850000000001,10.461780000000001,10.395090000000001,10.32687,10.25694,10.18539,10.11213,10.03716,9.96057,9.88227,9.80226,9.720630000000002,9.63738,9.552600000000002,9.46629,9.378540000000001,9.289530000000001,9.199440000000001,9.108360000000001,9.01647,8.924148,8.831592,8.739189,8.647317,8.556453000000001,8.467101,8.379828,8.295282,8.214129000000002,8.137116,8.064999,7.998552000000001,7.938567,7.885791000000001,7.840917,7.804566,7.777242,7.759332000000001,7.751043000000001,7.752456,7.763445,7.78374,7.812927,7.850439,7.895637000000001,7.947783000000001,8.006085,8.069751,8.137979999999999,8.209998,8.285058,8.362476,8.441613,8.521902,8.602839,8.683965,8.764902000000001,8.845299,8.924885999999999,9.00342,9.08073,9.1566,9.23094,9.30357,9.37458,9.44379,9.5112,9.57681,9.64053,9.70245,9.762480000000002,9.82071,9.87723,9.93195,9.98487,10.03617,10.08585,10.13382,10.18026,10.22517,10.26855,10.31049,10.351080000000001,10.39023,10.428030000000001,10.46457,10.49976,10.53378,10.56663,10.59831,10.628910000000001,10.658430000000001,10.68678,10.71423,10.740599999999999,10.766070000000001,10.79055,10.81413,10.836810000000002,10.858680000000001,10.87965,10.89981,10.919160000000002,10.937700000000001,10.95561,10.972620000000001,10.989,11.00466,11.01969,11.03391,11.04759,11.060550000000001,11.07297,11.084670000000001,11.09583,11.10636,11.11626,11.125620000000001,11.134440000000001,11.14272,11.15037,11.15757,11.16414,11.17026,11.17584,11.18088,11.18538,11.189430000000002,11.19294,11.196,11.19852,11.20059,11.20212,11.2032,11.203740000000002,11.20383,11.20347,11.20257,11.201220000000001,11.19942,11.19708,11.19429,11.19105,11.187270000000002,11.18304,11.17827,11.17305,11.16729,11.16108,11.154330000000002,11.14704,11.1393,11.131020000000001,11.122200000000001,11.11284,11.10303,11.092590000000001,11.081610000000001,11.07009,11.05803,11.045340000000001,11.03202,11.01816,11.00376,10.98864,10.97289,10.9566,10.939589999999999,10.92186,10.903500000000001,10.88442,10.86462,10.8441,10.82286,10.8009,10.77804,10.754460000000002,10.729980000000001,10.70469,10.67859,10.65159,10.6236,10.594710000000001,10.56483,10.53405,10.50219,10.46925,10.435319999999999,10.40022,10.36404,10.326690000000001,10.28808,10.2483,10.20726,10.16487,10.121129999999999,10.076130000000001,10.0296,9.98172,9.93231,9.88137,9.828899999999999,9.77481,9.71919,9.66186,9.60291,9.542159999999999,9.47979,9.41571,9.34983,9.282330000000002,9.213030000000002,9.14211,9.06948,8.995275,8.919566999999999,8.842437,8.76402,8.684478,8.603982,8.522775,8.441118000000001,8.359335,8.277786,8.196903,8.117163,8.039106,7.963308,7.890435000000001,7.821162,7.756209,7.6963230000000005,7.6422419999999995,7.594677,7.5542940000000005,7.521687000000001,7.497333,7.481610000000001,7.474716,7.476723000000001,7.487514,7.506855,7.534332,7.569414000000001,7.611489,7.659854999999999,7.713756000000001,7.772444999999999,7.835139,7.901109,7.969635,8.040069,8.11179,8.184249,8.256960000000001,8.329482,8.401437,8.472501000000001,8.542386,8.610866999999999,8.677719,8.742797999999999,8.80596,8.867097000000001,8.926119,8.982954,9.03753,9.08991,9.13986,9.18756,9.23301,9.27603,9.31671,9.35505,9.39114,9.42489,9.4563,9.485460000000002,9.51237,9.536940000000001,9.55926,9.57942,9.597330000000001,9.612990000000002,9.62649,9.63774,9.64683,9.65367,9.65835,9.660779999999999,9.661050000000001,9.65916,9.65502,9.64863,9.64008,9.62919,9.61614,9.60084,9.5832,9.56322,9.54099,9.51642,9.489510000000001,9.46017,9.42849,9.39447,9.357930000000001,9.31905,9.27774,9.234,9.18783,9.13923,9.08829,9.0351,8.979642,8.922015,8.862318,8.800704000000001,8.737317000000001,8.672382,8.606133,8.538849,8.47089,8.402633999999999,8.334549,8.267148,8.201016000000001,8.13681,8.075241,8.017056,7.963074000000001,7.914132,7.8710580000000006,7.834698,7.805826000000001,7.785152999999999,7.773291000000001,7.770735,7.777818000000001,7.794729,7.821459,7.857864,7.9036290000000005,7.958313,8.021349,8.092089000000001,8.169831,8.253837,8.34336,8.437662000000001,8.536040999999999,8.637831,8.742411,8.849223,8.957754000000001,9.067590000000001,9.1782,9.28944,9.40086,9.51228,9.62343,9.73413,9.84429,9.95373,10.06236,10.17009,10.276919999999999,10.382850000000001,10.48761,10.591470000000001,10.69416,10.795860000000001,10.89657,10.99611,11.094750000000001,11.19231,11.28888,11.38446,11.47905,11.57274,11.66553,11.757420000000002,11.8485
15.78726,15.738840000000001,15.690510000000002,15.642450000000002,15.594570000000001,15.54687,15.49935,15.452100000000002,15.405030000000002,15.358139999999999,15.31143,15.26499,15.21873,15.17274,15.12702,15.08148,15.036120000000002,14.99112,14.946299999999999,14.901660000000001,14.85738,14.813369999999999,14.76963,14.726070000000002,14.68287,14.639940000000001,14.597280000000001,14.55498,14.51295,14.47128,14.42988,14.38884,14.34807,14.30775,14.2677,14.2281,14.18877,14.14989,14.11146,14.073300000000001,14.035680000000001,13.99833,13.96152,13.92516,13.88916,13.853700000000002,13.81869,13.78413,13.750110000000001,13.71654,13.683510000000002,13.65102,13.61907,13.587660000000001,13.556700000000001,13.52637,13.49658,13.46742,13.4388,13.410720000000001,13.383270000000001,13.35645,13.330169999999999,13.30452,13.2795,13.25511,13.23126,13.20804,13.18545,13.16349,13.14207,13.12137,13.10121,13.08159,13.06269,13.04424,13.026420000000002,13.00923,12.99249,12.97638,12.96072,12.94569,12.93102,12.91698,12.9033,12.89016,12.877469999999999,12.86514,12.85326,12.84174,12.83058,12.81978,12.80934,12.79917,12.78927,12.77964,12.77028,12.7611,12.75219,12.74337,12.734729999999999,12.726180000000001,12.71781,12.70944,12.70116,12.69297,12.684780000000002,12.6765,12.668310000000002,12.66003,12.65166,12.6432,12.63465,12.62601,12.61719,12.60819,12.5991,12.58974,12.58011,12.570300000000001,12.560220000000001,12.54987,12.53925,12.52827,12.51702,12.50541,12.493440000000001,12.481110000000001,12.46842,12.45537,12.44178,12.42792,12.41352,12.398670000000001,12.38337,12.36762,12.351329999999999,12.33459,12.31722,12.2994,12.28104,12.26205,12.24261,12.22245,12.201749999999999,12.18042,12.15846,12.135869999999999,12.11265,12.08871,12.06414,12.03885,12.01284,11.98611,11.95857,11.93031,11.90133,11.871450000000001,11.84085,11.80935,11.77704,11.74383,11.70981,11.6748,11.63889,11.60199,11.56419,11.52531,11.48544,11.44458,11.402640000000002,11.359530000000001,11.315339999999999,11.26998,11.22345,11.17566,11.1267,11.07648,11.02491,10.97199,10.917629999999999,10.86201,10.80477,10.74618,10.686060000000001,10.62432,10.560960000000001,10.49607,10.42947,10.36116,10.29105,10.21923,10.14561,10.07019,9.99288,9.91377,9.83277,9.74988,9.6651,9.57861,9.49023,9.40014,9.30834,9.215100000000001,9.12033,9.02439,8.927388,8.829576,8.73126,8.632809,8.534628,8.437203,8.341083000000001,8.246898000000002,8.15535,8.067195,7.98327,7.904439,7.831629,7.765740000000001,7.707662999999999,7.658252999999999,7.618257,7.588278,7.568793,7.560081,7.5622050000000005,7.575048,7.5982769999999995,7.63137,7.673661,7.724367,7.782606,7.847451,7.917975000000001,7.993233000000001,8.072343,8.154477,8.238843000000001,8.324766,8.411616,8.498844,8.585991,8.672634,8.75844,8.843121,8.926443,9.00819,9.08829,9.166590000000001,9.24291,9.317340000000002,9.38979,9.46017,9.52848,9.59481,9.65907,9.721350000000001,9.781740000000001,9.840150000000001,9.89667,9.9513,10.00413,10.05525,10.104659999999999,10.15236,10.19844,10.2429,10.28592,10.32741,10.36746,10.406070000000001,10.44342,10.479420000000001,10.51407,10.547550000000001,10.57986,10.610999999999999,10.64106,10.66995,10.69785,10.72467,10.7505,10.77543,10.79937,10.822410000000001,10.84455,10.86579,10.886220000000002,10.90584,10.92474,10.94274,10.96011,10.97667,10.992510000000001,11.00772,11.022120000000001,11.03598,11.04912,11.061539999999999,11.07342,11.084670000000001,11.09538,11.10537,11.11491,11.12373,11.1321,11.13984,11.14713,11.15379,11.15991,11.16549,11.17062,11.17521,11.179260000000001,11.18286,11.185920000000001,11.18844,11.19051,11.19204,11.19312,11.19375,11.19384,11.193480000000001,11.19258,11.19123,11.189340000000001,11.187,11.18421,11.18088,11.177100000000001,11.17278,11.168009999999999,11.162700000000001,11.15694,11.15064,11.1438,11.136510000000001,11.12868,11.12031,11.1114,11.10204,11.09205,11.08152,11.07045,11.05884,11.0466,11.03382,11.02041,11.00637,10.991790000000002,10.97658,10.96065,10.94418,10.92699,10.90908,10.89054,10.87128,10.85121,10.83051,10.809,10.78668,10.76364,10.739700000000001,10.71504,10.689390000000001,10.66293,10.63548,10.60722,10.57788,10.54764,10.51632,10.48401,10.45053,10.41606,10.380419999999999,10.34361,10.30554,10.266300000000001,10.225710000000001,10.183860000000001,10.14066,10.096020000000001,10.049940000000001,10.002419999999999,9.953370000000001,9.90279,9.85059,9.79677,9.741240000000001,9.684,9.62496,9.56421,9.50157,9.43713,9.370709999999999,9.30249,9.232380000000001,9.160290000000002,9.086400000000001,9.01053,8.93295,8.853579,8.772534,8.689932,8.605917,8.520687,8.43444,8.347473,8.260101,8.172702000000001,8.085726000000001,7.999695000000001,7.915185000000001,7.832853,7.753419,7.677666,7.606413000000001,7.540542,7.480899000000001,7.428348,7.3836900000000005,7.347627,7.32078,7.303563,7.296273,7.298964,7.3115369999999995,7.333659,7.364853000000001,7.40448,7.4517929999999994,7.505955,7.566084,7.63128,7.700670000000001,7.7733810000000005,7.848630000000001,7.92567,8.003835,8.082522,8.161218000000002,8.239455,8.316837000000001,8.39304,8.467767,8.540793,8.61192,8.680995000000001,8.747892,8.812503,8.874774,8.934633,8.992044000000002,9.04698,9.099450000000001,9.1494,9.19683,9.24183,9.28431,9.32427,9.36189,9.39699,9.42975,9.460080000000001,9.48798,9.513630000000001,9.536850000000001,9.55773,9.57636,9.59265,9.6066,9.6183,9.62775,9.63486,9.63972,9.64233,9.64269,9.64071,9.63639,9.62982,9.62091,9.60975,9.59616,9.58023,9.56187,9.541170000000001,9.51804,9.49239,9.464310000000001,9.43371,9.400500000000001,9.36486,9.32652,9.28566,9.24219,9.196110000000001,9.14742,9.09603,9.042119999999999,8.985617999999999,8.926596,8.865126,8.801289,8.73522,8.667072,8.597025,8.525331000000001,8.452278,8.378199,8.303526,8.228727,8.15436,8.081055,8.009541,7.940583,7.875072,7.813908,7.758063,7.708527,7.666263,7.632207000000001,7.607223,7.592022,7.587216,7.593192,7.610166,7.638129,7.676874,7.726023,7.785,7.853121000000001,7.929612,8.013618,8.104248,8.200647,8.30196,8.407377,8.516142,8.627571,8.741052,8.856027000000001,8.972028000000002,9.08865,9.205470000000002,9.3222,9.438659999999999,9.554670000000002,9.669870000000001,9.78426,9.89766,10.010069999999999,10.121310000000001,10.23147,10.34037,10.4481,10.55457,10.659870000000002,10.76391,10.86678,10.968480000000001,11.06901,11.16837,11.26665,11.363850000000001,11.45997,11.555010000000001,11.64915,11.7423,11.83446
15.76296,15.71427,15.665670000000002,15.61725,15.5691,15.52113,15.47325,15.425730000000001,15.3783,15.331140000000001,15.284159999999998,15.237359999999999,15.190829999999998,15.144480000000001,15.0984,15.052500000000002,15.00687,14.961509999999999,14.916329999999999,14.871420000000002,14.82678,14.78241,14.738310000000002,14.694480000000002,14.650920000000001,14.607629999999999,14.5647,14.52204,14.47965,14.437619999999999,14.39586,14.354460000000001,14.31342,14.27265,14.232330000000001,14.19228,14.15268,14.11344,14.07465,14.03622,13.99815,13.960619999999999,13.923449999999999,13.88673,13.85046,13.81464,13.77936,13.74453,13.710239999999999,13.6764,13.6431,13.61034,13.57812,13.54644,13.5153,13.48479,13.45482,13.42548,13.39668,13.36851,13.34097,13.313970000000001,13.28769,13.26195,13.236839999999999,13.21236,13.188600000000001,13.16538,13.14288,13.12092,13.09968,13.07898,13.059,13.03956,13.02075,13.00257,12.98493,12.96792,12.95154,12.93561,12.92031,12.90555,12.89133,12.87756,12.864329999999999,12.851550000000001,12.839310000000001,12.827430000000001,12.81591,12.80493,12.79422,12.78396,12.77397,12.76434,12.754890000000001,12.745800000000001,12.73698,12.72834,12.71997,12.71169,12.70359,12.69567,12.68784,12.680010000000001,12.67236,12.66471,12.65706,12.64941,12.641670000000001,12.63393,12.62619,12.61827,12.61026,12.60216,12.59388,12.585420000000001,12.576690000000001,12.56787,12.55878,12.54942,12.53979,12.52998,12.51972,12.50928,12.49839,12.48723,12.475710000000001,12.46374,12.45141,12.43872,12.42558,12.411990000000001,12.39795,12.38346,12.36843,12.35295,12.33693,12.320459999999999,12.303360000000001,12.28581,12.267629999999999,12.24891,12.229560000000001,12.209670000000001,12.18906,12.167910000000001,12.14613,12.12363,12.1005,12.07665,12.05208,12.02688,12.00087,11.97414,11.9466,11.91834,11.88927,11.85939,11.82861,11.79702,11.76462,11.731230000000002,11.696940000000001,11.66175,11.625660000000002,11.58849,11.55042,11.51127,11.47104,11.429730000000001,11.38734,11.34387,11.299140000000001,11.25324,11.20617,11.15784,11.10816,11.057220000000001,11.004840000000002,10.95111,10.895940000000001,10.83933,10.78119,10.72143,10.66014,10.59714,10.53252,10.466099999999999,10.39797,10.327950000000001,10.25613,10.18242,10.106729999999999,10.02915,9.9495,9.86778,9.78408,9.698310000000001,9.610380000000001,9.520470000000001,9.42849,9.33453,9.23868,9.140939999999999,9.0414,8.940375,8.837937,8.734356000000002,8.629929,8.525015999999999,8.420049,8.315532000000001,8.21205,8.110278,8.01099,7.9150409999999995,7.823358,7.736958,7.656885,7.584237000000001,7.520067,7.465401000000001,7.421139000000001,7.388055,7.366716,7.357482,7.360434,7.375428,7.402041,7.439661,7.4874600000000004,7.544493000000001,7.6096889999999995,7.681959000000001,7.760196,7.84332,7.9303230000000005,8.020242,8.11224,8.205534,8.299467,8.393454,8.487009,8.579699999999999,8.671203,8.761221,8.849538,8.935983,9.020430000000001,9.10269,9.18288,9.26073,9.33642,9.40977,9.48087,9.54981,9.6165,9.68103,9.743490000000001,9.803790000000001,9.862110000000001,9.91845,9.97281,10.02537,10.07604,10.125,10.17225,10.21788,10.2618,10.30428,10.34514,10.38465,10.42272,10.45944,10.49481,10.528920000000001,10.561770000000001,10.59345,10.62405,10.65339,10.681740000000001,10.70901,10.73529,10.760489999999999,10.784790000000001,10.80819,10.8306,10.8522,10.8729,10.89279,10.91187,10.930140000000002,10.94769,10.96443,10.98045,10.99584,11.01042,11.02437,11.03769,11.05029,11.06226,11.073690000000001,11.0844,11.09457,11.10411,11.113109999999999,11.12157,11.1294,11.13669,11.14344,11.149650000000001,11.15532,11.160449999999999,11.16504,11.16918,11.17269,11.17584,11.178360000000001,11.180430000000001,11.18205,11.18313,11.18367,11.18376,11.1834,11.182500000000001,11.18115,11.179260000000001,11.176919999999999,11.17404,11.17071,11.16693,11.16261,11.157750000000002,11.15244,11.14659,11.1402,11.13336,11.12598,11.118060000000002,11.109689999999999,11.10069,11.091149999999999,11.08116,11.07054,11.05938,11.04759,11.035260000000001,11.02239,11.008890000000001,10.994760000000001,10.98,10.96461,10.948590000000001,10.93185,10.914480000000001,10.89648,10.87767,10.85823,10.83798,10.8171,10.79532,10.77282,10.74942,10.7253,10.700280000000001,10.67436,10.647540000000001,10.61973,10.591109999999999,10.56141,10.530719999999999,10.49895,10.46619,10.432260000000001,10.39725,10.36098,10.32354,10.28493,10.24497,10.203660000000001,10.161,10.11699,10.07145,10.024469999999999,9.97596,9.925740000000001,9.873990000000001,9.82053,9.765360000000001,9.708390000000001,9.64962,9.58896,9.52632,9.46179,9.39519,9.32661,9.25596,9.18315,9.108270000000001,9.031320000000001,8.952291,8.871156000000001,8.788014,8.702910000000001,8.615961,8.527293,8.437077,8.345529,8.25291,8.159562,8.065872,7.972308,7.879409999999999,7.787826000000001,7.698249000000001,7.611507,7.5284640000000005,7.450092,7.377381,7.311357,7.253046,7.203411000000001,7.163325,7.133526000000001,7.114563,7.106778,7.110261,7.124868,7.1502300000000005,7.185726,7.230600000000001,7.283925,7.344711,7.411905,7.484445000000001,7.561314,7.641522,7.724187000000001,7.808472000000001,7.893648000000001,7.979085,8.064198,8.148537,8.231679,8.313291000000001,8.393094,8.470872,8.546427,8.619633,8.690373000000001,8.758566,8.824149,8.887086,8.94735,9.00495,9.059849999999999,9.11205,9.161550000000002,9.20853,9.25281,9.29439,9.33354,9.37008,9.40401,9.43551,9.46458,9.49113,9.51516,9.536850000000001,9.5562,9.57303,9.58752,9.59967,9.60948,9.616859999999999,9.62199,9.624690000000001,9.62505,9.62298,9.61857,9.61182,9.602640000000001,9.591030000000002,9.5769,9.56043,9.54135,9.51984,9.49572,9.46908,9.43983,9.40788,9.37323,9.335970000000001,9.29583,9.25299,9.20736,9.158850000000001,9.10755,9.053370000000001,8.996337,8.93646,8.873775,8.808327,8.740197,8.669483999999999,8.596332,8.520912,8.443467,8.364267,8.283663,8.202078,8.120007000000001,8.038044000000001,7.956882,7.877286,7.800138,7.726419000000001,7.657173,7.593515999999999,7.536600000000001,7.487586,7.44759,7.417638000000001,7.398612,7.391223,7.395966,7.413075000000001,7.442532,7.484076,7.537194,7.601202,7.675245,7.758351,7.849512,7.947684,8.051832,8.160966,8.274186,8.390637,8.509554,8.63028,8.752212,8.874855,8.997759,9.120600000000001,9.243,9.36477,9.48564,9.60561,9.72432,9.84186,9.95814,10.07298,10.18638,10.29843,10.40913,10.5183,10.62612,10.73259,10.83771,10.94148,11.0439,11.14506,11.24505,11.34378,11.44143,11.53791,11.63331,11.72772,11.82105
15.738299999999999,15.689250000000001,15.64038,15.591690000000002,15.54327,15.49494,15.44679,15.39891,15.35121,15.303690000000001,15.25635,15.209280000000001,15.162390000000002,15.115770000000001,15.06933,15.023159999999999,14.977170000000001,14.93145,14.885909999999999,14.840729999999999,14.795729999999999,14.751000000000001,14.706539999999999,14.66235,14.61843,14.574779999999999,14.531490000000002,14.48847,14.44572,14.403329999999999,14.36121,14.319450000000002,14.27796,14.23692,14.19624,14.15583,14.115870000000001,14.076270000000001,14.03712,13.99833,13.9599,13.92201,13.88448,13.84749,13.81086,13.77477,13.739130000000001,13.70403,13.66938,13.63527,13.6017,13.568670000000001,13.53618,13.50432,13.473,13.44222,13.41207,13.38246,13.353570000000001,13.32522,13.297500000000001,13.27041,13.24404,13.21821,13.193100000000001,13.16862,13.14477,13.12164,13.099050000000002,13.07727,13.05603,13.03551,13.01562,12.996360000000001,12.977730000000001,12.95973,12.94236,12.92553,12.90942,12.89385,12.87882,12.864419999999999,12.85047,12.837150000000001,12.82428,12.81195,12.800070000000002,12.788640000000001,12.777660000000001,12.767130000000002,12.756960000000001,12.747150000000001,12.7377,12.72852,12.7197,12.71115,12.70287,12.69486,12.68694,12.679290000000002,12.67182,12.66444,12.65715,12.64995,12.64284,12.63582,12.62871,12.621690000000001,12.61458,12.607380000000001,12.60018,12.59289,12.585420000000001,12.577860000000001,12.57012,12.5622,12.55401,12.54573,12.53709,12.52827,12.51918,12.50973,12.50001,12.490020000000001,12.47967,12.46887,12.4578,12.44628,12.43431,12.42198,12.4092,12.39597,12.382290000000001,12.368070000000001,12.3534,12.33828,12.32253,12.30633,12.2895,12.27222,12.25422,12.23577,12.2166,12.19689,12.17655,12.15549,12.133799999999999,12.11148,12.08844,12.064680000000001,12.0402,12.015,11.98908,11.962349999999999,11.934899999999999,11.90655,11.87748,11.84751,11.81673,11.78505,11.752469999999999,11.718990000000002,11.68452,11.64915,11.61279,11.57544,11.53701,11.49759,11.45709,11.41542,11.372670000000001,11.328660000000001,11.283570000000001,11.23713,11.18952,11.140559999999999,11.09025,11.038590000000001,10.98558,10.93104,10.87497,10.817459999999999,10.75824,10.69749,10.63503,10.57086,10.504890000000001,10.43712,10.36746,10.29582,10.222290000000001,10.1466,10.06893,9.9891,9.90711,9.82296,9.73647,9.64773,9.556740000000001,9.463410000000001,9.36774,9.26982,9.169649999999999,9.06732,8.962929,8.856585,8.748477000000001,8.638829999999999,8.527941,8.416170000000001,8.303931,8.191755,8.080272,7.970193,7.862364,7.7577300000000005,7.657344,7.562367,7.474023000000001,7.393608,7.322373000000001,7.261578,7.212330000000001,7.175574,7.152039,7.1421660000000005,7.146072,7.163568000000001,7.194159,7.237044,7.291232999999999,7.355547,7.428717,7.509429,7.596378,7.688313,7.784073,7.882596,7.982919000000001,8.084223,8.185787999999999,8.287011,8.38737,8.486451,8.583929999999999,8.679519,8.77302,8.864271,8.953164000000001,9.0396,9.12357,9.205020000000001,9.28395,9.36036,9.43425,9.505799999999999,9.57483,9.64161,9.70605,9.76833,9.828360000000002,9.88632,9.942300000000001,9.99621,10.04823,10.09836,10.146780000000001,10.1934,10.2384,10.28169,10.32354,10.36377,10.402560000000001,10.44,10.476,10.51074,10.544130000000001,10.57635,10.6074,10.63728,10.66599,10.693620000000001,10.720260000000001,10.74591,10.770480000000001,10.79415,10.816920000000001,10.838790000000001,10.85976,10.87992,10.899180000000001,10.917720000000001,10.93536,10.95237,10.968570000000001,10.98405,10.99881,11.01294,11.02635,11.03913,11.05119,11.062710000000001,11.0736,11.083770000000001,11.093490000000001,11.10249,11.11104,11.11896,11.12625,11.133090000000001,11.1393,11.14506,11.15019,11.154869999999999,11.15901,11.16261,11.16576,11.16837,11.170440000000001,11.17197,11.17314,11.173680000000001,11.173770000000001,11.17341,11.17251,11.17107,11.16918,11.16684,11.163960000000001,11.160630000000001,11.15676,11.15235,11.147490000000001,11.142090000000001,11.13624,11.129850000000001,11.12292,11.115450000000001,11.10753,11.098980000000001,11.08998,11.080350000000001,11.07027,11.05956,11.04831,11.036430000000001,11.02401,11.01096,10.99737,10.98315,10.96821,10.95273,10.93653,10.919699999999999,10.90215,10.88397,10.865070000000001,10.84536,10.82493,10.803780000000001,10.78182,10.75905,10.735470000000001,10.711079999999999,10.685699999999999,10.65951,10.632420000000002,10.60434,10.57527,10.54521,10.51416,10.48203,10.448730000000001,10.41435,10.3788,10.34208,10.3041,10.26477,10.22418,10.18215,10.138770000000001,10.093950000000001,10.0476,9.99963,9.95013,9.89892,9.846,9.79128,9.73476,9.67644,9.61605,9.55377,9.489329999999999,9.422910000000002,9.354239999999999,9.28341,9.21033,9.134910000000001,9.05724,8.977203,8.894835,8.810127000000001,8.723124,8.633853,8.542404,8.448894000000001,8.353476,8.256348,8.157762,8.058060000000001,7.9576199999999995,7.856928,7.7565599999999995,7.6572,7.559622,7.464726000000001,7.373502000000001,7.287039,7.206516,7.133148,7.06815,7.01271,6.967881,6.934599,6.9135480000000005,6.905151,6.909543,6.926535,6.955668,6.996186,7.047144,7.107408,7.17579,7.251021,7.331859,7.417107,7.505667,7.5965039999999995,7.688718000000001,7.781517,7.874217,7.966215,8.057025,8.146251,8.23356,8.318664,8.401383000000001,8.481528,8.558982,8.633664,8.705502,8.77446,8.840511,8.903664000000001,8.963901,9.02124,9.07578,9.127350000000002,9.17622,9.2223,9.26559,9.30618,9.34407,9.37935,9.411930000000002,9.44199,9.469529999999999,9.49446,9.516869999999999,9.536850000000001,9.554310000000001,9.56934,9.58194,9.59202,9.59976,9.604980000000001,9.60786,9.608220000000001,9.606150000000001,9.601560000000001,9.59454,9.585090000000001,9.57303,9.55854,9.54144,9.52164,9.49932,9.4743,9.44658,9.416160000000001,9.38295,9.346860000000001,9.30789,9.26604,9.22113,9.173340000000001,9.122399999999999,9.06849,9.01143,8.951202,8.887887,8.82144,8.751906,8.679339,8.603811,8.525439,8.444393999999999,8.360883000000001,8.275176,8.187606,8.098614,8.008704,7.918488000000001,7.8287130000000005,7.740207,7.6539600000000005,7.571052000000001,7.492689,7.420158,7.354826999999999,7.298064,7.251200999999999,7.215498,7.192035000000001,7.181685000000001,7.185033,7.202376,7.233669,7.278552,7.336395,7.406307,7.4872440000000005,7.578009,7.677378,7.7841,7.896978,8.014869000000001,8.136738000000001,8.261640000000002,8.388729,8.517294000000001,8.646705,8.776431,8.90604,9.03519,9.16353,9.290790000000001,9.41688,9.541620000000002,9.66492,9.7866,9.90675,10.02528,10.142100000000001,10.257390000000001,10.370970000000002,10.482930000000001,10.59327,10.70208,10.80945,10.9152,11.0196,11.12265,11.22426,11.32461,11.4237,11.52153,11.61819,11.71377,11.80827
15.71337,15.66396,15.614819999999998,15.56577,15.51699,15.468390000000001,15.41997,15.37173,15.32367,15.275879999999999,15.228180000000002,15.18075,15.133590000000002,15.086609999999999,15.03981,14.993279999999999,14.946930000000002,14.90085,14.85504,14.80941,14.76414,14.719050000000001,14.674230000000001,14.629679999999999,14.5854,14.54139,14.49765,14.454270000000001,14.41116,14.36841,14.32593,14.283719999999999,14.24196,14.20047,14.15943,14.11866,14.07834,14.03838,13.99878,13.95963,13.92093,13.88259,13.844790000000001,13.80735,13.77045,13.734,13.698,13.66254,13.62762,13.59324,13.5594,13.526010000000001,13.49334,13.46112,13.42953,13.39857,13.36815,13.33845,13.30929,13.280850000000001,13.25295,13.22577,13.19922,13.173390000000001,13.14819,13.123619999999999,13.099770000000001,13.076640000000001,13.05414,13.03236,13.01121,12.99078,12.97098,12.9519,12.93345,12.91563,12.89853,12.88206,12.86613,12.85083,12.83616,12.82212,12.808530000000001,12.79557,12.783150000000001,12.771270000000001,12.75984,12.74886,12.738330000000001,12.728250000000001,12.71862,12.709349999999999,12.70044,12.69189,12.68361,12.67569,12.66795,12.66048,12.65319,12.64617,12.63924,12.632489999999999,12.62583,12.61926,12.61278,12.6063,12.599820000000001,12.59334,12.58686,12.58029,12.573720000000002,12.566970000000001,12.560130000000001,12.55311,12.54591,12.53853,12.53097,12.52323,12.51513,12.50685,12.49821,12.4893,12.48012,12.47058,12.46059,12.450330000000001,12.43962,12.42855,12.417119999999999,12.40515,12.39273,12.37986,12.36654,12.352770000000001,12.338370000000001,12.32352,12.30813,12.2922,12.27573,12.25863,12.24099,12.22263,12.20373,12.1842,12.16404,12.14316,12.12165,12.09951,12.07656,12.05289,12.028500000000001,12.00339,11.97756,11.950830000000002,11.923380000000002,11.89503,11.865960000000001,11.83599,11.80512,11.77335,11.74068,11.70702,11.672460000000001,11.63691,11.60037,11.562750000000001,11.524140000000001,11.48436,11.44359,11.40156,11.35845,11.314079999999999,11.26845,11.22165,11.173499999999999,11.12391,11.07306,11.02077,10.966949999999999,10.91169,10.85481,10.7964,10.73628,10.67445,10.61091,10.54548,10.478250000000001,10.40913,10.33794,10.26477,10.189440000000001,10.11195,10.032300000000001,9.95031,9.86598,9.77931,9.69012,9.5985,9.50427,9.40752,9.308159999999999,9.206190000000001,9.1017,8.99469,8.885223,8.773416,8.659413,8.543439000000001,8.425746,8.306694,8.186697,8.066295,7.946136000000001,7.826976,7.709724,7.595424,7.485272999999999,7.3805760000000005,7.282782,7.193394,7.113951,7.045974,6.990831,6.949728,6.923565,6.912909,6.917931,6.938379,6.973623,7.022691,7.084323,7.157088000000001,7.239419999999999,7.3297620000000006,7.426566,7.528374,7.633863000000001,7.7418450000000005,7.851267,7.961238,8.071002,8.179920000000001,8.287488000000002,8.393292,8.497008,8.598384000000001,8.697231,8.793432,8.886879,8.977527,9.065339999999999,9.15039,9.23256,9.31203,9.3888,9.46287,9.53433,9.60327,9.66978,9.73386,9.79569,9.85518,9.9126,9.96795,10.021230000000001,10.07262,10.12203,10.16973,10.21563,10.259820000000001,10.30239,10.34343,10.38294,10.42101,10.45764,10.49292,10.52694,10.559610000000001,10.591109999999999,10.621440000000002,10.6506,10.67868,10.705589999999999,10.7316,10.756530000000001,10.780470000000001,10.80351,10.82556,10.8468,10.867140000000001,10.88667,10.90539,10.923300000000001,10.9404,10.95678,10.972439999999999,10.98738,11.0016,11.0151,11.02797,11.04021,11.05182,11.0628,11.07306,11.08287,11.09196,11.10051,11.10852,11.115900000000002,11.12274,11.129040000000002,11.1348,11.140020000000002,11.1447,11.14893,11.15253,11.15568,11.15829,11.160359999999999,11.161980000000002,11.16306,11.16369,11.16378,11.16333,11.16243,11.16108,11.15919,11.15676,11.153880000000001,11.15046,11.14659,11.14218,11.13723,11.13183,11.12589,11.1195,11.112480000000001,11.10501,11.097,11.08845,11.07927,11.06964,11.05947,11.048670000000001,11.03733,11.025360000000001,11.01285,10.99971,10.98594,10.97163,10.9566,10.94094,10.924650000000002,10.90773,10.89,10.87164,10.85256,10.83267,10.81215,10.79073,10.76859,10.745550000000001,10.72179,10.697040000000001,10.67148,10.64502,10.61766,10.589220000000001,10.55988,10.52946,10.49796,10.46547,10.43181,10.39698,10.360890000000001,10.323630000000001,10.28511,10.245239999999999,10.20402,10.16136,10.11726,10.07163,10.024379999999999,9.9756,9.92511,9.872819999999999,9.81882,9.76293,9.70515,9.64539,9.58356,9.51957,9.45342,9.385019999999999,9.31437,9.241290000000001,9.165780000000002,9.08784,9.007290000000001,8.924175,8.838459,8.750133,8.659188,8.565660000000001,8.469594,8.37108,8.270244,8.167284,8.062416,7.955964,7.848315,7.739955,7.631487000000001,7.523622,7.417205999999999,7.313211000000001,7.21278,7.117146,7.027677000000001,6.945804,6.873012,6.810741,6.760314,6.722874,6.699312,6.690168,6.695613,6.715413,6.748992,6.795396,6.853455,6.921774,6.998886,7.083297,7.173522,7.268184000000001,7.366005,7.465860000000001,7.5667409999999995,7.667793,7.768295999999999,7.867638,7.965315,8.06094,8.154198,8.244819,8.332632,8.417493,8.499303,8.577999,8.653536,8.725905,8.795106,8.861148,8.924058,8.983872,9.04059,9.09432,9.14508,9.19287,9.23778,9.2799,9.319139999999999,9.355680000000001,9.38943,9.42048,9.44892,9.47466,9.49788,9.51849,9.53658,9.55206,9.56502,9.57555,9.58347,9.58896,9.591840000000001,9.59229,9.59013,9.58545,9.57825,9.56844,9.55602,9.54099,9.52326,9.50292,9.47979,9.45387,9.425070000000002,9.39348,9.35892,9.321390000000001,9.2808,9.237150000000002,9.190349999999999,9.140310000000001,9.08694,9.03033,8.970372,8.906976,8.840160000000001,8.769888,8.696178,8.619039,8.538543,8.454771000000001,8.367858,8.277993,8.185419000000001,8.090469,7.993566,7.895214000000001,7.796061000000001,7.696872,7.598574,7.502211,7.409015999999999,7.3203570000000004,7.237737000000001,7.162749000000001,7.097030999999999,7.042203000000001,6.999804,6.971175000000001,6.957377999999999,6.959160000000001,6.976854,7.010397,7.059321,7.1227800000000006,7.199676,7.288677000000001,7.388325000000001,7.497117,7.613586000000001,7.736301000000001,7.8639660000000005,7.995402,8.129565,8.265546,8.402571,8.539983000000001,8.677251,8.813934,8.949663000000001,9.084150000000001,9.217260000000001,9.34866,9.478349999999999,9.606240000000001,9.73224,9.856349999999999,9.978570000000001,10.09881,10.21725,10.3338,10.44846,10.56141,10.67256,10.78209,10.89,10.99629,11.10105,11.204369999999999,11.30625,11.406780000000001,11.50596,11.60397,11.70063,11.79621
15.687990000000001,15.638310000000002,15.588810000000002,15.539490000000002,15.490350000000001,15.44148,15.392700000000001,15.3441,15.295770000000001,15.247620000000001,15.19965,15.151860000000001,15.104339999999999,15.057,15.009840000000002,14.96295,14.916329999999999,14.869889999999998,14.823630000000001,14.77773,14.73201,14.68656,14.64138,14.59638,14.551740000000002,14.50737,14.46327,14.41953,14.37597,14.33286,14.289930000000002,14.24745,14.20524,14.16339,14.1219,14.080770000000001,14.04009,13.99968,13.95972,13.92021,13.881060000000002,13.84245,13.8042,13.766399999999999,13.729140000000001,13.69233,13.656060000000002,13.620239999999999,13.58496,13.55022,13.51602,13.48245,13.44942,13.41693,13.385069999999999,13.35384,13.32324,13.293270000000001,13.26393,13.23531,13.20732,13.17996,13.15332,13.127310000000001,13.10211,13.07754,13.0536,13.030470000000001,13.00806,12.98628,12.96522,12.944880000000001,12.92526,12.90627,12.888,12.87045,12.853530000000001,12.837240000000001,12.82167,12.80673,12.792420000000002,12.778649999999999,12.765509999999999,12.75291,12.74094,12.729420000000001,12.718530000000001,12.708,12.69801,12.68847,12.67938,12.67065,12.66228,12.65427,12.64662,12.63924,12.63213,12.62529,12.61863,12.61224,12.60594,12.599820000000001,12.59379,12.58785,12.582,12.57615,12.57039,12.56454,12.55869,12.55275,12.54672,12.5406,12.53439,12.52791,12.52134,12.51459,12.50757,12.50037,12.4929,12.48507,12.47706,12.46869,12.45996,12.45087,12.44142,12.431610000000001,12.42144,12.410730000000001,12.39966,12.38814,12.37617,12.363750000000001,12.35079,12.33729,12.32334,12.308850000000001,12.293730000000002,12.27816,12.26187,12.245130000000001,12.22767,12.209670000000001,12.19095,12.171690000000002,12.15171,12.13101,12.109679999999999,12.08763,12.064860000000001,12.04128,12.01707,11.99205,11.96622,11.93958,11.91213,11.88387,11.85471,11.82474,11.79378,11.76201,11.72925,11.6955,11.66076,11.62512,11.5884,11.5506,11.51172,11.47167,11.430629999999999,11.388330000000002,11.34477,11.300040000000001,11.254050000000001,11.206710000000001,11.15811,11.10807,11.05659,11.003580000000001,10.94913,10.89315,10.835460000000001,10.77615,10.71513,10.6524,10.58778,10.521180000000001,10.45278,10.38222,10.30968,10.23489,10.15794,10.07865,9.99702,9.91287,9.82629,9.737100000000002,9.64521,9.55062,9.453240000000001,9.35307,9.25002,9.144,9.03519,8.923365,8.808723,8.6913,8.571222,8.44866,8.323848,8.197128000000001,8.068895999999999,7.9396830000000005,7.810146,7.681086,7.553475,7.428438,7.307316,7.191603,7.082964,6.983199,6.894171,6.817716,6.75558,6.709257,6.679935,6.668316,6.674643,6.698601,6.73938,6.795747,6.866118,6.948711,7.041627,7.1429670000000005,7.250922,7.363791000000001,7.48008,7.598447999999999,7.717779,7.837091999999999,7.955622,8.072712000000001,8.187876000000001,8.3007,8.410887,8.51823,8.622567,8.723799000000001,8.821881,8.916777,9.00846,9.09711,9.18261,9.26505,9.34452,9.4212,9.495000000000001,9.5661,9.63459,9.70056,9.76401,9.82512,9.883980000000001,9.94059,9.995130000000001,10.0476,10.098090000000001,10.146780000000001,10.19358,10.23867,10.28205,10.32381,10.363949999999999,10.402650000000001,10.43991,10.47573,10.510200000000001,10.54341,10.57527,10.60605,10.63557,10.664010000000001,10.69128,10.71756,10.74276,10.76706,10.790280000000001,10.8126,10.83411,10.85463,10.87434,10.89324,10.91133,10.928609999999999,10.945170000000001,10.960920000000002,10.976040000000001,10.99035,11.00403,11.01699,11.02932,11.04102,11.052,11.06244,11.07225,11.08143,11.09007,11.098080000000001,11.10555,11.112480000000001,11.118870000000001,11.12463,11.129850000000001,11.13462,11.138760000000001,11.14245,11.1456,11.14821,11.15037,11.15199,11.153070000000001,11.1537,11.15379,11.15334,11.15244,11.151000000000002,11.14911,11.14668,11.1438,11.14038,11.13642,11.132010000000001,11.12706,11.12157,11.11563,11.109150000000001,11.102129999999999,11.09457,11.08647,11.07783,11.068650000000002,11.05893,11.048670000000001,11.037780000000001,11.02635,11.014380000000001,11.00178,10.98855,10.97469,10.9602,10.945079999999999,10.92933,10.91295,10.895760000000001,10.87794,10.859490000000001,10.84023,10.82016,10.79946,10.77786,10.75554,10.73232,10.70829,10.68336,10.65753,10.630799999999999,10.60317,10.57446,10.54476,10.51407,10.48221,10.44936,10.41525,10.37997,10.343520000000002,10.305719999999999,10.266660000000002,10.22625,10.1844,10.14111,10.09629,10.049940000000001,10.00197,9.95229,9.9009,9.847620000000001,9.792539999999999,9.73557,9.67653,9.61533,9.55206,9.48654,9.41868,9.34848,9.27576,9.20052,9.122580000000001,9.04203,8.958663,8.872488,8.783433,8.691453000000001,8.596539,8.498673,8.397882000000001,8.294229,8.187813,8.078769,7.967331,7.85376,7.7384520000000006,7.621875,7.504641,7.387497000000001,7.2713339999999995,7.1572320000000005,7.046433,6.940368,6.8406210000000005,6.748902,6.666975,6.5966309999999995,6.539517000000001,6.4971000000000005,6.470505,6.460434,6.467103,6.490251,6.529104,6.582474,6.648867,6.7265820000000005,6.813792,6.908697,7.0095600000000005,7.114779,7.2228959999999995,7.33266,7.442982000000001,7.552944000000001,7.661798999999999,7.768935,7.873857,7.976178,8.07561,8.171937,8.264988,8.354673,8.440911,8.523666,8.602938000000002,8.678735999999999,8.751087,8.820018000000001,8.885574,8.947827,9.00684,9.06255,9.1152,9.16479,9.21123,9.25479,9.295380000000002,9.33309,9.36792,9.40005,9.42939,9.45594,9.479880000000001,9.50112,9.51975,9.53577,9.549180000000002,9.55998,9.56817,9.57375,9.57681,9.57726,9.575099999999999,9.57024,9.56286,9.55278,9.54,9.52443,9.506160000000001,9.4851,9.46125,9.434429999999999,9.40464,9.37188,9.33606,9.297,9.254880000000002,9.20943,9.16065,9.108360000000001,9.05265,8.993421,8.930511000000001,8.863911,8.793567000000001,8.719416,8.641458,8.559675,8.474085,8.384742000000001,8.291754000000001,8.195274,8.095509000000002,7.992774000000001,7.887456,7.780068,7.671267000000001,7.561836,7.452756,7.345188,7.240482000000001,7.140195,7.046064,6.959961000000001,6.883857,6.819732,6.769476,6.734772,6.716952,6.716943,6.735159,6.771483,6.825294,6.895503,6.980679,7.079157,7.189128,7.3087740000000005,7.436331,7.570134,7.708698,7.850700000000001,7.994987999999999,8.14059,8.286696000000001,8.432640000000001,8.577882,8.721981000000001,8.864604,9.00549,9.14445,9.28143,9.416160000000001,9.54873,9.67914,9.807210000000001,9.93312,10.056780000000002,10.178370000000001,10.29789,10.41525,10.530719999999999,10.6443,10.75599,10.86588,10.974060000000001,11.08053,11.18547,11.28888,11.39085,11.491380000000001,11.59056,11.68839,11.78505
15.66225,15.612300000000001,15.562439999999999,15.51285,15.46335,15.41412,15.36507,15.316110000000002,15.26742,15.218910000000001,15.170580000000001,15.122520000000002,15.07464,15.02694,14.97942,14.932170000000001,14.885100000000001,14.838299999999998,14.791770000000001,14.745420000000001,14.69934,14.653530000000002,14.607900000000003,14.562630000000002,14.517540000000002,14.47281,14.428350000000002,14.38416,14.34024,14.29668,14.25339,14.210460000000001,14.167890000000002,14.12559,14.08374,14.042159999999999,14.00103,13.96026,13.91994,13.87998,13.84047,13.801409999999999,13.7628,13.724639999999999,13.68693,13.64976,13.61313,13.57695,13.54131,13.50621,13.47174,13.437809999999999,13.40442,13.37166,13.33962,13.30812,13.27725,13.24701,13.21749,13.188600000000001,13.16043,13.13298,13.106160000000001,13.08015,13.05477,13.03011,13.00626,12.983039999999999,12.96063,12.93894,12.91797,12.89772,12.878190000000002,12.85938,12.841380000000001,12.824010000000001,12.80727,12.79134,12.77604,12.76137,12.74733,12.73401,12.72123,12.70917,12.69756,12.68658,12.67605,12.66615,12.65661,12.64761,12.63906,12.63096,12.623130000000002,12.61575,12.608730000000001,12.601980000000001,12.5955,12.58929,12.583350000000001,12.5775,12.57192,12.56643,12.561119999999999,12.555810000000001,12.55059,12.54546,12.54033,12.53511,12.52989,12.52467,12.51927,12.51378,12.5082,12.502350000000002,12.496410000000001,12.4902,12.48381,12.47715,12.470220000000001,12.46302,12.455549999999999,12.44772,12.43953,12.430980000000002,12.422070000000001,12.41271,12.40299,12.39282,12.3822,12.371129999999999,12.35952,12.34755,12.334950000000001,12.321900000000001,12.30822,12.29409,12.279330000000002,12.26403,12.2481,12.231630000000001,12.21453,12.19671,12.17826,12.15918,12.139470000000001,12.11895,12.097800000000001,12.07593,12.05334,12.02994,12.00582,11.9808,11.955060000000001,11.92851,11.90115,11.87289,11.843820000000001,11.81376,11.7828,11.75094,11.71818,11.68434,11.64951,11.61369,11.576789999999999,11.53881,11.49975,11.45952,11.41812,11.37555,11.33172,11.286629999999999,11.24028,11.19249,11.143350000000002,11.09286,11.04084,10.98729,10.932210000000001,10.87551,10.8171,10.75698,10.69506,10.63134,10.56564,10.498050000000001,10.42839,10.356570000000001,10.28259,10.20636,10.1277,10.046700000000001,9.96318,9.87696,9.78813,9.69651,9.602010000000002,9.50454,9.40401,9.30042,9.19368,9.08361,8.970354,8.853768,8.733879,8.610732,8.484408,8.355042,8.222841,8.088084,7.9511579999999995,7.8125670000000005,7.6729590000000005,7.533162,7.394184,7.257249000000001,7.123824,6.99561,6.8745330000000004,6.762717,6.662412000000001,6.575913,6.5053980000000005,6.452793,6.4196100000000005,6.406803,6.414678,6.442848,6.490251,6.555303,6.636006,6.730101,6.835266,6.949206,7.0697790000000005,7.195032,7.323273,7.453026,7.583076,7.712433,7.8402780000000005,7.965990000000001,8.089082999999999,8.209197000000001,8.326070999999999,8.439525,8.549451,8.655786,8.758521,8.857683,8.953299,9.04545,9.13419,9.2196,9.30186,9.38097,9.45711,9.53028,9.600660000000001,9.668429999999999,9.7335,9.796140000000001,9.856349999999999,9.91431,9.97002,10.02357,10.07505,10.12464,10.17234,10.218150000000001,10.26234,10.304730000000001,10.345590000000001,10.384830000000001,10.42263,10.45899,10.493910000000001,10.52757,10.55988,10.59102,10.6209,10.649700000000001,10.67733,10.70388,10.72935,10.75383,10.77741,10.79991,10.8216,10.84239,10.86228,10.881269999999999,10.89954,10.917000000000002,10.93365,10.949580000000001,10.96479,10.97919,10.99296,11.0061,11.01852,11.030220000000002,11.04138,11.05191,11.061720000000001,11.07099,11.07972,11.08782,11.09529,11.10222,11.10861,11.11446,11.11977,11.12454,11.12868,11.132370000000002,11.13552,11.13822,11.14038,11.14191,11.14308,11.14362,11.14371,11.143350000000002,11.14236,11.14101,11.13903,11.136600000000001,11.13372,11.13021,11.12625,11.12184,11.116800000000001,11.111310000000001,11.10537,11.0988,11.09169,11.08413,11.07603,11.067300000000001,11.05812,11.04831,11.03796,11.02707,11.01555,11.003400000000001,10.99071,10.977390000000002,10.96344,10.94895,10.93365,10.917810000000001,10.901250000000001,10.884060000000002,10.86606,10.84743,10.82808,10.807920000000001,10.786950000000001,10.76526,10.74267,10.71936,10.69506,10.66995,10.643939999999999,10.61694,10.589039999999999,10.56006,10.530090000000001,10.499039999999999,10.46691,10.43361,10.399230000000001,10.3635,10.326600000000001,10.28844,10.248840000000001,10.20789,10.1655,10.12158,10.076130000000001,10.02906,9.98037,9.92988,9.87759,9.823409999999999,9.76734,9.709200000000001,9.648900000000001,9.58653,9.52182,9.45477,9.385200000000001,9.3132,9.2385,9.161100000000001,9.080910000000001,8.997759,8.911629,8.822412,8.730018000000001,8.634402000000001,8.535492,8.433252,8.327682000000001,8.218791,8.106641999999999,7.991334,7.873047000000001,7.7520240000000005,7.628616000000001,7.5032820000000005,7.376625,7.249383,7.122519,6.997185,6.874758000000001,6.75684,6.6452670000000005,6.542073,6.449409,6.369453,6.304329,6.255873,6.22557,6.214338,6.222483,6.249636000000001,6.294816,6.356493,6.432759,6.521463,6.620391000000001,6.7273380000000005,6.8402519999999996,6.9572970000000005,7.076826,7.197452999999999,7.318017000000001,7.437555,7.555302000000001,7.6706639999999995,7.783163999999999,7.892450999999999,7.998264000000001,8.100432,8.198838,8.29341,8.384121,8.470971,8.553978,8.633196,8.70867,8.780463,8.848647,8.913294,8.974476000000001,9.03231,9.08676,9.13797,9.18603,9.23094,9.27288,9.31176,9.34767,9.38079,9.41094,9.43839,9.46296,9.48483,9.504000000000001,9.520470000000001,9.53424,9.5454,9.55386,9.55962,9.56277,9.56322,9.560970000000001,9.55611,9.54846,9.53811,9.52497,9.50895,9.49014,9.46845,9.44379,9.416070000000001,9.385290000000001,9.35145,9.31437,9.273959999999999,9.230220000000001,9.182970000000001,9.13221,9.07785,9.0198,8.957898,8.892090000000001,8.822286,8.748405,8.670366,8.588124,8.501624999999999,8.410851000000001,8.315829,8.216595,8.113266,8.006022000000002,7.895115,7.780923,7.663913999999999,7.544735999999999,7.424208,7.303329000000001,7.183359,7.065783,6.952356000000001,6.845067,6.746139,6.65793,6.5828880000000005,6.523344000000001,6.481422,6.4588410000000005,6.456771000000001,6.475725,6.5155140000000005,6.575301,6.653655,6.748722,6.858387,6.9804,7.112547,7.2527219999999994,7.398999,7.549677,7.703289000000001,7.858602,8.014581,8.170389,8.325360000000002,8.478963,8.630802,8.78058,8.928063000000002,9.073080000000001,9.21564,9.3555,9.49284,9.62748,9.759599999999999,9.8892,10.01637,10.14102,10.26342,10.38357,10.501470000000001,10.6173,10.731150000000001,10.843020000000001,10.953,11.06127,11.16774,11.27268,11.376000000000001,11.47779,11.57814,11.677140000000001,11.77479
15.63624,15.58593,15.5358,15.48585,15.43599,15.3864,15.33699,15.28776,15.23871,15.189840000000002,15.14115,15.092730000000001,15.044490000000001,14.996430000000002,14.948550000000001,14.90094,14.853510000000002,14.80635,14.75937,14.712660000000001,14.666220000000001,14.619959999999999,14.573970000000001,14.528340000000002,14.48289,14.43771,14.392800000000001,14.34816,14.303880000000001,14.259870000000001,14.21622,14.17284,14.12982,14.08716,14.04486,14.00292,13.961340000000002,13.920119999999999,13.87935,13.83903,13.79907,13.75956,13.7205,13.68198,13.64391,13.60629,13.56921,13.532670000000001,13.49667,13.461300000000001,13.42638,13.392090000000001,13.35843,13.3254,13.293,13.261230000000001,13.23009,13.199580000000001,13.169880000000001,13.14081,13.11237,13.08474,13.05783,13.03164,13.00626,12.98151,12.95757,12.93444,12.911940000000001,12.89034,12.86946,12.8493,12.82986,12.81123,12.793320000000001,12.77622,12.75975,12.74409,12.72906,12.71475,12.70116,12.6882,12.675870000000002,12.66408,12.65301,12.64248,12.632489999999999,12.623130000000002,12.614130000000001,12.60576,12.597750000000001,12.590190000000002,12.583079999999999,12.576329999999999,12.56985,12.56382,12.557970000000001,12.55239,12.547080000000001,12.542040000000002,12.53709,12.53232,12.527640000000002,12.523050000000001,12.51855,12.514050000000001,12.50964,12.50514,12.50064,12.49596,12.491280000000001,12.48651,12.48147,12.47634,12.47103,12.46554,12.45969,12.453660000000001,12.44736,12.440700000000001,12.43377,12.42648,12.41892,12.41091,12.40245,12.39363,12.384450000000001,12.374730000000001,12.36456,12.35394,12.34287,12.33126,12.31911,12.306420000000001,12.293190000000001,12.279330000000002,12.264930000000001,12.24999,12.23442,12.218219999999999,12.20139,12.18384,12.165750000000001,12.146849999999999,12.127320000000001,12.10707,12.0861,12.06441,12.042000000000002,12.018690000000001,11.994750000000002,11.969909999999999,11.94426,11.917800000000002,11.890440000000002,11.86227,11.8332,11.803139999999999,11.77218,11.74032,11.70747,11.67354,11.638710000000001,11.60271,11.56572,11.527560000000001,11.48832,11.44791,11.40624,11.3634,11.3193,11.273850000000001,11.22714,11.178989999999999,11.1294,11.07846,11.0259,10.97181,10.9161,10.858680000000001,10.79964,10.738710000000001,10.67598,10.61136,10.54476,10.476090000000001,10.40526,10.33227,10.25694,10.17918,10.09908,10.016280000000002,9.93096,9.84276,9.75177,9.657720000000001,9.56061,9.46035,9.35685,9.249929999999999,9.13941,9.02538,8.907732,8.786331,8.661168,8.532233999999999,8.399565,8.263233,8.123409,7.980309000000001,7.8342659999999995,7.685757000000001,7.535403,7.384014,7.2326250000000005,7.082541,6.9353549999999995,6.792975,6.657606,6.531759,6.418170000000001,6.319674,6.239034,6.178761,6.1408439999999995,6.126552,6.136299,6.1695720000000005,6.224985,6.300468,6.393447,6.501069,6.620463,6.748848,6.883695,7.02279,7.164198,7.306362000000001,7.447977,7.5880350000000005,7.725726,7.860456000000001,7.991793,8.119413000000002,8.243109,8.362772999999999,8.478342,8.589807,8.697204000000001,8.800587,8.900055,8.995707,9.087660000000001,9.17604,9.260909999999999,9.34245,9.42075,9.49599,9.56826,9.63765,9.70434,9.76842,9.82998,9.88911,9.9459,10.000530000000001,10.053,10.1034,10.151909999999999,10.19853,10.243350000000001,10.28646,10.327860000000001,10.36773,10.405980000000001,10.44279,10.478250000000001,10.512270000000001,10.54503,10.57644,10.60668,10.635750000000002,10.66365,10.69047,10.71621,10.740960000000001,10.76472,10.78749,10.809360000000002,10.83024,10.85031,10.86957,10.88793,10.90548,10.92231,10.93833,10.95363,10.96821,10.98207,10.9953,11.00772,11.0196,11.030759999999999,11.04138,11.05128,11.060640000000001,11.069370000000001,11.07747,11.085030000000001,11.09205,11.09844,11.10429,11.1096,11.11437,11.11869,11.12238,11.125530000000001,11.12823,11.130300000000002,11.131920000000001,11.133090000000001,11.13363,11.13372,11.133270000000001,11.132370000000002,11.13093,11.129040000000002,11.126520000000001,11.123550000000002,11.120130000000001,11.11617,11.11167,11.106630000000001,11.101140000000001,11.09511,11.08854,11.08143,11.07378,11.06559,11.05686,11.04759,11.03769,11.02725,11.01627,11.00475,10.992510000000001,10.97982,10.966410000000002,10.95237,10.937700000000001,10.9224,10.90647,10.88973,10.87245,10.85436,10.835550000000001,10.81602,10.795770000000001,10.77471,10.752839999999999,10.73016,10.70658,10.6821,10.65681,10.63062,10.603349999999999,10.57518,10.54602,10.515780000000001,10.48446,10.451970000000001,10.4184,10.38366,10.34757,10.31031,10.27161,10.23165,10.19016,10.14723,10.102770000000001,10.056780000000002,10.00899,9.95958,9.90837,9.85518,9.800189999999999,9.74304,9.683910000000001,9.622530000000001,9.558810000000001,9.49284,9.42426,9.35316,9.279449999999999,9.202860000000001,9.12339,9.04086,8.955261,8.866404,8.774199,8.678529000000001,8.579295,8.476416,8.369819999999999,8.259435,8.145242999999999,8.027262,7.905537,7.780194,7.651422000000001,7.519526999999999,7.384923000000001,7.248177,7.110036,6.971481,6.833709,6.698241,6.566859,6.4416780000000005,6.325092,6.219720000000001,6.12828,6.053445,5.997618,5.962743000000001,5.9500530000000005,5.959962,5.991993,6.044841000000001,6.1165080000000005,6.204528,6.306192,6.418737,6.539508,6.666084000000001,6.79635,6.928479,7.060968,7.192575,7.322346,7.449498,7.573482,7.693857000000001,7.8103169999999995,7.922682,8.030799,8.134614000000001,8.2341,8.329293000000002,8.420211,8.506935,8.589528,8.668089,8.742699,8.813457000000001,8.880453,8.943786000000001,9.00351,9.059849999999999,9.11268,9.162270000000001,9.20853,9.25173,9.29169,9.32868,9.3627,9.39375,9.42192,9.44721,9.469710000000001,9.489329999999999,9.50625,9.520470000000001,9.5319,9.54054,9.54648,9.549719999999999,9.55026,9.54801,9.54297,9.53514,9.52452,9.51102,9.49455,9.475200000000001,9.45288,9.4275,9.39897,9.367289999999999,9.332279999999999,9.29394,9.252180000000001,9.20691,9.15804,9.105390000000002,9.04896,8.988507,8.924013,8.855343000000001,8.78238,8.704989,8.623089,8.536563000000001,8.445339,8.349336,8.248536,8.142939,8.03259,7.917624,7.79823,7.674722999999999,7.547544,7.417296000000001,7.284798,7.151067,7.0174259999999995,6.885495,6.757218,6.634881,6.521103,6.418728,6.330753,6.26013,6.209577,6.181299,6.176826,6.196797,6.240942,6.308091,6.396354,6.5033009999999996,6.626214,6.762303,6.9088590000000005,7.06338,7.223652,7.387749,7.554068999999999,7.721307000000001,7.888392,8.054478,8.218935,8.381268,8.541108,8.698221,8.852418,9.0036,9.15174,9.29682,9.43884,9.57789,9.71397,9.84726,9.97767,10.10547,10.23075,10.35351,10.473840000000001,10.59192,10.707840000000001,10.8216,10.93338,11.043270000000001,11.15136,11.25765,11.36223,11.46528,11.5668,11.66679,11.76552
15.60987,15.5592,15.50871,15.4584,15.40827,15.358320000000003,15.30855,15.25896,15.20955,15.16032,15.111360000000001,15.06249,15.013889999999998,14.96547,14.91723,14.86926,14.82147,14.773860000000003,14.72652,14.679450000000001,14.632560000000002,14.585940000000003,14.53959,14.49342,14.44752,14.401979999999998,14.356620000000001,14.31162,14.26689,14.22252,14.17833,14.13459,14.09112,14.04801,14.005260000000002,13.96287,13.92084,13.87917,13.838040000000001,13.797179999999999,13.75686,13.7169,13.67739,13.63842,13.599900000000002,13.56192,13.52448,13.487490000000001,13.451130000000001,13.415310000000002,13.38003,13.34538,13.31136,13.27797,13.24521,13.21317,13.18176,13.151069999999999,13.121010000000002,13.09176,13.06314,13.03533,13.00824,12.98196,12.9564,12.93165,12.90762,12.884400000000001,12.86199,12.84039,12.819510000000001,12.79953,12.78027,12.76173,12.74409,12.72717,12.710970000000001,12.69558,12.68082,12.66687,12.65364,12.64104,12.62916,12.61791,12.60729,12.59721,12.58776,12.57894,12.57057,12.562740000000002,12.55536,12.54843,12.54195,12.535829999999999,12.53007,12.52467,12.519540000000001,12.51468,12.51009,12.505680000000002,12.50145,12.497399999999999,12.493440000000001,12.48966,12.485880000000002,12.4821,12.47832,12.47454,12.47076,12.466800000000001,12.46284,12.4587,12.45438,12.44997,12.44529,12.440339999999999,12.435210000000001,12.42981,12.424140000000001,12.41811,12.411810000000001,12.40506,12.398040000000002,12.39057,12.38274,12.37446,12.36573,12.35655,12.34683,12.33666,12.32604,12.31488,12.30318,12.290849999999999,12.278070000000001,12.26466,12.250620000000001,12.235949999999999,12.22074,12.2049,12.18834,12.17115,12.15324,12.13461,12.11535,12.095369999999999,12.074580000000001,12.05307,12.03084,12.007710000000001,11.98386,11.959200000000001,11.93364,11.90727,11.880090000000001,11.85192,11.82285,11.79288,11.76201,11.73006,11.69712,11.66328,11.628269999999999,11.592270000000001,11.555100000000001,11.51685,11.477430000000002,11.43684,11.39499,11.351880000000001,11.30751,11.26179,11.214720000000002,11.166210000000001,11.11626,11.06478,11.01177,10.95714,10.90089,10.84293,10.78317,10.72161,10.65807,10.592550000000001,10.52505,10.455390000000001,10.38348,10.309320000000001,10.23273,10.15362,10.071990000000001,9.98766,9.900450000000001,9.81036,9.717300000000002,9.621,9.52146,9.41841,9.31194,9.201690000000001,9.087660000000001,8.969715,8.847702000000002,8.721531,8.591112,8.456382,8.317323,8.173944,8.026326,7.874631,7.719138,7.560225,7.398486,7.234677,7.069842,6.9053130000000005,6.742791,6.584382,6.432597,6.290388,6.161049,6.048135,5.955174,5.88546,5.841648,5.8254660000000005,5.837499,5.877045,5.942268,6.0303960000000005,6.138072,6.261669,6.397614,6.542559000000001,6.6935340000000005,6.84801,7.00389,7.159491,7.3134809999999995,7.4648520000000005,7.612856999999999,7.756938,7.896744,8.032014,8.16264,8.288541,8.409753,8.526312,8.638308,8.745867,8.849106,8.948169,9.0432,9.13437,9.22185,9.30573,9.386190000000001,9.46332,9.53739,9.6084,9.67653,9.74196,9.80478,9.86508,9.92295,9.97848,10.03185,10.08315,10.132380000000001,10.179720000000001,10.22517,10.268820000000002,10.31085,10.351170000000002,10.38996,10.42722,10.463040000000001,10.49742,10.53054,10.562310000000002,10.59291,10.622250000000001,10.65042,10.67742,10.703429999999999,10.72836,10.7523,10.77534,10.7973,10.81845,10.83861,10.85796,10.876500000000002,10.89423,10.911150000000001,10.92726,10.94265,10.95732,10.97127,10.98459,10.9971,11.009070000000001,11.02032,11.030940000000001,11.04093,11.05029,11.05902,11.067210000000001,11.074860000000001,11.08188,11.08827,11.09421,11.09952,11.10438,11.10861,11.1123,11.115540000000001,11.11815,11.12031,11.121929999999999,11.12301,11.12364,11.12373,11.12328,11.12238,11.120940000000001,11.11896,11.11653,11.11356,11.110050000000001,11.106,11.101500000000001,11.09646,11.09088,11.08485,11.078190000000001,11.07108,11.06343,11.055150000000001,11.04642,11.03706,11.02716,11.016720000000001,11.005650000000001,10.99404,10.9818,10.96893,10.955430000000002,10.94139,10.926630000000001,10.91124,10.89513,10.87839,10.86093,10.842839999999999,10.82394,10.80423,10.7838,10.76265,10.740599999999999,10.717740000000001,10.694070000000002,10.669500000000001,10.643939999999999,10.61757,10.59012,10.561770000000001,10.532340000000001,10.50183,10.47024,10.437570000000001,10.40364,10.36854,10.332180000000001,10.29456,10.2555,10.21509,10.17315,10.12977,10.084769999999999,10.03815,9.98982,9.93969,9.88776,9.833850000000002,9.77796,9.72,9.659790000000001,9.597330000000001,9.53253,9.46521,9.39528,9.32274,9.24723,9.16884,9.08739,9.002790000000001,8.914734000000001,8.82324,8.728128,8.629254000000001,8.526483,8.419698,8.308773,8.193609,8.074116,7.950258,7.822026000000001,7.689474000000001,7.552728000000001,7.412012999999999,7.26768,7.120242,6.970419,6.8191559999999996,6.667704,6.517665,6.371028,6.230187000000001,6.09795,5.977485000000001,5.872194,5.785497,5.720571,5.67999,5.665446,5.677515,5.715558000000001,5.777802,5.861600999999999,5.9637329999999995,6.080733,6.209145,6.345792,6.487821,6.632829,6.7788,6.92415,7.067601000000001,7.20819,7.3452150000000005,7.478145,7.606629,7.7304330000000006,7.849422,7.963532999999999,8.072766,8.177166,8.276787,8.371737000000001,8.462106,8.54802,8.629596000000001,8.706942,8.780193,8.849466,8.914878,8.976528,9.034559999999999,9.08901,9.13995,9.187650000000001,9.23193,9.273060000000001,9.31104,9.34596,9.37782,9.40671,9.432630000000001,9.45567,9.47583,9.4932,9.50778,9.51948,9.52839,9.53451,9.537840000000001,9.53838,9.53604,9.53091,9.5229,9.51201,9.49815,9.48141,9.46152,9.43857,9.412469999999999,9.383130000000001,9.35055,9.31455,9.27504,9.23202,9.185220000000001,9.13464,9.08019,9.021690000000001,8.959023,8.892018,8.820558,8.74449,8.663661,8.577945000000001,8.48718,8.391258,8.290044,8.183448,8.071425,7.953948,7.83108,7.7029380000000005,7.569756000000001,7.4319120000000005,7.289955,7.144641,6.996987,6.848361,6.700473,6.5554559999999995,6.415929,6.284916000000001,6.165873,6.06249,5.978529,5.9175,5.882319000000001,5.875011000000001,5.896395,5.946048,6.022368,6.122771999999999,6.244065,6.382746,6.535314,6.698466,6.86925,7.045146,7.2240210000000005,7.404165000000001,7.584201,7.763076000000001,7.939971000000001,8.114301000000001,8.285634,8.453682,8.618256,8.779248,8.936622,9.09036,9.24057,9.387270000000001,9.530640000000002,9.67059,9.80748,9.94122,10.071990000000001,10.19997,10.32534,10.44801,10.56825,10.68615,10.8018,10.91529,11.02671,11.13624,11.24388,11.349810000000002,11.45403,11.55663,11.6577,11.75724
15.583139999999998,15.53211,15.481349999999999,15.430679999999999,15.380189999999999,15.329880000000001,15.27975,15.229800000000001,15.180030000000002,15.130439999999998,15.081119999999999,15.031890000000002,14.982840000000001,14.934059999999999,14.88546,14.837130000000002,14.788889999999999,14.74092,14.693220000000002,14.6457,14.598360000000001,14.55138,14.504579999999999,14.45805,14.411700000000002,14.36571,14.319989999999999,14.27454,14.22936,14.18445,14.1399,14.09562,14.0517,14.008140000000001,13.96494,13.9221,13.87962,13.8375,13.79583,13.75461,13.713750000000001,13.673340000000001,13.63347,13.59405,13.55508,13.51665,13.47876,13.44132,13.40451,13.36833,13.33269,13.29768,13.26321,13.229460000000001,13.19643,13.16403,13.13226,13.1013,13.07097,13.041450000000001,13.01265,12.98466,12.95739,12.93093,12.90528,12.88035,12.85632,12.8331,12.81069,12.789090000000002,12.7683,12.74832,12.729239999999999,12.710880000000001,12.69342,12.676680000000001,12.66075,12.64563,12.63132,12.617640000000002,12.60477,12.59262,12.581190000000001,12.57039,12.56031,12.55077,12.54186,12.53358,12.52584,12.51855,12.511890000000001,12.50559,12.499740000000001,12.494340000000001,12.4893,12.484530000000001,12.48021,12.47607,12.4722,12.46851,12.46509,12.46176,12.45852,12.45546,12.4524,12.449430000000001,12.44637,12.4434,12.44025,12.437100000000001,12.433860000000001,12.43044,12.42684,12.42306,12.4191,12.41487,12.41046,12.40569,12.400649999999999,12.39525,12.38949,12.38337,12.37698,12.37005,12.36276,12.35502,12.34683,12.338189999999999,12.32901,12.31938,12.30921,12.29841,12.28716,12.27537,12.26295,12.2499,12.236310000000001,12.222,12.20715,12.19158,12.17538,12.15846,12.14091,12.12255,12.10356,12.08376,12.06324,12.04191,12.01986,11.997,11.973329999999999,11.94876,11.923380000000002,11.8971,11.86992,11.84193,11.81295,11.78298,11.75211,11.72016,11.687310000000002,11.65338,11.61828,11.58219,11.545020000000001,11.506590000000001,11.46708,11.42631,11.38428,11.340990000000001,11.29635,11.25036,11.20302,11.15415,11.10384,11.052,10.99854,10.94346,10.88667,10.82817,10.76778,10.7055,10.641240000000002,10.575000000000001,10.5066,10.43604,10.36314,10.28781,10.21005,10.12968,10.046610000000001,9.96075,9.87192,9.78003,9.68499,9.58653,9.48456,9.37899,9.26955,9.15624,9.0387,8.916939,8.790705,8.659863000000001,8.524278,8.383815,8.238384,8.087931,7.932456000000001,7.772022,7.606818,7.437132,7.26345,7.0864650000000005,6.907166999999999,6.726888,6.547391999999999,6.37092,6.200316,6.039,5.89095,5.760585,5.652477,5.570982000000001,5.519727,5.501124,5.515992,5.563368,5.640732,5.744349,5.8697550000000005,6.012297,6.167520000000001,6.331410000000001,6.500520000000001,6.672024,6.843654,7.013682,7.180785,7.344017999999999,7.502688000000001,7.656372,7.804781999999999,7.947774,8.085312,8.217423,8.344206,8.465769,8.582265,8.693874000000001,8.800767,8.903133,9.00117,9.095040000000001,9.184859999999999,9.27099,9.35343,9.43245,9.508140000000001,9.580770000000001,9.65034,9.71703,9.78093,9.842310000000001,9.90117,9.957600000000001,10.01178,10.06389,10.113840000000001,10.16172,10.2078,10.25208,10.29456,10.33533,10.37457,10.41219,10.44846,10.4832,10.51659,10.548630000000001,10.579500000000001,10.609110000000001,10.63755,10.66482,10.69101,10.71612,10.74024,10.76337,10.7856,10.806840000000001,10.82718,10.84662,10.86525,10.88307,10.90008,10.91637,10.93185,10.946610000000002,10.96065,10.973970000000001,10.98657,10.99854,11.00988,11.0205,11.03058,11.04003,11.048760000000001,11.05704,11.06469,11.07171,11.078190000000001,11.08413,11.08944,11.0943,11.09853,11.102310000000001,11.105459999999999,11.10816,11.11032,11.11194,11.11302,11.11365,11.11374,11.113290000000001,11.11239,11.11086,11.10888,11.10645,11.10348,11.099969999999999,11.09592,11.091420000000001,11.08629,11.08071,11.07459,11.06793,11.06082,11.05308,11.0448,11.03598,11.02662,11.016630000000001,11.0061,10.99503,10.98333,10.971,10.95813,10.94463,10.93041,10.915650000000001,10.900170000000001,10.88397,10.867140000000001,10.84968,10.83141,10.81242,10.79262,10.7721,10.75077,10.72863,10.705680000000001,10.681830000000001,10.65708,10.63143,10.60479,10.57725,10.548630000000001,10.51902,10.488330000000001,10.45656,10.42353,10.38942,10.35405,10.31733,10.27935,10.239930000000001,10.199160000000001,10.15686,10.11303,10.06758,10.020420000000001,9.97155,9.92079,9.86823,9.813600000000001,9.7569,9.69813,9.637020000000001,9.57357,9.5076,9.43911,9.36792,9.29394,9.2169,9.1368,9.053460000000001,8.9667,8.876403,8.78238,8.684469,8.582508,8.476317,8.365725,8.250579,8.130708,8.005977000000001,7.876278,7.741529999999999,7.601697,7.456824000000001,7.307046000000001,7.152624,6.993972,6.831729,6.666786,6.500394,6.3342,6.170337,6.011496,5.860944,5.722497,5.600403,5.499080999999999,5.422761,5.374962,5.358042,5.372802,5.418360000000001,5.492286,5.59098,5.710167,5.8453740000000005,5.992326,6.147162000000001,6.306597,6.467931,6.6290130000000005,6.788187000000001,6.944193,7.0961490000000005,7.243398000000001,7.385526,7.522263,7.653474,7.779114,7.899201,8.013807,8.123031,8.227008000000001,8.325891,8.419806,8.508933,8.593416,8.673408,8.749062,8.820522,8.887914,8.951382,9.01107,9.066960000000002,9.119340000000001,9.16821,9.213750000000001,9.25587,9.29484,9.33057,9.36315,9.39276,9.41931,9.44289,9.46359,9.48132,9.49617,9.508230000000001,9.51732,9.52362,9.52704,9.52767,9.52533,9.52002,9.51192,9.50076,9.48663,9.46944,9.449100000000001,9.425609999999999,9.39879,9.368730000000001,9.33525,9.29826,9.257670000000001,9.21339,9.16524,9.11313,9.05688,8.996436000000001,8.931573,8.862147,8.787987000000001,8.708922,8.624754,8.535312,8.440416,8.339868000000001,8.233506,8.121167999999999,8.002737,7.878105000000001,7.747245,7.610184,7.4670749999999995,7.318169999999999,7.163937,7.005033,6.842448,6.677496,6.511977,6.348177000000001,6.189012000000001,6.037992,5.899248,5.777379000000001,5.6771910000000005,5.603301,5.559633,5.548905,5.572233,5.62896,5.7168,5.832234000000001,5.970960000000001,6.128451,6.3002970000000005,6.48252,6.671673,6.864921000000001,7.059951,7.254972,7.448625,7.6398839999999995,7.828011,8.012511,8.193033,8.369379,8.541450000000001,8.709228000000001,8.87274,9.03204,9.18729,9.33858,9.48609,9.62991,9.77022,9.90711,10.040849999999999,10.17153,10.299240000000001,10.42425,10.546560000000001,10.66635,10.78371,10.89882,11.01177,11.12274,11.23164,11.33874,11.444040000000001,11.54763,11.649690000000001,11.75022
15.55605,15.50475,15.45354,15.402600000000001,15.351750000000001,15.30108,15.25059,15.20028,15.150150000000002,15.1002,15.05043,15.00084,14.95143,14.90229,14.85324,14.80446,14.755859999999998,14.70753,14.65938,14.61141,14.563709999999999,14.516280000000002,14.46903,14.42205,14.37534,14.328899999999999,14.28264,14.236740000000001,14.19111,14.14584,14.100750000000001,14.05611,14.011650000000001,13.967640000000001,13.9239,13.88061,13.83768,13.79511,13.7529,13.71123,13.669920000000001,13.62906,13.58865,13.54869,13.50927,13.47039,13.43205,13.394160000000001,13.356990000000001,13.32027,13.28418,13.24881,13.21398,13.17987,13.14639,13.11363,13.08159,13.05027,13.019670000000001,12.98988,12.9609,12.932640000000001,12.905190000000001,12.87855,12.85272,12.82779,12.80367,12.78036,12.75795,12.73635,12.71565,12.695760000000002,12.676770000000001,12.65868,12.64131,12.62484,12.60918,12.594330000000001,12.58038,12.56706,12.554640000000001,12.542850000000001,12.531870000000001,12.52161,12.511980000000001,12.503070000000001,12.4947,12.48705,12.47985,12.473279999999999,12.46725,12.46167,12.45654,12.45177,12.447450000000002,12.44349,12.43989,12.436470000000002,12.43341,12.430530000000001,12.42783,12.42531,12.422880000000001,12.420539999999999,12.41829,12.41613,12.41388,12.411629999999999,12.40929,12.40686,12.404340000000001,12.40164,12.398850000000001,12.39579,12.392550000000002,12.38904,12.38526,12.381120000000001,12.376800000000001,12.37203,12.36699,12.3615,12.35565,12.349350000000001,12.342690000000001,12.33549,12.32784,12.31974,12.3111,12.301919999999999,12.2922,12.282029999999999,12.271230000000001,12.2598,12.24783,12.23523,12.222,12.20814,12.193560000000002,12.17835,12.16251,12.145950000000001,12.12867,12.11067,12.09186,12.072330000000001,12.05208,12.031020000000002,12.00915,11.98647,11.96298,11.938590000000001,11.9133,11.8872,11.8602,11.83221,11.803320000000001,11.77344,11.74257,11.71071,11.67786,11.64393,11.60883,11.57265,11.53539,11.49696,11.45727,11.416319999999999,11.3742,11.33073,11.28591,11.239650000000001,11.19204,11.142900000000001,11.09232,11.04012,10.986300000000002,10.93077,10.87353,10.814400000000001,10.75347,10.690650000000002,10.62576,10.55871,10.4895,10.41804,10.344240000000001,10.26801,10.189079999999999,10.10754,10.02321,9.93582,9.84546,9.75186,9.65493,9.5544,9.45027,9.34218,9.230039999999999,9.113760000000001,8.992917,8.867475,8.737181999999999,8.601840000000001,8.461233,8.315172,8.163495000000001,8.006058,7.842752999999999,7.673553000000001,7.498512000000001,7.317801000000001,7.1317710000000005,6.940989,6.746328,6.549048,6.3508949999999995,6.154236,5.9621580000000005,5.778567,5.608206,5.456592,5.329656000000001,5.2332659999999995,5.17248,5.150718,5.169168,5.226489000000001,5.319126000000001,5.441886,5.588811,5.7538800000000005,5.931549,6.117021,6.30639,6.496551,6.685173000000001,6.8705099999999995,7.051337999999999,7.22682,7.396407,7.559793,7.716824999999999,7.867494,8.011863,8.150058,8.282259,8.408664,8.529498,8.644995,8.755371,8.860869,8.961713999999999,9.05814,9.1503,9.2385,9.322830000000002,9.40356,9.48087,9.55485,9.625680000000001,9.69354,9.75852,9.82089,9.880650000000001,9.93789,9.99288,10.04562,10.0962,10.14471,10.19133,10.23606,10.27899,10.320210000000001,10.35981,10.39788,10.43442,10.469430000000001,10.50318,10.53549,10.566540000000002,10.59642,10.62504,10.65249,10.67886,10.70424,10.72845,10.75176,10.77408,10.79541,10.81593,10.835460000000001,10.85427,10.87218,10.88928,10.90557,10.921140000000001,10.9359,10.95003,10.96344,10.976130000000001,10.9881,10.99953,11.01024,11.02032,11.029770000000001,11.038590000000001,11.04687,11.05452,11.06163,11.06811,11.074050000000002,11.07945,11.08422,11.08854,11.09232,11.09547,11.098170000000001,11.100330000000001,11.10195,11.10303,11.103660000000001,11.10375,11.1033,11.102310000000001,11.10087,11.09889,11.09637,11.0934,11.08989,11.085840000000001,11.08125,11.076210000000001,11.07054,11.06442,11.05776,11.050559999999999,11.04282,11.034450000000001,11.02563,11.01618,11.00619,10.995659999999999,10.9845,10.972710000000001,10.96038,10.947420000000001,10.93383,10.91961,10.904760000000001,10.889190000000001,10.87299,10.85607,10.83843,10.82016,10.80108,10.78119,10.760580000000001,10.73916,10.71693,10.6938,10.66986,10.64493,10.61919,10.592459999999999,10.56465,10.53594,10.506150000000002,10.475280000000001,10.443240000000001,10.41003,10.37565,10.34001,10.30311,10.26477,10.22508,10.183950000000001,10.141290000000001,10.09701,10.05111,10.0035,9.95409,9.90288,9.84969,9.79443,9.73701,9.677430000000001,9.61551,9.55116,9.48429,9.414629999999999,9.342270000000001,9.26685,9.188460000000001,9.10674,9.0216,8.932923,8.840475,8.744067000000001,8.643519000000001,8.538615,8.429148,8.314911,8.195688,8.071254,7.941420000000001,7.805988,7.664805000000001,7.517727000000001,7.3647089999999995,7.205751,7.040988,6.870726,6.695451,6.515964,6.333417000000001,6.1494480000000005,5.966289,5.786856,5.6148929999999995,5.454963,5.312358,5.192829,5.102064,5.044986000000001,5.024952000000001,5.043123,5.098256999999999,5.186897999999999,5.304078,5.444019,5.600943,5.769504,5.945112000000001,6.124023,6.303294,6.480675000000001,6.654546,6.823728,6.987429000000001,7.145154,7.296588,7.441623000000001,7.580214,7.7124239999999995,7.838379000000001,7.958232000000001,8.072163,8.180352000000001,8.283015,8.38035,8.472546000000001,8.55981,8.642313,8.720253000000001,8.793774,8.863056,8.928225,8.989443,9.0468,9.100439999999999,9.15057,9.197099999999999,9.24021,9.27999,9.31662,9.349920000000001,9.38016,9.407340000000001,9.43146,9.452520000000002,9.4707,9.48591,9.49815,9.50751,9.51399,9.5175,9.51804,9.5157,9.510390000000001,9.50211,9.49077,9.47628,9.458730000000001,9.43794,9.414000000000001,9.386640000000002,9.35586,9.321570000000001,9.28359,9.24201,9.19647,9.14706,9.09342,9.03564,8.973288,8.906364,8.834643,8.757909,8.675973,8.58861,8.495595000000002,8.396685000000002,8.291664,8.180289,8.062335000000001,7.937595,7.80588,7.667055,7.5210479999999995,7.367859,7.207641000000001,7.0407,6.867576,6.689133,6.506604,6.321771,6.137028000000001,5.955525000000001,5.7812850000000005,5.619213,5.475006,5.354865,5.264937,5.210630999999999,5.195718,5.221719,5.287635,5.390172000000001,5.524353,5.684391000000001,5.864355000000001,6.058737000000001,6.262776,6.472521,6.684849,6.8973390000000006,7.108209,7.316154000000001,7.520256000000001,7.7199029999999995,7.914717,8.104491,8.289126000000001,8.468639999999999,8.643096000000002,8.812629,8.977383,9.13752,9.29322,9.44478,9.5922,9.735840000000001,9.87579,10.01232,10.145520000000001,10.27557,10.402650000000001,10.526850000000001,10.64844,10.767510000000001,10.88415,10.99854,11.11077,11.220930000000001,11.32911,11.43549,11.54007,11.64303,11.744280000000002
15.5286,15.47694,15.42546,15.37407,15.32295,15.271920000000001,15.22107,15.170309999999999,15.11982,15.069510000000001,15.019379999999998,14.969430000000001,14.919570000000002,14.870070000000002,14.820660000000002,14.77143,14.72247,14.673689999999999,14.62509,14.57676,14.52861,14.480640000000001,14.43303,14.3856,14.33844,14.29146,14.24484,14.1984,14.15232,14.10651,14.061060000000001,14.01579,13.970970000000001,13.92642,13.88223,13.8384,13.79493,13.75191,13.70925,13.66695,13.62519,13.58379,13.54293,13.50252,13.46256,13.42323,13.38435,13.346010000000001,13.308300000000001,13.27122,13.234679999999999,13.19886,13.163580000000001,13.129109999999999,13.095270000000001,13.06206,13.02966,12.99807,12.96711,12.93705,12.9078,12.87927,12.85164,12.82482,12.7989,12.77379,12.74958,12.726180000000001,12.70377,12.682260000000001,12.661560000000001,12.64176,12.62286,12.60495,12.58776,12.571560000000002,12.55617,12.54168,12.528,12.51513,12.503070000000001,12.49173,12.481200000000001,12.471480000000001,12.46239,12.45402,12.44628,12.43917,12.432690000000001,12.42684,12.42144,12.416580000000002,12.41217,12.40821,12.40461,12.40146,12.398579999999999,12.39597,12.39372,12.39165,12.38976,12.38805,12.38643,12.38499,12.38355,12.382109999999999,12.38067,12.37923,12.3777,12.376080000000002,12.37437,12.37239,12.37032,12.368070000000001,12.36555,12.36276,12.3597,12.35637,12.35268,12.348630000000002,12.34413,12.339360000000001,12.33414,12.32847,12.32235,12.31578,12.30876,12.30111,12.2931,12.284460000000001,12.27528,12.26547,12.25521,12.24423,12.23271,12.22056,12.20769,12.194280000000001,12.180060000000001,12.1653,12.149730000000002,12.13353,12.11652,12.09888,12.08034,12.06117,12.0411,12.02031,11.998619999999999,11.97621,11.952900000000001,11.92869,11.90358,11.87766,11.850750000000001,11.82285,11.79405,11.76426,11.73348,11.70171,11.66886,11.63493,11.59983,11.563649999999999,11.5263,11.48778,11.44809,11.40705,11.364749999999999,11.321100000000001,11.2761,11.22975,11.18187,11.13255,11.081610000000001,11.02905,10.974870000000001,10.91898,10.86129,10.8018,10.74033,10.67697,10.61145,10.54377,10.473840000000001,10.40166,10.32696,10.249740000000001,10.16991,10.087200000000001,10.0017,9.91305,9.82125,9.72603,9.62739,9.52497,9.41868,9.30834,9.19368,9.074520000000001,8.950635,8.821737,8.687600999999999,8.547966,8.402571,8.251146,8.09343,7.929207000000001,7.758243,7.580394000000001,7.395552,7.203753000000001,7.005159,6.800148,6.589422,6.374061,6.155694,5.936688,5.720283,5.510817,5.313879,5.136255,4.985685,4.870179,4.796919,4.770945,4.794039000000001,4.864248,4.976379,5.1230970000000005,5.2962929999999995,5.488155,5.691834,5.9017230000000005,6.113475,6.32385,6.530517,6.731865,6.926832,7.114761,7.295310000000001,7.468335,7.633872,7.792038,7.943022000000001,8.087076,8.224479,8.355501,8.480448,8.599608,8.71326,8.821692,8.925174,9.02394,9.11826,9.208350000000001,9.29448,9.37674,9.455400000000001,9.53073,9.602730000000001,9.67167,9.737639999999999,9.800910000000002,9.86139,9.91944,9.97506,10.02843,10.079640000000001,10.128689999999999,10.17576,10.22094,10.26423,10.305900000000001,10.34577,10.3842,10.42101,10.456290000000001,10.490219999999999,10.5228,10.554120000000001,10.58409,10.61298,10.64061,10.667159999999999,10.69254,10.71702,10.74042,10.762830000000001,10.78434,10.80486,10.824570000000001,10.84338,10.861379999999999,10.878570000000002,10.89495,10.91052,10.925460000000001,10.939589999999999,10.953,10.96578,10.97784,10.989270000000001,10.99998,11.01006,11.0196,11.02851,11.0367,11.04444,11.05155,11.05803,11.063970000000001,11.069370000000001,11.07423,11.07855,11.08233,11.08548,11.08818,11.09034,11.09196,11.09313,11.09367,11.09376,11.09331,11.09232,11.09088,11.0889,11.08638,11.08332,11.07981,11.07576,11.07117,11.066040000000001,11.06037,11.054250000000001,11.047500000000001,11.0403,11.03256,11.02419,11.01528,11.00583,10.99584,10.98522,10.973970000000001,10.96218,10.94985,10.9368,10.923210000000001,10.908900000000001,10.89396,10.87839,10.862100000000002,10.84509,10.82745,10.809,10.78992,10.76994,10.74924,10.727730000000001,10.70541,10.68219,10.65816,10.633140000000001,10.60722,10.580400000000001,10.5525,10.52361,10.49364,10.46259,10.43037,10.39698,10.36242,10.326600000000001,10.289430000000001,10.25082,10.21086,10.16946,10.12644,10.0818,10.035540000000001,9.987570000000002,9.937710000000001,9.88596,9.83223,9.776430000000001,9.71838,9.65808,9.59544,9.53028,9.46242,9.39186,9.31833,9.24174,9.162,9.07884,8.992098,8.901612,8.807166,8.708544,8.60553,8.497881000000001,8.385345000000001,8.267661,8.144577000000002,8.015805,7.881075,7.740117000000001,7.592669999999999,7.438518,7.277454,7.109352,6.934203,6.752106,6.563394,6.368661,6.168906,5.965641000000001,5.761071,5.558274,5.3613990000000005,5.175783,5.008005,4.865544,4.756185,4.686939,4.662756,4.685373,4.752963,4.860468,5.000832,5.16618,5.348988,5.542659,5.741811,5.942295,6.1410149999999994,6.335757,6.525,6.707763000000001,6.883433999999999,7.051698,7.21242,7.365635999999999,7.511454,7.650062999999999,7.781697000000001,7.9065900000000005,8.025012,8.137215,8.243469,8.344026000000001,8.439129000000001,8.529003000000001,8.613873000000002,8.693937,8.769402,8.84043,8.907201,8.969868,9.028530000000002,9.083430000000002,9.13455,9.182160000000001,9.226170000000002,9.26685,9.30411,9.33813,9.369,9.39663,9.42129,9.442800000000002,9.461340000000002,9.47682,9.489329999999999,9.49887,9.50553,9.50913,9.50976,9.507420000000002,9.50202,9.49356,9.482040000000001,9.467369999999999,9.44946,9.42831,9.403830000000001,9.37584,9.344430000000001,9.30942,9.27072,9.22806,9.18153,9.13086,9.07587,9.01647,8.952462,8.883612000000001,8.809731,8.730594,8.645958,8.555571,8.459163,8.356464,8.247168,8.130987000000001,8.007624000000002,7.876773,7.738155000000001,7.591526999999999,7.4366639999999995,7.273448999999999,7.101837,6.921972,6.734196000000001,6.539166,6.337962,6.13224,5.924367,5.717664,5.516586,5.326857,5.155506,5.010543,4.900302,4.83237,4.812192,4.841928,4.9200029999999995,5.0415030000000005,5.199336000000001,5.385519,5.5923300000000005,5.812938,6.041718,6.274287,6.507333,6.738435,6.965919,7.188624,7.40583,7.617096,7.822215,8.021142000000001,8.213913,8.400681,8.581626,8.756955000000001,8.926919999999999,9.09171,9.25173,9.406979999999999,9.55791,9.704699999999999,9.84753,9.98658,10.12212,10.254330000000001,10.38339,10.50948,10.63278,10.75338,10.87146,10.987110000000001,11.1006,11.21184,11.321100000000001,11.42838,11.53386,11.63763,11.739690000000001
15.500879999999999,15.448860000000002,15.397020000000001,15.345270000000001,15.2937,15.24231,15.191100000000002,15.14007,15.089129999999999,15.038459999999999,14.987879999999999,14.937570000000001,14.88735,14.8374,14.787539999999998,14.73795,14.68854,14.639309999999998,14.59026,14.54148,14.492970000000001,14.44455,14.39649,14.34861,14.300910000000002,14.253570000000002,14.20641,14.159519999999999,14.112990000000002,14.06664,14.02065,13.97493,13.92957,13.88448,13.839839999999999,13.79547,13.751460000000002,13.7079,13.6647,13.62195,13.57965,13.53771,13.496310000000001,13.45536,13.414950000000001,13.37508,13.335659999999999,13.29687,13.25871,13.22109,13.184099999999999,13.147739999999999,13.112100000000002,13.07709,13.042890000000002,13.00932,12.976560000000001,12.94452,12.91329,12.88287,12.85326,12.82455,12.796650000000001,12.76965,12.743549999999999,12.718350000000001,12.69396,12.67056,12.64815,12.62655,12.60594,12.58623,12.56751,12.54969,12.532770000000001,12.51675,12.50163,12.48741,12.47409,12.46167,12.44997,12.43917,12.42918,12.41991,12.41145,12.40362,12.39651,12.39012,12.38427,12.379050000000001,12.37446,12.37032,12.36663,12.36348,12.36069,12.358350000000002,12.35628,12.35457,12.35313,12.35187,12.35088,12.34998,12.34926,12.34854,12.348,12.34746,12.34683,12.3462,12.34548,12.34476,12.34377,12.342690000000001,12.34143,12.3399,12.338189999999999,12.33612,12.33378,12.33117,12.3282,12.32487,12.32109,12.31695,12.31245,12.307409999999999,12.301919999999999,12.29598,12.2895,12.28248,12.27492,12.26691,12.258180000000001,12.249,12.2391,12.228660000000001,12.217590000000001,12.20589,12.19347,12.18042,12.166739999999999,12.15225,12.137129999999999,12.1212,12.104550000000001,12.08718,12.069090000000001,12.0501,12.03039,12.009780000000001,11.98836,11.96613,11.943,11.91906,11.89413,11.86839,11.841569999999999,11.81394,11.78523,11.75553,11.72484,11.69307,11.66031,11.626380000000001,11.591370000000001,11.55519,11.51784,11.47923,11.43945,11.39841,11.356020000000001,11.312280000000001,11.267100000000001,11.22057,11.17251,11.12292,11.0718,11.01897,10.96452,10.90827,10.85022,10.790280000000001,10.72845,10.66446,10.59849,10.53027,10.459710000000001,10.38681,10.311300000000001,10.233270000000001,10.15254,10.06884,9.98217,9.89244,9.79929,9.70272,9.60246,9.49833,9.39015,9.277650000000001,9.16074,9.03897,8.912205,8.780121,8.642412,8.498781,8.348886,8.192412,8.02899,7.858295999999999,7.679996999999999,7.493778000000001,7.299405,7.09668,6.885567,6.666201,6.438987,6.2047620000000006,5.964885,5.721525,5.4779219999999995,5.238702,5.010183,4.800636,4.620087,4.479597,4.389651000000001,4.357926,4.387212,4.474530000000001,4.612014,4.789026,4.994397,5.218011,5.451579000000001,5.688729,5.924853,6.15672,6.382197000000001,6.599934,6.8091479999999995,7.009469999999999,7.200801,7.383231,7.556958000000001,7.722297,7.879572,8.029161,8.171433,8.306766,8.435528999999999,8.558081999999999,8.674749,8.785872,8.891757,8.992683000000001,9.088920000000002,9.180810000000001,9.268469999999999,9.35217,9.43209,9.5085,9.58158,9.65151,9.71829,9.78237,9.843570000000001,9.902339999999999,9.958499999999999,10.012410000000001,10.06407,10.11357,10.161090000000002,10.20663,10.25028,10.29222,10.33245,10.37106,10.408140000000001,10.44378,10.47789,10.51065,10.54215,10.5723,10.60128,10.62909,10.65573,10.68129,10.705860000000001,10.72935,10.751850000000001,10.77345,10.79406,10.81386,10.83267,10.850760000000001,10.86804,10.88442,10.90008,10.91502,10.92924,10.94274,10.95552,10.96758,10.97901,10.98981,10.99998,11.00952,11.01834,11.02671,11.034360000000001,11.04147,11.04804,11.05398,11.05938,11.06424,11.068560000000002,11.07234,11.07549,11.078190000000001,11.080350000000001,11.08197,11.08314,11.083680000000001,11.083770000000001,11.08332,11.08233,11.0808,11.07882,11.0763,11.07324,11.06973,11.06568,11.061,11.05596,11.05029,11.044080000000001,11.03733,11.03013,11.0223,11.01393,11.00502,10.99548,10.98549,10.97478,10.96362,10.95174,10.93932,10.92627,10.91259,10.89828,10.883339999999999,10.86768,10.8513,10.834290000000001,10.81656,10.79811,10.77885,10.75887,10.73817,10.716569999999999,10.69416,10.670850000000002,10.646730000000002,10.62162,10.59561,10.568610000000001,10.54062,10.511640000000002,10.481580000000001,10.45035,10.41804,10.38447,10.349730000000001,10.31364,10.276290000000001,10.2375,10.19736,10.155600000000002,10.112400000000001,10.06749,10.02087,9.97254,9.922320000000001,9.87012,9.81594,9.759599999999999,9.70101,9.64017,9.57681,9.51093,9.442260000000001,9.370800000000001,9.296280000000001,9.2187,9.1377,9.05328,8.965053,8.872938,8.776683,8.676054,8.570781,8.460612,8.345241,8.22438,8.097705000000001,7.964874,7.825554,7.679376,7.525988999999999,7.365050999999999,7.19622,7.019208000000001,6.833817000000001,6.639939000000001,6.437637,6.227271000000001,6.009534,5.7856950000000005,5.557761,5.328783,5.103162,4.886973,4.688199,4.5165690000000005,4.382847000000001,4.297283999999999,4.267422,4.296006,4.380183,4.512321000000001,4.682079,4.878639,5.092218,5.314806,5.540301,5.764302,5.98374,6.1966079999999994,6.401637000000001,6.598125,6.78573,6.964371000000001,7.134147,7.295274,7.448040000000001,7.592751,7.729758,7.859403,7.982046,8.098002000000001,8.207604,8.311158,8.408943,8.501237999999999,8.588277,8.670312000000001,8.747559,8.820198,8.888436,8.952435000000001,9.01233,9.06831,9.120510000000001,9.16893,9.213840000000001,9.25524,9.29322,9.32787,9.359190000000002,9.387450000000001,9.412469999999999,9.43434,9.453240000000001,9.46908,9.48177,9.49158,9.49833,9.50202,9.502740000000001,9.500309999999999,9.494909999999999,9.48636,9.47466,9.45972,9.441540000000002,9.42003,9.395100000000001,9.366750000000001,9.334710000000001,9.29907,9.25956,9.21609,9.16848,9.11673,9.06057,8.999721,8.93412,8.863506000000001,8.787645,8.706285000000001,8.619156,8.525970000000001,8.426421000000001,8.320167000000001,8.206875,8.086185,7.957700999999999,7.8210630000000005,7.675857,7.521723,7.358301000000001,7.185276,7.002441,6.809688,6.607107,6.395094,6.174432,5.946498,5.713497,5.478705,5.246856,5.024457,4.819986,4.643802,4.507344000000001,4.4215290000000005,4.3945110000000005,4.429539,4.52403,4.670442,4.858353,5.076711,5.315463,5.566284,5.822784,6.080256,6.335388,6.585948,6.830487000000001,7.068132,7.298424000000001,7.521165,7.736364,7.944156,8.144775,8.338481999999999,8.525583000000001,8.706411000000001,8.881272000000001,9.050490000000002,9.21438,9.37323,9.5274,9.67707,9.82251,9.963989999999999,10.10169,10.23597,10.36683,10.49463,10.61937,10.74141,10.860750000000001,10.97766,11.09223,11.204460000000001,11.31471,11.42289,11.52918,11.63367,11.73645
15.472800000000001,15.420420000000002,15.36822,15.316110000000002,15.264180000000001,15.21243,15.160770000000001,15.10938,15.058080000000002,15.00696,14.956019999999999,14.90526,14.854679999999998,14.804280000000002,14.75406,14.704020000000002,14.65416,14.60448,14.55507,14.50584,14.45679,14.40801,14.35941,14.31099,14.26293,14.21505,14.167440000000001,14.12001,14.07294,14.02614,13.97961,13.933440000000001,13.88754,13.84191,13.79673,13.75182,13.70727,13.663170000000001,13.61943,13.57614,13.53321,13.490820000000001,13.448789999999999,13.407300000000001,13.36635,13.32594,13.28607,13.24674,13.20795,13.169880000000001,13.13235,13.09554,13.059360000000002,13.02399,12.98925,12.95532,12.922110000000002,12.88971,12.85812,12.82734,12.797460000000001,12.76839,12.740310000000001,12.713040000000001,12.68676,12.66138,12.63699,12.6135,12.590910000000001,12.5694,12.54879,12.52917,12.51054,12.4929,12.47616,12.460410000000001,12.44556,12.431700000000001,12.418740000000001,12.40668,12.395520000000001,12.38517,12.375630000000001,12.36699,12.359070000000001,12.35187,12.34548,12.339720000000002,12.33459,12.33009,12.326220000000001,12.322890000000001,12.32001,12.31767,12.315690000000002,12.31416,12.312990000000001,12.31209,12.31155,12.31119,12.311010000000001,12.3111,12.31119,12.31146,12.31173,12.31209,12.31236,12.31263,12.31272,12.312809999999999,12.31272,12.31245,12.312,12.31128,12.31038,12.30912,12.307590000000001,12.3057,12.303450000000002,12.30084,12.29778,12.29436,12.29049,12.28617,12.28131,12.276000000000002,12.27006,12.263670000000001,12.25674,12.249270000000001,12.24117,12.23244,12.223080000000001,12.21318,12.20256,12.19131,12.17934,12.166739999999999,12.15342,12.139380000000001,12.12462,12.10905,12.09276,12.075750000000001,12.05793,12.0393,12.01977,11.99952,11.97837,11.95641,11.93346,11.9097,11.88504,11.85939,11.832840000000001,11.8053,11.77677,11.747160000000001,11.71656,11.68497,11.65221,11.61837,11.58336,11.547179999999999,11.509920000000001,11.47131,11.43144,11.390310000000001,11.34792,11.30409,11.25882,11.212110000000001,11.163960000000001,11.11419,11.0628,11.00979,10.955070000000001,10.89855,10.84023,10.77993,10.71765,10.65339,10.586879999999999,10.51812,10.44702,10.37349,10.29744,10.2186,10.137060000000002,10.05255,9.96489,9.87408,9.779760000000001,9.68193,9.58032,9.47466,9.36477,9.25047,9.131400000000001,9.007290000000001,8.87796,8.742978,8.602038,8.454762,8.300772,8.139654,7.970966999999999,7.79427,7.609113000000001,7.415028,7.211583,6.998391000000001,6.775137,6.541659,6.298001999999999,6.044598,5.782392,5.51313,5.239737,4.966794,4.701141,4.452453,4.233564,4.059801,3.946896,3.907062,3.944907,4.055607,4.2267149999999996,4.4423639999999995,4.687101,4.948011,5.215383,5.482368,5.744385,5.998545,6.24312,6.477201,6.700419,6.912738,7.1143920000000005,7.305723000000001,7.487154,7.659179999999999,7.822278000000001,7.976952,8.123688,8.262945,8.395164,8.520759000000002,8.640144000000001,8.753679,8.861697,8.964549000000002,9.06255,9.15588,9.24489,9.32985,9.41094,9.48834,9.562320000000001,9.63306,9.70065,9.765360000000001,9.82719,9.8865,9.943200000000001,9.99756,10.04958,10.09953,10.14732,10.19322,10.23723,10.27944,10.31985,10.358730000000001,10.39599,10.43172,10.466099999999999,10.499039999999999,10.53063,10.560960000000001,10.59003,10.617930000000001,10.644660000000002,10.67031,10.69497,10.71855,10.74114,10.76274,10.78344,10.80333,10.82223,10.84032,10.8576,10.87416,10.88982,10.904760000000001,10.91898,10.93257,10.945350000000001,10.957500000000001,10.96893,10.97973,10.9899,10.99944,11.00835,11.016630000000001,11.02437,11.03148,11.03805,11.04399,11.04939,11.054250000000001,11.05857,11.06235,11.06559,11.06829,11.07036,11.07207,11.07315,11.073690000000001,11.07378,11.07333,11.07234,11.07081,11.06883,11.06631,11.06325,11.059650000000001,11.0556,11.050920000000001,11.04579,11.04012,11.03391,11.02716,11.019870000000001,11.01204,11.00367,10.994760000000001,10.98522,10.97514,10.96452,10.95327,10.94139,10.928880000000001,10.91583,10.90215,10.88775,10.872720000000001,10.85706,10.840679999999999,10.823670000000002,10.805850000000001,10.787310000000002,10.768049999999999,10.74807,10.72719,10.705589999999999,10.683090000000002,10.659780000000001,10.63548,10.610370000000001,10.584270000000002,10.55727,10.52919,10.50003,10.46988,10.43856,10.406070000000001,10.3725,10.33758,10.3014,10.26378,10.224900000000002,10.18449,10.142550000000002,10.09908,10.053989999999999,10.0071,9.95841,9.907829999999999,9.855360000000001,9.80073,9.74403,9.68499,9.62361,9.55971,9.4932,9.423810000000001,9.35163,9.2763,9.19773,9.11574,9.03006,8.940609,8.847072,8.749224000000002,8.646804,8.539524,8.427096,8.309187000000001,8.185455000000001,8.055531,7.91901,7.775487000000001,7.624511999999999,7.465617000000001,7.298343000000001,7.122213,6.93675,6.74154,6.536223000000001,6.320574,6.094575,5.85855,5.6133180000000005,5.360481,5.102766,4.844511,4.592277,4.355406,4.146354,3.9800880000000003,3.872007,3.834126,3.8709990000000003,3.977955,4.1428709999999995,4.350276,4.5851310000000005,4.834935000000001,5.09031,5.344695000000001,5.593743000000001,5.834709,6.066009,6.286815000000001,6.496794,6.695982000000001,6.8845860000000005,7.062975,7.2315629999999995,7.390818000000001,7.541199000000001,7.6831830000000005,7.817211000000001,7.943715,8.0631,8.175753,8.282024999999999,8.38224,8.476722,8.565732,8.64954,8.728389,8.802486,8.872038,8.937234,8.998236,9.05517,9.108270000000001,9.15759,9.20322,9.24525,9.28386,9.31905,9.351,9.37962,9.405090000000001,9.42732,9.44649,9.4626,9.47556,9.48555,9.49239,9.49626,9.496979999999999,9.49464,9.48915,9.480509999999999,9.46863,9.45351,9.43515,9.41337,9.38808,9.359190000000002,9.3267,9.290429999999999,9.250200000000001,9.20601,9.15759,9.10485,9.04752,8.985456000000001,8.918451000000001,8.846252999999999,8.76861,8.685243000000002,8.595864,8.50014,8.39772,8.288244,8.171289,8.04645,7.913259,7.771248,7.619913000000001,7.458741,7.287237,7.104897,6.911271,6.705999,6.488874,6.259905,6.01947,5.768514000000001,5.5088099999999995,5.243328,4.976757,4.71609,4.471272,4.255452,4.0844249999999995,3.9744179999999996,3.938193,3.980907,4.098159,4.277853,4.504320000000001,4.762188,5.038551,5.323644000000001,5.610528,5.894532,6.172632,6.442992,6.704604,6.956973,7.199991000000001,7.433766000000001,7.658577,7.874765999999999,8.082737999999999,8.282916,8.475741000000001,8.661636000000001,8.841015,9.01431,9.1818,9.34389,9.50094,9.65322,9.80109,9.94473,10.08441,10.22049,10.35297,10.4823,10.60848,10.73178,10.85229,10.97019,11.08575,11.198970000000001,11.310030000000001,11.41893,11.52594,11.631150000000002,11.73456
15.44436,15.391620000000001,15.339059999999998,15.28659,15.2343,15.1821,15.13017,15.07833,15.026580000000001,14.9751,14.923800000000002,14.872589999999999,14.82156,14.77071,14.72013,14.669640000000001,14.619330000000001,14.569289999999999,14.51934,14.469660000000001,14.420160000000001,14.37084,14.32179,14.273010000000001,14.22432,14.175989999999999,14.127839999999999,14.07996,14.032350000000001,13.98501,13.938030000000001,13.89123,13.844790000000001,13.79871,13.7529,13.70745,13.662360000000001,13.61763,13.57335,13.52943,13.48596,13.44303,13.40046,13.35843,13.31685,13.27581,13.2354,13.19544,13.1562,13.1175,13.07952,13.04217,13.00554,12.96954,12.93435,12.89997,12.86631,12.833549999999999,12.80151,12.77046,12.740219999999999,12.710880000000001,12.68244,12.65499,12.62844,12.60288,12.57831,12.554730000000001,12.53223,12.51063,12.490020000000001,12.47049,12.45204,12.43449,12.41802,12.40245,12.38796,12.37437,12.36177,12.35016,12.33945,12.329550000000001,12.320640000000001,12.31254,12.30525,12.298680000000001,12.29292,12.28788,12.283560000000001,12.279869999999999,12.276720000000001,12.2742,12.27222,12.27069,12.26961,12.268979999999999,12.26862,12.26871,12.268979999999999,12.26961,12.27033,12.271320000000001,12.2724,12.27357,12.274740000000001,12.276000000000002,12.27717,12.27834,12.27942,12.28032,12.28113,12.28176,12.28212,12.282300000000001,12.28212,12.28176,12.28104,12.279869999999999,12.27843,12.276539999999999,12.27429,12.27159,12.268350000000002,12.26466,12.26052,12.25584,12.250620000000001,12.24486,12.23847,12.23154,12.223980000000001,12.21588,12.20706,12.19761,12.18753,12.176730000000001,12.1653,12.15306,12.14019,12.1266,12.1122,12.09708,12.081150000000001,12.06441,12.04695,12.02859,12.00951,11.98944,11.96865,11.94687,11.92428,11.9007,11.87622,11.850750000000001,11.82438,11.79702,11.76867,11.73924,11.708730000000001,11.67723,11.64456,11.61081,11.57589,11.5398,11.50254,11.463930000000001,11.424150000000001,11.38302,11.34045,11.29662,11.25126,11.204550000000001,11.15622,11.10636,11.054789999999999,11.0016,10.9467,10.89,10.831320000000002,10.77084,10.7082,10.64349,10.57662,10.5075,10.43595,10.36188,10.285200000000001,10.205820000000001,10.123560000000001,10.03833,9.949860000000001,9.85815,9.76284,9.66393,9.561060000000001,9.45405,9.342720000000002,9.2268,9.105929999999999,8.979813,8.848196999999999,8.710686,8.566893,8.416404,8.258778000000001,8.093520000000002,7.920126000000001,7.738038,7.546679999999999,7.3454310000000005,7.13367,6.910776,6.6761550000000005,6.429285,6.169797000000001,5.897592,5.613003,5.317092,5.012082,4.701969,4.393503,4.097322,3.829203,3.6102600000000002,3.46464,3.4128540000000003,3.463092,3.606903,3.823542,4.088691,4.38111,4.684959,4.9895640000000006,5.288175,5.576814000000001,5.853294,6.11658,6.366384,6.60285,6.826401,7.037595,7.23708,7.425513,7.60356,7.771878,7.931079,8.081757,8.22447,8.359722,8.487990000000002,8.609724,8.725338,8.835219,8.939709,9.03915,9.13383,9.224010000000002,9.31005,9.392040000000001,9.47034,9.54504,9.61641,9.68463,9.74988,9.81234,9.87201,9.929160000000001,9.98388,10.03626,10.08648,10.13463,10.18071,10.22499,10.267380000000001,10.308060000000001,10.34703,10.38447,10.420380000000002,10.45485,10.48788,10.51956,10.549980000000001,10.57914,10.60713,10.63404,10.659780000000001,10.68444,10.708020000000001,10.7307,10.75239,10.77318,10.79298,10.811969999999999,10.83015,10.84743,10.8639,10.87965,10.894680000000001,10.908900000000001,10.9224,10.93527,10.947420000000001,10.958850000000002,10.96974,10.97991,10.98945,10.99836,11.006639999999999,11.014380000000001,11.02149,11.02806,11.034,11.03949,11.04435,11.04858,11.05236,11.0556,11.058300000000001,11.06046,11.06208,11.063160000000002,11.063699999999999,11.063790000000001,11.06334,11.06235,11.06082,11.05875,11.056230000000001,11.05317,11.049570000000001,11.04552,11.04084,11.035710000000002,11.03004,11.02383,11.01708,11.0097,11.00187,10.993500000000001,10.9845,10.97496,10.964879999999999,10.954170000000001,10.942919999999999,10.93104,10.91853,10.90548,10.891710000000002,10.877310000000001,10.86228,10.84662,10.83015,10.81305,10.79532,10.77669,10.757430000000001,10.73736,10.71648,10.694790000000001,10.67229,10.648890000000002,10.62459,10.599390000000001,10.573290000000002,10.5462,10.51803,10.48887,10.45863,10.42722,10.39464,10.360890000000001,10.32588,10.28961,10.25199,10.21293,10.17234,10.130310000000001,10.08657,10.0413,9.99423,9.94527,9.89451,9.84168,9.78678,9.72972,9.67032,9.60849,9.54414,9.477089999999999,9.407160000000001,9.334349999999999,9.2583,9.17892,9.09612,9.009450000000001,8.91891,8.824158,8.724942,8.620983,8.511984,8.397603,8.277498,8.151255,8.018487,7.878717,7.731468,7.576218000000001,7.4123909999999995,7.239411,7.056648,6.863436,6.659136,6.443118,6.214797,5.9737409999999995,5.719752,5.453064,5.174568000000001,4.8862890000000005,4.591989000000001,4.298094000000001,4.014864,3.757617,3.547026,3.406761,3.357054,3.406005,3.545379,3.7548540000000004,4.010643,4.292019,4.583646,4.8752189999999995,5.160303,5.4351449999999994,5.697711000000001,5.94711,6.183108,6.405903,6.615945,6.813801000000001,7.000101,7.1754929999999995,7.340634,7.4961269999999995,7.642557000000001,7.7805,7.910442,8.032869,8.148222,8.256897,8.359263,8.455662,8.546409,8.631774,8.712027,8.787411,8.858124,8.924373,8.986329,9.04419,9.09801,9.148050000000001,9.19431,9.237060000000001,9.27621,9.311850000000002,9.34425,9.37332,9.39915,9.42174,9.44118,9.45756,9.4707,9.48087,9.48789,9.491760000000001,9.49257,9.49023,9.48474,9.47601,9.46413,9.44883,9.4302,9.408150000000001,9.38259,9.35334,9.32049,9.28368,9.24291,9.198,9.14886,9.095220000000001,9.036990000000001,8.973819,8.905581,8.832006,8.752806,8.667684000000001,8.576324999999999,8.478369,8.373429,8.261082,8.140887,8.012349,7.8749460000000004,7.728111000000001,7.571232,7.403679,7.224786,7.033860000000001,6.830217,6.613209,6.3822600000000005,6.136947,5.8771260000000005,5.603111999999999,5.315985,5.0179860000000005,4.713228,4.4086229999999995,4.115079,3.848715,3.6311759999999995,3.487176,3.43791,3.49218,3.6420300000000005,3.8670570000000004,4.143104999999999,4.448943,4.768713,5.091615,5.4108,5.7221280000000005,6.023286000000001,6.313113,6.591203999999999,6.8575859999999995,7.112565,7.356609000000001,7.590276,7.814151,8.028819,8.234855999999999,8.432838,8.623287,8.806707000000001,8.983557000000001,9.15426,9.31923,9.47889,9.633510000000001,9.78345,9.92907,10.070459999999999,10.20807,10.34208,10.47267,10.60011,10.724490000000001,10.84608,10.96497,11.08134,11.19537,11.30706,11.41677,11.52441,11.63016,11.734110000000001
15.41565,15.362550000000002,15.30954,15.256709999999998,15.20406,15.1515,15.099120000000001,15.046829999999998,14.994810000000001,14.94288,14.89113,14.839559999999999,14.78808,14.736870000000001,14.685749999999999,14.63481,14.58405,14.53356,14.483160000000002,14.43303,14.38308,14.33331,14.283719999999999,14.2344,14.18526,14.13639,14.0877,14.03937,13.99122,13.94334,13.89573,13.84839,13.801409999999999,13.7547,13.708350000000001,13.662360000000001,13.61664,13.57137,13.52646,13.482000000000001,13.437899999999999,13.39434,13.351140000000001,13.308480000000001,13.266359999999999,13.22478,13.18365,13.14324,13.10337,13.06413,13.02552,12.98763,12.950370000000001,12.913920000000001,12.87828,12.84336,12.80925,12.77595,12.743549999999999,12.71205,12.68145,12.651840000000002,12.623130000000002,12.59532,12.56859,12.542850000000001,12.5181,12.49443,12.47175,12.45024,12.429630000000001,12.41019,12.39174,12.37446,12.35808,12.34287,12.32865,12.31542,12.30318,12.29202,12.28176,12.2724,12.26403,12.25656,12.2499,12.24405,12.23901,12.234689999999999,12.23109,12.22821,12.22596,12.22425,12.223080000000001,12.22245,12.22236,12.22263,12.22326,12.22425,12.22551,12.22704,12.22875,12.230730000000001,12.23271,12.23487,12.23703,12.23919,12.24135,12.24342,12.24549,12.247290000000001,12.249,12.250530000000001,12.25179,12.25287,12.25359,12.253950000000001,12.254040000000002,12.25377,12.25314,12.25206,12.250530000000001,12.248550000000002,12.246030000000001,12.243060000000002,12.239640000000001,12.23559,12.231,12.22587,12.2202,12.21381,12.20688,12.19932,12.191040000000001,12.18213,12.172500000000001,12.16224,12.15126,12.139560000000001,12.12714,12.113909999999999,12.09996,12.0852,12.06963,12.05334,12.036150000000001,12.01824,11.99934,11.97972,11.95911,11.93769,11.915280000000001,11.89197,11.86776,11.84256,11.816370000000001,11.78919,11.76093,11.73168,11.70135,11.66994,11.637450000000001,11.60379,11.56896,11.53296,11.4957,11.457180000000001,11.4174,11.37627,11.33379,11.28987,11.24451,11.19771,11.149379999999999,11.09934,11.04777,10.994399999999999,10.93932,10.88244,10.823670000000002,10.762830000000001,10.70001,10.63512,10.56789,10.49841,10.426409999999999,10.351980000000001,10.274849999999999,10.194930000000001,10.11213,10.02627,9.93717,9.84465,9.748619999999999,9.64872,9.54486,9.436770000000001,9.32418,9.20691,9.08451,8.956710000000001,8.823186,8.683542,8.537337,8.38413,8.223408,8.054631,7.8771960000000005,7.6904639999999995,7.493733000000001,7.286238,7.0671870000000006,6.835707,6.590925,6.33195,6.057936000000001,5.768172000000001,5.462244,5.140242000000001,4.803237,4.453938000000001,4.097952,3.7456200000000006,3.41478,3.13344,2.9391570000000002,2.868678,2.9380319999999998,3.130884,3.410226,3.73833,4.087053,4.438512,4.78233,5.112927,5.427612000000001,5.725350000000001,6.0060780000000005,6.270291,6.518727,6.752295,6.971913000000001,7.178526,7.373025,7.556265,7.7290470000000004,7.892109,8.046135,8.191755,8.329554,8.460054,8.58375,8.701092000000001,8.812494000000001,8.918334,9.01899,9.114749999999999,9.20583,9.29268,9.37548,9.45441,9.52974,9.60174,9.67041,9.73611,9.79893,9.85896,9.91638,9.97137,10.02411,10.07451,10.12284,10.16919,10.21356,10.25613,10.2969,10.33605,10.37358,10.40958,10.444139999999999,10.477260000000001,10.509030000000001,10.53954,10.56879,10.59678,10.62369,10.64943,10.674180000000002,10.69785,10.72053,10.742220000000001,10.76301,10.7829,10.80189,10.82007,10.837349999999999,10.85391,10.869660000000001,10.884689999999999,10.89891,10.9125,10.92528,10.937429999999999,10.94895,10.95975,10.96992,10.979460000000001,10.988370000000002,10.99674,11.00439,11.01159,11.01807,11.0241,11.0295,11.034360000000001,11.038680000000001,11.04246,11.04561,11.04831,11.05047,11.05209,11.05317,11.05371,11.0538,11.05326,11.05227,11.050830000000001,11.048760000000001,11.046240000000001,11.043180000000001,11.039579999999999,11.03544,11.030759999999999,11.02563,11.019870000000001,11.01366,11.006910000000001,10.99962,10.9917,10.98333,10.97433,10.96479,10.95462,10.944,10.93266,10.92078,10.90827,10.89513,10.88136,10.86696,10.851930000000001,10.83618,10.8198,10.8027,10.784880000000001,10.766250000000001,10.74699,10.72683,10.70595,10.68426,10.661669999999999,10.63827,10.61397,10.58877,10.56258,10.5354,10.50723,10.47807,10.44774,10.41633,10.38375,10.349910000000001,10.314810000000001,10.278450000000001,10.24074,10.201590000000001,10.16091,10.1187,10.07496,10.02951,9.98226,9.933209999999999,9.88218,9.829170000000001,9.77409,9.71667,9.657,9.594899999999999,9.530190000000001,9.46269,9.3924,9.31905,9.24246,9.16245,9.07893,8.991513,8.900073,8.804331000000001,8.703999000000001,8.598789,8.488368000000001,8.372376000000001,8.250435,8.122113,7.986951,7.8444449999999994,7.694046,7.535151,7.367112,7.189209,7.0006770000000005,6.800688,6.588369,6.3627839999999996,6.1230150000000005,5.868144,5.597388,5.310207,5.006556,4.687298999999999,4.35492,4.014666,3.676482,3.357675,3.0856500000000002,2.89737,2.829141,2.896848,3.084453,3.355533,3.673062,4.009554,4.347665999999999,4.677453,4.993641,5.293764,5.576949,5.843259000000001,6.093216,6.327621,6.547383,6.753429,6.946686,7.128018,7.298262,7.4581740000000005,7.608447,7.749738000000001,7.882623000000001,8.007642,8.125299,8.236017,8.34021,8.438247,8.530460999999999,8.617149,8.698608,8.775072000000002,8.846775000000001,8.913924000000002,8.976708,9.03528,9.08982,9.14049,9.18738,9.23058,9.27018,9.306360000000002,9.33912,9.368549999999999,9.39465,9.4176,9.437310000000002,9.45387,9.46719,9.47754,9.48465,9.4887,9.489510000000001,9.48726,9.48177,9.473040000000001,9.460980000000001,9.445680000000001,9.42687,9.40464,9.37881,9.34929,9.315990000000001,9.27882,9.2376,9.19215,9.142380000000001,9.08811,9.02898,8.964936000000002,8.895672000000001,8.820936000000001,8.740422,8.653824,8.560791000000002,8.460936,8.353845,8.239068,8.116101,7.984394999999999,7.843365,7.692363,7.530687,7.357581000000001,7.172217,6.9737219999999995,6.7611870000000005,6.5336490000000005,6.290163,6.029829,5.751882,5.455881000000001,5.141898,4.811049,4.466124000000001,4.112892,3.7619640000000003,3.431556,3.150261,2.9563200000000003,2.8872809999999998,2.9599200000000003,3.1584420000000004,3.4461540000000004,3.7854000000000005,4.148019,4.515984,4.878792000000001,5.230692,5.568831,5.892021,6.200082,6.493338,6.772446,7.038171,7.291359,7.532856,7.763472,7.983981000000001,8.195121,8.397567,8.591949,8.778843,8.958771,9.13221,9.2997,9.46152,9.61821,9.76995,9.9171,10.06011,10.19898,10.33425,10.46592,10.59435,10.71972,10.84212,10.961820000000001,11.079,11.193660000000001,11.30607,11.416319999999999,11.5245,11.63079,11.73519
15.38658,15.33312,15.27975,15.22656,15.17346,15.12054,15.067710000000002,15.01506,14.96259,14.910300000000001,14.8581,14.80608,14.75415,14.70249,14.650920000000001,14.599620000000002,14.54841,14.49738,14.446530000000001,14.395950000000001,14.34546,14.29524,14.24511,14.195250000000001,14.14566,14.09625,14.04702,13.99815,13.94946,13.90104,13.8528,13.804920000000001,13.7574,13.71006,13.66308,13.61646,13.5702,13.5243,13.47885,13.43367,13.38903,13.344750000000001,13.30101,13.25772,13.214879999999999,13.17267,13.131,13.08987,13.04937,13.009500000000001,12.97035,12.931830000000001,12.894120000000001,12.857040000000001,12.82086,12.7854,12.75075,12.717,12.68415,12.65229,12.62124,12.59118,12.5622,12.53412,12.50712,12.481200000000001,12.45627,12.43242,12.409740000000001,12.38805,12.36753,12.348090000000001,12.32982,12.31263,12.296520000000001,12.281490000000002,12.267629999999999,12.254760000000001,12.242970000000001,12.23217,12.22245,12.21363,12.20589,12.19896,12.19302,12.18789,12.18357,12.180060000000001,12.17727,12.1752,12.173760000000001,12.17295,12.17277,12.17313,12.17385,12.17511,12.176730000000001,12.17871,12.18096,12.18357,12.18627,12.18915,12.192210000000001,12.19536,12.19851,12.201749999999999,12.2049,12.20796,12.210930000000001,12.21372,12.216420000000001,12.21885,12.221010000000001,12.2229,12.22461,12.22587,12.22677,12.227310000000001,12.22749,12.22722,12.226500000000001,12.225240000000001,12.22353,12.22137,12.218580000000001,12.21525,12.21138,12.20688,12.201749999999999,12.19608,12.18969,12.182670000000002,12.17502,12.16665,12.15756,12.14784,12.137310000000001,12.12606,12.114090000000001,12.1014,12.08781,12.0735,12.05838,12.04245,12.02562,12.00798,11.98953,11.970180000000001,11.94984,11.92869,11.90664,11.883600000000001,11.859570000000001,11.83464,11.808629999999999,11.78163,11.75364,11.72457,11.694420000000001,11.66319,11.63079,11.59731,11.562570000000001,11.52666,11.48949,11.45106,11.41137,11.370239999999999,11.32776,11.28393,11.23857,11.19177,11.143350000000002,11.09331,11.04165,10.98828,10.933110000000001,10.876050000000001,10.8171,10.756170000000001,10.69317,10.62801,10.5606,10.49085,10.41858,10.34379,10.26639,10.18611,10.102860000000002,10.01646,9.92682,9.83376,9.73701,9.63648,9.53181,9.422910000000002,9.309330000000001,9.19089,9.06732,8.938206000000001,8.80317,8.661825,8.513703,8.358309,8.195112,8.0235,7.8428070000000005,7.652313,7.451208000000001,7.2386099999999995,7.013547000000001,6.774948,6.52167,6.252453,5.965992,5.660973,5.3361,4.990365000000001,4.623282000000001,4.235562,3.830283,3.415212,3.007152,2.639358,2.368872,2.266479,2.3681340000000004,2.637531,3.003588,3.409083,3.8206620000000004,4.221459,4.603698,4.964337,5.302683,5.619267,5.91516,6.191685,6.450219,6.69213,6.918714,7.131168,7.330608000000001,7.5180419999999994,7.694415,7.860555000000001,8.017244999999999,8.16516,8.304957,8.437203,8.56242,8.681103,8.793683999999999,8.900559,9.00207,9.098640000000001,9.19053,9.27801,9.36135,9.44082,9.5166,9.58887,9.65799,9.72396,9.787049999999999,9.84735,9.90504,9.96021,10.01304,10.06362,10.11213,10.15848,10.20303,10.24569,10.286550000000002,10.325790000000001,10.36332,10.39941,10.43397,10.46718,10.49895,10.52946,10.5588,10.58679,10.6137,10.63953,10.66428,10.68795,10.71063,10.73232,10.753110000000001,10.773000000000001,10.79199,10.810170000000001,10.82754,10.84401,10.85976,10.87479,10.88901,10.902600000000001,10.91538,10.92753,10.93905,10.94985,10.96002,10.96956,10.97847,10.986839999999999,10.99449,11.0016,11.00817,11.0142,11.0196,11.02446,11.02869,11.03247,11.035710000000002,11.038319999999999,11.04048,11.0421,11.043180000000001,11.04372,11.043809999999999,11.043270000000001,11.04228,11.040750000000001,11.03877,11.03616,11.033100000000001,11.0295,11.025360000000001,11.02068,11.01555,11.00979,11.003580000000001,10.99674,10.98945,10.981620000000001,10.97316,10.96416,10.95462,10.944450000000002,10.93374,10.922490000000002,10.91052,10.898010000000001,10.884870000000001,10.87119,10.8567,10.84167,10.82592,10.80954,10.79235,10.77453,10.75599,10.736640000000001,10.716569999999999,10.69569,10.67391,10.65141,10.62792,10.603620000000001,10.57842,10.55223,10.52505,10.49688,10.46763,10.4373,10.40589,10.37322,10.33938,10.30428,10.26792,10.23012,10.19088,10.1502,10.10799,10.06407,10.01853,9.97119,9.92205,9.870930000000001,9.81783,9.76257,9.705060000000001,9.64512,9.58275,9.51777,9.45009,9.37944,9.30573,9.22878,9.14832,9.06426,8.976276,8.884179,8.787699,8.68653,8.580357000000001,8.468847,8.351613,8.228250000000001,8.098299,7.9612560000000006,7.816599,7.663697999999999,7.501896,7.3304730000000005,7.148592,6.95538,6.749838,6.530877,6.297318,6.047874,5.781186,5.495841,5.19048,4.863924,4.515516,4.145733,3.757302,3.357558,2.9627280000000003,2.605347,2.341647,2.2417290000000003,2.341314,2.6045190000000003,2.961126,3.354804,3.752982,4.139387999999999,4.506705,4.852161,5.175315,5.476824,5.757858,6.019794,6.264027,6.4919340000000005,6.7047930000000004,6.903792,7.0900110000000005,7.264422000000001,7.427925,7.581321000000001,7.725321000000001,7.860591,7.987716,8.107218,8.219592,8.325261,8.424612,8.518023000000001,8.605791,8.688213000000001,8.765559,8.838072,8.905959,8.969409,9.02862,9.0837,9.134910000000001,9.182250000000002,9.2259,9.26595,9.30249,9.33552,9.365310000000001,9.391680000000001,9.414900000000001,9.434790000000001,9.45153,9.46512,9.47556,9.482850000000001,9.48699,9.48789,9.48564,9.48015,9.47142,9.45936,9.44397,9.425070000000002,9.40275,9.37674,9.34704,9.31347,9.27594,9.23436,9.188550000000001,9.138240000000001,9.083430000000002,9.023670000000001,8.958906,8.888832,8.813169,8.731611000000001,8.643834,8.54946,8.448084000000001,8.339265000000001,8.222517,8.097309,7.963038000000001,7.819064999999999,7.664669999999999,7.499061,7.321383,7.130682,6.925923,6.705954,6.4695599999999995,6.215436,5.9421870000000006,5.648436,5.332878,4.994451,4.632723,4.248459,3.84489,3.430035,3.021138,2.652048,2.380626,2.278647,2.382966,2.6578530000000002,3.0324600000000004,3.449538,3.8756070000000005,4.2936119999999995,4.695588,5.078304,5.440887,5.783706,6.1076880000000005,6.4140120000000005,6.703947,6.978735,7.239573,7.487577000000001,7.723773,7.9491060000000004,8.164431,8.37054,8.568135,8.757864,8.940321,9.11601,9.28548,9.44919,9.60741,9.76059,9.90918,10.05327,10.19331,10.32957,10.462230000000002,10.591470000000001,10.71756,10.84077,10.9611,11.07882,11.19402,11.30697,11.41767,11.5263,11.63295,11.73771
15.357240000000001,15.303329999999999,15.2496,15.19596,15.1425,15.089129999999999,15.035940000000002,14.982930000000001,14.93001,14.877270000000001,14.824620000000001,14.77224,14.71986,14.66775,14.61573,14.563980000000003,14.51232,14.46084,14.409450000000001,14.35833,14.30739,14.25663,14.20605,14.155650000000001,14.10552,14.055570000000001,14.005799999999999,13.956389999999999,13.90707,13.85811,13.809330000000001,13.76082,13.712670000000001,13.66479,13.617180000000001,13.569930000000001,13.523040000000002,13.476510000000001,13.43034,13.38462,13.339260000000001,13.29435,13.249889999999999,13.205969999999999,13.1625,13.11957,13.07727,13.03551,12.994290000000001,12.95388,12.914010000000001,12.87486,12.83652,12.7989,12.76209,12.726090000000001,12.690900000000001,12.6567,12.62331,12.590910000000001,12.5595,12.52908,12.49965,12.4713,12.444030000000001,12.41775,12.39273,12.3687,12.345839999999999,12.32424,12.30363,12.28428,12.2661,12.249,12.23316,12.2184,12.20481,12.192300000000001,12.18096,12.17061,12.161340000000001,12.15315,12.145950000000001,12.13974,12.13443,12.13011,12.1266,12.1239,12.12192,12.12075,12.1203,12.12039,12.12111,12.12246,12.12426,12.126510000000001,12.12912,12.13209,12.13542,12.13902,12.142800000000001,12.14676,12.1509,12.15504,12.159270000000001,12.1635,12.16764,12.17178,12.175740000000001,12.17961,12.183209999999999,12.18663,12.18978,12.19266,12.19518,12.19734,12.19923,12.20058,12.20157,12.2022,12.2022,12.20184,12.20085,12.19941,12.19734,12.19473,12.19158,12.1878,12.183300000000001,12.17826,12.172500000000001,12.16611,12.159,12.15126,12.14271,12.13344,12.12354,12.11274,12.10122,12.08898,12.075840000000001,12.06198,12.04722,12.031740000000001,12.015270000000001,11.99799,11.9799,11.96082,11.94093,11.92005,11.89827,11.8755,11.85174,11.82708,11.801340000000001,11.774610000000001,11.7468,11.71791,11.68794,11.65689,11.62467,11.591280000000001,11.55672,11.520900000000001,11.48391,11.44557,11.40588,11.364930000000001,11.32254,11.27871,11.23344,11.18655,11.13822,11.08818,11.036520000000001,10.98306,10.92789,10.87074,10.81179,10.75077,10.68759,10.62234,10.55475,10.484820000000001,10.41246,10.33749,10.25973,10.17918,10.09566,10.00899,9.91899,9.825479999999999,9.728280000000002,9.62721,9.522,9.412469999999999,9.29817,9.17901,9.054540000000001,8.924463,8.788338000000001,8.645750999999999,8.496234000000001,8.339265000000001,8.174259,8.000568,7.81749,7.624224000000001,7.419897,7.20351,6.973974,6.730038,6.470343,6.193332,5.897304,5.580369,5.240493000000001,4.875507,4.483332000000001,4.062249,3.6117090000000003,3.13416,2.639619,2.157129,1.7614619999999999,1.596348,1.761048,2.155896,2.636838,3.12894,3.603051,4.049127,4.464711,4.850388,5.207895000000001,5.539392,5.847074999999999,6.133041,6.399234000000001,6.647418,6.879177,7.095951,7.299009000000001,7.489502999999999,7.668477000000001,7.836831,7.995411,8.144964,8.286174,8.419635,8.545923,8.665524000000001,8.778906,8.886483,8.988642,9.08577,9.17811,9.26595,9.34965,9.42939,9.50544,9.57807,9.64728,9.71352,9.7767,9.83718,9.894960000000001,9.95022,10.00314,10.05381,10.10232,10.148850000000001,10.1934,10.23606,10.276919999999999,10.31616,10.35378,10.38987,10.424430000000001,10.45764,10.48941,10.51992,10.54917,10.57725,10.60416,10.629900000000001,10.65465,10.678320000000001,10.701,10.72269,10.743480000000002,10.76337,10.78236,10.800450000000001,10.817820000000001,10.834290000000001,10.85004,10.864980000000001,10.879290000000001,10.89279,10.90557,10.917720000000001,10.92924,10.94004,10.95021,10.959660000000001,10.968570000000001,10.97694,10.98459,10.9917,10.99827,11.00421,11.00961,11.014470000000001,11.018790000000001,11.02248,11.02572,11.02842,11.03049,11.03211,11.033190000000001,11.03373,11.03373,11.03328,11.032290000000001,11.030759999999999,11.02869,11.02608,11.02302,11.01942,11.01528,11.0106,11.00547,10.99971,10.993500000000001,10.98666,10.97937,10.97145,10.962990000000001,10.95399,10.944450000000002,10.934370000000001,10.92357,10.912320000000001,10.90044,10.88793,10.87479,10.86102,10.84662,10.8315,10.81575,10.79937,10.78227,10.76436,10.74582,10.72647,10.7064,10.68552,10.663829999999999,10.641240000000002,10.61784,10.59354,10.56834,10.54215,10.51497,10.486799999999999,10.457550000000001,10.42731,10.39581,10.36323,10.32939,10.29429,10.25793,10.220130000000001,10.18089,10.14021,10.09791,10.05408,10.00854,9.96111,9.91197,9.86076,9.80757,9.752220000000001,9.69462,9.63468,9.57222,9.50715,9.4392,9.36837,9.29448,9.217260000000001,9.13653,9.052200000000001,8.963828999999999,8.871318,8.774343,8.672616000000001,8.565804,8.453556,8.335467000000001,8.211122999999999,8.080038,7.9416899999999995,7.795494,7.640820000000001,7.476939000000001,7.303058999999999,7.118298,6.921648,6.712002,6.488109000000001,6.248565,5.991786,5.716026,5.419332000000001,5.099553,4.75443,4.381686,3.979377,3.5466390000000003,3.0854790000000003,2.605293,2.1343500000000004,1.74636,1.584036,1.74618,2.13381,2.604096,3.083238,3.5429399999999998,3.9737700000000005,4.373703000000001,4.743621,5.085477,5.40153,5.694075,5.965236000000001,6.216975000000001,6.451047000000001,6.669036,6.872337,7.062192,7.239707999999999,7.4058839999999995,7.561584,7.7076,7.844634,7.973316,8.094195000000001,8.207793,8.31456,8.41491,8.509203000000001,8.597781,8.680941,8.758962,8.832087000000001,8.900532,8.964513,9.02421,9.07974,9.13131,9.17901,9.22302,9.26343,9.30024,9.33363,9.3636,9.39024,9.413640000000001,9.4338,9.45072,9.46449,9.475019999999999,9.4824,9.48663,9.48771,9.485460000000002,9.48006,9.47133,9.459270000000002,9.44388,9.424980000000001,9.40248,9.376380000000001,9.3465,9.31284,9.27513,9.23328,9.18711,9.13653,9.08127,9.02115,8.955828,8.88516,8.808822000000001,8.726508,8.637858,8.542494,8.440002,8.329905,8.211708,8.084826000000001,7.948656,7.802487,7.645554000000001,7.47702,7.295921999999999,7.101207,6.891705,6.666111,6.4229579999999995,6.160653000000001,5.877396,5.571251999999999,5.240115,4.881816000000001,4.494276,4.075821,3.626055,3.147687,2.65113,2.166102,1.768293,1.602657,1.76958,2.1699810000000004,2.659851,3.16413,3.653397,4.1174100000000005,4.553487,4.961988000000001,5.344488,5.702967,6.039459,6.355926,6.6541950000000005,6.935922,7.202583,7.455519000000001,7.695945,7.924914,8.143398000000001,8.352261,8.552286,8.744157000000001,8.928513,9.105929999999999,9.27693,9.4419,9.60138,9.755730000000002,9.905220000000002,10.0503,10.19124,10.32822,10.46151,10.591470000000001,10.718100000000002,10.84176,10.96263,11.0808,11.19654,11.30976,11.42091,11.529810000000001,11.63682,11.74185
15.32754,15.273270000000002,15.21909,15.165090000000001,15.11127,15.05745,15.0039,14.95044,14.89707,14.843880000000002,14.79087,14.73795,14.685210000000001,14.632650000000002,14.580179999999999,14.52789,14.47578,14.42376,14.37201,14.320350000000001,14.26887,14.21757,14.166450000000001,14.115599999999999,14.06484,14.01435,13.964039999999999,13.914000000000001,13.86414,13.81455,13.76523,13.71618,13.66731,13.6188,13.57056,13.52268,13.47516,13.42791,13.381110000000001,13.334670000000001,13.288590000000001,13.24305,13.197870000000002,13.153229999999999,13.10913,13.06548,13.02246,12.979980000000001,12.938130000000001,12.897,12.8565,12.81672,12.777660000000001,12.73941,12.701970000000001,12.66534,12.62961,12.59478,12.56094,12.528,12.49614,12.46527,12.43548,12.40677,12.37914,12.35268,12.327390000000001,12.30318,12.280230000000001,12.25845,12.23793,12.218580000000001,12.20049,12.18357,12.167910000000001,12.15342,12.1401,12.12804,12.11706,12.10725,12.09852,12.09096,12.084389999999999,12.07881,12.07431,12.07071,12.06801,12.066120000000002,12.06513,12.064860000000001,12.06531,12.06639,12.068190000000001,12.07053,12.07332,12.07665,12.08034,12.08448,12.088890000000001,12.093570000000001,12.09843,12.10347,12.108690000000001,12.114,12.11922,12.12453,12.129840000000002,12.134970000000001,12.14001,12.144870000000001,12.14946,12.153870000000001,12.15801,12.16188,12.16539,12.16854,12.171240000000001,12.17358,12.17547,12.17682,12.177810000000001,12.17817,12.177990000000001,12.17736,12.1761,12.17421,12.171690000000002,12.16863,12.164850000000001,12.16044,12.15531,12.14955,12.14307,12.135869999999999,12.12795,12.11922,12.10977,12.09951,12.08853,12.07674,12.06405,12.05064,12.03633,12.02121,12.00519,11.98827,11.97054,11.95182,11.9322,11.91168,11.89017,11.86776,11.84427,11.819880000000001,11.794410000000001,11.76786,11.74032,11.7117,11.68191,11.65104,11.619,11.585790000000001,11.551409999999999,11.51577,11.47887,11.440710000000001,11.4012,11.36025,11.31795,11.2743,11.22903,11.182319999999999,11.13399,11.08395,11.03238,10.97892,10.92375,10.86669,10.80765,10.74654,10.68345,10.61811,10.55043,10.4805,10.40796,10.3329,10.25505,10.17432,10.090620000000001,10.00377,9.913590000000001,9.81981,9.72243,9.621,9.51552,9.40554,9.29088,9.171270000000002,9.04626,8.915589,8.778815999999999,8.635491,8.485137,8.327205,8.16111,7.986167999999999,7.801641,7.606692,7.4003939999999995,7.181694,6.949404,6.702183,6.438501,6.156621,5.854563,5.5300590000000005,5.180508000000001,4.802931,4.393944,3.949776,3.4664040000000003,2.940102,2.3692770000000003,1.76157,1.1675250000000001,0.8460126,1.167345,1.7607329999999999,2.367009,2.935449,3.45834,3.937221,4.375845,4.778262,5.148288,5.489361,5.804496,6.096366000000001,6.367293,6.619311000000001,6.854220000000001,7.073586,7.278804,7.471107000000001,7.651593000000001,7.8212340000000005,7.9809030000000005,8.131383,8.273376,8.407512,8.534367000000001,8.654454,8.76825,8.876187,8.978652,9.07596,9.16857,9.256590000000001,9.34047,9.420390000000001,9.49653,9.56916,9.63846,9.704699999999999,9.767970000000002,9.82845,9.886230000000001,9.94149,9.99441,10.045079999999999,10.09359,10.140030000000001,10.18458,10.22724,10.2681,10.30734,10.34487,10.38087,10.415429999999999,10.448550000000001,10.480410000000001,10.51083,10.54008,10.56807,10.59489,10.62063,10.645380000000001,10.66896,10.69164,10.713330000000001,10.73403,10.75383,10.77282,10.79091,10.80819,10.82475,10.84041,10.855350000000001,10.86957,10.88307,10.895850000000001,10.908,10.91943,10.93023,10.9404,10.94985,10.95876,10.96704,10.97478,10.98189,10.988370000000002,10.99431,10.99971,11.00457,11.008799999999999,11.01258,11.01573,11.01843,11.0205,11.022120000000001,11.0232,11.02374,11.02374,11.023290000000001,11.022210000000001,11.02068,11.01861,11.01609,11.01294,11.00934,11.0052,11.00052,10.9953,10.98963,10.98333,10.97658,10.9692,10.96137,10.952910000000001,10.94391,10.934370000000001,10.9242,10.91349,10.90224,10.890270000000001,10.87776,10.86462,10.85094,10.83645,10.82142,10.80576,10.78929,10.77219,10.75437,10.73583,10.71648,10.69641,10.67562,10.65393,10.63134,10.60803,10.583730000000001,10.558530000000001,10.532340000000001,10.50525,10.477079999999999,10.44792,10.41768,10.38627,10.35369,10.31985,10.28484,10.24848,10.21077,10.17153,10.13094,10.08873,10.0449,9.999360000000001,9.952020000000001,9.90288,9.85176,9.79857,9.743219999999999,9.68562,9.625680000000001,9.56322,9.49806,9.4302,9.35928,9.285300000000001,9.20799,9.127260000000001,9.04266,8.954217,8.861517000000001,8.764326,8.662338,8.555211,8.442594000000001,8.324064,8.199198,8.067501,7.928433,7.781390999999999,7.625700000000001,7.460622000000001,7.285329000000001,7.098858,6.900174,6.688071,6.461181000000001,6.217974,5.9566680000000005,5.675247000000001,5.371362,5.04234,4.685076,4.296042000000001,3.8712330000000006,3.406329,2.897163,2.341566,1.746342,1.160874,0.8425422,1.160802,1.746,2.340639,2.895273,3.403053,3.866139,4.288689,4.675014,5.029137,5.354586,5.654466,5.931468,6.187914,6.4258560000000005,6.647031,6.853005,7.045119000000001,7.224570000000001,7.392402,7.549542,7.696818,7.8349590000000005,7.964613,8.086374,8.200746,8.308224000000001,8.409204,8.504082,8.593191000000001,8.676846000000001,8.755317,8.828856,8.897696999999999,8.962029000000001,9.02205,9.077940000000002,9.12978,9.17784,9.22203,9.26271,9.2997,9.33336,9.36351,9.39033,9.41391,9.43425,9.45135,9.46521,9.47592,9.48348,9.4878,9.48888,9.48681,9.48141,9.47277,9.4608,9.44532,9.42642,9.403920000000001,9.37782,9.34794,9.3141,9.2763,9.23436,9.1881,9.13725,9.08172,9.02133,8.955747,8.884727999999999,8.807985,8.725203,8.636013,8.540037,8.436843,8.325954000000001,8.206839,8.078913,7.941537000000001,7.793991000000001,7.635465000000001,7.4650680000000005,7.281801,7.084548,6.872049,6.642882,6.395445,6.127911,5.838246,5.5240920000000004,5.182803000000001,4.811373000000001,4.406418,3.964212,3.4808760000000003,2.9529090000000005,2.37915,1.767879,1.1706750000000001,0.8478603,1.1712420000000001,1.7704710000000001,2.3861790000000003,2.96739,3.506094,4.0035870000000005,4.463379000000001,4.889304,5.284989,5.653692,5.998293,6.321294,6.624909000000001,6.9110640000000005,7.181451000000001,7.437555,7.6806719999999995,7.911981000000001,8.132499000000001,8.343144,8.544735,8.737992,8.923581,9.10206,9.27405,9.44001,9.6003,9.75537,9.90558,10.0512,10.192680000000001,10.3302,10.463940000000001,10.59426,10.72143,10.84545,10.96659,11.085120000000002,11.20104,11.31462,11.42595,11.535120000000001,11.64231,11.74761
15.29757,15.242849999999999,15.188310000000001,15.13395,15.07959,15.025500000000001,14.971409999999999,14.917589999999999,14.86377,14.810130000000001,14.75667,14.70339,14.65011,14.597100000000001,14.54418,14.49144,14.43879,14.38632,14.33403,14.281830000000001,14.2299,14.17806,14.12649,14.07501,14.02371,13.97268,13.92183,13.87116,13.82067,13.77045,13.7205,13.67082,13.62132,13.57218,13.52331,13.47471,13.42647,13.37859,13.33107,13.28391,13.237110000000001,13.19085,13.14495,13.09959,13.054680000000001,13.0104,12.966569999999999,12.92337,12.880889999999999,12.83895,12.79773,12.75723,12.71754,12.67857,12.6405,12.603240000000001,12.566880000000001,12.53142,12.49704,12.46356,12.43116,12.39984,12.3696,12.340440000000001,12.31254,12.285720000000001,12.26016,12.23586,12.212729999999999,12.19086,12.170340000000001,12.15099,12.13299,12.11625,12.10077,12.08655,12.073590000000001,12.0618,12.05136,12.042000000000002,12.033900000000001,12.02688,12.02103,12.01617,12.01239,12.009599999999999,12.007710000000001,12.00681,12.00672,12.00744,12.00888,12.01104,12.013829999999999,12.017249999999999,12.02112,12.025530000000002,12.03039,12.03561,12.04119,12.04704,12.05307,12.059280000000001,12.06558,12.07197,12.07845,12.08484,12.09123,12.09753,12.10356,12.1095,12.11526,12.120659999999999,12.12588,12.130740000000001,12.13515,12.139289999999999,12.142980000000001,12.14622,12.14901,12.15135,12.15306,12.15432,12.15504,12.15513,12.15468,12.15351,12.151800000000001,12.14937,12.146310000000001,12.142619999999999,12.13821,12.13299,12.12714,12.12057,12.11319,12.105,12.09609,12.086459999999999,12.07593,12.064589999999999,12.05244,12.039480000000001,12.02562,12.01086,11.995289999999999,11.978819999999999,11.96145,11.94309,11.92383,11.90367,11.88252,11.860380000000001,11.83716,11.81304,11.787840000000001,11.761650000000001,11.73429,11.70594,11.67642,11.64573,11.61387,11.58093,11.54673,11.51127,11.47446,11.436480000000001,11.39706,11.35638,11.31417,11.27061,11.22552,11.17881,11.13057,11.08071,11.02914,10.975859999999999,10.92069,10.86372,10.804680000000001,10.74366,10.680570000000001,10.61532,10.54764,10.47771,10.40517,10.33011,10.252260000000001,10.17153,10.08783,10.00089,9.91062,9.816840000000001,9.719370000000001,9.61794,9.51228,9.40221,9.28746,9.16767,9.04257,8.911674,8.774685000000002,8.631135,8.480511000000002,8.322282000000001,8.155836,7.980489,7.795494,7.600005,7.393077,7.173621000000001,6.940422,6.692121,6.427125,6.143625,5.839551,5.512491000000001,5.159637,4.777712999999999,4.36284,3.910428,3.4149870000000004,2.8698750000000004,2.2670280000000003,1.596537,0.8460387,0.0,0.8459406,1.595844,2.264931,2.865393,3.407058,3.8979809999999997,4.3447949999999995,4.753017,5.1273089999999995,5.4715679999999995,5.789160000000001,6.082929000000001,6.355341,6.608547000000001,6.844392,7.064514,7.270335000000001,7.4631240000000005,7.643997000000001,7.813944,7.9738560000000005,8.124516000000002,8.266653,8.400888,8.527815,8.647947,8.76177,8.869707,8.972145,9.06948,9.162,9.25002,9.333810000000001,9.41355,9.489690000000001,9.562230000000001,9.631530000000001,9.69759,9.76077,9.82116,9.87885,9.93411,9.98694,10.03743,10.08585,10.132290000000001,10.17666,10.21923,10.26,10.299150000000001,10.33659,10.37259,10.40706,10.44009,10.471770000000001,10.50219,10.53135,10.55925,10.58607,10.611720000000002,10.636379999999999,10.65996,10.68246,10.70415,10.72476,10.74456,10.76346,10.78155,10.79883,10.81521,10.83096,10.84581,10.860030000000002,10.87344,10.886220000000002,10.89837,10.90971,10.92051,10.93059,10.94013,10.94895,10.95723,10.964879999999999,10.97199,10.97847,10.98441,10.98981,10.994670000000001,10.9989,11.00259,11.00583,11.00844,11.01051,11.012129999999999,11.01321,11.013750000000002,11.013750000000002,11.01321,11.01222,11.0106,11.00853,11.00601,11.00286,10.99926,10.99512,10.990440000000001,10.98522,10.979550000000001,10.97325,10.9665,10.95912,10.95129,10.94283,10.93383,10.92429,10.91412,10.903410000000001,10.89216,10.88019,10.86777,10.85463,10.840860000000001,10.82646,10.811430000000001,10.795770000000001,10.779390000000001,10.76229,10.74447,10.72593,10.70667,10.68669,10.66581,10.644210000000001,10.62171,10.5984,10.574100000000001,10.54899,10.52289,10.495890000000001,10.46781,10.438649999999999,10.40841,10.377089999999999,10.3446,10.31085,10.27593,10.23966,10.20195,10.162889999999999,10.122300000000001,10.08018,10.03644,9.99099,9.94383,9.894779999999999,9.84375,9.790650000000001,9.73539,9.67797,9.61812,9.55575,9.49068,9.422910000000002,9.352079999999999,9.27819,9.20097,9.12033,9.03582,8.947449,8.854812,8.757675,8.655723000000002,8.548623,8.436006,8.317467,8.192556000000002,8.060787,7.921602000000001,7.774407,7.6185089999999995,7.45317,7.2775170000000005,7.0906139999999995,6.891372,6.678567,6.450804,6.206472000000001,5.943753,5.660514,5.35428,5.022171,4.660785000000001,4.26609,3.8332890000000006,3.356568,2.828898,2.24163,1.584009,0.8425386,0.0,0.8425008,1.5837390000000002,2.24082,2.827188,3.3535440000000003,3.8285190000000004,4.259169,4.651272,5.009652,5.338341000000001,5.640740999999999,5.919741,6.177798,6.417054,6.639336,6.846237,7.039143,7.219278000000001,7.387713,7.545374999999999,7.693119,7.831683,7.961724000000001,8.083836,8.198532,8.306307,8.407575,8.502714,8.592075,8.675964,8.75466,8.828415,8.897463,8.962002,9.02223,9.0783,9.130320000000001,9.17847,9.22293,9.2637,9.30096,9.334710000000001,9.36504,9.392040000000001,9.41571,9.43614,9.45342,9.467459999999999,9.47826,9.48591,9.49032,9.49158,9.489510000000001,9.48429,9.475740000000002,9.46377,9.44838,9.42957,9.407160000000001,9.381060000000002,9.351180000000001,9.31743,9.279630000000001,9.2376,9.19134,9.14049,9.08487,9.02439,8.958726,8.88759,8.810712,8.727758999999999,8.63838,8.542179,8.438715,8.327520000000002,8.208054,8.079723000000001,7.941879000000001,7.793793,7.634645999999999,7.463538000000001,7.279451999999999,7.081236,6.867603000000001,6.637095,6.388056,6.118605,5.826591,5.509521,5.164551,4.78836,4.3770690000000005,3.9261600000000003,3.4302420000000002,2.882943,2.276613,1.601991,0.8477658,0.0,0.8480628,1.6041150000000002,2.283057,2.896758,3.454749,3.964806,4.4333279999999995,4.865616,5.266107,5.638545,5.986125,6.311565000000001,6.617196,6.905043,7.17687,7.434216,7.678422,7.910685,8.13204,8.343441,8.545698,8.739567000000001,8.925705,9.10476,9.27711,9.443520000000001,9.60417,9.759599999999999,9.91008,10.05606,10.19781,10.335510000000001,10.46961,10.60011,10.72746,10.851659999999999,10.97307,11.09169,11.20779,11.32155,11.432970000000001,11.54223,11.64951,11.754900000000001
15.26724,15.21216,15.15717,15.102360000000001,15.04764,14.9931,14.93865,14.88438,14.830110000000001,14.77611,14.72211,14.66838,14.61465,14.561189999999998,14.507730000000002,14.454540000000001,14.401440000000001,14.34843,14.2956,14.24295,14.19048,14.1381,14.0859,14.03388,13.982040000000001,13.930470000000001,13.87899,13.82769,13.77666,13.72581,13.675229999999999,13.624830000000001,13.5747,13.52484,13.475340000000001,13.42602,13.37706,13.32846,13.280220000000002,13.23234,13.18482,13.13775,13.09113,13.04505,12.99933,12.95424,12.90969,12.86577,12.82239,12.77973,12.73779,12.696480000000001,12.656070000000001,12.616380000000001,12.577589999999999,12.53961,12.50262,12.466529999999999,12.431519999999999,12.3975,12.36447,12.332699999999999,12.301919999999999,12.2724,12.24405,12.21696,12.191130000000001,12.16656,12.14334,12.12138,12.10068,12.08142,12.06342,12.04686,12.031559999999999,12.01761,12.00501,11.99367,11.98359,11.974860000000001,11.967300000000002,11.96091,11.95569,11.951640000000001,11.948670000000002,11.94678,11.94579,11.94579,11.94669,11.9484,11.95092,11.954160000000002,11.95803,11.962620000000001,11.96766,11.97324,11.97927,11.98566,11.99241,11.99943,12.00672,12.014100000000001,12.02166,12.02922,12.03687,12.04443,12.05199,12.059370000000001,12.06657,12.073680000000001,12.080430000000002,12.087,12.09321,12.09915,12.10464,12.10977,12.11436,12.11859,12.12237,12.12552,12.12822,12.13029,12.131910000000001,12.132810000000001,12.13308,12.132810000000001,12.13182,12.1302,12.12786,12.1248,12.121020000000001,12.11652,12.111300000000002,12.10527,12.09852,12.09096,12.082590000000001,12.073409999999999,12.06351,12.052620000000001,12.04101,12.028500000000001,12.015089999999999,12.000779999999999,11.98566,11.96955,11.95254,11.93463,11.91573,11.895930000000002,11.87505,11.85327,11.83041,11.80656,11.78172,11.75571,11.728710000000001,11.70054,11.67129,11.640870000000001,11.60928,11.57652,11.5425,11.50731,11.47077,11.43288,11.393730000000001,11.35314,11.31111,11.26773,11.22273,11.1762,11.12814,11.078370000000001,11.02698,10.97379,10.9188,10.86183,10.80297,10.742130000000001,10.67913,10.61388,10.54638,10.47654,10.40409,10.329120000000001,10.25136,10.170810000000001,10.087110000000001,10.00035,9.91017,9.81657,9.71919,9.61785,9.51237,9.40248,9.28791,9.1683,9.043379999999999,8.912718,8.77599,8.632710000000001,8.48241,8.324532,8.158482000000001,7.9836030000000004,7.799139000000001,7.604271,7.398045000000001,7.179426,6.947235,6.700113,6.436539,6.154785,5.852862000000001,5.5285020000000005,5.179104,4.8016890000000005,4.392882,3.9488940000000006,3.465711,2.9395890000000002,2.3689350000000005,1.761381,1.1674440000000001,0.8459658,1.1672550000000002,1.760526,2.366613,2.934828,3.4574490000000004,3.936042,4.37436,4.776453,5.146137,5.486859000000001,5.801634,6.093144,6.363702,6.615351,6.849882,7.06887,7.2737099999999995,7.465643999999999,7.645752,7.815015000000001,7.974306000000001,8.124417,8.266032000000001,8.399799,8.526294,8.646021000000001,8.759457000000001,8.867034,8.969147999999999,9.06615,9.15831,9.24606,9.32958,9.409139999999999,9.48501,9.55728,9.62631,9.69228,9.75519,9.8154,9.872910000000001,9.927900000000001,9.98055,10.03095,10.07919,10.12536,10.16964,10.21203,10.25271,10.29168,10.32903,10.36485,10.399140000000001,10.432080000000001,10.46367,10.494,10.52298,10.550880000000001,10.577520000000002,10.60317,10.627650000000001,10.65114,10.67364,10.69515,10.71576,10.735470000000001,10.75437,10.77237,10.78956,10.805940000000001,10.82151,10.83645,10.85058,10.86399,10.87668,10.88874,10.90008,10.91079,10.92087,10.93041,10.93923,10.947420000000001,10.955070000000001,10.96218,10.96866,10.97451,10.97991,10.984679999999999,10.988909999999999,10.99269,10.99584,10.99845,11.00052,11.00214,11.00313,11.00367,11.00367,11.00313,11.00214,11.00052,10.99845,10.995930000000001,10.99278,10.989180000000001,10.985040000000001,10.980360000000001,10.97514,10.969380000000001,10.96317,10.956330000000001,10.94904,10.941120000000002,10.93275,10.92375,10.914209999999999,10.90404,10.89333,10.88208,10.8702,10.85769,10.84464,10.83096,10.81656,10.80153,10.78587,10.769490000000001,10.75248,10.73475,10.71621,10.697040000000001,10.67706,10.65627,10.63467,10.61226,10.58895,10.56483,10.53972,10.513710000000001,10.48671,10.45872,10.42974,10.39959,10.368360000000001,10.335960000000002,10.30239,10.267560000000001,10.23138,10.19385,10.15488,10.11447,10.07244,10.028880000000001,9.98361,9.936539999999999,9.88767,9.836820000000001,9.783900000000001,9.72891,9.67158,9.61191,9.549719999999999,9.48492,9.41733,9.346860000000001,9.27324,9.19629,9.11583,9.03168,8.943525000000001,8.851203,8.754381,8.652771000000001,8.546031000000001,8.433800999999999,8.315667,8.191197,8.059896,7.9212240000000005,7.774578,7.619292000000001,7.454618999999999,7.2797220000000005,7.0936650000000006,6.895377,6.68367,6.4571760000000005,6.214356,5.953437,5.672394000000001,5.3688780000000005,5.040216,4.6833029999999995,4.294593,3.870099,3.405474,2.896569,2.341188,1.7461440000000001,1.160784,0.8424999000000001,1.1607210000000001,1.745829,2.34036,2.894859,3.402513,3.865482,4.287924,4.674168000000001,5.028219,5.353623000000001,5.653476,5.930478,6.186942,6.424911000000001,6.64614,6.8521860000000006,7.0443810000000004,7.223931,7.3918800000000005,7.549155,7.696566000000001,7.834859999999999,7.964676000000001,8.086608,8.201178,8.308845,8.410032000000001,8.505117,8.594441999999999,8.678313,8.757009,8.830782000000001,8.899857,8.964432,9.02466,9.080820000000001,9.13293,9.18117,9.22572,9.266580000000001,9.303840000000001,9.33768,9.36819,9.39528,9.41904,9.43965,9.45693,9.471060000000001,9.482040000000001,9.48978,9.494280000000002,9.49563,9.49374,9.48861,9.48015,9.46836,9.453059999999999,9.43434,9.41202,9.38601,9.356309999999999,9.32265,9.284939999999999,9.24309,9.19692,9.14616,9.09072,9.03033,8.964783,8.893773000000001,8.817029999999999,8.734212,8.644986,8.548938,8.445654,8.334657,8.215407,8.087319,7.949763,7.802001,7.643232,7.472574000000001,7.289019000000001,7.091451,6.878601000000001,6.649056,6.401205,6.133248,5.8431239999999995,5.528493,5.1867,4.814748,4.409262,3.9665340000000002,3.482667,2.954205,2.379996,1.7683470000000001,1.170882,0.8479683,1.171449,1.770939,2.3870430000000002,2.968722,3.5079480000000003,4.006017,4.466394,4.892922,5.28921,5.658516,6.003702,6.327288,6.631479000000001,6.918192,7.189119000000001,7.445745,7.689374999999999,7.92117,8.142165,8.35326,8.555283,8.748963,8.934957,9.113850000000001,9.2862,9.452430000000001,9.61308,9.76842,9.91899,10.06488,10.20663,10.344420000000001,10.47843,10.609020000000001,10.73628,10.86057,10.98189,11.1006,11.2167,11.33046,11.441880000000001,11.55123,11.658510000000001,11.7639
15.236640000000001,15.181109999999999,15.12576,15.070500000000001,15.015420000000002,14.960429999999999,14.905529999999999,14.850810000000001,14.796180000000001,14.74164,14.68728,14.63301,14.57883,14.52483,14.471010000000001,14.417280000000002,14.36364,14.31018,14.25681,14.20362,14.15061,14.09769,14.04495,13.99239,13.939919999999999,13.88772,13.835609999999999,13.78377,13.73202,13.68054,13.629330000000001,13.5783,13.52745,13.47696,13.42665,13.3767,13.327020000000001,13.277610000000001,13.22865,13.17996,13.13172,13.08384,13.03641,12.98943,12.94299,12.89709,12.85173,12.807,12.76281,12.71934,12.676590000000001,12.63447,12.59325,12.55284,12.513240000000001,12.47454,12.43683,12.400110000000002,12.36438,12.32973,12.29616,12.263760000000001,12.23253,12.20256,12.173760000000001,12.146310000000001,12.12012,12.09528,12.07188,12.04974,12.02904,12.009780000000001,11.991869999999999,11.975399999999999,11.96028,11.9466,11.934360000000002,11.92347,11.91384,11.905650000000001,11.89872,11.89296,11.88855,11.88522,11.88315,11.882069999999999,11.882069999999999,11.88306,11.884950000000002,11.88774,11.89143,11.89575,11.90088,11.90655,11.91285,11.9196,11.92689,11.93454,11.94255,11.950830000000002,11.959290000000001,11.968020000000001,11.97675,11.98557,11.99448,12.0033,12.011940000000001,12.020579999999999,12.02904,12.037230000000001,12.04515,12.0528,12.06018,12.06711,12.073680000000001,12.0798,12.08547,12.09069,12.095369999999999,12.09951,12.103110000000001,12.10617,12.108600000000001,12.11031,12.11148,12.111930000000001,12.11175,12.110850000000001,12.10932,12.10698,12.10392,12.10005,12.09546,12.090150000000001,12.08394,12.077010000000001,12.06927,12.060630000000002,12.05118,12.04092,12.029760000000001,12.0177,12.00474,11.99097,11.97621,11.960550000000001,11.943990000000001,11.92644,11.90799,11.88846,11.868030000000001,11.846520000000002,11.824110000000001,11.80053,11.775960000000001,11.750309999999999,11.72358,11.695680000000001,11.666699999999999,11.636550000000002,11.60523,11.57265,11.5389,11.50389,11.46762,11.43,11.390939999999999,11.350620000000001,11.308860000000001,11.26557,11.220839999999999,11.17449,11.12661,11.077020000000001,11.02581,10.972710000000001,10.917900000000001,10.8612,10.802520000000001,10.74177,10.67895,10.61397,10.546650000000001,10.47699,10.404810000000001,10.329930000000001,10.25244,10.172070000000001,10.08873,10.00215,9.91233,9.81891,9.72189,9.62091,9.51579,9.40635,9.29223,9.17307,9.04869,8.918712,8.782677000000001,8.640189000000001,8.490770999999999,8.333901000000001,8.168994000000001,7.995429000000001,7.8124769999999994,7.619355,7.415172,7.198956000000001,6.9696,6.725871,6.466392,6.189624,5.893857,5.577201,5.237622,4.87296,4.481127,4.060386,3.6101970000000003,3.1329990000000003,2.638764,2.156553,1.761066,1.596015,1.760634,2.155257,2.635848,3.1275269999999997,3.6011249999999997,4.046634,4.461615,4.846644,5.203485,5.534298,5.841270000000001,6.1265160000000005,6.39198,6.639426,6.870438,7.0864650000000005,7.2887759999999995,7.478522999999999,7.656741000000001,7.8243480000000005,7.982181,8.130996,8.271459,8.404190999999999,8.529741,8.648622,8.761284,8.86815,8.969607,9.06597,9.157680000000001,9.24489,9.32787,9.406979999999999,9.4824,9.554310000000001,9.62298,9.688500000000001,9.75114,9.81099,9.86823,9.92295,9.975330000000001,10.02546,10.07343,10.11942,10.16343,10.20564,10.24605,10.28484,10.32201,10.35765,10.39185,10.424610000000001,10.45602,10.486170000000001,10.51506,10.54278,10.56933,10.594800000000001,10.61919,10.64259,10.665,10.68642,10.70694,10.726560000000001,10.74537,10.76328,10.78038,10.796759999999999,10.812240000000001,10.82709,10.84113,10.854540000000002,10.867230000000001,10.879199999999999,10.89054,10.901159999999999,10.91124,10.92069,10.92951,10.937700000000001,10.945260000000001,10.95228,10.95876,10.9647,10.97001,10.97478,10.97901,10.9827,10.985850000000001,10.98846,10.990530000000001,10.99206,10.99305,10.99359,10.99359,10.99305,10.99206,10.990440000000001,10.988370000000002,10.98576,10.9827,10.97901,10.974870000000001,10.97019,10.965060000000001,10.9593,10.953,10.94625,10.938960000000002,10.93104,10.92267,10.913670000000002,10.90413,10.89405,10.883339999999999,10.87209,10.86021,10.847790000000002,10.83474,10.82097,10.80666,10.79172,10.77606,10.75977,10.74276,10.72512,10.70667,10.6875,10.66752,10.64682,10.625309999999999,10.60299,10.57977,10.55574,10.530719999999999,10.504800000000001,10.47798,10.45008,10.421190000000001,10.39113,10.36008,10.327770000000001,10.29438,10.25964,10.223640000000001,10.18629,10.1475,10.10727,10.06551,10.02213,9.97704,9.93024,9.88155,9.83088,9.77832,9.723510000000001,9.666540000000001,9.60714,9.54531,9.48087,9.413640000000001,9.343440000000001,9.27027,9.19368,9.113760000000001,9.03006,8.942427,8.850653999999999,8.754435,8.653464,8.547417000000001,8.435943,8.318636999999999,8.195076,8.064783,7.927227,7.781841,7.627959,7.464888000000001,7.291809,7.107849000000001,6.911991,6.703146,6.480036,6.2412659999999995,5.985252000000001,5.710248,5.414274,5.095215,4.750767,4.37868,3.976983,3.544794,3.0841290000000003,2.604366,2.133747,1.745973,1.58373,1.745829,2.133315,2.6033939999999998,3.0823020000000003,3.541761,3.972366,4.3721190000000005,4.741875,5.083605,5.399577,5.692068,5.963229,6.214995,6.449148,6.667236,6.870680999999999,7.060707,7.23843,7.404840000000001,7.5608010000000005,7.707096,7.8444449999999994,7.973451,8.094681,8.208648,8.315802,8.416548,8.511264,8.600273999999999,8.683875,8.762345999999999,8.835939,8.904861,8.96931,9.02952,9.085500000000001,9.13761,9.18585,9.230310000000001,9.27117,9.308520000000001,9.34236,9.37287,9.40005,9.4239,9.444510000000001,9.461969999999999,9.47619,9.48717,9.495090000000001,9.499770000000002,9.50121,9.499410000000001,9.49446,9.48609,9.474480000000002,9.45936,9.44082,9.41868,9.392850000000001,9.363330000000001,9.32985,9.29241,9.25074,9.20484,9.15435,9.09918,9.03915,8.973918,8.903277000000001,8.826939000000001,8.744570999999999,8.655831000000001,8.560332,8.457659999999999,8.347347,8.22888,8.101692,7.9651440000000004,7.818561000000001,7.661168999999999,7.492104,7.31043,7.115085,6.904899,6.678558000000001,6.434613,6.1714530000000005,5.887296,5.580207000000001,5.248088999999999,4.888782,4.500198,4.080726,3.6299520000000003,3.1506390000000004,2.6532270000000002,2.167506,1.7692290000000002,1.603431,1.770525,2.1714029999999998,2.6619930000000003,3.167154,3.657438,4.122549,4.55976,4.9694400000000005,5.353119,5.712777,6.050439,6.368067000000001,6.66747,6.950286,7.218027,7.472007,7.713432,7.943382,8.162802,8.372574,8.573454,8.766162000000001,8.95131,9.12951,9.30123,9.46692,9.62703,9.78201,9.93213,10.07775,10.21923,10.356660000000002,10.490490000000001,10.62081,10.74798,10.872,10.99323,11.11176,11.227770000000001,11.34135,11.452770000000001,11.56194,11.669130000000001,11.77443
15.20568,15.149790000000001,15.093990000000002,15.038369999999999,14.982840000000001,14.927399999999999,14.87205,14.816880000000001,14.761800000000001,14.70681,14.652000000000001,14.597280000000001,14.54265,14.488199999999999,14.433840000000002,14.37957,14.325479999999999,14.27148,14.21757,14.16384,14.11029,14.056830000000001,14.00355,13.950360000000002,13.89735,13.844430000000001,13.79178,13.739220000000001,13.68693,13.634820000000001,13.58289,13.531139999999999,13.479659999999999,13.428360000000001,13.37733,13.32657,13.27617,13.226040000000001,13.17627,13.12677,13.07772,13.029029999999999,12.98079,12.933,12.88566,12.83895,12.79269,12.74706,12.702060000000001,12.65769,12.61404,12.571200000000001,12.52908,12.487860000000001,12.447450000000002,12.40794,12.36951,12.33198,12.29553,12.260250000000001,12.22605,12.19302,12.161249999999999,12.130740000000001,12.10149,12.073590000000001,12.047130000000001,12.02202,11.99835,11.97603,11.95533,11.93598,11.91816,11.90178,11.886930000000001,11.873520000000001,11.861550000000001,11.85111,11.84202,11.834280000000001,11.82798,11.82303,11.81934,11.81691,11.815650000000002,11.81556,11.816550000000001,11.81853,11.82159,11.82546,11.83023,11.83581,11.84211,11.84904,11.8566,11.864700000000001,11.87325,11.88225,11.89152,11.90115,11.910960000000001,11.920860000000001,11.930940000000001,11.94111,11.95128,11.96136,11.97126,11.981160000000001,11.99079,12.000150000000001,12.00933,12.01815,12.02661,12.03471,12.04236,12.049560000000001,12.05631,12.06252,12.068190000000001,12.07332,12.077910000000001,12.08178,12.08511,12.08781,12.08979,12.091050000000001,12.09168,12.09159,12.09069,12.08916,12.086820000000001,12.08367,12.07971,12.07503,12.06954,12.06315,12.055950000000001,12.04794,12.03903,12.02931,12.018690000000001,12.00708,11.994660000000001,11.98134,11.96703,11.95191,11.93571,11.918610000000001,11.90052,11.88144,11.86128,11.84022,11.81808,11.79486,11.77065,11.74527,11.71881,11.69127,11.66256,11.63268,11.60163,11.569410000000001,11.53593,11.501100000000001,11.465100000000001,11.42766,11.38896,11.34882,11.30724,11.26422,11.21967,11.17359,11.12589,11.07657,11.025540000000001,10.972800000000001,10.91817,10.861650000000001,10.80324,10.74276,10.680209999999999,10.61541,10.54836,10.47897,10.40706,10.33263,10.25541,10.1754,10.09242,10.00629,9.916830000000001,9.82395,9.72738,9.62703,9.522540000000001,9.41373,9.30033,9.18198,9.058589999999999,8.929566,8.794665,8.653455000000001,8.505467999999999,8.350236,8.187192000000001,8.015751,7.835247000000001,7.644951,7.444071000000001,7.2317160000000005,7.006914,6.768612,6.515649,6.246783000000001,5.9607,5.656077000000001,5.331645,4.98636,4.619763,4.232529,3.827745,3.413133,3.005505,2.6380529999999998,2.367792,2.2654620000000003,2.367,2.6360910000000004,3.001671,3.4065540000000003,3.817413,4.2174000000000005,4.598766,4.9584600000000005,5.295834,5.611401,5.90625,6.181704000000001,6.439158000000001,6.6799800000000005,6.905457,7.116804,7.315128,7.501446,7.676703,7.841727,7.997292000000001,8.144109,8.282799,8.413938,8.538075000000001,8.655669,8.76717,8.872983,8.973477,9.069030000000001,9.15984,9.24633,9.32859,9.40707,9.48186,9.55323,9.621360000000001,9.686430000000001,9.748619999999999,9.80802,9.8649,9.919170000000001,9.97119,10.02096,10.068660000000001,10.11438,10.15812,10.200059999999999,10.2402,10.27872,10.315620000000001,10.351080000000001,10.38501,10.41759,10.44882,10.47879,10.5075,10.53513,10.5615,10.58679,10.61109,10.63431,10.65663,10.67796,10.69839,10.71792,10.736550000000001,10.75437,10.77138,10.78767,10.80306,10.817820000000001,10.831859999999999,10.845180000000001,10.85778,10.869660000000001,10.881,10.891620000000001,10.90161,10.91097,10.919699999999999,10.92789,10.93545,10.94247,10.94886,10.9548,10.96002,10.96479,10.96902,10.972710000000001,10.97577,10.97838,10.98045,10.98198,10.98297,10.98351,10.98351,10.98297,10.98189,10.980360000000001,10.978200000000001,10.97568,10.97253,10.96893,10.96479,10.96011,10.95489,10.94913,10.942919999999999,10.93617,10.928790000000001,10.92096,10.91259,10.90359,10.89405,10.88397,10.87335,10.862100000000002,10.85031,10.83789,10.82484,10.81116,10.79685,10.781910000000002,10.76634,10.75014,10.733220000000001,10.715580000000001,10.69722,10.67805,10.658249999999999,10.63764,10.61622,10.593900000000001,10.57086,10.54683,10.52199,10.49625,10.469430000000001,10.44171,10.41291,10.38312,10.35216,10.32003,10.28682,10.252260000000001,10.21644,10.17927,10.14075,10.10079,10.05921,10.0161,9.97128,9.92475,9.876420000000001,9.82611,9.77382,9.719370000000001,9.66276,9.60381,9.542430000000001,9.478349999999999,9.41166,9.342,9.26928,9.19332,9.11403,9.03096,8.94411,8.85312,8.757756,8.657721,8.5527,8.442342,8.326278,8.204085000000001,8.075313,7.939476000000001,7.795998,7.644303,7.483698,7.3134630000000005,7.132788000000001,6.940755,6.736392,6.518601,6.286194,6.037893,5.772312,5.488047,5.18373,4.858173,4.510728,4.141818000000001,3.754206,3.355164,2.960937,2.604015,2.340612,2.24082,2.3403690000000004,2.603403,2.959749,3.3531299999999997,3.7510019999999997,4.13712,4.504167,4.849416,5.172408,5.473809,5.754789000000001,6.016725,6.261021,6.489045,6.702075,6.90129,7.08777,7.2624960000000005,7.42635,7.580133000000001,7.724565000000001,7.860294000000001,7.987914000000001,8.107947,8.220879,8.327124,8.427087,8.521119,8.609535000000001,8.692623,8.770653,8.843859,8.912457,8.976627,9.03654,9.09243,9.144359999999999,9.19242,9.23679,9.277560000000001,9.31491,9.348749999999999,9.37917,9.40635,9.43029,9.45099,9.46845,9.48276,9.49383,9.501840000000001,9.50661,9.508230000000001,9.50661,9.50175,9.49365,9.48213,9.46728,9.44892,9.427050000000001,9.401489999999999,9.372240000000001,9.33903,9.30195,9.26064,9.215100000000001,9.16506,9.11034,9.05076,8.986113,8.916084,8.840403,8.758782,8.67087,8.576298000000001,8.47467,8.365527,8.248392,8.122716,7.9879050000000005,7.84332,7.6882410000000005,7.521867,7.343343,7.151715,6.945939,6.724881,6.487326,6.231951,5.957388,5.662269,5.34528,5.005395000000001,4.642191,4.256451,3.8514690000000003,3.4352910000000003,3.025233,2.655207,2.383182,2.280996,2.385531,2.661057,3.036636,3.454947,3.882438,4.3020000000000005,4.705623,5.090021999999999,5.454324000000001,5.798871,6.124563,6.4325790000000005,6.72417,7.000587,7.263009,7.5125519999999995,7.750242000000001,7.977015000000001,8.193735,8.401185,8.600067000000001,8.791038,8.974682999999999,9.15156,9.32211,9.486720000000002,9.64602,9.800189999999999,9.94959,10.09458,10.235430000000001,10.37241,10.505700000000001,10.63566,10.76238,10.886130000000001,11.00709,11.12526,11.241,11.3544,11.46546,11.57454,11.68155,11.786669999999999
15.174449999999998,15.11811,15.06195,15.005880000000001,14.949900000000001,14.89401,14.838299999999998,14.782680000000001,14.727149999999998,14.671710000000001,14.616360000000002,14.561189999999998,14.50611,14.45112,14.396310000000001,14.3415,14.28687,14.232330000000001,14.17797,14.1237,14.06952,14.01552,13.96161,13.90788,13.854239999999999,13.80078,13.74741,13.69431,13.641300000000001,13.588470000000001,13.53582,13.483350000000002,13.43115,13.37913,13.32738,13.2759,13.22469,13.17375,13.123080000000002,13.07277,13.022910000000001,12.97332,12.92427,12.875580000000001,12.82734,12.77973,12.732569999999999,12.68604,12.64014,12.59487,12.550320000000001,12.506580000000001,12.46356,12.42144,12.38013,12.33981,12.300569999999999,12.26223,12.22506,12.188970000000001,12.15405,12.12039,12.087990000000001,12.056939999999999,12.02724,11.998890000000001,11.97198,11.9466,11.92266,11.900160000000001,11.87928,11.85993,11.84211,11.82591,11.81124,11.7981,11.78649,11.7765,11.76786,11.76084,11.75517,11.75094,11.74806,11.746440000000002,11.74617,11.74707,11.74905,11.7522,11.75634,11.761470000000001,11.76741,11.77425,11.78181,11.79009,11.799,11.80845,11.81835,11.828700000000001,11.83932,11.8503,11.86146,11.8728,11.88423,11.89575,11.90718,11.918610000000001,11.92995,11.94102,11.95191,11.962620000000001,11.97297,11.98296,11.99268,12.00186,12.01068,12.01896,12.02679,12.03408,12.04083,12.04695,12.05244,12.0573,12.06153,12.06513,12.06801,12.070170000000001,12.071610000000002,12.07224,12.07224,12.07134,12.06972,12.06729,12.06414,12.06009,12.055140000000002,12.04947,12.042900000000001,12.03543,12.02706,12.01788,12.007800000000001,11.996730000000001,11.98485,11.97198,11.95821,11.94345,11.9277,11.911050000000001,11.893320000000001,11.874600000000001,11.854980000000001,11.834190000000001,11.81241,11.78964,11.7657,11.74068,11.71458,11.687310000000002,11.65896,11.62935,11.59866,11.56662,11.53341,11.498940000000001,11.46321,11.42604,11.38761,11.34774,11.30643,11.26368,11.2194,11.17359,11.126159999999999,11.077110000000001,11.02635,10.97379,10.91952,10.86327,10.80513,10.74501,10.68273,10.61829,10.5516,10.482569999999999,10.41111,10.33704,10.26027,10.18071,10.09827,10.01268,9.92385,9.8316,9.735750000000001,9.63612,9.53244,9.42453,9.31212,9.19503,9.07281,8.945162999999999,8.811810000000001,8.672337,8.526321,8.373303,8.212788,8.044227,7.867035,7.680564,7.4841120000000005,7.276932,7.058214,6.8271120000000005,6.582735,6.324192,6.050655,5.761404,5.456016,5.13459,4.79817,4.449465,4.094064,3.74229,3.411945,3.1309920000000004,2.936943,2.866518,2.9357010000000003,3.128184,3.4069409999999998,3.7342800000000005,4.082103,4.432526999999999,4.775229,5.104620000000001,5.418036,5.7144509999999995,5.993829000000001,6.256647,6.5036700000000005,6.735798,6.9539670000000005,7.1591130000000005,7.352145,7.533918,7.705224,7.866801000000001,8.019359999999999,8.163504000000001,8.299836,8.428878000000001,8.551125,8.667027,8.777007000000001,8.881434,8.980668,9.075059999999999,9.16479,9.25029,9.331740000000002,9.409410000000001,9.48348,9.55413,9.62154,9.68598,9.747630000000001,9.80649,9.86283,9.91665,9.968219999999999,10.017629999999999,10.06488,10.110149999999999,10.153530000000002,10.19511,10.23498,10.27323,10.309859999999999,10.34505,10.3788,10.41111,10.44207,10.471860000000001,10.50039,10.52775,10.553939999999999,10.57914,10.60326,10.6263,10.64844,10.66968,10.68993,10.709280000000001,10.72791,10.745550000000001,10.76247,10.77867,10.79406,10.80864,10.82259,10.83582,10.848329999999999,10.86021,10.87146,10.881990000000002,10.89198,10.901340000000001,10.90998,10.91817,10.92564,10.93266,10.93905,10.94481,10.95012,10.9548,10.95903,10.96263,10.96578,10.9683,10.970369999999999,10.971900000000002,10.97289,10.97343,10.97334,10.972800000000001,10.97172,10.97019,10.96812,10.96551,10.96236,10.95876,10.95462,10.949940000000002,10.94472,10.93905,10.93275,10.926,10.91871,10.91088,10.90242,10.89351,10.884060000000002,10.873980000000001,10.86336,10.85211,10.84032,10.82799,10.81494,10.801350000000001,10.78713,10.77228,10.75671,10.74051,10.72368,10.70613,10.68777,10.66878,10.64907,10.62855,10.60722,10.585080000000001,10.56204,10.53828,10.51353,10.48788,10.46124,10.4337,10.40508,10.37538,10.34469,10.312740000000002,10.279710000000001,10.245420000000001,10.20978,10.172880000000001,10.13463,10.094850000000001,10.05363,10.010790000000002,9.966330000000001,9.92016,9.87219,9.82224,9.7704,9.7164,9.66024,9.60183,9.5409,9.477450000000001,9.4113,9.34236,9.27036,9.19512,9.11655,9.03438,8.948484,8.85852,8.764263000000001,8.665443000000002,8.561754,8.452872000000001,8.338428,8.218053,8.091297,7.9577100000000005,7.816788000000001,7.667973000000001,7.510671,7.344216,7.167888,6.980931,6.782499,6.57171,6.347646,6.109362,5.855949000000001,5.586606000000001,5.300784,4.998438,4.680405,4.349169000000001,4.009941,3.672657,3.354597,3.0831570000000004,2.895264,2.8272150000000003,2.894913,3.0823650000000002,3.353184,3.6703799999999998,4.00653,4.344318,4.673808,4.989762,5.289696,5.572773000000001,5.839038,6.089022,6.323526,6.543459,6.749739000000001,6.943293,7.124994,7.295661,7.456041,7.606845,7.748712000000001,7.882227,8.007912,8.126271000000001,8.237736000000002,8.342703,8.441550000000001,8.534601,8.622162000000001,8.704503,8.781876,8.854506,8.922609,8.986347,9.0459,9.10143,9.15309,9.20097,9.24516,9.28575,9.32292,9.356670000000001,9.38709,9.41427,9.438120000000001,9.458820000000001,9.47637,9.49068,9.501930000000002,9.51003,9.514890000000001,9.51669,9.51525,9.51057,9.502650000000001,9.4914,9.47673,9.45864,9.43704,9.41184,9.38295,9.35019,9.31347,9.2727,9.2277,9.1782,9.12411,9.06525,9.00135,8.932122000000001,8.857377000000001,8.776782,8.690022,8.596737000000001,8.496558,8.389053,8.273763,8.150202,8.017803,7.8759809999999995,7.724079,7.561413,7.3872,7.20063,7.00083,6.786891,6.55785,6.312762,6.050745,5.771043000000001,5.473224,5.157396,4.824684,4.477932,4.1229450000000005,3.770406,3.438612,3.156219,2.961585,2.892312,2.965212,3.16449,3.4533630000000004,3.7941030000000002,4.158468,4.528377,4.893246,5.2472970000000005,5.587632,5.913045,6.223311,6.518763000000001,6.800022,7.067871,7.323129000000001,7.566633,7.799202,8.021601,8.234568000000001,8.438778,8.634852,8.823366,9.00486,9.17982,9.348749999999999,9.51192,9.669870000000001,9.822870000000002,9.97119,10.11528,10.255320000000001,10.39149,10.52415,10.65348,10.77966,10.90287,11.023290000000001,11.1411,11.25639,11.36943,11.480220000000001,11.58885,11.695590000000001,11.80044
15.142950000000003,15.08625,15.02955,14.973120000000002,14.916690000000001,14.860350000000002,14.804190000000002,14.748120000000002,14.69214,14.63625,14.580450000000003,14.524740000000001,14.469209999999999,14.413680000000001,14.35833,14.30307,14.2479,14.19291,14.137920000000001,14.08311,14.02839,13.97376,13.91931,13.86495,13.81068,13.756590000000001,13.702589999999999,13.64877,13.595130000000001,13.541580000000002,13.48821,13.43511,13.3821,13.32936,13.276800000000001,13.22451,13.1724,13.12065,13.06917,13.018049999999999,12.9672,12.9168,12.866760000000001,12.81717,12.76812,12.719430000000001,12.67137,12.623940000000001,12.577050000000002,12.53079,12.48534,12.440610000000001,12.3966,12.353580000000001,12.31137,12.27015,12.229920000000002,12.190769999999999,12.15279,12.11589,12.08025,12.04587,12.01284,11.981160000000001,11.950830000000002,11.922030000000001,11.894670000000001,11.86893,11.84472,11.822040000000001,11.80098,11.78163,11.76381,11.747700000000002,11.73321,11.72034,11.70918,11.69955,11.691540000000002,11.68506,11.68011,11.6766,11.67453,11.6739,11.67453,11.67651,11.67966,11.683890000000002,11.68929,11.695590000000001,11.70288,11.71107,11.71998,11.72961,11.73987,11.75076,11.7621,11.773890000000002,11.78595,11.79837,11.810970000000001,11.82375,11.83662,11.849490000000001,11.86236,11.87514,11.887830000000001,11.90025,11.91249,11.92446,11.93607,11.947410000000001,11.95821,11.96865,11.97864,11.98809,11.997,12.00537,12.013200000000001,12.02031,12.02688,12.03273,12.03786,12.04236,12.046140000000001,12.0492,12.051449999999999,12.052980000000002,12.053700000000001,12.053609999999999,12.05271,12.05109,12.04857,12.04515,12.04092,12.03588,12.02994,12.0231,12.015360000000001,12.00672,11.99709,11.986650000000001,11.97522,11.96289,11.949570000000001,11.93526,11.919960000000001,11.90376,11.88648,11.86821,11.84895,11.82861,11.80719,11.78469,11.7612,11.73654,11.7108,11.683890000000002,11.65581,11.62656,11.59614,11.56446,11.53152,11.49741,11.46186,11.42505,11.386890000000001,11.347290000000001,11.30634,11.26386,11.21994,11.1744,11.12724,11.07855,11.02806,10.975859999999999,10.92186,10.86606,10.80828,10.748520000000001,10.6866,10.62261,10.556370000000001,10.48779,10.41678,10.34325,10.26702,10.18809,10.106190000000002,10.021320000000001,9.933209999999999,9.84177,9.746730000000001,9.64809,9.54549,9.43875,9.3276,9.21186,9.09117,8.965323,8.833914,8.696610000000002,8.553042,8.402787,8.245404,8.080416,7.907301,7.725528000000001,7.5344940000000005,7.333614,7.122258,6.899805000000001,6.665652,6.419304,6.1603650000000005,5.888754,5.604786000000001,5.309532,5.005188,4.695741,4.387923,4.092345,3.8247390000000006,3.606192,3.4607970000000003,3.409029,3.45906,3.6024210000000005,3.8183759999999998,4.082643,4.373991,4.676634,4.979889000000001,5.277069,5.564178,5.839065,6.100695,6.348807,6.583536,6.805332000000001,7.014744,7.21242,7.399035,7.575264,7.741755,7.899128999999999,8.04798,8.188865999999999,8.3223,8.448759,8.568702,8.682525,8.790633,8.893359,8.991054,9.083969999999999,9.172530000000002,9.25686,9.33714,9.41382,9.4869,9.556740000000001,9.62343,9.68715,9.74799,9.80622,9.861930000000001,9.9153,9.966330000000001,10.0152,10.062,10.106819999999999,10.14984,10.19106,10.23057,10.26837,10.304730000000001,10.33956,10.37295,10.40508,10.43577,10.46529,10.493549999999999,10.52073,10.54674,10.57167,10.59561,10.61856,10.64052,10.66149,10.68165,10.70091,10.71936,10.73691,10.75374,10.76976,10.78506,10.79964,10.813410000000001,10.826550000000001,10.83906,10.85085,10.86201,10.87245,10.88235,10.891620000000001,10.90026,10.90836,10.91583,10.92276,10.92915,10.93491,10.94013,10.94481,10.94904,10.95264,10.9557,10.95822,10.96029,10.961820000000001,10.96272,10.96326,10.96317,10.96263,10.96155,10.96002,10.95786,10.95525,10.95219,10.9485,10.94436,10.939680000000001,10.93455,10.928790000000001,10.92258,10.91583,10.90854,10.90071,10.89234,10.88343,10.873980000000001,10.86399,10.85337,10.842210000000001,10.83042,10.81809,10.80513,10.791630000000001,10.77741,10.762559999999999,10.74717,10.731060000000001,10.71423,10.69677,10.67859,10.6596,10.639980000000001,10.61955,10.5984,10.57635,10.55349,10.52982,10.50525,10.47978,10.453320000000001,10.425870000000002,10.39752,10.368,10.33749,10.305810000000001,10.273050000000001,10.23894,10.203660000000001,10.16703,10.129050000000001,10.08963,10.048770000000001,10.00629,9.962190000000001,9.91647,9.868860000000002,9.819450000000002,9.76806,9.7146,9.658980000000001,9.60111,9.5409,9.47808,9.412650000000001,9.344430000000001,9.27324,9.19899,9.121410000000001,9.040320000000001,8.955477,8.866755000000001,8.773848000000001,8.676513,8.574453,8.467362,8.354916,8.236746,8.112456,7.981641,7.8438419999999995,7.698555000000001,7.545267,7.383411,7.212384,7.031547,6.840261,6.63786,6.423705,6.197211,5.957937,5.705676,5.440634999999999,5.163714,4.87692,4.583988000000001,4.291317,4.009158,3.752811,3.542904,3.403116,3.3536520000000003,3.4026660000000004,3.541932,3.751164,4.006647,4.287699,4.578993,4.870269,5.155119,5.429781,5.692257,5.941638,6.1776990000000005,6.400656,6.610932,6.809103,6.995799,7.171659,7.337331,7.493427,7.640541,7.779204000000001,7.9099379999999995,8.033211,8.149446000000001,8.259057,8.362404000000002,8.45982,8.551611,8.638065,8.719434,8.795943000000001,8.867826,8.935263,8.998425000000001,9.05751,9.11259,9.1638,9.21141,9.25533,9.29574,9.33273,9.3663,9.39663,9.423720000000001,9.447569999999999,9.46818,9.48573,9.50013,9.511470000000001,9.51957,9.524610000000001,9.5265,9.52524,9.52083,9.51309,9.50211,9.4878,9.47007,9.44883,9.42408,9.39555,9.363330000000001,9.32715,9.28692,9.242550000000001,9.193769999999999,9.14049,9.08244,9.01953,8.951346000000001,8.877761999999999,8.798472,8.71317,8.621523000000002,8.523171000000001,8.417736,8.304786,8.183862000000001,8.054487,7.91613,7.768206,7.610130000000001,7.441254000000001,7.260903,7.068411,6.8630759999999995,6.644268,6.411402,6.1640820000000005,5.902173,5.626026,5.336721,5.036562000000001,4.729698,4.423095,4.127733,3.859821,3.641094,3.496347,3.446847,3.501414,3.6521010000000005,3.8784150000000004,4.156155000000001,4.464009,4.786020000000001,5.111343,5.433057000000001,5.746995,6.0507990000000005,6.343281,6.6240179999999995,6.89301,7.150554,7.397118000000001,7.633242,7.8594930000000005,8.076474000000001,8.284761,8.484903000000001,8.677431,8.86284,9.041580000000002,9.2142,9.38088,9.54225,9.69849,9.84996,9.996929999999999,10.13976,10.27872,10.4139,10.54566,10.674180000000002,10.79964,10.922130000000001,11.041920000000001,11.15919,11.27394,11.38644,11.496780000000001,11.60505,11.711340000000002,11.81583
15.111089999999999,15.05394,14.99688,14.940000000000001,14.88312,14.82642,14.76972,14.713199999999999,14.65677,14.60043,14.54418,14.48802,14.431949999999999,14.37597,14.320079999999999,14.26428,14.20866,14.15304,14.09751,14.042159999999999,13.98681,13.93164,13.87656,13.821570000000001,13.766670000000001,13.71195,13.65732,13.602780000000001,13.54842,13.49415,13.440150000000001,13.38624,13.33242,13.278870000000001,13.22559,13.1724,13.11957,13.066920000000001,13.01454,12.96252,12.91077,12.85947,12.808440000000001,12.75795,12.70782,12.65823,12.60909,12.56067,12.51279,12.46554,12.41901,12.37329,12.32829,12.28419,12.24108,12.19887,12.15774,12.117600000000001,12.07872,12.04101,12.00456,11.969370000000001,11.93562,11.90322,11.872349999999999,11.84301,11.8152,11.789010000000001,11.76444,11.741489999999999,11.72034,11.70081,11.68308,11.667060000000001,11.65275,11.64015,11.62935,11.620170000000002,11.6127,11.60685,11.60262,11.60001,11.598840000000001,11.59911,11.600819999999999,11.60388,11.6082,11.61369,11.62026,11.62791,11.636640000000002,11.646180000000001,11.65653,11.6676,11.679300000000001,11.69163,11.704500000000001,11.71782,11.73141,11.74527,11.759400000000001,11.77371,11.78802,11.80242,11.81673,11.83095,11.84499,11.85885,11.87244,11.885760000000001,11.89872,11.91132,11.92347,11.935080000000001,11.94624,11.95695,11.96703,11.97648,11.9853,11.99358,12.00114,12.00798,12.014100000000001,12.01959,12.024270000000001,12.02814,12.03129,12.03363,12.035250000000001,12.03597,12.03579,12.03489,12.033090000000001,12.03039,12.02688,12.02247,12.01716,12.01086,12.00375,11.99565,11.986650000000001,11.97675,11.965860000000001,11.95398,11.9412,11.92734,11.91258,11.896740000000001,11.879999999999999,11.86209,11.84328,11.823300000000001,11.80233,11.78028,11.75706,11.732850000000001,11.70738,11.68083,11.653110000000002,11.624220000000001,11.59416,11.56284,11.53026,11.49642,11.46123,11.42478,11.386890000000001,11.34765,11.30697,11.264850000000001,11.2212,11.17602,11.12931,11.08089,11.030759999999999,10.97901,10.925370000000001,10.86993,10.8126,10.753200000000001,10.69182,10.62828,10.56249,10.49445,10.42407,10.351080000000001,10.27557,10.19727,10.11618,10.03212,9.94491,9.85437,9.7605,9.662939999999999,9.56151,9.45621,9.346589999999999,9.232470000000001,9.11367,8.989857,8.860743,8.726004000000001,8.585316,8.438301000000001,8.28459,8.12376,7.9553970000000005,7.779051,7.594271999999999,7.400601,7.197606,6.9849000000000006,6.762177,6.529266,6.286230000000001,6.0334650000000005,5.771943,5.503383,5.230701,4.9584600000000005,4.693473,4.445406,4.227021000000001,4.053636,3.9409110000000003,3.90105,3.938625,4.048794,4.219137,4.433796,4.677327,4.93686,5.202711,5.46804,5.728293,5.980608,6.223266000000001,6.455358,6.676542,6.8868,7.0863570000000005,7.275555,7.454853,7.624719,7.785657,7.938162000000001,8.082729,8.219808,8.349867,8.47332,8.590554,8.701956,8.807859,8.908614,9.0045,9.09585,9.182789999999999,9.26577,9.344790000000001,9.420300000000001,9.49239,9.56115,9.626940000000001,9.689760000000001,9.74988,9.8073,9.86238,9.91503,9.96543,10.013760000000001,10.06002,10.10439,10.14687,10.18764,10.2267,10.264140000000001,10.300139999999999,10.334610000000001,10.36773,10.39941,10.429920000000001,10.45908,10.487160000000001,10.51398,10.539810000000001,10.56456,10.58823,10.610999999999999,10.63278,10.65357,10.67355,10.69263,10.7109,10.72836,10.7451,10.76094,10.77615,10.79055,10.80432,10.81737,10.829699999999999,10.84149,10.85247,10.862910000000001,10.87281,10.881990000000002,10.89054,10.89864,10.906020000000002,10.91295,10.91925,10.92501,10.930140000000002,10.93482,10.938960000000002,10.94256,10.94562,10.94814,10.95012,10.95165,10.95255,10.953,10.953,10.95237,10.95129,10.94976,10.94769,10.945079999999999,10.941930000000001,10.93833,10.934190000000001,10.92951,10.92429,10.91862,10.912410000000001,10.905660000000001,10.89837,10.89054,10.88226,10.87335,10.8639,10.85391,10.84338,10.83222,10.82052,10.80828,10.79532,10.78182,10.76778,10.753020000000001,10.73763,10.72161,10.70487,10.6875,10.669410000000001,10.6506,10.631070000000001,10.61073,10.58967,10.567800000000002,10.545119999999999,10.52154,10.497150000000001,10.471860000000001,10.44567,10.4184,10.39023,10.36098,10.33074,10.29933,10.26675,10.232999999999999,10.197989999999999,10.16172,10.1241,10.085040000000001,10.044540000000001,10.00251,9.958860000000001,9.913590000000001,9.86652,9.81756,9.766710000000002,9.713880000000001,9.658890000000001,9.60174,9.542159999999999,9.48015,9.41562,9.3483,9.27801,9.20484,9.12834,9.04842,8.964981,8.877699,8.786375999999999,8.690769,8.590608000000001,8.485614,8.375490000000001,8.259894,8.138493,8.0109,7.8767190000000005,7.735526999999999,7.586882999999999,7.430319,7.265358000000001,7.0915230000000005,6.908337,6.715358999999999,6.512238000000001,6.298731,6.07482,5.840811,5.597505,5.3465039999999995,5.090499,4.833819,4.5829889999999995,4.347351000000001,4.139316,3.97386,3.866346,3.828807,3.865815,3.972735,4.13748,4.344642,4.5792,4.828716,5.083839,5.338017,5.58693,5.827842,6.059178,6.280101,6.490305,6.689808,6.878826,7.05771,7.226883000000001,7.386804000000001,7.537923,7.680726000000001,7.815644999999999,7.943103000000001,8.063505000000001,8.177229,8.284635,8.386029,8.481726,8.572005,8.657118,8.737307999999999,8.812773,8.883729,8.950347,9.012780000000001,9.071190000000001,9.125729999999999,9.17658,9.223650000000001,9.2673,9.30735,9.34407,9.37755,9.4077,9.434610000000001,9.45837,9.47898,9.49653,9.51102,9.522359999999999,9.530640000000002,9.53577,9.537840000000001,9.53676,9.53253,9.525150000000002,9.51444,9.500399999999999,9.48312,9.46233,9.43794,9.40995,9.378269999999999,9.342720000000002,9.30321,9.25965,9.211680000000001,9.1593,9.10233,9.0405,8.973639,8.901459000000001,8.823735000000001,8.740169999999999,8.650467,8.554302,8.451324,8.341146,8.223372,8.09757,7.963280999999999,7.820028,7.667307,7.504614,7.331435999999999,7.147296,6.951735,6.7444109999999995,6.525108,6.293862,6.051078,5.797728,5.535603,5.267727000000001,4.998834,4.736007,4.489245,4.271787000000001,4.099527,3.988746,3.9522960000000005,3.9953429999999996,4.113486,4.294575,4.522878,4.782933000000001,5.061789,5.349573,5.63931,5.926266,6.207381000000001,6.480792,6.745437,7.00083,7.246818000000001,7.483518000000001,7.711182000000001,7.930161,8.140833,8.343639,8.539002000000002,8.727345000000001,8.909073000000001,9.0846,9.25425,9.41841,9.577530000000001,9.7317,9.88128,10.026720000000001,10.16802,10.305629999999999,10.43955,10.57023,10.69767,10.82223,10.94391,11.06289,11.17944,11.293560000000001,11.40543,11.51523,11.62296,11.7288,11.832840000000001
15.07896,15.02145,14.963940000000001,14.906609999999999,14.849279999999998,14.79213,14.73498,14.678010000000002,14.62104,14.564250000000001,14.507549999999998,14.45085,14.39433,14.33781,14.28147,14.22513,14.16897,14.11281,14.056740000000001,14.00076,13.944870000000002,13.88907,13.83336,13.77783,13.7223,13.66686,13.61151,13.55634,13.50126,13.44627,13.39146,13.33683,13.282290000000001,13.227929999999999,13.17375,13.119750000000002,13.06602,13.01247,12.959190000000001,12.906179999999999,12.853530000000001,12.80124,12.749220000000001,12.69765,12.64653,12.59595,12.54582,12.49623,12.44727,12.39903,12.351420000000001,12.30453,12.25854,12.21336,12.169170000000001,12.12597,12.08376,12.042720000000001,12.002849999999999,11.96415,11.9268,11.8908,11.856240000000001,11.82312,11.791620000000002,11.761650000000001,11.733300000000002,11.706660000000001,11.68173,11.658510000000001,11.63709,11.617560000000001,11.59974,11.583810000000001,11.56968,11.55744,11.54691,11.53827,11.53134,11.52621,11.52279,11.520900000000001,11.52072,11.522070000000001,11.52486,11.529,11.53458,11.54133,11.549339999999999,11.55834,11.56842,11.57949,11.591280000000001,11.60397,11.6172,11.631150000000002,11.64555,11.6604,11.675609999999999,11.69109,11.706750000000001,11.72259,11.73852,11.75445,11.77029,11.78595,11.80152,11.81682,11.83185,11.846520000000002,11.86083,11.874780000000001,11.88819,11.90115,11.91357,11.925450000000001,11.9367,11.947320000000001,11.95731,11.96658,11.97522,11.98314,11.99025,11.996730000000001,12.002310000000001,12.00717,12.011220000000002,12.01437,12.0168,12.01833,12.01896,12.018780000000001,12.0177,12.01581,12.01293,12.00915,12.004470000000001,11.998890000000001,11.99241,11.98494,11.97648,11.96712,11.95677,11.94543,11.933100000000001,11.91978,11.905470000000001,11.89017,11.87379,11.85642,11.83797,11.81844,11.797830000000001,11.77623,11.75346,11.72952,11.704500000000001,11.67831,11.65095,11.62242,11.592720000000002,11.56176,11.52954,11.495970000000002,11.46123,11.42505,11.38752,11.348640000000001,11.30832,11.26656,11.22336,11.17854,11.1321,11.08413,11.034450000000001,10.98306,10.92987,10.87488,10.818,10.75914,10.698300000000001,10.6353,10.57014,10.502730000000001,10.43289,10.360619999999999,10.285829999999999,10.208430000000002,10.128150000000002,10.04499,9.958860000000001,9.869399999999999,9.7767,9.68049,9.5805,9.47673,9.368820000000001,9.25668,9.13995,9.01854,8.892009,8.760186,8.622756,8.479404,8.329824,8.173665,8.010594000000001,7.8402780000000005,7.662383999999999,7.476615,7.282710000000001,7.080516,6.869961,6.651198,6.424641,6.191082000000001,5.951916000000001,5.709285,5.466411,5.227884,5.000031,4.791069,4.610997,4.470831,4.38102,4.3492049999999995,4.378149,4.464864,4.6014930000000005,4.777398000000001,4.981446,5.2035480000000005,5.435415,5.67072,5.904873,6.134661,6.357978,6.573465,6.780384,6.978348,7.167285000000001,7.347275999999999,7.518554999999999,7.6814100000000005,7.836201,7.983296999999999,8.123067,8.255898,8.382159000000001,8.50221,8.616401999999999,8.725059,8.828496000000001,8.926992,9.02079,9.11025,9.19557,9.27693,9.3546,9.42876,9.49959,9.56727,9.63198,9.69381,9.75303,9.80964,9.863909999999999,9.91584,9.965520000000001,10.01322,10.058850000000001,10.10268,10.144620000000002,10.184849999999999,10.223460000000001,10.26054,10.296,10.33011,10.362870000000001,10.39428,10.424339999999999,10.45323,10.48104,10.50759,10.533150000000001,10.557630000000001,10.58112,10.603620000000001,10.62513,10.64583,10.66563,10.68453,10.70262,10.71999,10.73646,10.7523,10.76733,10.78164,10.79523,10.80819,10.82043,10.832130000000001,10.843110000000001,10.85346,10.86318,10.87227,10.88082,10.888829999999999,10.89621,10.90305,10.90926,10.91502,10.92015,10.92474,10.928880000000001,10.93239,10.93545,10.93797,10.93995,10.94139,10.942380000000002,10.94283,10.94274,10.94211,10.941030000000001,10.939499999999999,10.93734,10.93473,10.93167,10.927980000000002,10.92384,10.91925,10.91403,10.90836,10.90215,10.89549,10.888200000000001,10.88046,10.87209,10.86327,10.853819999999999,10.84392,10.833390000000001,10.822320000000001,10.81062,10.798380000000002,10.7856,10.7721,10.75806,10.74339,10.72809,10.71216,10.6956,10.678320000000001,10.66032,10.6416,10.622160000000001,10.602089999999999,10.58112,10.559429999999999,10.536930000000002,10.51353,10.48932,10.46421,10.4382,10.4112,10.3833,10.35432,10.324259999999999,10.29312,10.2609,10.227509999999999,10.19286,10.15695,10.11969,10.08108,10.040939999999999,9.999360000000001,9.95625,9.911430000000001,9.8649,9.81657,9.76644,9.71424,9.65997,9.60354,9.54486,9.48366,9.42003,9.353700000000002,9.28458,9.21249,9.13734,9.058860000000001,8.976861,8.891217000000001,8.801676,8.708022,8.610012,8.507394,8.39988,8.2872,8.169030000000001,8.045046000000001,7.914923999999999,7.778295,7.634816999999999,7.4841120000000005,7.325829000000001,7.159635,6.985233,6.8024070000000005,6.611031,6.411186000000001,6.203187,5.987736,5.766084,5.540211,5.313159,5.089302,4.874697,4.6773,4.506822,4.374027,4.289148,4.259727000000001,4.288554,4.372794000000001,4.504851,4.674456,4.8708,5.084163,5.3065620000000004,5.531922000000001,5.755842,5.975298,6.188274000000001,6.393519,6.590313,6.778322999999999,6.957477,7.127874,7.289712,7.443270000000001,7.588871999999999,7.726851000000001,7.857549000000001,7.981317000000001,8.098479000000001,8.209341,8.314218,8.413389,8.507114999999999,8.595639,8.679204,8.758017,8.832267,8.902134,8.967798,9.02943,9.08712,9.140939999999999,9.19116,9.23778,9.280980000000001,9.32067,9.35712,9.39033,9.42021,9.447030000000002,9.4707,9.49131,9.50877,9.52326,9.5346,9.54297,9.54828,9.55053,9.549719999999999,9.54567,9.53856,9.52821,9.51462,9.497700000000002,9.477360000000001,9.4536,9.42624,9.39519,9.36036,9.32166,9.278910000000002,9.23193,9.180629999999999,9.124830000000001,9.064350000000001,8.998893,8.928333,8.852400000000001,8.770842000000002,8.68338,8.589717,8.489547,8.382537,8.268327000000001,8.146566,8.016876000000002,7.878852,7.732116000000001,7.576290000000001,7.411023,7.236009000000001,7.051032,6.8560110000000005,6.651054,6.436557,6.213339,5.982813,5.747202,5.509863,5.275566,5.050899,4.8444210000000005,4.666563,4.5288450000000005,4.442274,4.415058,4.450455000000001,4.545882,4.693761,4.8836070000000005,5.104305,5.345712,5.599449,5.859045,6.119757000000001,6.37821,6.632136,6.8800680000000005,7.121088,7.354710000000001,7.580745,7.799166,8.010107999999999,8.213787,8.410473,8.600454000000001,8.784063000000002,8.961606,9.133379999999999,9.29979,9.46107,9.6174,9.76923,9.916739999999999,10.060200000000002,10.19979,10.33578,10.468350000000001,10.59768,10.72404,10.84743,10.96812,11.0862,11.20185,11.31525,11.4264,11.53548,11.64258,11.74788,11.85138
15.04656,14.9886,14.93064,14.872860000000001,14.815170000000002,14.757480000000001,14.699970000000002,14.642460000000002,14.585040000000001,14.5278,14.470559999999999,14.41341,14.356349999999999,14.29938,14.2425,14.18562,14.12892,14.07222,14.01561,13.959,13.90257,13.84614,13.789890000000002,13.733640000000001,13.67739,13.62132,13.565339999999999,13.509450000000001,13.45365,13.39794,13.34232,13.28688,13.231530000000001,13.17636,13.12128,13.06647,13.01175,12.9573,12.903120000000001,12.84912,12.79548,12.7422,12.68919,12.63654,12.58434,12.53259,12.48138,12.43071,12.38067,12.33117,12.28248,12.23451,12.18735,12.14109,12.09573,12.05136,12.00807,11.965950000000001,11.925,11.8854,11.847059999999999,11.810160000000002,11.774700000000001,11.740860000000001,11.708549999999999,11.67786,11.64897,11.62179,11.5965,11.57292,11.55132,11.53161,11.51379,11.49795,11.484,11.471940000000002,11.46195,11.45376,11.447460000000001,11.44296,11.440349999999999,11.43936,11.44017,11.44251,11.44647,11.45187,11.45871,11.4669,11.47626,11.48679,11.4984,11.511,11.52441,11.538630000000001,11.55357,11.569139999999999,11.58516,11.60172,11.618549999999999,11.63574,11.653020000000001,11.67048,11.688030000000001,11.705490000000001,11.722949999999999,11.74023,11.757330000000001,11.77416,11.79063,11.806740000000001,11.82249,11.83779,11.852549999999999,11.866859999999999,11.88054,11.89368,11.90619,11.91798,11.92914,11.93958,11.949209999999999,11.95821,11.9664,11.97378,11.980350000000001,11.98611,11.99106,11.9952,11.99844,12.000779999999999,12.002220000000001,12.002849999999999,12.00249,12.00132,11.99916,11.9961,11.99205,11.987100000000002,11.981250000000001,11.97432,11.96649,11.95767,11.94786,11.93715,11.92527,11.91249,11.89872,11.88387,11.86794,11.85102,11.833020000000001,11.81394,11.79378,11.772540000000001,11.75013,11.72664,11.70207,11.67624,11.64933,11.62116,11.59182,11.56122,11.52936,11.49624,11.461770000000001,11.42604,11.388869999999999,11.35035,11.31048,11.26908,11.226239999999999,11.181780000000002,11.13588,11.08827,11.03904,10.9881,10.93545,10.88091,10.824570000000001,10.766250000000001,10.70595,10.64358,10.57905,10.512360000000001,10.44333,10.371870000000001,10.29789,10.2213,10.142100000000001,10.05993,9.97488,9.88677,9.795420000000002,9.70065,9.60228,9.50022,9.39429,9.28422,9.169920000000001,9.051029999999999,8.927406,8.798796,8.664957,8.525619,8.380539,8.229456,8.072109000000001,7.908273,7.737731999999999,7.560342,7.376004000000001,7.184736,6.986718,6.782337,6.572259,6.357582,6.139926,5.921631,5.705928,5.497155,5.300838000000001,5.123754,4.973598000000001,4.858344,4.785138,4.758993,4.781664,4.851198,4.962375,5.107896,5.279652,5.469857999999999,5.671692,5.879565,6.0891660000000005,6.297255,6.5015279999999995,6.700383,6.892785,7.078095,7.255962,7.426278,7.589052000000001,7.744437,7.892621999999999,8.033868,8.168445,8.296641,8.418762,8.535105,8.645949,8.751581999999999,8.852283,8.948295000000002,9.03987,9.127260000000001,9.21069,9.29034,9.36639,9.439020000000001,9.5085,9.57492,9.63846,9.6993,9.75744,9.81315,9.86652,9.91764,9.9666,10.013580000000001,10.05858,10.10169,10.143089999999999,10.18278,10.22085,10.257390000000001,10.29249,10.32615,10.35846,10.38942,10.41921,10.44774,10.47519,10.501470000000001,10.526670000000001,10.55097,10.57419,10.59642,10.61775,10.63818,10.6578,10.67652,10.69443,10.71162,10.728,10.74357,10.758510000000001,10.77273,10.78623,10.79901,10.81125,10.82277,10.83366,10.84392,10.85355,10.862639999999999,10.8711,10.87902,10.88631,10.89315,10.89936,10.90494,10.91007,10.91466,10.91871,10.92222,10.92528,10.92771,10.92969,10.93113,10.932120000000001,10.93248,10.93239,10.93185,10.93077,10.92915,10.92699,10.92438,10.92132,10.917720000000001,10.913580000000001,10.908900000000001,10.90377,10.8981,10.89189,10.88523,10.87794,10.8702,10.86192,10.8531,10.84374,10.83384,10.823310000000001,10.812330000000001,10.80072,10.78857,10.77579,10.76238,10.74843,10.73385,10.718639999999999,10.7028,10.68633,10.66914,10.65132,10.63269,10.613430000000001,10.59345,10.57266,10.55115,10.528830000000001,10.50561,10.481670000000001,10.456740000000002,10.431000000000001,10.40427,10.37655,10.34784,10.318140000000001,10.287360000000001,10.25541,10.222380000000001,10.18809,10.15254,10.11573,10.07757,10.03797,9.996929999999999,9.95427,9.91008,9.864180000000001,9.81648,9.76698,9.71559,9.66213,9.60651,9.54873,9.48852,9.42597,9.36072,9.292860000000001,9.22203,9.14823,9.07128,8.990991000000001,8.907147,8.819586000000001,8.728092,8.632449,8.532441,8.427807,8.318304,8.20368,8.083647000000001,7.9579260000000005,7.826247000000001,7.688331000000001,7.543917,7.392753,7.234650000000001,7.069482000000001,6.897195,6.717915,6.53193,6.339852,6.142635,5.941791,5.739498,5.538825,5.343894000000001,5.160033,4.9937759999999995,4.852602,4.744296,4.67586,4.652244,4.67523,4.742999999999999,4.850559,4.990869000000001,5.156127,5.338818,5.53239,5.731506,5.932008000000001,6.1308359999999995,6.325785,6.5153430000000006,6.69852,6.874722,7.043607,7.205076,7.359129,7.505901000000001,7.645554000000001,7.778322000000001,7.904439,8.024166,8.137755,8.245467000000001,8.347554,8.444241000000002,8.535771,8.622342,8.704161000000001,8.781426,8.854299000000001,8.922941999999999,8.987517,9.04815,9.104940000000001,9.158130000000002,9.20763,9.25371,9.29637,9.3357,9.3717,9.40464,9.43434,9.460890000000001,9.48447,9.504900000000001,9.522359999999999,9.536850000000001,9.54828,9.556740000000001,9.56214,9.56457,9.56394,9.56025,9.553410000000001,9.54351,9.53028,9.51381,9.49401,9.47088,9.444149999999999,9.41382,9.379800000000001,9.342,9.30024,9.254340000000001,9.2043,9.149849999999999,9.09081,9.027,8.958231,8.884314000000002,8.804988,8.72001,8.629137,8.532081000000002,8.428563,8.318294999999999,8.200971000000001,8.076294,7.943958,7.803692999999999,7.655238,7.498395,7.333029,7.1591309999999995,6.9768360000000005,6.786522000000001,6.588855,6.38496,6.176502,5.965911,5.756562000000001,5.552964,5.360931000000001,5.187546,5.040909,4.929444,4.8607830000000005,4.840434,4.870575,4.949631,5.072652000000001,5.232492000000001,5.421114,5.630706,5.854392,6.086475,6.322509,6.559119,6.7938659999999995,7.025022,7.251408,7.472268,7.687143000000001,7.895808000000001,8.0982,8.294373,8.484435,8.668575,8.847,9.01998,9.187650000000001,9.35037,9.50832,9.66177,9.81099,9.95607,10.097370000000002,10.23498,10.36917,10.50012,10.62801,10.75293,10.87506,10.994670000000001,11.11167,11.226420000000001,11.33883,11.44917,11.55753,11.66391,11.76858,11.871450000000001
15.013889999999998,14.955480000000001,14.89716,14.838840000000001,14.7807,14.72256,14.6646,14.606640000000002,14.54877,14.49099,14.4333,14.37561,14.318100000000001,14.26059,14.20317,14.14575,14.088510000000001,14.03127,13.97403,13.916970000000001,13.859910000000001,13.80285,13.74588,13.689000000000002,13.63221,13.575420000000001,13.51872,13.462110000000001,13.4055,13.349070000000001,13.29264,13.23639,13.18023,13.12416,13.06827,13.012559999999999,12.95694,12.9015,12.84633,12.79134,12.73671,12.682260000000001,12.62826,12.574530000000001,12.52125,12.46833,12.41595,12.36411,12.312809999999999,12.26223,12.21228,12.16305,12.11472,12.0672,12.020669999999999,11.97513,11.93067,11.88738,11.84535,11.80458,11.76525,11.727360000000001,11.691,11.65617,11.623050000000001,11.59173,11.56212,11.534400000000002,11.50857,11.48472,11.46276,11.44287,11.42505,11.40921,11.39544,11.38374,11.37411,11.36646,11.360790000000001,11.35701,11.35521,11.35521,11.35701,11.36052,11.36574,11.372399999999999,11.38059,11.39022,11.40111,11.413170000000001,11.4264,11.440620000000001,11.45574,11.47167,11.48832,11.505600000000001,11.523420000000002,11.54169,11.56023,11.579130000000001,11.598210000000002,11.61738,11.636640000000002,11.65581,11.6748,11.6937,11.71242,11.730780000000001,11.74887,11.76651,11.7837,11.80035,11.816550000000001,11.83221,11.847240000000001,11.861640000000001,11.87541,11.88846,11.90079,11.912310000000002,11.9232,11.93319,11.942459999999999,11.950830000000002,11.958390000000001,11.965140000000002,11.97099,11.97603,11.98017,11.98332,11.98566,11.98701,11.98746,11.98701,11.98557,11.98314,11.97981,11.97558,11.970270000000001,11.96406,11.95677,11.94858,11.93931,11.92905,11.917800000000002,11.905560000000001,11.89224,11.877839999999999,11.86245,11.84598,11.828429999999999,11.809800000000001,11.79009,11.7693,11.74734,11.7243,11.70009,11.67471,11.648159999999999,11.62035,11.591370000000001,11.56122,11.529720000000001,11.49696,11.46294,11.427570000000001,11.39085,11.352780000000001,11.31327,11.27232,11.229840000000001,11.185920000000001,11.14047,11.09331,11.04462,10.99413,10.94202,10.88802,10.83222,10.77453,10.71486,10.65321,10.5894,10.523430000000001,10.45521,10.38456,10.31157,10.23606,10.15785,10.07685,9.993060000000002,9.9063,9.81639,9.72324,9.62667,9.5265,9.42273,9.315,9.20313,9.08712,8.966619000000001,8.841474,8.711478000000001,8.576442,8.436159,8.290449,8.139141,7.9820910000000005,7.819218,7.6504769999999995,7.475931,7.2957600000000005,7.110297,6.920127,6.726114,6.5295,6.332031,6.136047,5.944635,5.761665,5.59188,5.4407250000000005,5.314122,5.217893999999999,5.157072,5.135049,5.152985999999999,5.2095329999999995,5.301126,5.422581,5.567958,5.731254,5.906934,6.090237,6.277266,6.464952,6.6509730000000005,6.833601,7.01163,7.184232,7.350885,7.511274,7.665273000000001,7.812864000000001,7.954128000000001,8.089209,8.218278,8.341551,8.459244,8.5716,8.678844,8.781227999999999,8.878968,8.972298,9.061470000000002,9.14661,9.22797,9.30564,9.37998,9.451080000000001,9.519120000000001,9.584190000000001,9.64638,9.70605,9.76311,9.81783,9.87021,9.920430000000001,9.968580000000001,10.01475,10.05903,10.101420000000001,10.14219,10.18125,10.21878,10.25478,10.289340000000001,10.32255,10.35441,10.38501,10.41435,10.44261,10.46961,10.49562,10.52055,10.544490000000001,10.567350000000001,10.5894,10.610460000000002,10.63071,10.65006,10.6686,10.68633,10.70334,10.71954,10.73502,10.749780000000001,10.763819999999999,10.777230000000001,10.78992,10.80198,10.813410000000001,10.824209999999999,10.83438,10.84392,10.85292,10.861379999999999,10.86921,10.87641,10.88316,10.88928,10.89495,10.89999,10.90458,10.90854,10.912049999999999,10.91502,10.91745,10.91943,10.92078,10.92177,10.922130000000001,10.92204,10.9215,10.92033,10.91871,10.916640000000001,10.91403,10.91088,10.90728,10.90314,10.89855,10.89342,10.88775,10.881540000000001,10.87488,10.86768,10.85994,10.85175,10.84293,10.83357,10.82376,10.81332,10.80234,10.79082,10.77867,10.765979999999999,10.75275,10.738800000000001,10.724310000000001,10.709280000000001,10.69353,10.677150000000001,10.66005,10.64232,10.62396,10.60479,10.584990000000001,10.564380000000002,10.542959999999999,10.52082,10.49787,10.47411,10.44945,10.42398,10.39752,10.37007,10.34172,10.31229,10.281870000000001,10.25028,10.21761,10.18377,10.148670000000001,10.11231,10.0746,10.035540000000001,9.995040000000001,9.953009999999999,9.909450000000001,9.864180000000001,9.8172,9.76851,9.717839999999999,9.665280000000001,9.61056,9.55377,9.49464,9.433169999999999,9.36918,9.30258,9.23328,9.161010000000001,9.08568,9.0072,8.925327000000001,8.839899,8.750745,8.657667000000002,8.560467000000001,8.458938000000002,8.352864,8.242029,8.126199,8.005176,7.8787259999999995,7.746677999999999,7.608834,7.4650859999999994,7.315335,7.159608,6.998022,6.830847,6.658578,6.4819890000000004,6.302232,6.120909,5.940225,5.763114,5.593275,5.435244,5.294322,5.176224,5.0866560000000005,5.0305230000000005,5.0112,5.029884,5.085342000000001,5.174181,5.291451,5.431437,5.588379000000001,5.756976,5.932665,6.11172,6.291216,6.46893,6.643224,6.812946,6.977304,7.135794,7.288119000000001,7.434144000000001,7.573833,7.707258,7.834517999999999,7.955775000000001,8.071191,8.180964,8.285283000000002,8.384345999999999,8.478351,8.567478000000001,8.651916,8.731827000000001,8.807382,8.878743,8.946036,9.009360000000001,9.06894,9.124830000000001,9.17712,9.2259,9.271350000000002,9.31338,9.352260000000001,9.3879,9.420390000000001,9.44982,9.47619,9.49959,9.51993,9.5373,9.55179,9.56331,9.571860000000001,9.577440000000001,9.580050000000002,9.579600000000001,9.57618,9.5697,9.560160000000002,9.54747,9.53154,9.51228,9.48978,9.46377,9.43425,9.40113,9.36432,9.323640000000001,9.279,9.230220000000001,9.17721,9.11979,9.05778,8.991,8.91927,8.842383000000002,8.760123,8.672265,8.578584000000001,8.478846,8.372808000000001,8.260235999999999,8.140905,8.014599,7.881147000000001,7.740405000000001,7.592301000000001,7.436871,7.274249999999999,7.10478,6.92901,6.747822,6.562512000000001,6.374871000000001,6.187347,6.0031620000000006,5.826393,5.662017,5.5157940000000005,5.3940150000000004,5.302908,5.247927000000001,5.232879,5.25933,5.326263,5.430357000000001,5.5666080000000004,5.7291479999999995,5.911992000000001,6.109578000000001,6.317055000000001,6.530436,6.746535000000001,6.962886,7.177671,7.389549000000001,7.597566,7.8011099999999995,7.999749,8.193285,8.381592,8.564688,8.742636000000001,8.915535,9.08352,9.246870000000001,9.40563,9.55998,9.71028,9.856530000000001,9.999,10.13796,10.27341,10.40562,10.53477,10.66095,10.78443,10.90521,11.023470000000001,11.1393,11.25297,11.36439,11.47383,11.581290000000001,11.68695,11.79081,11.89296
14.980949999999998,14.922090000000003,14.863230000000001,14.80455,14.74596,14.68737,14.628870000000001,14.570459999999999,14.51214,14.453909999999999,14.39568,14.33754,14.27949,14.221440000000001,14.16348,14.10561,14.04774,13.98996,13.93218,13.87449,13.8168,13.7592,13.701600000000001,13.644,13.58658,13.529069999999999,13.47165,13.41432,13.356990000000001,13.29975,13.242600000000001,13.18545,13.12848,13.07151,13.01472,12.958020000000001,12.9015,12.84507,12.78891,12.732930000000001,12.67713,12.621690000000001,12.56643,12.51162,12.457080000000001,12.403080000000001,12.349440000000001,12.296339999999999,12.243780000000001,12.19194,12.14073,12.09024,12.04056,11.99178,11.943900000000001,11.8971,11.85138,11.80692,11.763630000000001,11.72178,11.681280000000001,11.64231,11.60487,11.569139999999999,11.535210000000001,11.50299,11.472660000000001,11.44431,11.41794,11.39364,11.371410000000001,11.35134,11.333430000000002,11.317590000000001,11.304,11.29257,11.2833,11.27619,11.27115,11.268270000000001,11.26728,11.268270000000001,11.27124,11.275920000000001,11.282399999999999,11.2905,11.30013,11.31129,11.32371,11.337480000000001,11.35233,11.368350000000001,11.38518,11.40291,11.42136,11.44053,11.46015,11.480220000000001,11.50065,11.521350000000002,11.54223,11.5632,11.58417,11.60514,11.62593,11.64654,11.66679,11.686860000000001,11.706479999999999,11.72565,11.74437,11.76255,11.780190000000001,11.79729,11.81367,11.82942,11.84445,11.85867,11.87226,11.88504,11.89701,11.90817,11.918429999999999,11.92788,11.93652,11.94417,11.95101,11.95695,11.9619,11.966040000000001,11.9691,11.971350000000001,11.97252,11.972790000000002,11.97216,11.97045,11.967839999999999,11.96415,11.95956,11.95398,11.947320000000001,11.93967,11.93103,11.92131,11.9106,11.898900000000001,11.88603,11.87217,11.85732,11.8413,11.8242,11.80611,11.786850000000001,11.76642,11.744909999999999,11.722320000000002,11.69847,11.67354,11.64744,11.62008,11.59155,11.56176,11.53071,11.4984,11.46474,11.42982,11.39355,11.35584,11.31678,11.27628,11.23434,11.19087,11.14578,11.09925,11.05101,11.001149999999999,10.94949,10.89621,10.841040000000001,10.783980000000001,10.72503,10.664010000000001,10.60101,10.53585,10.468530000000001,10.39887,10.32687,10.252350000000002,10.17531,10.09566,10.01322,9.927900000000001,9.83961,9.74817,9.653490000000001,9.555390000000001,9.45387,9.34857,9.23949,9.12645,9.00927,8.887797,8.761869,8.631342,8.496072,8.355951000000001,8.210880000000001,8.060814,7.905753,7.745769,7.581042,7.411869,7.238735999999999,7.0623450000000005,6.88365,6.703992,6.525126,6.349284,6.179283,6.018516,5.8709430000000005,5.740938,5.633064,5.551632,5.500242,5.48127,5.495517,5.54202,5.618241,5.720445,5.8441860000000005,5.984838,6.137946,6.299514,6.466122,6.634962000000001,6.803802,6.970914,7.135002,7.295112,7.4506049999999995,7.601031,7.746129,7.885773,8.019927000000001,8.148636000000002,8.271981,8.390096999999999,8.503155000000001,8.611317,8.714763000000001,8.813699999999999,8.908299000000001,8.998776,9.08532,9.16803,9.24723,9.32292,9.39537,9.464760000000002,9.531179999999999,9.59472,9.655650000000001,9.71397,9.76986,9.8235,9.874889999999999,9.92412,9.97137,10.01664,10.060200000000002,10.10187,10.14192,10.18035,10.21725,10.25271,10.28673,10.3194,10.35081,10.38096,10.40985,10.437660000000001,10.464300000000001,10.48995,10.514520000000001,10.53819,10.56078,10.58256,10.603349999999999,10.62333,10.6425,10.66077,10.678320000000001,10.69515,10.711170000000001,10.72647,10.74105,10.754999999999999,10.76823,10.78074,10.79271,10.80405,10.814760000000001,10.82484,10.834290000000001,10.8432,10.85157,10.859309999999999,10.86651,10.87317,10.879290000000001,10.884780000000001,10.88982,10.894319999999999,10.89828,10.90179,10.904670000000001,10.9071,10.90908,10.91043,10.91133,10.91178,10.9116,10.91106,10.90989,10.90827,10.9062,10.90359,10.90044,10.89684,10.8927,10.88811,10.88298,10.877310000000001,10.87119,10.86453,10.857330000000001,10.84968,10.84149,10.83267,10.8234,10.813590000000001,10.80324,10.79235,10.78083,10.76877,10.756170000000001,10.743030000000001,10.72917,10.71486,10.69983,10.68417,10.66788,10.650960000000001,10.63341,10.61514,10.59624,10.57653,10.556099999999999,10.53495,10.51299,10.490310000000001,10.46673,10.442340000000002,10.41714,10.39095,10.36386,10.33578,10.30671,10.27665,10.245510000000001,10.21329,10.17981,10.14525,10.10934,10.07217,10.03365,9.993780000000001,9.95238,9.909450000000001,9.8649,9.81873,9.770760000000001,9.72108,9.66933,9.61569,9.55989,9.50202,9.44172,9.37908,9.313920000000001,9.24606,9.175410000000001,9.101880000000001,9.02538,8.945568,8.862426,8.775765,8.685414000000002,8.591202000000001,8.492958,8.390493000000001,8.283645,8.172234000000001,8.056089,7.935084000000001,7.809084,7.678008,7.541802000000001,7.400519999999999,7.2542610000000005,7.103286000000001,6.947991,6.789006,6.627213,6.463836,6.300495,6.139323,5.982984,5.834727,5.6983500000000005,5.578101,5.478372,5.403393,5.356701,5.340654,5.35608,5.402133,5.476419,5.575374,5.694759,5.830155,5.977287,6.132357,6.29208,6.453783,6.615333,6.775074000000001,6.931773000000001,7.0845210000000005,7.232697,7.375859999999999,7.513749000000001,7.646229000000001,7.773255000000001,7.894827000000001,8.011017,8.121933,8.227683,8.32842,8.424288,8.515431,8.602011000000001,8.684154000000001,8.762022,8.83575,8.905464,8.97129,9.0333,9.09171,9.14661,9.19791,9.245970000000002,9.290610000000001,9.3321,9.37035,9.40554,9.43767,9.46674,9.49284,9.51606,9.53631,9.55359,9.56808,9.579600000000001,9.58824,9.593910000000001,9.5967,9.59661,9.59346,9.58743,9.57825,9.56601,9.55062,9.53208,9.51021,9.48501,9.456389999999999,9.42426,9.38844,9.348930000000001,9.30555,9.2583,9.206819999999999,9.1512,9.09108,9.02646,8.95707,8.882793000000001,8.803431,8.718804,8.628705,8.532963,8.43138,8.323794,8.210052000000001,8.09001,7.963587,7.830747,7.691544,7.546113,7.394741999999999,7.237908000000001,7.076304,6.910929,6.7431600000000005,6.574806000000001,6.408225000000001,6.246387,6.092865,5.951853000000001,5.828031,5.726277,5.651262,5.606982,5.596182,5.619996,5.677776,5.767218,5.884749,6.02604,6.186474,6.361596,6.5473740000000005,6.740298,6.937461,7.136532,7.335666000000001,7.53345,7.728858,7.921107,8.109675,8.294202,8.474481,8.650386,8.821899,8.989037999999999,9.15183,9.310500000000001,9.46503,9.61569,9.762480000000002,9.90567,10.045350000000001,10.181700000000001,10.314810000000001,10.44495,10.57212,10.6965,10.81827,10.93752,11.05443,11.169,11.281410000000001,11.39184,11.500200000000001,11.60676,11.71143,11.81448,11.91591
14.94765,14.888340000000001,14.829120000000001,14.769990000000002,14.710860000000002,14.65191,14.592960000000001,14.534010000000002,14.475240000000001,14.41647,14.35779,14.2992,14.24061,14.18202,14.123520000000001,14.06511,14.0067,13.948290000000002,13.88997,13.83165,13.773420000000002,13.715100000000001,13.656870000000001,13.59873,13.5405,13.48236,13.424220000000002,13.36608,13.30803,13.24998,13.19202,13.134060000000002,13.07619,13.018320000000001,12.96063,12.902940000000001,12.84543,12.78801,12.730770000000001,12.67371,12.61683,12.560220000000001,12.50388,12.44781,12.392100000000001,12.33675,12.28194,12.22749,12.173670000000001,12.12039,12.06783,12.01599,11.96496,11.91483,11.865599999999999,11.81745,11.770380000000001,11.724480000000002,11.67993,11.63682,11.59506,11.554920000000001,11.516399999999999,11.47968,11.44467,11.41164,11.3805,11.35143,11.324520000000001,11.29968,11.27709,11.25675,11.238750000000001,11.223,11.2095,11.19834,11.18952,11.18295,11.17863,11.17647,11.17647,11.17854,11.182590000000001,11.18862,11.19645,11.20599,11.21715,11.229930000000001,11.24406,11.259540000000001,11.27628,11.29401,11.31282,11.33244,11.352780000000001,11.373840000000001,11.39544,11.41749,11.439810000000001,11.4624,11.48517,11.50803,11.53089,11.55366,11.57616,11.59857,11.62062,11.64231,11.66355,11.68434,11.70468,11.724390000000001,11.74347,11.76201,11.77983,11.79693,11.81322,11.82888,11.843639999999999,11.85759,11.87073,11.88306,11.894490000000001,11.90502,11.91465,11.923290000000001,11.93112,11.93796,11.94381,11.94876,11.952810000000001,11.95578,11.95785,11.95884,11.958929999999999,11.95794,11.95605,11.95308,11.94912,11.944080000000001,11.93814,11.93112,11.92302,11.91393,11.90376,11.892510000000001,11.880270000000001,11.86695,11.85246,11.83698,11.82042,11.80269,11.78397,11.76399,11.742930000000001,11.72079,11.69739,11.672910000000002,11.647170000000001,11.62026,11.59218,11.56284,11.53224,11.50029,11.467170000000001,11.43261,11.396790000000001,11.359620000000001,11.321010000000001,11.28096,11.23947,11.19654,11.15199,11.106,11.058300000000001,11.008980000000001,10.95804,10.9053,10.850760000000001,10.79451,10.73628,10.67607,10.61388,10.54962,10.4832,10.414530000000001,10.34361,10.27035,10.194569999999999,10.11618,10.03518,9.95148,9.86481,9.77526,9.68256,9.58671,9.487530000000001,9.38493,9.27873,9.168750000000001,9.05508,8.937396000000001,8.815671,8.689797,8.559683999999999,8.425278,8.286561,8.143542,7.996320000000001,7.845048,7.689996,7.531569000000001,7.370324999999999,7.207056,7.042770000000001,6.878799,6.716844,6.558975,6.407703000000001,6.265944,6.136983000000001,6.0243210000000005,5.931486,5.861709,5.817636,5.800977,5.812272,5.850837,5.9148000000000005,6.001407,6.10731,6.228891,6.362586,6.505065,6.6533940000000005,6.8050440000000005,6.957945,7.110432,7.261191,7.409232000000001,7.553808,7.6943969999999995,7.830629999999999,7.9622910000000005,8.089254,8.211464999999999,8.32896,8.441784,8.550036,8.653851,8.753346,8.848674,8.939997,9.02745,9.11124,9.19143,9.26829,9.34191,9.41238,9.479880000000001,9.544590000000001,9.60669,9.66609,9.72306,9.77778,9.83016,9.880379999999999,9.92862,9.974969999999999,10.01934,10.062,10.10295,10.14228,10.17999,10.21626,10.251090000000001,10.28448,10.316609999999999,10.34748,10.377180000000001,10.40562,10.43298,10.45926,10.48455,10.508759999999999,10.53207,10.55439,10.57581,10.59633,10.61604,10.63494,10.653030000000001,10.6704,10.68696,10.7028,10.71792,10.73232,10.746089999999999,10.75923,10.771650000000001,10.78344,10.79469,10.80522,10.81521,10.82466,10.833390000000001,10.84167,10.84941,10.85652,10.86309,10.86912,10.87461,10.87965,10.884060000000002,10.88802,10.89144,10.894319999999999,10.89675,10.89864,10.89999,10.90089,10.901250000000001,10.901159999999999,10.900530000000002,10.89936,10.897739999999999,10.895669999999999,10.89306,10.88991,10.88631,10.88226,10.87758,10.87254,10.866869999999999,10.860750000000001,10.85418,10.84698,10.83933,10.83114,10.822410000000001,10.813229999999999,10.803420000000001,10.79316,10.78227,10.77084,10.75887,10.746360000000001,10.733310000000001,10.71954,10.70532,10.69038,10.674900000000001,10.65879,10.641960000000001,10.6245,10.60641,10.58769,10.56816,10.548,10.52703,10.50534,10.482840000000001,10.45953,10.435410000000001,10.41048,10.38456,10.35783,10.33011,10.3014,10.271790000000001,10.24101,10.209150000000001,10.176210000000001,10.142100000000001,10.106819999999999,10.07019,10.032300000000001,9.992970000000001,9.95229,9.91008,9.866340000000001,9.82098,9.77391,9.72504,9.67437,9.62172,9.56709,9.510390000000001,9.45144,9.39015,9.32652,9.26028,9.19143,9.11979,9.04527,8.967690000000001,8.886951,8.802918,8.715429,8.62434,8.529516000000001,8.430813,8.328096,8.221239,8.110125,7.994682,7.874838,7.750584000000001,7.621956,7.4890799999999995,7.3521719999999995,7.211556000000001,7.0677449999999995,6.921423000000001,6.773535000000001,6.625323,6.478353,6.334605,6.196446000000001,6.066684,5.948468999999999,5.845176,5.760243,5.69682,5.657517,5.644026,5.65695,5.695668,5.7584610000000005,5.842701,5.945220000000001,6.062571,6.191352,6.328395,6.470892,6.616431,6.763032,6.909110999999999,7.053408,7.194969,7.333074,7.467219000000001,7.5970260000000005,7.722279000000001,7.842834,7.958619,8.069643,8.175924,8.277534000000001,8.374554,8.467083,8.555238000000001,8.639127,8.718858,8.794566,8.86635,8.934318000000001,8.998578,9.05922,9.116370000000002,9.1701,9.2205,9.267570000000001,9.311490000000001,9.352260000000001,9.38997,9.42462,9.4563,9.4851,9.51093,9.53388,9.55395,9.571140000000002,9.585540000000002,9.597150000000001,9.605879999999999,9.611730000000001,9.61479,9.61488,9.61209,9.60642,9.59769,9.58599,9.57123,9.553320000000001,9.53217,9.50787,9.48015,9.449010000000001,9.41436,9.37611,9.33417,9.288359999999999,9.23859,9.18477,9.12672,9.064350000000001,8.997498,8.925984,8.849673,8.768421,8.682075000000001,8.590491,8.493543,8.391105,8.283096,8.169453,8.050167,7.925292000000001,7.7949720000000005,7.6594500000000005,7.519122,7.374546,7.226514000000001,7.076079,6.924627,6.773931,6.626178,6.484023,6.35058,6.229341000000001,6.124095,6.0386489999999995,5.976585,5.9408639999999995,5.933547,5.955471,6.006222,6.0841709999999996,6.186707999999999,6.3105839999999995,6.452253000000001,6.60816,6.77493,6.949584,7.129521,7.312562999999999,7.496964,7.681310999999999,7.864515000000001,8.045721,8.224326,8.39988,8.572068000000002,8.740701000000001,8.905644,9.06687,9.22437,9.37818,9.5283,9.675,9.818190000000001,9.95814,10.09476,10.22841,10.35909,10.48689,10.61199,10.73448,10.85445,10.97208,11.08746,11.20068,11.31183,11.421,11.52828,11.633759999999999,11.737530000000001,11.839680000000001,11.94021
14.91417,14.85441,14.794740000000001,14.73507,14.67558,14.616090000000002,14.55669,14.497290000000001,14.437980000000001,14.37876,14.31963,14.26041,14.201369999999999,14.14233,14.08329,14.02425,13.9653,13.90635,13.84749,13.788540000000001,13.72968,13.67073,13.61187,13.55301,13.49415,13.43529,13.376430000000001,13.31757,13.25871,13.19985,13.14099,13.08222,13.02345,12.964680000000001,12.906,12.84741,12.78882,12.730410000000001,12.67209,12.61386,12.555900000000001,12.49803,12.440520000000001,12.38319,12.326220000000001,12.26952,12.21336,12.15756,12.1023,12.04767,11.99367,11.940389999999999,11.887830000000001,11.836260000000001,11.785590000000001,11.73591,11.6874,11.64015,11.59416,11.5497,11.506590000000001,11.465190000000002,11.425500000000001,11.38752,11.35152,11.317499999999999,11.28546,11.25567,11.22804,11.20275,11.179710000000002,11.159099999999999,11.140830000000001,11.12508,11.11176,11.10096,11.0925,11.08647,11.08287,11.081610000000001,11.082510000000001,11.08575,11.09106,11.09835,11.10771,11.118780000000001,11.131649999999999,11.14614,11.16207,11.17944,11.19798,11.217690000000001,11.23848,11.26008,11.28249,11.30562,11.3292,11.35323,11.37762,11.402280000000001,11.42703,11.45178,11.47662,11.50119,11.52567,11.54988,11.573730000000001,11.59713,11.62008,11.64258,11.66454,11.68578,11.706479999999999,11.726460000000001,11.74572,11.76426,11.7819,11.798820000000001,11.81493,11.83014,11.84445,11.85795,11.87046,11.882069999999999,11.89278,11.9025,11.91123,11.91906,11.9259,11.931750000000001,11.93652,11.940389999999999,11.94327,11.94507,11.945879999999999,11.9457,11.94444,11.94219,11.93886,11.93454,11.92923,11.92275,11.915280000000001,11.90673,11.89719,11.88648,11.874780000000001,11.862,11.84805,11.83311,11.817,11.79981,11.781450000000001,11.76201,11.7414,11.719710000000001,11.69676,11.67273,11.64744,11.620980000000001,11.593350000000001,11.56446,11.53431,11.50281,11.47014,11.436119999999999,11.40075,11.36403,11.32587,11.28636,11.24541,11.20293,11.15901,11.11356,11.06649,11.017800000000001,10.9674,10.91538,10.861650000000001,10.80603,10.74861,10.68921,10.62792,10.56465,10.499220000000001,10.43163,10.36188,10.28979,10.21527,10.13841,10.058940000000002,9.97677,9.89199,9.80433,9.713790000000001,9.620190000000001,9.52353,9.423630000000001,9.3204,9.213750000000001,9.10359,8.989839,8.872434,8.751303,8.626428,8.497781999999999,8.365428,8.229429,8.089956,7.9472249999999995,7.8015870000000005,7.653501,7.503588000000001,7.352667,7.201755000000001,7.052157,6.905448,6.7635,6.6285359999999995,6.503031000000001,6.389694,6.291324,6.210675,6.150213,6.111909,6.097005,6.105897,6.138054,6.192099000000001,6.2659530000000006,6.357024,6.462504,6.579513,6.705297,6.837354,6.973452,7.111719,7.25058,7.388766,7.525269,7.659315000000001,7.790310000000001,7.917839999999999,8.041590000000001,8.161370999999999,8.277075,8.388648,8.496089999999999,8.599455,8.698806000000001,8.794233,8.885853000000001,8.973765,9.05814,9.139050000000001,9.21663,9.29106,9.36234,9.43083,9.496440000000002,9.55935,9.61974,9.677610000000001,9.73323,9.786510000000002,9.83772,9.88677,9.93393,9.979199999999999,10.02267,10.064430000000002,10.10457,10.143089999999999,10.18008,10.21563,10.249830000000001,10.282680000000001,10.31418,10.34451,10.37367,10.40166,10.42857,10.4544,10.479239999999999,10.50318,10.52604,10.54809,10.569149999999999,10.5894,10.608839999999999,10.627469999999999,10.645380000000001,10.66248,10.67877,10.69443,10.70937,10.72368,10.73727,10.75014,10.76247,10.77417,10.78524,10.79568,10.80558,10.814850000000002,10.82358,10.83177,10.839419999999999,10.846440000000001,10.85301,10.85895,10.86444,10.8693,10.873709999999999,10.87767,10.881,10.88388,10.886220000000002,10.88811,10.88946,10.890360000000001,10.89072,10.89054,10.88991,10.888829999999999,10.88721,10.88505,10.88244,10.879380000000001,10.875779999999999,10.87164,10.86705,10.86201,10.85634,10.85031,10.84365,10.83654,10.82889,10.82079,10.81215,10.80297,10.79325,10.78299,10.77219,10.76085,10.748970000000002,10.736550000000001,10.7235,10.70991,10.69569,10.68093,10.66554,10.649610000000001,10.632959999999999,10.61568,10.59777,10.57914,10.55988,10.539810000000001,10.519110000000001,10.49769,10.47546,10.45242,10.42857,10.403910000000002,10.37835,10.351980000000001,10.32462,10.29636,10.26711,10.23678,10.20546,10.172970000000001,10.1394,10.104659999999999,10.068660000000001,10.03131,9.9927,9.95274,9.911340000000001,9.86832,9.82386,9.777690000000002,9.72981,9.68022,9.62874,9.575280000000001,9.51984,9.462240000000001,9.40239,9.34029,9.27585,9.2088,9.139140000000001,9.06678,8.991486,8.913267,8.831952000000001,8.747433,8.659584,8.568288,8.473446,8.374959,8.272746000000001,8.166735,8.05689,7.9432290000000005,7.825779,7.704648,7.5800339999999995,7.452215999999999,7.32159,7.188714,7.0543260000000005,6.91938,6.785064,6.652863000000001,6.524568,6.402267,6.288336,6.185385,6.0961229999999995,6.023223000000001,5.969088,5.935671,5.924232000000001,5.935185,5.968107000000001,6.021702,6.094017,6.182631,6.284853,6.397947,6.519312,6.646545,6.777531000000001,6.91047,7.043877,7.17651,7.307424,7.435854,7.561224,7.683111,7.801218,7.915338,8.025327,8.131131,8.232714000000001,8.330094,8.423307000000001,8.512416,8.597475,8.678583,8.755812,8.829261,8.899011000000002,8.965152,9.02781,9.08694,9.14274,9.195300000000001,9.244620000000001,9.290790000000001,9.3339,9.37395,9.41103,9.44514,9.47637,9.50472,9.530190000000001,9.55296,9.57285,9.58995,9.60435,9.615960000000001,9.624780000000001,9.63081,9.63396,9.63441,9.63198,9.62667,9.618480000000002,9.60732,9.59319,9.57591,9.55566,9.53217,9.50544,9.47538,9.44199,9.405090000000001,9.36459,9.3204,9.27234,9.2205,9.16461,9.10458,9.040320000000001,8.971695,8.898561,8.820801000000001,8.738325000000001,8.651025,8.558811,8.46162,8.359416,8.252217,8.140077,8.023113,7.901559000000001,7.775721,7.646067,7.513235999999999,7.378047,7.2415709999999995,7.105158,6.9704820000000005,6.8395410000000005,6.714675,6.5985570000000004,6.494103,6.404364,6.332364,6.2808660000000005,6.2521379999999995,6.2477279999999995,6.268302,6.313581,6.382386,6.4728,6.582357,6.708294,6.847758000000001,6.997986,7.156431,7.320825,7.489188,7.659891,7.831566,8.003115000000001,8.173674,8.342577,8.509302,8.673471000000001,8.834823,8.993169,9.14841,9.30042,9.44928,9.59499,9.73755,9.87705,10.01349,10.14705,10.27782,10.40589,10.53126,10.6542,10.77462,10.89279,11.00871,11.12247,11.234160000000001,11.343960000000001,11.45178,11.55789,11.66229,11.76507,11.86623,11.965860000000001
14.88033,14.82012,14.76,14.699970000000002,14.639940000000001,14.58,14.520060000000003,14.4603,14.40054,14.34078,14.28111,14.221440000000001,14.16186,14.10228,14.0427,13.98312,13.923630000000001,13.86414,13.80465,13.74507,13.685580000000002,13.626090000000001,13.566510000000001,13.50702,13.44744,13.387860000000002,13.328190000000001,13.26861,13.20894,13.149270000000001,13.0896,13.02993,12.970260000000001,12.910590000000001,12.85092,12.79134,12.73176,12.672179999999999,12.61278,12.55338,12.494250000000001,12.435210000000001,12.37635,12.317760000000002,12.259440000000001,12.20139,12.143790000000001,12.08655,12.02985,11.97369,11.91816,11.86335,11.80935,11.756160000000001,11.70387,11.652660000000001,11.60262,11.553840000000001,11.50632,11.46033,11.41587,11.37303,11.331990000000001,11.29284,11.25558,11.22048,11.18754,11.15685,11.1285,11.10249,11.079,11.05803,11.03967,11.02383,11.01069,11.000070000000001,10.99215,10.98666,10.983780000000001,10.983419999999999,10.98549,10.98981,10.99647,11.0052,11.01609,11.028870000000001,11.04345,11.059740000000001,11.07756,11.096910000000001,11.11752,11.1393,11.16216,11.185920000000001,11.21049,11.23569,11.26143,11.28762,11.31417,11.340900000000001,11.36772,11.394540000000001,11.42136,11.448,11.47437,11.50047,11.52612,11.551409999999999,11.57616,11.60037,11.62395,11.6469,11.669130000000001,11.69064,11.71143,11.73141,11.750490000000001,11.76876,11.786130000000002,11.802600000000002,11.81817,11.832840000000001,11.846520000000002,11.859210000000001,11.871,11.8818,11.89152,11.90034,11.90808,11.91483,11.920499999999999,11.92527,11.928870000000002,11.931479999999999,11.933100000000001,11.93364,11.933100000000001,11.93157,11.92896,11.92527,11.92059,11.91474,11.9079,11.899980000000001,11.89089,11.88081,11.86965,11.85732,11.844000000000001,11.82951,11.81394,11.7972,11.779380000000002,11.760390000000001,11.74032,11.71908,11.69658,11.673,11.64825,11.622240000000001,11.59506,11.56662,11.53692,11.50596,11.473650000000001,11.44017,11.40525,11.36907,11.33145,11.292480000000001,11.25198,11.210130000000001,11.16675,11.121929999999999,11.07549,11.02743,10.97775,10.926449999999999,10.87335,10.81863,10.762020000000001,10.70352,10.64313,10.580850000000002,10.5165,10.449990000000001,10.38141,10.31067,10.23759,10.16217,10.084230000000002,10.00386,9.92097,9.83529,9.74691,9.65574,9.5616,9.46449,9.36432,9.261,9.15453,9.04473,8.931717,8.815374,8.695728,8.572842,8.446779000000001,8.317701,8.185797,8.051355000000001,7.9147620000000005,7.776530999999999,7.637292,7.497882000000001,7.359282,7.222734,7.089669000000001,6.961788,6.84099,6.729381,6.629193000000001,6.5426850000000005,6.472008,6.41907,6.385356,6.371802000000001,6.378687,6.405615,6.4515150000000006,6.514803,6.593481,6.6852990000000005,6.787953,6.899157,7.016778,7.13889,7.263801000000001,7.390071000000001,7.516503,7.642107,7.766091,7.887843,8.006895,8.122896,8.235594,8.344827,8.450487,8.552538,8.650971,8.745804000000001,8.837091,8.924913,9.009360000000001,9.09045,9.16848,9.24327,9.31518,9.38421,9.45054,9.514170000000002,9.575280000000001,9.63387,9.69021,9.7443,9.796230000000001,9.84609,9.89397,9.93996,9.984150000000001,10.02663,10.06749,10.10664,10.14435,10.18062,10.21545,10.248930000000001,10.28115,10.31202,10.34181,10.37043,10.39788,10.424339999999999,10.44972,10.4742,10.4976,10.52019,10.54188,10.56267,10.58256,10.60173,10.620090000000001,10.63764,10.65456,10.67067,10.686060000000001,10.70082,10.71495,10.72836,10.74114,10.75329,10.76481,10.77579,10.786140000000001,10.795860000000001,10.80513,10.81377,10.82178,10.82934,10.83636,10.84275,10.84869,10.854090000000001,10.85895,10.86336,10.867230000000001,10.870560000000001,10.87335,10.87569,10.87758,10.87884,10.87974,10.8801,10.87992,10.879290000000001,10.878120000000001,10.876500000000002,10.87443,10.871820000000001,10.86867,10.865070000000001,10.86102,10.85643,10.8513,10.84581,10.839690000000001,10.83312,10.82601,10.81845,10.81035,10.80171,10.79262,10.7829,10.77273,10.762020000000001,10.75077,10.73898,10.72665,10.71369,10.70019,10.68615,10.67148,10.65627,10.64043,10.62387,10.60677,10.589039999999999,10.570680000000001,10.55151,10.5318,10.51128,10.49004,10.46808,10.4454,10.42182,10.39752,10.37232,10.346219999999999,10.31931,10.29141,10.26261,10.23273,10.20195,10.170000000000002,10.13697,10.102770000000001,10.067400000000001,10.03077,9.99288,9.95364,9.91305,9.870930000000001,9.82728,9.7821,9.7353,9.68679,9.63648,9.584280000000001,9.530100000000001,9.47403,9.41571,9.35532,9.2925,9.227430000000002,9.15984,9.089640000000001,9.01674,8.941149,8.862642,8.781165,8.696628,8.608941000000002,8.518023000000001,8.423820000000001,8.326278,8.225388,8.12115,8.013609,7.902864,7.789077,7.672491000000001,7.553421,7.432316999999999,7.309773,7.1865179999999995,7.063488,6.9418169999999995,6.8228729999999995,6.70824,6.599736,6.499386,6.409332,6.331752000000001,6.268752,6.222186000000001,6.193539,6.183765,6.19317,6.221420999999999,6.267573,6.330123,6.407199,6.496686,6.596388,6.704136,6.817914,6.935877,7.056423,7.178166,7.2999540000000005,7.420833,7.540056000000001,7.657002,7.771221000000001,7.882344000000001,7.9901279999999995,8.094384,8.194986,8.291862,8.384985,8.474346,8.559972,8.64189,8.720145,8.7948,8.865918,8.933571,8.997813,9.05868,9.116370000000002,9.17082,9.22212,9.27027,9.31545,9.35766,9.39699,9.43335,9.46692,9.497700000000002,9.5256,9.5508,9.573300000000001,9.59301,9.61002,9.62433,9.63594,9.64485,9.650970000000001,9.65448,9.65511,9.65304,9.64818,9.64053,9.62991,9.61641,9.59994,9.5805,9.55791,9.53226,9.50337,9.47115,9.4356,9.39663,9.35415,9.30798,9.25821,9.20448,9.14697,9.085410000000001,9.01971,8.949807,8.875638,8.797104,8.714151,8.626725,8.534817,8.438436,8.337645,8.232569999999999,8.123382000000001,8.01036,7.893882,7.774461,7.652754,7.529607,7.406064000000001,7.283412,7.163199,7.047207,6.937506,6.836355,6.746202,6.669513,6.6087180000000005,6.565968,6.543027,6.541101,6.560712,6.601689,6.663159,6.743691,6.841386,6.954084,7.079499,7.215344999999999,7.359489000000001,7.509942,7.6649579999999995,7.823034,7.982883000000001,8.143434000000001,8.303841,8.463384,8.621532,8.777844,8.932014,9.08379,9.23301,9.37962,9.52344,9.66456,9.802980000000002,9.93861,10.07163,10.20195,10.329749999999999,10.45503,10.57797,10.69857,10.816920000000001,10.933110000000001,11.04714,11.15928,11.26944,11.37771,11.48427,11.58912,11.692260000000001,11.79396,11.89413,11.99286
14.846309999999999,14.78565,14.72499,14.664510000000002,14.604030000000002,14.543640000000002,14.483250000000002,14.422950000000002,14.36274,14.30244,14.24232,14.18211,14.12199,14.06187,14.001840000000001,13.94172,13.8816,13.821570000000001,13.76145,13.701329999999999,13.641210000000001,13.58109,13.52088,13.46067,13.40037,13.34007,13.27968,13.21929,13.158900000000001,13.09842,13.03785,12.97728,12.91671,12.85605,12.795390000000001,12.734729999999999,12.67407,12.6135,12.55284,12.49236,12.43188,12.37158,12.31146,12.251520000000001,12.19176,12.13236,12.07323,12.014550000000002,11.956320000000002,11.898539999999999,11.84148,11.78496,11.72925,11.67444,11.62053,11.5677,11.51595,11.46546,11.416319999999999,11.36871,11.32272,11.27835,11.23587,11.19537,11.15685,11.12058,11.08647,11.05488,11.02563,10.998990000000001,10.97496,10.95363,10.935,10.919070000000001,10.906020000000002,10.895669999999999,10.888200000000001,10.883339999999999,10.881269999999999,10.88181,10.884960000000001,10.89063,10.89864,10.908900000000001,10.92141,10.93599,10.95246,10.97073,10.99062,11.01204,11.03481,11.05875,11.083860000000001,11.10987,11.13669,11.16414,11.19213,11.22057,11.24937,11.27826,11.30733,11.336310000000001,11.3652,11.39391,11.42235,11.45043,11.47806,11.50515,11.53179,11.55771,11.58309,11.60766,11.6316,11.65464,11.67696,11.69838,11.718900000000001,11.73861,11.757330000000001,11.77506,11.79189,11.80782,11.82267,11.83653,11.849310000000001,11.86119,11.87199,11.88171,11.890440000000002,11.89809,11.90466,11.91024,11.91474,11.91816,11.920499999999999,11.92185,11.922030000000001,11.92122,11.91933,11.916269999999999,11.91222,11.907,11.90079,11.893410000000001,11.88504,11.8755,11.86488,11.85309,11.84031,11.82636,11.81124,11.79504,11.777759999999999,11.75922,11.739600000000001,11.71881,11.696940000000001,11.673810000000001,11.64942,11.62395,11.59722,11.56923,11.54007,11.50956,11.47779,11.44476,11.41038,11.374740000000001,11.337660000000001,11.299230000000001,11.259360000000001,11.21805,11.1753,11.131020000000001,11.08521,11.03787,10.988909999999999,10.93833,10.886130000000001,10.832130000000001,10.776420000000002,10.718820000000001,10.65942,10.598130000000001,10.53495,10.46961,10.40229,10.3329,10.261170000000002,10.187280000000001,10.11114,10.03248,9.95148,9.86796,9.781830000000001,9.69309,9.601560000000001,9.507330000000001,9.41031,9.310319999999999,9.207540000000002,9.10179,8.993097,8.881523999999999,8.76708,8.649864,8.529993,8.407647,8.283078,8.156601,8.028621000000001,7.899687000000001,7.770429000000001,7.641648,7.514316,7.389549000000001,7.268661000000001,7.1531460000000004,7.04466,6.944958,6.855885000000001,6.779268,6.716817,6.670008,6.640002,6.627483000000001,6.632676000000001,6.655248,6.694380000000001,6.748848,6.817068,6.897249,6.987509999999999,7.0859700000000005,7.1908199999999995,7.300395,7.413192,7.527906000000001,7.643421,7.758792,7.873245,7.986167999999999,8.097057,8.205525,8.311302000000001,8.414172,8.513982,8.61066,8.704161000000001,8.794458,8.881578000000001,8.965557,9.04644,9.12429,9.199259999999999,9.271350000000002,9.34065,9.407340000000001,9.47142,9.53298,9.59211,9.64899,9.70362,9.75618,9.80667,9.85518,9.901800000000001,9.946620000000001,9.98973,10.03113,10.071,10.10925,10.14615,10.181519999999999,10.21563,10.24839,10.27989,10.310220000000001,10.33938,10.36737,10.39437,10.42029,10.44522,10.46925,10.492289999999999,10.51443,10.535670000000001,10.55619,10.57581,10.59462,10.61271,10.62999,10.64664,10.66257,10.67778,10.69227,10.70622,10.71945,10.732050000000001,10.744019999999999,10.75545,10.766250000000001,10.77651,10.786140000000001,10.79523,10.803780000000001,10.81179,10.81917,10.8261,10.83249,10.83834,10.84374,10.848510000000001,10.85283,10.856610000000002,10.85994,10.862729999999999,10.865070000000001,10.866869999999999,10.868219999999999,10.86903,10.8693,10.86912,10.868490000000001,10.86741,10.8657,10.86363,10.86102,10.85796,10.85436,10.85022,10.84572,10.84059,10.8351,10.82907,10.8225,10.81548,10.807920000000001,10.79982,10.791269999999999,10.78218,10.77255,10.76247,10.751850000000001,10.740599999999999,10.7289,10.716660000000001,10.703790000000001,10.69047,10.67652,10.66203,10.64691,10.631160000000001,10.61487,10.597949999999999,10.580400000000001,10.56213,10.543230000000001,10.5237,10.50345,10.48248,10.460790000000001,10.43838,10.41516,10.39113,10.366380000000001,10.34064,10.31418,10.28673,10.25829,10.228950000000001,10.19862,10.167300000000001,10.13481,10.101239999999999,10.066500000000001,10.03059,9.99351,9.95499,9.91521,9.873990000000001,9.831330000000001,9.787139999999999,9.74142,9.693990000000001,9.64494,9.594000000000001,9.54126,9.48663,9.42993,9.37125,9.310319999999999,9.24714,9.18171,9.113760000000001,9.043379999999999,8.97039,8.894745,8.816373,8.735192999999999,8.651142,8.564184000000001,8.474274000000001,8.381412000000001,8.285607,8.186895000000002,8.085384000000001,7.981191000000001,7.874523000000001,7.765650000000001,7.6549320000000005,7.542846000000001,7.429968000000001,7.317036,7.204932,7.094709,6.987609,6.8850359999999995,6.788556,6.699879,6.62076,6.552981,6.498207,6.457887,6.4331640000000005,6.424767,6.432930000000001,6.45741,6.497469,6.551955,6.619401,6.698124,6.786351000000001,6.8822909999999995,6.984234,7.090596000000001,7.199955,7.311051000000001,7.422804,7.534332,7.644861,7.7537970000000005,7.860645,7.965027,8.066637,8.165268000000001,8.26074,8.352954,8.441838,8.527347,8.609463,8.688195,8.76357,8.835606,8.904357,8.969850000000001,9.03213,9.09126,9.14733,9.20034,9.25038,9.297450000000001,9.34164,9.38286,9.42138,9.45711,9.49005,9.520199999999999,9.54774,9.57258,9.59481,9.61434,9.631170000000001,9.645480000000001,9.65709,9.66609,9.67239,9.67608,9.67707,9.675360000000001,9.67095,9.66375,9.65376,9.640979999999999,9.62523,9.6066,9.585090000000001,9.56043,9.532710000000002,9.501840000000001,9.467730000000001,9.43038,9.389610000000001,9.345329999999999,9.29763,9.24624,9.19116,9.132390000000001,9.06966,9.003150000000002,8.932599,8.858052,8.779473000000001,8.696852999999999,8.610201000000002,8.519598,8.425134,8.326971,8.225343,8.120574,8.01306,7.90335,7.792101000000001,7.680159,7.568532,7.458399,7.3511820000000005,7.248474000000001,7.1520660000000005,7.063893,6.985989,6.92037,6.868998,6.8335740000000005,6.815502,6.815727,6.834672,6.872229,6.927759,7.000164000000001,7.087986,7.189506,7.302887999999999,7.426251000000001,7.5577950000000005,7.695810000000001,7.838757,7.985268,8.134164,8.284428,8.435223,8.585847000000001,8.735724000000001,8.884422,9.03159,9.17685,9.32022,9.461340000000002,9.60021,9.736740000000001,9.87084,10.002600000000001,10.13202,10.2591,10.38393,10.50642,10.62675,10.74492,10.86111,10.97523,11.08737,11.19771,11.30625,11.41308,11.5182,11.6217,11.72367,11.8242,11.9232,12.020940000000001
14.81193,14.750820000000001,14.6898,14.62878,14.56785,14.506920000000001,14.446170000000002,14.385330000000002,14.324580000000001,14.26392,14.20326,14.1426,14.08194,14.02128,13.960619999999999,13.90005,13.83939,13.77873,13.71798,13.65732,13.59657,13.535730000000001,13.47489,13.413960000000001,13.35303,13.292010000000001,13.2309,13.169699999999999,13.1085,13.047120000000001,12.98574,12.92427,12.86271,12.80115,12.73941,12.67776,12.616019999999999,12.55419,12.49245,12.43071,12.36906,12.307409999999999,12.24585,12.18456,12.12336,12.062429999999999,12.00177,11.94147,11.88162,11.82222,11.763449999999999,11.70522,11.6478,11.59119,11.53548,11.48085,11.427299999999999,11.37501,11.324160000000001,11.27484,11.22714,11.18115,11.13705,11.09502,11.055150000000001,11.01753,10.98225,10.94949,10.91943,10.89198,10.86732,10.84554,10.826550000000001,10.81062,10.79757,10.78758,10.780470000000001,10.77633,10.775070000000001,10.7766,10.78092,10.787939999999999,10.79739,10.809360000000002,10.823670000000002,10.84005,10.8585,10.87893,10.90098,10.924560000000001,10.94967,10.97595,11.003400000000001,11.03184,11.061,11.09088,11.1213,11.15217,11.18322,11.21445,11.24577,11.27709,11.30814,11.33901,11.36952,11.39967,11.42928,11.458440000000001,11.48688,11.51469,11.54187,11.568150000000001,11.59371,11.61846,11.64231,11.66526,11.687310000000002,11.70837,11.728439999999999,11.74761,11.7657,11.7828,11.798820000000001,11.81385,11.8278,11.84067,11.852549999999999,11.86326,11.87298,11.881530000000001,11.889090000000001,11.895480000000001,11.90088,11.90511,11.90826,11.91033,11.91123,11.911140000000001,11.909880000000001,11.907630000000001,11.90412,11.89962,11.89404,11.88729,11.879460000000002,11.87046,11.860380000000001,11.84922,11.83698,11.82348,11.80899,11.793330000000001,11.7765,11.7585,11.739419999999999,11.71908,11.69766,11.674980000000001,11.65122,11.62611,11.599920000000001,11.572470000000001,11.54376,11.51379,11.48256,11.449980000000002,11.41614,11.38104,11.3445,11.306610000000001,11.26737,11.22669,11.184479999999999,11.14092,11.09583,11.04912,11.00097,10.95111,10.89972,10.84662,10.79172,10.7352,10.67679,10.61658,10.55448,10.490400000000001,10.424339999999999,10.3563,10.28619,10.21383,10.13931,10.06263,9.98352,9.90207,9.81828,9.73197,9.64314,9.55188,9.457920000000001,9.36135,9.26226,9.16047,9.05616,8.949321000000001,8.839998,8.728335,8.614476,8.498655,8.381115000000001,8.262216,8.14239,8.022159,7.902170999999999,7.783182000000001,7.666083,7.551927000000001,7.4418750000000005,7.337232000000001,7.239429,7.149942,7.07031,7.001991,6.946371,6.90462,6.877611000000001,6.865893000000001,6.869619,6.888528,6.92199,6.969006,7.028343,7.098552,7.178094000000001,7.265403000000001,7.358949,7.457301,7.559136,7.663284000000001,7.7687100000000004,7.874541,7.98003,8.084565,8.187642,8.288865,8.387928,8.484579,8.578656,8.670033,8.758628999999999,8.844408000000001,8.927361000000001,9.00747,9.08478,9.15939,9.2313,9.300510000000001,9.3672,9.43146,9.4932,9.55269,9.60993,9.66492,9.717839999999999,9.768780000000001,9.81774,9.8649,9.910260000000001,9.95382,9.99576,10.03608,10.07496,10.11231,10.14822,10.18278,10.21608,10.24803,10.2789,10.308510000000002,10.33704,10.36449,10.39095,10.41633,10.440809999999999,10.464300000000001,10.48698,10.50867,10.52964,10.54971,10.56897,10.58751,10.60533,10.62234,10.638720000000001,10.654380000000002,10.669319999999999,10.68372,10.6974,10.71045,10.72287,10.73475,10.746,10.75671,10.76679,10.77633,10.78533,10.793700000000001,10.80162,10.809,10.81584,10.82214,10.827900000000001,10.83321,10.83798,10.842300000000002,10.84599,10.84932,10.852020000000001,10.85436,10.85607,10.857420000000001,10.85823,10.8585,10.85832,10.85769,10.85652,10.8549,10.85274,10.85013,10.84707,10.84347,10.839419999999999,10.83483,10.82979,10.8243,10.81827,10.81179,10.80477,10.79721,10.7892,10.78074,10.771650000000001,10.76211,10.75212,10.7415,10.73043,10.718820000000001,10.70658,10.69389,10.68066,10.6668,10.6524,10.63746,10.62189,10.605780000000001,10.589039999999999,10.57167,10.55367,10.53495,10.515690000000001,10.495709999999999,10.47501,10.45359,10.43145,10.40859,10.384920000000001,10.36044,10.33515,10.30905,10.28205,10.25415,10.22535,10.19556,10.16478,10.13292,10.09998,10.06596,10.03077,9.99441,9.956700000000001,9.91782,9.8775,9.83583,9.792720000000001,9.748080000000002,9.70182,9.654029999999999,9.60444,9.553139999999999,9.50004,9.44505,9.38799,9.32904,9.26784,9.20457,9.13896,9.071100000000001,9.00081,8.928027,8.852787000000001,8.774982000000001,8.694594,8.611587,8.525961,8.437725,8.346933,8.253657,8.158014000000001,8.060166,7.9603470000000005,7.858854000000001,7.756055999999999,7.652430000000001,7.548552000000001,7.445133,7.343001,7.243110000000001,7.146585,7.05465,6.968655000000001,6.89004,6.820272,6.760773,6.712893,6.677784,6.656328,6.6490920000000004,6.656265,6.677658,6.712695,6.760467,6.819822,6.88941,6.967791,7.05348,7.145028000000001,7.2410760000000005,7.3403730000000005,7.441784999999999,7.54434,7.647183,7.749585,7.850952000000001,7.950789,8.0487,8.144352,8.237511,8.327979000000001,8.415602999999999,8.500293000000001,8.581968,8.660601,8.736156,8.808624,8.878023,8.944371,9.00765,9.06804,9.12537,9.17982,9.2313,9.27999,9.32589,9.369,9.409410000000001,9.447030000000002,9.481950000000001,9.51426,9.54396,9.57105,9.59553,9.6174,9.63675,9.653490000000001,9.66771,9.67932,9.688410000000001,9.694890000000001,9.69876,9.70011,9.69876,9.6948,9.68814,9.678780000000001,9.666630000000001,9.65178,9.63405,9.61344,9.58995,9.56349,9.53397,9.5013,9.465570000000001,9.4266,9.3843,9.33867,9.28962,9.237150000000002,9.18108,9.1215,9.05832,8.991396,8.920845000000002,8.846631,8.768772,8.687322,8.602389,8.514108,8.422677,8.328348,8.231472,8.132489999999999,8.031933,7.930466999999999,7.828901999999999,7.728183,7.629417000000001,7.533864,7.442946,7.358220000000001,7.281324000000001,7.213959000000001,7.157799,7.114428,7.085214000000001,7.071282,7.0733880000000005,7.0918920000000005,7.126722000000001,7.177401000000001,7.2430829999999995,7.322625,7.414677000000001,7.517727000000001,7.630254,7.750710000000001,7.877655000000001,8.00973,8.145711,8.284527,8.425215,8.566991999999999,8.709156,8.851149,8.992512000000001,9.132840000000002,9.271889999999999,9.409410000000001,9.54513,9.67905,9.81099,9.94086,10.06875,10.194569999999999,10.31832,10.44,10.559700000000001,10.67742,10.79316,10.90701,11.01906,11.12931,11.23776,11.34459,11.4498,11.55348,11.65563,11.75634,11.85561,11.95353,12.050189999999999
14.777280000000001,14.71572,14.65425,14.592780000000001,14.531400000000001,14.47002,14.408729999999998,14.347439999999999,14.28624,14.22504,14.16384,14.102730000000001,14.04153,13.98033,13.91922,13.85802,13.79682,13.735619999999999,13.67433,13.612950000000001,13.55157,13.49019,13.42863,13.36707,13.30542,13.24359,13.18176,13.11984,13.057739999999999,12.995550000000001,12.93327,12.8709,12.808440000000001,12.745800000000001,12.68307,12.62034,12.55743,12.49452,12.431519999999999,12.36852,12.305520000000001,12.24261,12.17961,12.116790000000002,12.05415,11.99169,11.929409999999999,11.86749,11.80593,11.74473,11.68416,11.62413,11.564820000000001,11.50632,11.448720000000002,11.39211,11.33667,11.28258,11.22975,11.17854,11.128950000000001,11.08125,11.03544,10.991790000000002,10.9503,10.91124,10.8747,10.84077,10.80963,10.78128,10.7559,10.73358,10.71432,10.698210000000001,10.68525,10.67553,10.66887,10.66545,10.665,10.66761,10.67319,10.68165,10.692720000000001,10.7064,10.7226,10.74105,10.761660000000001,10.78425,10.80864,10.834650000000002,10.862100000000002,10.89099,10.92087,10.95183,10.983600000000001,11.016,11.04894,11.082239999999999,11.11581,11.149469999999999,11.18322,11.216790000000001,11.25018,11.2833,11.31606,11.348279999999999,11.38005,11.411100000000001,11.441609999999999,11.47131,11.50029,11.52846,11.55573,11.5821,11.607569999999999,11.63205,11.65563,11.67813,11.699639999999999,11.72016,11.739510000000001,11.75787,11.775150000000002,11.79135,11.80638,11.82042,11.83329,11.84508,11.8557,11.86524,11.8737,11.88099,11.8872,11.89224,11.8962,11.89908,11.90079,11.90133,11.90088,11.89917,11.896469999999999,11.8926,11.887559999999999,11.88144,11.87424,11.865870000000001,11.85633,11.84571,11.83401,11.821140000000002,11.8071,11.79189,11.7756,11.758140000000001,11.739510000000001,11.719800000000001,11.69883,11.67669,11.65338,11.62881,11.60307,11.57616,11.5479,11.518469999999999,11.48778,11.45583,11.422530000000002,11.387880000000001,11.351970000000001,11.31471,11.276010000000001,11.23596,11.19447,11.151539999999999,11.107080000000002,11.06118,11.013750000000002,10.96479,10.91412,10.86192,10.808010000000001,10.75248,10.69515,10.63602,10.57509,10.512270000000001,10.44756,10.38096,10.31229,10.24164,10.16883,10.093950000000001,10.01691,9.93762,9.85617,9.77238,9.68625,9.59778,9.50706,9.41391,9.31842,9.220590000000001,9.120600000000001,9.018360000000001,8.914032,8.80776,8.699724,8.590149,8.479322999999999,8.367606,8.25543,8.143317000000001,8.031879,7.921844999999999,7.8140339999999995,7.709390999999999,7.60896,7.513884000000001,7.425369000000001,7.344684,7.273089000000001,7.211781,7.1618759999999995,7.124292,7.099740000000001,7.0886249999999995,7.091073,7.106877000000001,7.135515,7.176195000000001,7.227936000000001,7.289550000000001,7.359768,7.437294,7.5208319999999995,7.609149,7.701084000000001,7.795602000000001,7.891749000000001,7.988715000000001,8.085816,8.182431000000001,8.278083,8.372367,8.46495,8.55558,8.644059,8.730243,8.814024,8.89533,8.974134,9.0504,9.1242,9.19548,9.26424,9.33066,9.394739999999999,9.456389999999999,9.515880000000001,9.573210000000001,9.62847,9.68157,9.73278,9.7821,9.82953,9.875160000000001,9.919170000000001,9.96147,10.00224,10.04148,10.079279999999999,10.115639999999999,10.150649999999999,10.18431,10.216800000000001,10.24803,10.27809,10.30707,10.33497,10.36179,10.38762,10.41255,10.436490000000001,10.45953,10.481670000000001,10.503,10.52352,10.543230000000001,10.56222,10.580400000000001,10.597859999999999,10.614690000000001,10.630799999999999,10.64619,10.66095,10.675080000000001,10.68849,10.70136,10.71369,10.725389999999999,10.73646,10.74699,10.75698,10.76643,10.77525,10.78362,10.79136,10.79865,10.8054,10.8117,10.81737,10.82259,10.82736,10.83159,10.83528,10.83852,10.84122,10.84347,10.845270000000001,10.846530000000001,10.84725,10.84761,10.84734,10.84671,10.84554,10.84392,10.84176,10.83915,10.83609,10.83258,10.82853,10.82394,10.818900000000001,10.813410000000001,10.80747,10.8009,10.79397,10.7865,10.778490000000001,10.77003,10.76112,10.751579999999999,10.74159,10.731150000000001,10.72008,10.70856,10.6965,10.683900000000001,10.670760000000001,10.65708,10.64277,10.62801,10.61262,10.596599999999999,10.58004,10.56285,10.545119999999999,10.526670000000001,10.50759,10.48788,10.46745,10.446390000000001,10.424520000000001,10.40202,10.37871,10.35468,10.329749999999999,10.3041,10.27755,10.25019,10.22184,10.192590000000001,10.16235,10.13121,10.0989,10.0656,10.03113,9.99558,9.958770000000001,9.92079,9.88146,9.84078,9.79866,9.75519,9.710189999999999,9.66366,9.61551,9.565650000000002,9.514170000000002,9.4608,9.40554,9.34848,9.28935,9.228240000000001,9.16506,9.09963,9.03213,8.962272,8.890164,8.815752,8.739,8.659917,8.578521,8.494839,8.408961,8.320968,8.231012999999999,8.139276,8.046009,7.951518,7.856180999999999,7.760466,7.6649400000000005,7.57026,7.4772,7.386623999999999,7.2995220000000005,7.216983,7.140159000000001,7.070256,7.0084979999999995,6.956064,6.914016,6.883299,6.864597,6.85836,6.864741,6.883587,6.914439000000001,6.956586000000001,7.00911,7.070922,7.1408249999999995,7.217595000000001,7.3000169999999995,7.386912,7.477191,7.569846,7.663977,7.758800999999999,7.8536340000000004,7.947908999999999,8.041113000000001,8.132859,8.222805000000001,8.31069,8.396289,8.479448999999999,8.560025999999999,8.637939,8.713116000000001,8.785503,8.855091000000002,8.921852999999999,8.985788999999999,9.04689,9.10521,9.16074,9.213569999999999,9.26361,9.31095,9.355680000000001,9.397620000000002,9.43704,9.47385,9.50805,9.53973,9.56889,9.59544,9.61956,9.641160000000001,9.66024,9.67689,9.69102,9.70263,9.711810000000002,9.71847,9.72261,9.72423,9.72324,9.71973,9.71361,9.704880000000001,9.69354,9.6795,9.66267,9.64314,9.62073,9.59544,9.56736,9.53622,9.50211,9.46494,9.42462,9.381150000000002,9.33453,9.28458,9.23139,9.17487,9.115020000000001,9.05175,8.985168,8.915265,8.842104,8.765766,8.686368,8.604081,8.519139,8.431811999999999,8.342459999999999,8.251533,8.159562,8.067204,7.975206,7.8844590000000006,7.795971000000001,7.710885,7.630452,7.555995,7.488945,7.430706,7.382682,7.346151000000001,7.322256,7.311888000000001,7.315659,7.333883999999999,7.366518,7.41321,7.473294000000001,7.545878999999999,7.6298580000000005,7.724034,7.82712,7.937838,8.054937,8.177247,8.303679,8.433243,8.565084,8.698437,8.832645,8.967159,9.10152,9.23535,9.36828,9.50004,9.63054,9.759599999999999,9.88695,10.01268,10.1367,10.25892,10.37925,10.49787,10.614690000000001,10.72971,10.843020000000001,10.95453,11.06442,11.17269,11.279340000000001,11.38437,11.487960000000001,11.590110000000001,11.69082,11.79018,11.88828,11.985030000000002,12.08061
14.742360000000001,14.680349999999999,14.61843,14.55651,14.49468,14.43285,14.371020000000001,14.309280000000001,14.247630000000001,14.18589,14.12424,14.06259,14.00085,13.9392,13.87746,13.81572,13.75398,13.69215,13.630320000000001,13.5684,13.50639,13.44429,13.3821,13.31991,13.25745,13.194989999999999,13.13235,13.06962,13.00671,12.94371,12.88053,12.817260000000001,12.75372,12.69018,12.62637,12.56256,12.49848,12.4344,12.37023,12.30588,12.24153,12.177180000000002,12.11283,12.04848,11.98422,11.92014,11.856150000000001,11.79252,11.72916,11.666160000000001,11.60361,11.54169,11.480400000000001,11.419920000000001,11.36025,11.30166,11.24415,11.187990000000001,11.133090000000001,11.0799,11.02833,10.97865,10.930950000000001,10.8855,10.842300000000002,10.80171,10.76364,10.72836,10.69605,10.66671,10.64061,10.61766,10.597949999999999,10.581660000000001,10.56879,10.55925,10.55313,10.55034,10.550880000000001,10.55466,10.561589999999999,10.57149,10.58436,10.59993,10.61811,10.638720000000001,10.66158,10.6866,10.713420000000001,10.742040000000001,10.7721,10.8036,10.83618,10.86984,10.90422,10.93932,10.97496,11.010869999999999,11.04705,11.08332,11.1195,11.15559,11.191410000000001,11.22687,11.26188,11.29635,11.33019,11.363489999999999,11.395890000000001,11.42766,11.45853,11.4885,11.517570000000001,11.54565,11.57274,11.598840000000001,11.62395,11.64798,11.67084,11.69271,11.713500000000002,11.73312,11.75157,11.768939999999999,11.78523,11.80026,11.81421,11.82699,11.83869,11.84922,11.85858,11.86677,11.87379,11.87973,11.884500000000001,11.8881,11.89053,11.89188,11.89206,11.891160000000001,11.889090000000001,11.88585,11.88144,11.87595,11.869290000000001,11.861550000000001,11.852640000000001,11.84256,11.8314,11.819070000000002,11.805570000000001,11.79099,11.77524,11.758230000000001,11.74014,11.72088,11.70045,11.67885,11.655990000000001,11.631960000000001,11.60676,11.580300000000001,11.552669999999999,11.52378,11.49354,11.46213,11.429369999999999,11.39535,11.36007,11.32335,11.28528,11.24586,11.20509,11.162790000000001,11.11914,11.07396,11.027339999999999,10.97919,10.92942,10.878120000000001,10.8252,10.77057,10.71432,10.656360000000001,10.596599999999999,10.53513,10.471770000000001,10.40661,10.33947,10.27044,10.199520000000001,10.12653,10.05147,9.97434,9.89523,9.813960000000002,9.73053,9.64503,9.55737,9.467550000000001,9.37575,9.281880000000001,9.18603,9.08829,8.988795000000001,8.887725,8.785269,8.681652000000001,8.577189,8.472230999999999,8.367210000000002,8.26263,8.159067,8.057196,7.957782,7.861670999999999,7.769780999999999,7.683102000000001,7.602687,7.5295890000000005,7.46487,7.409511,7.364412,7.330311000000001,7.307766,7.297110000000001,7.298433,7.311546,7.336053000000001,7.371306000000001,7.416486,7.470657,7.532738999999999,7.601670000000001,7.676334000000001,7.755669,7.838676,7.92441,8.012043,8.100819,8.190072,8.279262000000001,8.367885000000001,8.455554000000001,8.541936,8.626752,8.709804,8.79093,8.869995,8.946909,9.0216,9.09405,9.164340000000001,9.23229,9.29799,9.36153,9.422910000000002,9.48213,9.53928,9.59445,9.64755,9.69885,9.74826,9.79587,9.84177,9.88596,9.92853,9.96957,10.00908,10.04715,10.083870000000001,10.119240000000001,10.15326,10.18611,10.2177,10.24812,10.27746,10.305719999999999,10.33299,10.35918,10.38447,10.40877,10.432170000000001,10.45476,10.47645,10.49742,10.51749,10.53684,10.55538,10.573290000000002,10.590480000000001,10.606950000000001,10.622700000000002,10.637910000000002,10.6524,10.66626,10.67958,10.69227,10.70433,10.71585,10.72683,10.73718,10.74708,10.75635,10.76508,10.77336,10.7811,10.788210000000001,10.794960000000001,10.80108,10.806750000000001,10.81188,10.81656,10.82079,10.824390000000001,10.82763,10.83033,10.83249,10.834290000000001,10.835460000000001,10.83627,10.83654,10.83636,10.83564,10.83447,10.83285,10.83069,10.82808,10.82502,10.82151,10.817459999999999,10.81296,10.807920000000001,10.802430000000001,10.79649,10.790009999999999,10.78308,10.77561,10.76769,10.75932,10.75041,10.740960000000001,10.731060000000001,10.72062,10.70973,10.698300000000001,10.68633,10.673820000000001,10.66077,10.64718,10.63305,10.61838,10.60317,10.58742,10.57104,10.55403,10.536480000000001,10.5183,10.49949,10.47996,10.45989,10.4391,10.41759,10.39545,10.3725,10.34883,10.324440000000001,10.299150000000001,10.27314,10.24623,10.21842,10.1898,10.16019,10.12959,10.098090000000001,10.06542,10.03176,9.99702,9.96111,9.92394,9.8856,9.846,9.805050000000001,9.76275,9.71901,9.67374,9.62703,9.578700000000001,9.52875,9.477089999999999,9.423720000000001,9.368549999999999,9.31158,9.25263,9.191790000000001,9.12897,9.06417,8.997246,8.928279000000002,8.857224,8.784081,8.708868,8.63163,8.552412,8.471313,8.388441,8.303967,8.21808,8.131041,8.043174,7.954839000000001,7.8664950000000005,7.778682,7.692003000000001,7.607178,7.524990000000001,7.4463029999999995,7.372071000000001,7.3032840000000006,7.240968,7.186131,7.139736,7.102683,7.075692,7.059339,7.053975,7.059717,7.076448,7.103808,7.141221,7.187949,7.243092,7.305687000000001,7.374699000000001,7.449093000000001,7.52787,7.610076000000001,7.694811,7.781264999999999,7.868727,7.956557999999999,8.0442,8.131176,8.217081,8.301591,8.384418,8.465328,8.54415,8.620731000000001,8.694963000000001,8.766747,8.83602,8.902746,8.966889,9.02844,9.08739,9.14364,9.197370000000001,9.24849,9.29709,9.34308,9.386550000000002,9.42741,9.46584,9.50175,9.53523,9.566189999999999,9.59481,9.62091,9.644580000000001,9.66591,9.68481,9.70128,9.71532,9.726930000000001,9.7362,9.74304,9.747359999999999,9.74934,9.748800000000001,9.74574,9.74025,9.732149999999999,9.721530000000001,9.708300000000001,9.69237,9.67383,9.65268,9.62865,9.60192,9.57231,9.53991,9.50454,9.46629,9.424980000000001,9.380700000000001,9.333450000000001,9.283050000000001,9.229500000000002,9.17298,9.1134,9.05067,8.98506,8.916498,8.845137000000001,8.771112,8.694621000000001,8.615898,8.53524,8.453025,8.369676,8.285724,8.201799000000001,8.118603,8.036955,7.957773,7.882065,7.810947,7.7455620000000005,7.687125,7.636833,7.595847000000001,7.565238000000001,7.545923999999999,7.538643,7.543917,7.561998,7.592868,7.6362570000000005,7.6916519999999995,7.7583329999999995,7.835427,7.921944000000001,8.016813,8.118954,8.227314,8.340858,8.458641,8.579763,8.703441,8.828973,8.955729000000002,9.08316,9.21087,9.3384,9.465480000000001,9.591840000000001,9.717210000000001,9.841410000000002,9.964350000000001,10.08594,10.20609,10.32471,10.4418,10.55727,10.67121,10.78353,10.89423,11.003490000000001,11.111130000000001,11.21733,11.32209,11.425410000000001,11.527379999999999,11.62791,11.72718,11.82519,11.921940000000001,12.017520000000001,12.111930000000001
14.70726,14.64471,14.58234,14.519969999999999,14.457600000000001,14.39532,14.33313,14.270850000000001,14.20866,14.146469999999999,14.084280000000001,14.02209,13.9599,13.89771,13.83552,13.77324,13.71087,13.6485,13.586039999999999,13.523579999999999,13.46094,13.39821,13.33539,13.27239,13.2093,13.14612,13.08276,13.01922,12.9555,12.8916,12.827520000000002,12.76326,12.69882,12.6342,12.5694,12.504420000000001,12.43926,12.37392,12.3084,12.24279,12.17709,12.11121,12.045420000000002,11.97945,11.91357,11.84778,11.78208,11.71665,11.6514,11.58642,11.52198,11.45799,11.394630000000001,11.331990000000001,11.270159999999999,11.20941,11.149650000000001,11.09124,11.03418,10.97874,10.92501,10.87326,10.82349,10.77606,10.731060000000001,10.688580000000002,10.64898,10.61226,10.5786,10.54818,10.52109,10.49742,10.477350000000001,10.460790000000001,10.44792,10.438649999999999,10.43298,10.431000000000001,10.43244,10.43748,10.445760000000002,10.457370000000001,10.47204,10.489680000000002,10.510019999999999,10.53297,10.55835,10.5858,10.61532,10.64664,10.67958,10.71387,10.74933,10.785779999999999,10.82304,10.86102,10.89936,10.93815,10.977030000000001,11.016,11.054789999999999,11.093490000000001,11.13174,11.16963,11.20707,11.24388,11.27997,11.315339999999999,11.349900000000002,11.383650000000001,11.416500000000001,11.44836,11.47923,11.509110000000002,11.53791,11.56563,11.592270000000001,11.61783,11.64222,11.66544,11.68749,11.70846,11.72817,11.7468,11.764170000000002,11.78037,11.7954,11.80926,11.821950000000001,11.83338,11.843639999999999,11.852730000000001,11.86074,11.86749,11.87307,11.87739,11.88063,11.8827,11.883690000000001,11.88342,11.88198,11.879460000000002,11.875680000000001,11.87082,11.86479,11.85768,11.849310000000001,11.83986,11.82924,11.81745,11.80449,11.79045,11.775150000000002,11.75877,11.74122,11.72241,11.702520000000002,11.68146,11.659139999999999,11.63565,11.6109,11.58507,11.55789,11.52954,11.499929999999999,11.469059999999999,11.43684,11.403450000000001,11.36871,11.33262,11.29518,11.25648,11.21634,11.17485,11.13183,11.08746,11.04165,10.99431,10.94544,10.89513,10.843110000000001,10.78956,10.73439,10.677600000000002,10.6191,10.558890000000002,10.49697,10.43325,10.36773,10.300320000000001,10.231110000000001,10.1601,10.087110000000001,10.012139999999999,9.93537,9.856530000000001,9.77589,9.693180000000002,9.60867,9.52218,9.433890000000002,9.3438,9.252089999999999,9.158669999999999,9.0639,8.967852,8.870715,8.772768,8.674299,8.575677,8.477316,8.379693,8.283348,8.188920000000001,8.097075,8.008596,7.924284,7.845003000000001,7.771653000000001,7.705134000000001,7.646310000000001,7.596018000000001,7.554978,7.5237929999999995,7.502904000000001,7.4925809999999995,7.4928870000000005,7.503678,7.524603000000001,7.555158,7.594668,7.642332,7.697295,7.758629999999999,7.825410000000001,7.896699000000001,7.971641999999999,8.049402,8.129232,8.21043,8.292411,8.374626,8.456634,8.538021,8.618481000000001,8.697726,8.775549,8.851761000000002,8.926227,8.998848,9.069569999999999,9.138240000000001,9.204930000000001,9.26964,9.332279999999999,9.392940000000001,9.45162,9.50841,9.56322,9.61614,9.66726,9.71658,9.764190000000001,9.81009,9.85437,9.89703,9.93825,9.97794,10.016280000000002,10.05318,10.08873,10.12302,10.156139999999999,10.188,10.21878,10.24839,10.27701,10.30455,10.33101,10.356660000000002,10.38132,10.40508,10.427940000000001,10.449990000000001,10.47123,10.491660000000001,10.51137,10.53036,10.54854,10.56609,10.582920000000001,10.59912,10.614600000000001,10.62954,10.64376,10.65744,10.67058,10.683,10.69497,10.70631,10.71711,10.72737,10.737,10.74618,10.75482,10.76301,10.77057,10.77768,10.78434,10.790370000000001,10.79604,10.80108,10.80567,10.80981,10.813500000000001,10.81656,10.81926,10.82142,10.82313,10.824390000000001,10.82511,10.825380000000001,10.82511,10.824480000000001,10.823310000000001,10.82169,10.81953,10.816920000000001,10.81386,10.81035,10.8063,10.8018,10.796759999999999,10.79136,10.78542,10.77894,10.7721,10.76472,10.7568,10.74843,10.73961,10.73025,10.72035,10.710090000000001,10.6992,10.68786,10.67598,10.66356,10.650689999999999,10.63728,10.62324,10.60875,10.59372,10.578059999999999,10.561860000000001,10.545119999999999,10.52775,10.50984,10.4913,10.47213,10.45224,10.43181,10.41066,10.38879,10.366290000000001,10.34307,10.319040000000001,10.29429,10.268730000000001,10.24236,10.21509,10.187009999999999,10.15803,10.128150000000002,10.097280000000001,10.06542,10.03257,9.99864,9.96363,9.92745,9.8901,9.85158,9.81171,9.770579999999999,9.7281,9.684270000000001,9.639000000000001,9.5922,9.54387,9.493920000000001,9.44244,9.38916,9.33426,9.277650000000001,9.219149999999999,9.158850000000001,9.09675,9.032760000000001,8.966898,8.899173,8.829585000000002,8.758179,8.685,8.61012,8.533647,8.455715999999999,8.376498,8.296191,8.215065000000001,8.133417,8.051634,7.9701390000000005,7.889427,7.8100830000000006,7.732728,7.658091000000001,7.5869279999999995,7.520058000000001,7.4583450000000004,7.4026440000000004,7.35381,7.312653000000001,7.279875,7.256097,7.241769,7.23717,7.242417,7.257384,7.281801,7.315209,7.356986999999999,7.4064060000000005,7.462665,7.524909,7.5922469999999995,7.663833000000001,7.738812,7.816401,7.895889,7.97661,8.057961,8.139438,8.220582,8.300997,8.38035,8.458353,8.534781,8.609427,8.682138,8.752779,8.821259999999999,8.887482,8.951391000000001,9.01296,9.07209,9.12888,9.18324,9.23508,9.28458,9.33165,9.376290000000001,9.4185,9.45828,9.49572,9.53073,9.5634,9.59373,9.62172,9.64737,9.67068,9.69165,9.71028,9.72657,9.74061,9.752220000000001,9.76158,9.76851,9.77319,9.77544,9.77526,9.772739999999999,9.76779,9.76032,9.75051,9.73809,9.72315,9.70569,9.68562,9.662939999999999,9.63765,9.609570000000001,9.57888,9.5454,9.50913,9.46998,9.42813,9.3834,9.335790000000001,9.285300000000001,9.23211,9.17604,9.117180000000001,9.05571,8.991639000000001,8.925093,8.856261,8.785323,8.712549,8.638227,8.562726,8.486487,8.410014,8.333883,8.258759999999999,8.185401,8.114625,8.04735,7.98453,7.927173,7.876314,7.83297,7.798113,7.7726429999999995,7.757315999999999,7.752753,7.759377,7.777404000000001,7.806852,7.8474960000000005,7.8989400000000005,7.960616999999999,8.031798,8.111682,8.199378,8.293977,8.39457,8.500266,8.610219,8.723646,8.839827,8.958114,9.077940000000002,9.198720000000002,9.32013,9.44172,9.56322,9.68418,9.8046,9.92421,10.04283,10.16037,10.27674,10.39176,10.50552,10.617930000000001,10.7289,10.83861,10.94679,11.05371,11.15919,11.26332,11.3661,11.46762,11.567879999999999,11.66679,11.76462,11.86119,11.95659,12.051,12.144240000000002
14.6718,14.608889999999999,14.545979999999998,14.483160000000002,14.420340000000001,14.35761,14.294880000000001,14.232149999999999,14.16951,14.10678,14.04414,13.98141,13.91877,13.85604,13.79322,13.73049,13.66758,13.60467,13.541580000000002,13.47849,13.41522,13.35186,13.28841,13.22478,13.16097,13.09698,13.0329,12.96855,12.90402,12.839220000000001,12.77424,12.70908,12.643650000000001,12.57804,12.51216,12.446010000000001,12.37968,12.313080000000001,12.2463,12.17934,12.1122,12.044880000000001,11.97747,11.90997,11.84238,11.77479,11.70729,11.63988,11.57265,11.50578,11.43918,11.37303,11.30742,11.24253,11.178450000000002,11.11527,11.05317,10.992420000000001,10.93293,10.875150000000001,10.819080000000001,10.764990000000001,10.71306,10.66338,10.61631,10.571940000000001,10.53054,10.49211,10.4571,10.42542,10.39725,10.37277,10.35216,10.33533,10.322370000000001,10.31337,10.30824,10.30698,10.3095,10.3158,10.325700000000001,10.33902,10.35567,10.37547,10.39815,10.42362,10.45161,10.48194,10.514249999999999,10.54854,10.58436,10.62171,10.66014,10.69965,10.73997,10.78092,10.822320000000001,10.86399,10.90575,10.94751,10.989090000000001,11.0304,11.07135,11.11176,11.15163,11.19087,11.2293,11.26692,11.30364,11.339459999999999,11.37429,11.408130000000002,11.4408,11.47248,11.50308,11.53242,11.56068,11.587769999999999,11.6136,11.63826,11.66175,11.68398,11.70504,11.72484,11.74338,11.760750000000002,11.776860000000001,11.79171,11.805390000000001,11.8179,11.82906,11.83914,11.84787,11.85552,11.86191,11.867130000000001,11.871089999999999,11.873970000000002,11.87559,11.876040000000001,11.87532,11.87343,11.87028,11.86605,11.86065,11.854080000000002,11.84634,11.83752,11.827440000000001,11.816189999999999,11.80386,11.790270000000001,11.7756,11.75967,11.74266,11.724480000000002,11.70504,11.684429999999999,11.662740000000001,11.63979,11.61558,11.590200000000001,11.563649999999999,11.53584,11.50677,11.47644,11.44485,11.412,11.377889999999999,11.34252,11.30571,11.26764,11.22822,11.18745,11.14524,11.10168,11.05668,11.01015,10.96227,10.91277,10.86183,10.809360000000002,10.75536,10.69965,10.64241,10.583549999999999,10.52298,10.460790000000001,10.3968,10.331190000000001,10.26378,10.194569999999999,10.12365,10.050930000000001,9.97641,9.90009,9.82206,9.742230000000001,9.66069,9.577530000000001,9.49266,9.40635,9.31851,9.22941,9.139050000000001,9.04779,8.95572,8.863128,8.770302000000001,8.677593,8.585405999999999,8.494190999999999,8.404461000000001,8.316774,8.231769,8.150121,8.072532,7.999776000000001,7.9326,7.871778000000001,7.818047999999999,7.772085000000001,7.734492,7.705755,7.686234,7.676145,7.675533000000001,7.684272000000001,7.702083,7.728543,7.763094,7.805079,7.85376,7.908372,7.968114,8.032203,8.099865000000001,8.170371,8.243046,8.317269,8.392482000000001,8.468199,8.54397,8.619426,8.694252,8.768177999999999,8.840961,8.912439000000001,8.98245,9.05085,9.11763,9.1827,9.24588,9.30735,9.36702,9.4248,9.480780000000001,9.53505,9.58752,9.63828,9.687240000000001,9.73467,9.78039,9.824580000000001,9.867329999999999,9.90846,9.94824,9.98658,10.02366,10.0593,10.09377,10.12707,10.15911,10.19007,10.219949999999999,10.24875,10.27656,10.30329,10.329210000000002,10.354140000000001,10.37817,10.4013,10.42362,10.44522,10.46592,10.48599,10.50525,10.52379,10.54161,10.5588,10.575360000000002,10.5912,10.60641,10.62108,10.63512,10.64853,10.6614,10.67364,10.68543,10.69659,10.70721,10.71729,10.72692,10.73592,10.74447,10.75248,10.76004,10.76706,10.773539999999999,10.77957,10.78506,10.7901,10.79469,10.79874,10.80234,10.80549,10.808100000000001,10.81026,10.81188,10.81314,10.81386,10.81404,10.81386,10.81314,10.811969999999999,10.81035,10.80819,10.80558,10.802520000000001,10.79901,10.794960000000001,10.79055,10.78551,10.78011,10.77417,10.76778,10.76094,10.75356,10.74573,10.73745,10.72863,10.71936,10.70955,10.69929,10.688580000000002,10.67733,10.66554,10.6533,10.64052,10.6272,10.61334,10.59903,10.58409,10.5687,10.552679999999999,10.53612,10.51902,10.501290000000001,10.48302,10.46412,10.44459,10.424430000000001,10.40364,10.38213,10.359990000000002,10.33722,10.31364,10.289340000000001,10.26423,10.2384,10.21176,10.18431,10.15596,10.126800000000001,10.09665,10.06551,10.033470000000001,10.00044,9.966330000000001,9.931049999999999,9.894779999999999,9.85734,9.81864,9.77868,9.73755,9.69507,9.65124,9.60597,9.55926,9.51111,9.46143,9.41022,9.35739,9.302940000000001,9.246870000000001,9.18918,9.12969,9.06858,9.00585,8.941374000000001,8.875269,8.80758,8.738352,8.667684000000001,8.595684,8.522496,8.448291000000001,8.373285,8.29773,8.221941000000001,8.146269,8.071119,7.996950000000001,7.924293,7.853732999999999,7.7859,7.7214599999999995,7.661133,7.605666,7.555779,7.512192000000001,7.475571000000001,7.44651,7.425513,7.412949000000001,7.409043,7.413894,7.4273940000000005,7.449336,7.479323999999999,7.516863,7.561350000000001,7.612119,7.6684410000000005,7.729569,7.7947560000000005,7.863282000000001,7.934445000000001,8.007606000000001,8.082162,8.157564,8.233335,8.309034,8.384292,8.458785,8.532216,8.60436,8.67501,8.743995,8.811171000000002,8.876430000000001,8.939682000000001,9.00081,9.059849999999999,9.11673,9.171270000000002,9.223650000000001,9.27378,9.321570000000001,9.36711,9.4104,9.45135,9.49005,9.5265,9.560699999999999,9.59256,9.62217,9.64962,9.67473,9.69759,9.71829,9.736650000000001,9.752849999999999,9.7668,9.778410000000001,9.78786,9.794970000000001,9.79983,9.80244,9.80271,9.80064,9.796230000000001,9.78957,9.78039,9.76887,9.75492,9.73854,9.71964,9.698220000000001,9.67437,9.64782,9.61884,9.58716,9.55287,9.51597,9.476460000000001,9.43434,9.389520000000001,9.34209,9.292050000000001,9.23949,9.18441,9.12699,9.06723,9.005310000000001,8.941482,8.875862999999999,8.808741,8.740413,8.671239,8.601642,8.532099,8.463168000000001,8.395443,8.329635000000001,8.266473,8.206758,8.151354,8.101125000000001,8.056953,8.01972,7.990236,7.969257,7.957422,7.955253,7.9631099999999995,7.981173,8.00946,8.047818,8.095922999999999,8.153316,8.219412,8.293536,8.37495,8.462898,8.556588,8.655246,8.758143,8.864568,8.973882000000001,9.085500000000001,9.19881,9.31347,9.428939999999999,9.54486,9.660960000000001,9.77697,9.892619999999999,10.00764,10.12203,10.23561,10.3482,10.4598,10.57032,10.679670000000002,10.78776,10.89477,11.00043,11.104920000000002,11.20824,11.3103,11.41119,11.51082,11.60937,11.706750000000001,11.80296,11.89818,11.992230000000001,12.08529,12.17736
14.63607,14.57271,14.509350000000001,14.445990000000002,14.382810000000001,14.31954,14.25636,14.193180000000002,14.129999999999999,14.06682,14.00373,13.94055,13.87728,13.8141,13.75074,13.68738,13.62402,13.56048,13.49685,13.43313,13.36932,13.30533,13.24116,13.1769,13.11237,13.04775,12.98277,12.9177,12.852360000000001,12.78675,12.72087,12.654720000000001,12.5883,12.52161,12.45465,12.38733,12.319830000000001,12.25197,12.18384,12.115530000000001,12.04695,11.9781,11.90907,11.83986,11.77056,11.701170000000001,11.631780000000001,11.562389999999999,11.49309,11.42406,11.355300000000002,11.286810000000001,11.218950000000001,11.15163,11.085030000000001,11.01942,10.9548,10.89144,10.82943,10.76904,10.71045,10.65384,10.599390000000001,10.54737,10.498050000000001,10.45152,10.408140000000001,10.36791,10.331190000000001,10.29816,10.268820000000002,10.243440000000001,10.22211,10.204920000000001,10.191960000000002,10.18314,10.17855,10.178099999999999,10.181790000000001,10.189440000000001,10.20096,10.21626,10.23507,10.25721,10.282409999999999,10.310580000000002,10.341450000000002,10.37466,10.410120000000001,10.447470000000001,10.48653,10.52703,10.56879,10.61154,10.65501,10.699110000000001,10.74366,10.78839,10.83321,10.87794,10.9224,10.9665,11.01024,11.05326,11.09574,11.137410000000001,11.17818,11.218140000000002,11.257109999999999,11.29509,11.331990000000001,11.36772,11.40246,11.43594,11.46825,11.4993,11.52918,11.5578,11.58525,11.61135,11.636190000000001,11.65977,11.68209,11.70315,11.722859999999999,11.7414,11.75859,11.77452,11.78919,11.802600000000002,11.81484,11.82573,11.83545,11.843910000000001,11.85111,11.85714,11.86191,11.86551,11.86785,11.869019999999999,11.86893,11.86767,11.86533,11.861730000000001,11.85687,11.85093,11.843820000000001,11.835540000000002,11.826,11.81538,11.8035,11.79054,11.77641,11.76102,11.74455,11.72691,11.708010000000002,11.68794,11.666699999999999,11.64429,11.620709999999999,11.59587,11.56986,11.54259,11.51415,11.48436,11.4534,11.421180000000001,11.3877,11.352870000000001,11.31687,11.27943,11.24073,11.20068,11.15928,11.116439999999999,11.07234,11.02671,10.97973,10.93122,10.881269999999999,10.829880000000001,10.776959999999999,10.72251,10.66653,10.608929999999999,10.5498,10.48905,10.426680000000001,10.36278,10.297080000000001,10.22985,10.16091,10.090349999999999,10.01817,9.944370000000001,9.86895,9.79191,9.71334,9.633329999999999,9.55188,9.46908,9.38511,9.30006,9.21402,9.127260000000001,9.03996,8.952444,8.864901,8.777700000000001,8.691228,8.605908000000001,8.522208000000001,8.440650000000002,8.361801,8.286255,8.214651,8.147637,8.085879,8.030025,7.9806870000000005,7.938441,7.9037820000000005,7.877106,7.858719,7.848783,7.8473250000000005,7.854246000000001,7.869321000000001,7.89219,7.922385,7.959347999999999,8.002485,8.051121,8.10459,8.16219,8.223264,8.287173,8.353296,8.421092999999999,8.490042,8.559683999999999,8.629622999999999,8.699481,8.76897,8.837811,8.905779,8.972693999999999,9.03843,9.102780000000001,9.165690000000001,9.22716,9.28701,9.34524,9.401850000000001,9.45684,9.51021,9.56196,9.61209,9.6606,9.70758,9.75303,9.79695,9.83943,9.88047,9.920069999999999,9.95841,9.9954,10.03113,10.065690000000002,10.09899,10.131120000000001,10.16226,10.19223,10.22121,10.24911,10.27611,10.30212,10.32732,10.35153,10.374929999999999,10.39752,10.4193,10.44036,10.460609999999999,10.48014,10.49895,10.517130000000002,10.53459,10.55142,10.56762,10.58319,10.598130000000001,10.612440000000001,10.62621,10.63944,10.65204,10.66419,10.67571,10.68669,10.69722,10.707120000000002,10.716569999999999,10.72548,10.73394,10.741859999999999,10.74924,10.756170000000001,10.76265,10.76859,10.77408,10.779029999999999,10.78353,10.78758,10.79109,10.79415,10.796759999999999,10.798919999999999,10.80054,10.80171,10.802430000000001,10.8027,10.802430000000001,10.80171,10.80054,10.798919999999999,10.796759999999999,10.79415,10.79109,10.78758,10.78362,10.77912,10.77417,10.76877,10.762830000000001,10.756530000000001,10.749690000000001,10.7424,10.734570000000001,10.72629,10.71756,10.70838,10.69866,10.68849,10.67778,10.666620000000002,10.65492,10.64277,10.63017,10.61694,10.60326,10.58913,10.57437,10.55907,10.543320000000001,10.52703,10.51011,10.492650000000001,10.47465,10.45602,10.43676,10.416960000000001,10.39653,10.37538,10.35369,10.331280000000001,10.30815,10.28439,10.259820000000001,10.234530000000001,10.208430000000002,10.181610000000001,10.15389,10.12536,10.096020000000001,10.065690000000002,10.034460000000001,10.00224,9.96903,9.93483,9.89955,9.86319,9.825660000000001,9.787049999999999,9.74718,9.70605,9.66366,9.62001,9.57492,9.52857,9.480690000000001,9.43146,9.38079,9.32859,9.27486,9.2196,9.162899999999999,9.10467,9.04482,8.98362,8.920926000000001,8.856855,8.791461,8.724861,8.657154,8.588502,8.519076,8.449092,8.378793,8.308485000000001,8.238501000000001,8.169219,8.101080000000001,8.034543000000001,7.970148,7.908444,7.850043,7.795548000000001,7.745616,7.70085,7.661862,7.629219,7.603407000000001,7.58484,7.573824,7.570557000000001,7.575093,7.587378,7.607205,7.634277000000001,7.668180000000001,7.708401,7.754391,7.805529,7.861176,7.920693,7.98345,8.048835,8.116263,8.185194,8.255133,8.325621,8.396271,8.466714000000001,8.536626,8.605746,8.673822,8.740656000000001,8.806068000000002,8.869914000000001,8.932068,8.992431,9.05094,9.107460000000001,9.162,9.21447,9.26496,9.3132,9.35946,9.40347,9.445409999999999,9.4851,9.52272,9.55818,9.59148,9.622530000000001,9.65151,9.67833,9.70299,9.72549,9.74583,9.76401,9.77994,9.7938,9.8055,9.81504,9.822330000000001,9.82746,9.83034,9.830969999999999,9.82944,9.825660000000001,9.81954,9.81126,9.80055,9.78759,9.772200000000002,9.75456,9.734490000000001,9.71199,9.68706,9.6597,9.62991,9.5976,9.56286,9.525689999999999,9.48609,9.44397,9.39951,9.35262,9.30348,9.252089999999999,9.19854,9.14301,9.08559,9.02655,8.965962000000001,8.904186,8.84151,8.778267,8.714862,8.651754,8.589447,8.528516999999999,8.469576000000002,8.413299,8.360397,8.311626,8.267733,8.229501,8.19765,8.1729,8.155880999999999,8.147133,8.147097,8.156070000000001,8.174223000000001,8.201583,8.238024,8.283285,8.337006,8.39871,8.467821,8.543745000000001,8.625807,8.713359,8.805717,8.902242,9.00234,9.105300000000002,9.21078,9.318150000000001,9.42696,9.536850000000001,9.64746,9.75852,9.869670000000001,9.980730000000001,10.09152,10.20177,10.311480000000001,10.42047,10.528649999999999,10.63593,10.742220000000001,10.84752,10.95183,11.055060000000001,11.157210000000001,11.258280000000001,11.358270000000001,11.457180000000001,11.555010000000001,11.651760000000001,11.74752,11.8422,11.93598,12.02868,12.12048,12.21138
14.60007,14.536259999999999,14.47245,14.40864,14.34492,14.2812,14.21757,14.15394,14.09031,14.02668,13.96296,13.89933,13.835609999999999,13.771889999999999,13.708079999999999,13.64418,13.58019,13.51611,13.45194,13.38768,13.32324,13.25862,13.19382,13.12884,13.06368,12.99825,12.93255,12.866670000000001,12.80043,12.73401,12.66723,12.60018,12.532770000000001,12.465,12.39696,12.32847,12.25971,12.19068,12.1212,12.051449999999999,11.98134,11.910960000000001,11.84031,11.76939,11.698290000000002,11.62701,11.55564,11.48418,11.41272,11.34144,11.270340000000001,11.19951,11.12913,11.05929,10.99008,10.92177,10.85445,10.7883,10.7235,10.66041,10.59903,10.539629999999999,10.482569999999999,10.427940000000001,10.376100000000001,10.32723,10.2816,10.23939,10.20087,10.16613,10.13553,10.109070000000001,10.08702,10.06938,10.05624,10.04769,10.04364,10.04409,10.04895,10.05813,10.07145,10.08873,10.10988,10.134540000000001,10.16262,10.193670000000001,10.2276,10.264050000000001,10.30275,10.343520000000002,10.386,10.429920000000001,10.4751,10.521270000000001,10.56816,10.61568,10.66347,10.71144,10.759500000000001,10.80729,10.85481,10.90188,10.948409999999999,10.99422,11.03931,11.083499999999999,11.126880000000002,11.16918,11.2104,11.25054,11.2896,11.3274,11.36403,11.3994,11.433510000000002,11.46636,11.49786,11.5281,11.55699,11.584620000000001,11.6109,11.63583,11.659410000000001,11.68173,11.70261,11.722320000000002,11.74059,11.7576,11.77335,11.78775,11.80089,11.81277,11.823300000000001,11.832659999999999,11.84067,11.84751,11.85309,11.85741,11.860470000000001,11.86236,11.862990000000002,11.86245,11.86065,11.85768,11.85354,11.84814,11.841660000000001,11.833919999999999,11.82501,11.81493,11.80368,11.79126,11.77758,11.762820000000001,11.74689,11.7297,11.71143,11.6919,11.6712,11.64933,11.626290000000001,11.60199,11.57652,11.54988,11.52198,11.49282,11.46249,11.430900000000001,11.398050000000001,11.363850000000001,11.328479999999999,11.29176,11.25378,11.21454,11.17386,11.131920000000001,11.08854,11.0439,10.997819999999999,10.9503,10.901430000000001,10.85103,10.79928,10.746,10.69128,10.63503,10.57734,10.51812,10.457370000000001,10.395000000000001,10.331190000000001,10.26585,10.19898,10.13049,10.06056,9.98919,9.91629,9.84204,9.76635,9.689400000000001,9.61128,9.5319,9.45162,9.37044,9.288540000000001,9.2061,9.1233,9.0405,8.957862,8.875773,8.794575000000002,8.714663999999999,8.636472000000001,8.560467000000001,8.487162,8.417079,8.350794,8.288865,8.23185,8.180325,8.134794000000001,8.095752,8.063595000000001,8.038674,8.021205,8.01135,8.009118,8.014419,8.027073,8.046756,8.073099000000001,8.105634,8.143830000000001,8.187147000000001,8.234982,8.286741000000001,8.341857,8.399745000000001,8.459883,8.521749,8.584893,8.648892,8.71335,8.777952,8.842383000000002,8.906391,8.96976,9.03231,9.09387,9.15426,9.21348,9.27144,9.327960000000001,9.38304,9.436770000000001,9.48897,9.53973,9.58896,9.63675,9.683100000000001,9.72801,9.77148,9.813600000000001,9.85428,9.8937,9.93177,9.96867,10.00431,10.03878,10.071990000000001,10.10421,10.13526,10.165320000000001,10.19439,10.222380000000001,10.249469999999999,10.27566,10.30095,10.32534,10.34892,10.371690000000001,10.393650000000001,10.414890000000002,10.435319999999999,10.455119999999999,10.4742,10.492560000000001,10.510290000000001,10.52739,10.54386,10.559700000000001,10.575000000000001,10.58958,10.603710000000001,10.617210000000002,10.63017,10.64259,10.65447,10.66581,10.6767,10.68696,10.69677,10.70613,10.71495,10.723230000000001,10.731060000000001,10.73835,10.745190000000001,10.751579999999999,10.757430000000001,10.762830000000001,10.76778,10.77228,10.77624,10.77975,10.782720000000001,10.78533,10.787400000000002,10.78902,10.79019,10.79091,10.79109,10.79082,10.7901,10.78893,10.787310000000002,10.78515,10.782630000000001,10.77957,10.77606,10.77201,10.7676,10.76265,10.75725,10.7514,10.7451,10.73826,10.73097,10.723230000000001,10.71504,10.7064,10.69722,10.68759,10.67742,10.66689,10.65582,10.644210000000001,10.63215,10.61964,10.60659,10.59309,10.57905,10.56447,10.54944,10.53387,10.517669999999999,10.50102,10.48383,10.466099999999999,10.44774,10.428840000000001,10.409400000000002,10.38924,10.36854,10.34721,10.32525,10.302570000000001,10.27926,10.255230000000001,10.23057,10.2051,10.17882,10.15182,10.12401,10.0953,10.06578,10.035449999999999,10.00413,9.971820000000001,9.93861,9.90441,9.86913,9.83286,9.795420000000002,9.7569,9.71712,9.676260000000001,9.63414,9.59076,9.54612,9.50022,9.45288,9.40428,9.354330000000001,9.302940000000001,9.250200000000001,9.196110000000001,9.14067,9.08379,9.02574,8.966349,8.905788,8.844111000000002,8.781417000000001,8.717832,8.653509,8.588619,8.523378000000001,8.458029,8.392851,8.328159000000001,8.264313,8.2017,8.140761,8.081973,8.025822,7.9728390000000005,7.923564,7.878546,7.838325000000001,7.803405000000001,7.774263000000001,7.751304,7.734879,7.725249000000001,7.722558,7.726869,7.738128000000001,7.7561729999999995,7.780752,7.8115049999999995,7.848036,7.889850000000001,7.936434,7.987248,8.041734,8.099334,8.159508,8.221743,8.285553,8.350488,8.416125000000001,8.482086,8.548038000000002,8.613675,8.678718,8.742951,8.806158,8.868159,8.928818999999999,8.987985,9.045539999999999,9.10143,9.155610000000001,9.2079,9.25839,9.306899999999999,9.35343,9.39798,9.44064,9.48114,9.51975,9.5562,9.59067,9.62307,9.653400000000001,9.68166,9.70785,9.73206,9.754109999999999,9.77409,9.79209,9.80793,9.8217,9.833400000000001,9.84294,9.85041,9.855810000000002,9.85905,9.86013,9.85905,9.8559,9.8505,9.84285,9.83304,9.82107,9.80676,9.79029,9.77148,9.75042,9.727020000000001,9.701369999999999,9.673380000000002,9.64314,9.61056,9.57564,9.53847,9.49905,9.45747,9.41373,9.36783,9.32004,9.27027,9.21879,9.165690000000001,9.11115,9.05535,8.99865,8.941284000000001,8.883594,8.825958,8.768799,8.712603,8.657883,8.605205999999999,8.555166,8.508402,8.465580000000001,8.427357,8.39439,8.367336000000002,8.346771,8.333253,8.32725,8.329113,8.339112,8.357408999999999,8.384013,8.418834,8.461683,8.512254,8.570133,8.634879,8.705961,8.782829999999999,8.86491,8.951616,9.042390000000001,9.136709999999999,9.23391,9.33372,9.43551,9.538920000000001,9.64368,9.74925,9.85545,9.96201,10.06875,10.1754,10.28169,10.38771,10.49319,10.598040000000001,10.702169999999999,10.80549,10.908,11.0097,11.110410000000002,11.21022,11.30904,11.40696,11.50398,11.599920000000001,11.69496,11.789100000000001,11.88225,11.97459,12.06594,12.15639,12.246030000000001
14.563889999999999,14.499540000000001,14.43528,14.371020000000001,14.30685,14.24268,14.17851,14.11443,14.05026,13.986180000000001,13.92201,13.857840000000001,13.79367,13.72941,13.66506,13.600620000000001,13.53618,13.47156,13.40685,13.34196,13.27689,13.211640000000001,13.14621,13.0806,13.01472,12.94857,12.88215,12.81546,12.7485,12.68118,12.6135,12.54546,12.47706,12.4083,12.33909,12.26952,12.1995,12.12912,12.05829,11.987100000000002,11.91555,11.84355,11.77119,11.69856,11.62557,11.55231,11.47887,11.405339999999999,11.33163,11.25801,11.184479999999999,11.111130000000001,11.03814,10.9656,10.8936,10.822410000000001,10.75221,10.683090000000002,10.61532,10.54917,10.484820000000001,10.422450000000001,10.36242,10.305,10.25037,10.19889,10.15074,10.10628,10.065690000000002,10.02924,9.997110000000001,9.969479999999999,9.946530000000001,9.92835,9.91512,9.90666,9.90315,9.90459,9.910710000000002,9.92151,9.936810000000001,9.95634,9.98001,10.00746,10.03842,10.07271,10.10997,10.14984,10.19214,10.23651,10.28259,10.3302,10.37907,10.42893,10.479510000000001,10.53054,10.58184,10.633230000000001,10.68462,10.73565,10.78632,10.83645,10.88595,10.93464,10.982520000000001,11.02932,11.07522,11.11995,11.1636,11.20599,11.24721,11.28717,11.32578,11.36304,11.39895,11.4336,11.46681,11.49867,11.52909,11.558159999999999,11.585880000000001,11.612160000000001,11.63709,11.660580000000001,11.68272,11.7036,11.723040000000001,11.74113,11.75787,11.77326,11.7873,11.800080000000001,11.8116,11.82177,11.830589999999999,11.83824,11.84454,11.84967,11.85345,11.856060000000001,11.85741,11.857500000000002,11.85642,11.854080000000002,11.85057,11.8458,11.83986,11.83275,11.82438,11.81493,11.80422,11.792340000000001,11.779290000000001,11.76507,11.74959,11.73303,11.71521,11.69631,11.67615,11.65482,11.63232,11.60865,11.58372,11.55762,11.53026,11.50182,11.47203,11.441070000000002,11.408850000000001,11.37537,11.34063,11.304720000000001,11.26746,11.22885,11.18907,11.14794,11.105459999999999,11.06163,11.01645,10.97001,10.922130000000001,10.8729,10.82223,10.77021,10.716750000000001,10.661850000000001,10.605509999999999,10.54773,10.4886,10.427940000000001,10.36593,10.30239,10.2375,10.17117,10.10349,10.034460000000001,9.96408,9.89244,9.81963,9.74565,9.67059,9.59463,9.51786,9.44037,9.36234,9.28395,9.205470000000002,9.12699,9.049050000000001,8.971659,8.895321,8.820369,8.74719,8.676216,8.607897,8.542719000000002,8.481159,8.423721,8.370891,8.323146,8.280927,8.244639,8.214633000000001,8.191179,8.174475000000001,8.164638,8.161677000000001,8.165529000000001,8.176005,8.192871,8.215785,8.244369,8.278173,8.316711000000002,8.359479,8.405973,8.455671,8.508078,8.562717,8.619129000000001,8.6769,8.735634000000001,8.79498,8.854623,8.914284,8.973711,9.032670000000001,9.09108,9.14859,9.20529,9.260909999999999,9.31536,9.36864,9.42075,9.47151,9.52101,9.56916,9.615960000000001,9.6615,9.7056,9.74844,9.79002,9.83025,9.86922,9.90702,9.943560000000002,9.97893,10.01322,10.046339999999999,10.078380000000001,10.10943,10.1394,10.168379999999999,10.19646,10.223550000000001,10.249740000000001,10.275120000000001,10.299600000000002,10.32327,10.34613,10.36827,10.38969,10.410300000000001,10.43028,10.44954,10.46808,10.48608,10.50336,10.520100000000001,10.53612,10.55169,10.56663,10.58094,10.594800000000001,10.60803,10.62072,10.632959999999999,10.644660000000002,10.65582,10.66644,10.67661,10.68633,10.69551,10.70415,10.71234,10.72008,10.72728,10.73403,10.74033,10.74618,10.75149,10.75635,10.760760000000001,10.76472,10.76814,10.7712,10.77372,10.77579,10.77741,10.778490000000001,10.77921,10.779390000000001,10.77912,10.778400000000001,10.777230000000001,10.77552,10.77345,10.77084,10.76778,10.76427,10.76031,10.7559,10.75095,10.74564,10.73979,10.73349,10.72674,10.71945,10.7118,10.70361,10.69497,10.685880000000001,10.676340000000001,10.66626,10.65582,10.64484,10.63332,10.621440000000002,10.609020000000001,10.596060000000001,10.58274,10.56879,10.55448,10.53954,10.52415,10.50831,10.49184,10.474920000000001,10.457370000000001,10.43937,10.42074,10.40166,10.38186,10.36161,10.34064,10.31913,10.2969,10.27413,10.25064,10.22643,10.201590000000001,10.17594,10.14966,10.12248,10.09458,10.06587,10.03635,10.00593,9.97461,9.942390000000001,9.909270000000001,9.875160000000001,9.83997,9.803790000000001,9.766620000000001,9.728280000000002,9.68886,9.64836,9.60669,9.56376,9.519660000000002,9.474390000000001,9.42777,9.37998,9.33102,9.28071,9.22923,9.17649,9.122580000000001,9.067499999999999,9.01134,8.954199,8.896095,8.837163,8.77752,8.717319,8.656740000000001,8.595981,8.535276,8.474886,8.415117,8.356293,8.298774,8.242965,8.189271,8.138142,8.090046,8.04546,8.004833999999999,7.968654000000001,7.937342999999999,7.911297000000001,7.8908760000000004,7.876359,7.8679619999999995,7.865820000000001,7.869969,7.880373,7.896897000000001,7.919325000000001,7.9473780000000005,7.9806870000000005,8.018856000000001,8.061444,8.107983,8.157987,8.210979,8.266473,8.324019,8.383167,8.443521,8.504685,8.566317,8.628093,8.689725000000001,8.750961,8.811567,8.871336,8.930106,8.987706000000001,9.04401,9.09891,9.152280000000001,9.204120000000001,9.25425,9.302669999999999,9.34938,9.394200000000001,9.43722,9.478349999999999,9.51759,9.55494,9.5904,9.62388,9.65538,9.684899999999999,9.712530000000001,9.73818,9.76185,9.78354,9.80316,9.82089,9.836640000000001,9.850320000000002,9.862020000000001,9.87165,9.8793,9.88488,9.88848,9.89001,9.889470000000001,9.88686,9.88209,9.875250000000001,9.866340000000001,9.85527,9.842130000000001,9.82674,9.809280000000001,9.78957,9.76779,9.74376,9.71757,9.68922,9.6588,9.62613,9.59148,9.554670000000002,9.515880000000001,9.47511,9.43245,9.38808,9.34191,9.2943,9.24525,9.19503,9.143820000000002,9.091890000000001,9.039510000000002,8.98704,8.934759,8.883117,8.832546,8.783514,8.736543,8.692164,8.650943999999999,8.613468000000001,8.580321,8.55207,8.529264,8.512433999999999,8.502039,8.498475000000001,8.502048,8.51301,8.531469,8.55747,8.590940999999999,8.63172,8.679555,8.734122000000001,8.795043000000001,8.861868,8.93412,9.01134,9.092970000000001,9.17856,9.267570000000001,9.35964,9.45414,9.5508,9.64926,9.74907,9.84996,9.95166,10.0539,10.156410000000001,10.2591,10.3617,10.46403,10.56609,10.6677,10.76877,10.86921,10.96902,11.06811,11.16639,11.26386,11.36061,11.45646,11.551409999999999,11.64564,11.73897,11.8314,11.92302,12.013829999999999,12.10383,12.19302,12.281400000000001
14.52735,14.462550000000002,14.39775,14.33313,14.26842,14.203800000000001,14.139180000000001,14.07465,14.01003,13.945409999999999,13.88079,13.81617,13.751460000000002,13.68666,13.621860000000002,13.55697,13.4919,13.42674,13.36149,13.29606,13.230360000000001,13.16457,13.098510000000001,13.03218,12.96567,12.898800000000001,12.831660000000001,12.764249999999999,12.696390000000001,12.62826,12.55968,12.49074,12.42135,12.351510000000001,12.28122,12.21048,12.1392,12.06756,11.99538,11.92266,11.849490000000001,11.775960000000001,11.70189,11.62737,11.55249,11.47725,11.40174,11.32587,11.24991,11.17386,11.09772,11.02176,10.94598,10.870560000000001,10.79568,10.72143,10.64808,10.57581,10.504800000000001,10.435410000000001,10.36773,10.30221,10.23894,10.178370000000001,10.12077,10.06632,10.01547,9.968490000000001,9.92565,9.887129999999999,9.853290000000001,9.82431,9.800370000000001,9.781559999999999,9.76806,9.759780000000001,9.7569,9.75924,9.766710000000002,9.77931,9.79668,9.81873,9.8451,9.87552,9.90981,9.947519999999999,9.988380000000001,10.032029999999999,10.07811,10.12635,10.17648,10.22805,10.28079,10.33452,10.38897,10.44378,10.49877,10.55385,10.60866,10.66311,10.71711,10.77039,10.822949999999999,10.87461,10.92528,10.97496,11.023470000000001,11.070720000000001,11.116800000000001,11.16153,11.20491,11.24694,11.28762,11.32686,11.36466,11.40102,11.43594,11.469420000000001,11.501460000000002,11.53206,11.56113,11.58885,11.61504,11.63988,11.66319,11.68524,11.70576,11.72493,11.74275,11.75913,11.77416,11.787840000000001,11.80026,11.81124,11.82096,11.82942,11.83653,11.84229,11.84688,11.85021,11.85219,11.853,11.852549999999999,11.85084,11.84796,11.843820000000001,11.838510000000001,11.83194,11.8242,11.815290000000001,11.80512,11.79387,11.781360000000001,11.76768,11.75283,11.736720000000002,11.719529999999999,11.701080000000001,11.68155,11.66076,11.6388,11.61567,11.591370000000001,11.565809999999999,11.53908,11.511180000000001,11.48211,11.451690000000001,11.42019,11.38734,11.35332,11.31813,11.28159,11.24379,11.20473,11.1645,11.12283,11.07999,11.0358,10.99026,10.94337,10.89522,10.84572,10.794870000000001,10.74267,10.689119999999999,10.63422,10.57797,10.52037,10.46142,10.40103,10.33947,10.27647,10.21221,10.146690000000001,10.08,10.01205,9.94302,9.872910000000001,9.80181,9.72981,9.65709,9.58356,9.50958,9.43524,9.36072,9.2862,9.21195,9.138240000000001,9.06525,8.993367000000001,8.922951,8.854335,8.787915,8.724096000000001,8.663292,8.605953,8.552493,8.503344,8.458911,8.419571999999999,8.385678,8.357508000000001,8.335296000000001,8.319213,8.309349,8.305704,8.308224000000001,8.316756,8.331093,8.350947,8.375994,8.405847,8.440092,8.478297,8.520012000000001,8.564796,8.612199,8.661789,8.713179,8.765964,8.819802000000001,8.874360000000001,8.929359,8.984511,9.0396,9.094410000000002,9.14877,9.2025,9.25551,9.30762,9.35883,9.40896,9.4581,9.505980000000001,9.55278,9.59841,9.64287,9.68607,9.72801,9.768780000000001,9.80838,9.84681,9.884070000000001,9.920250000000001,9.95526,9.98919,10.02204,10.0539,10.08468,10.11456,10.143360000000001,10.17135,10.19844,10.22463,10.24992,10.2744,10.29816,10.321110000000001,10.34325,10.36476,10.38546,10.40553,10.42497,10.44369,10.46187,10.479330000000001,10.49625,10.51254,10.52829,10.54341,10.55799,10.57212,10.585619999999999,10.59867,10.61109,10.62315,10.63458,10.64556,10.65609,10.666080000000001,10.67562,10.68462,10.69317,10.701270000000001,10.708919999999999,10.716030000000002,10.72269,10.7289,10.73466,10.73997,10.74474,10.74915,10.753020000000001,10.75644,10.75941,10.761930000000001,10.764000000000001,10.76553,10.7667,10.76733,10.767510000000001,10.76724,10.76652,10.76535,10.76364,10.76157,10.75896,10.7559,10.75239,10.74843,10.744019999999999,10.73916,10.73385,10.728,10.7217,10.71495,10.707840000000001,10.70019,10.692,10.68345,10.67445,10.66491,10.65492,10.64457,10.63359,10.622250000000001,10.610460000000002,10.598130000000001,10.58535,10.57212,10.558440000000001,10.54422,10.52955,10.51434,10.49859,10.48248,10.46574,10.448550000000001,10.43082,10.41255,10.393740000000001,10.3743,10.35441,10.33389,10.31283,10.29105,10.268730000000001,10.24578,10.2222,10.1979,10.172970000000001,10.14732,10.12095,10.09377,10.06587,10.03716,10.00773,9.977310000000001,9.94617,9.91404,9.88101,9.84708,9.81225,9.776340000000001,9.73944,9.70146,9.66249,9.62244,9.58131,9.539100000000001,9.49572,9.451260000000001,9.40563,9.35883,9.31104,9.262080000000001,9.21204,9.16092,9.10881,9.0558,9.001890000000001,8.947269,8.891937,8.836056000000001,8.779779,8.723277,8.666739,8.61039,8.554482,8.499285,8.445105,8.392284,8.341155,8.292123,8.245557,8.201880000000001,8.161497,8.124831,8.092260000000001,8.064162,8.040888,8.022726,8.009910000000001,8.002638,8.001009,8.005059000000001,8.014761000000002,8.029989,8.050581000000001,8.076276,8.106786000000001,8.141769,8.180838,8.223588000000001,8.269613999999999,8.318475,8.369757,8.423064,8.477982,8.534151000000001,8.591211000000001,8.648838,8.706744,8.76465,8.822313,8.879508000000001,8.936036999999999,8.991738,9.04644,9.09999,9.15237,9.2034,9.2529,9.30096,9.34749,9.39231,9.43551,9.477,9.51669,9.554670000000002,9.59085,9.62523,9.657720000000001,9.68832,9.717210000000001,9.74412,9.76914,9.79236,9.813600000000001,9.83295,9.85041,9.86598,9.87966,9.891359999999999,9.90108,9.90891,9.914760000000001,9.91863,9.92061,9.92052,9.91845,9.9144,9.90837,9.900269999999999,9.89019,9.87804,9.863909999999999,9.847710000000001,9.82944,9.809099999999999,9.78669,9.7623,9.73593,9.70749,9.67716,9.64476,9.61056,9.57447,9.536669999999999,9.49707,9.45594,9.41337,9.36945,9.32427,9.27819,9.2313,9.18387,9.136170000000002,9.088470000000001,9.041220000000001,8.994636,8.949231000000001,8.905419,8.86365,8.82441,8.788212,8.755560000000001,8.726967,8.702937,8.683947,8.670447,8.662833000000001,8.661456,8.666586,8.678421,8.697087,8.722602,8.75493,8.793927,8.839404,8.891082,8.948637000000002,9.0117,9.07983,9.15273,9.22977,9.31068,9.39492,9.48222,9.571950000000001,9.66393,9.757710000000001,9.85302,9.9495,10.04688,10.14498,10.24362,10.34244,10.44144,10.54035,10.63908,10.737540000000001,10.83564,10.93329,11.0304,11.12697,11.22282,11.31804,11.41263,11.50641,11.59956,11.6919,11.783430000000001,11.87433,11.964419999999999,12.053700000000001,12.14235,12.23019,12.31731
14.490540000000001,14.425289999999999,14.360040000000001,14.294880000000001,14.22981,14.16465,14.09958,14.03451,13.96944,13.90437,13.839300000000001,13.774140000000001,13.70898,13.643730000000001,13.57839,13.51296,13.44744,13.38174,13.31595,13.249889999999999,13.18374,13.11732,13.05063,12.98367,12.91644,12.84894,12.781080000000001,12.712860000000001,12.64428,12.57525,12.50577,12.43593,12.36555,12.29463,12.22326,12.15135,12.078899999999999,12.00591,11.93229,11.858130000000001,11.783430000000001,11.70819,11.63241,11.556000000000001,11.47923,11.401919999999999,11.324160000000001,11.24604,11.16765,11.088989999999999,11.01024,10.93149,10.85283,10.77435,10.69632,10.61883,10.54215,10.466460000000001,10.39203,10.31913,10.24794,10.17882,10.11204,10.04805,9.98703,9.92943,9.87552,9.825750000000001,9.7803,9.73953,9.703800000000001,9.6732,9.64809,9.62856,9.614700000000001,9.6066,9.60426,9.60768,9.61668,9.631170000000001,9.65088,9.67554,9.704970000000001,9.73872,9.77652,9.81801,9.86274,9.91044,9.96075,10.01313,10.06749,10.12329,10.18026,10.23813,10.29663,10.355400000000001,10.41435,10.473210000000002,10.53171,10.589760000000002,10.64718,10.703790000000001,10.75959,10.81431,10.86795,10.920420000000002,10.971540000000001,11.02149,11.07,11.11707,11.162790000000001,11.20698,11.249730000000001,11.29095,11.33064,11.3688,11.40543,11.44053,11.47419,11.50623,11.53683,11.565900000000001,11.593440000000001,11.61954,11.644110000000001,11.66724,11.688930000000001,11.70918,11.72799,11.74536,11.761379999999999,11.77605,11.78928,11.80116,11.81169,11.82096,11.82888,11.83545,11.84067,11.84472,11.84742,11.84886,11.849129999999999,11.84805,11.8458,11.84229,11.83752,11.83158,11.82447,11.8161,11.80656,11.795760000000001,11.78379,11.77074,11.75643,11.740860000000001,11.72421,11.706389999999999,11.687310000000002,11.66715,11.64573,11.62323,11.59947,11.57454,11.548350000000001,11.52108,11.492550000000001,11.46285,11.43198,11.399849999999999,11.36655,11.331990000000001,11.29626,11.25927,11.221020000000001,11.18151,11.140830000000001,11.0988,11.05551,11.011050000000001,10.96524,10.91817,10.869750000000002,10.82016,10.76922,10.71702,10.66347,10.60866,10.55259,10.49526,10.43667,10.37682,10.3158,10.25361,10.19025,10.12572,10.060200000000002,9.993599999999999,9.92619,9.85779,9.78876,9.71901,9.64872,9.57807,9.50724,9.43632,9.365490000000001,9.29511,9.22536,9.15642,9.08865,9.02241,8.957925000000001,8.895627,8.835858,8.778986999999999,8.725392,8.675460000000001,8.62956,8.588034,8.551206,8.519382,8.492787,8.471628,8.45604,8.446095000000001,8.441811,8.443107000000001,8.449883999999999,8.461935,8.479044,8.500905,8.527203,8.557578,8.591652,8.629029,8.669331000000001,8.712144,8.757108,8.803845,8.852022,8.901297000000001,8.951391000000001,9.00198,9.05292,9.10386,9.154710000000001,9.20529,9.25533,9.304829999999999,9.35361,9.40158,9.44874,9.494909999999999,9.54009,9.584280000000001,9.62739,9.66942,9.710370000000001,9.750240000000002,9.78903,9.82665,9.86328,9.89883,9.933300000000001,9.96678,9.999270000000001,10.03077,10.06128,10.0908,10.11951,10.14723,10.174140000000001,10.20024,10.225439999999999,10.24992,10.27359,10.29654,10.31868,10.340190000000002,10.36098,10.38114,10.400580000000001,10.41948,10.437660000000001,10.455300000000001,10.4724,10.48887,10.504800000000001,10.520100000000001,10.53495,10.54926,10.563030000000001,10.576260000000001,10.589039999999999,10.60128,10.613069999999999,10.62432,10.63512,10.645470000000001,10.65528,10.66464,10.67355,10.68201,10.69002,10.69749,10.704600000000001,10.711170000000001,10.71729,10.72305,10.72827,10.733039999999999,10.73736,10.74114,10.74456,10.747530000000001,10.74996,10.75203,10.75356,10.75464,10.755270000000001,10.75545,10.755180000000001,10.754460000000002,10.75329,10.751579999999999,10.749509999999999,10.7469,10.74393,10.74042,10.73646,10.732050000000001,10.72719,10.72179,10.716030000000002,10.70982,10.70307,10.69596,10.68831,10.6803,10.67175,10.66275,10.6533,10.643400000000002,10.63305,10.622250000000001,10.610999999999999,10.5993,10.587150000000001,10.57446,10.56141,10.54782,10.53378,10.51929,10.50426,10.48878,10.47285,10.45638,10.43946,10.422,10.40409,10.38555,10.36656,10.34703,10.32696,10.30626,10.28502,10.263240000000001,10.24083,10.217789999999999,10.19412,10.16982,10.1448,10.11915,10.09278,10.065690000000002,10.03788,10.00926,9.979920000000002,9.949679999999999,9.91872,9.88686,9.8541,9.82044,9.78588,9.75042,9.71397,9.67653,9.63819,9.59877,9.55836,9.516869999999999,9.474480000000002,9.43101,9.38646,9.34101,9.29448,9.24705,9.198720000000002,9.14958,9.09954,9.048869999999999,8.997471,8.945585999999999,8.893296,8.840745,8.788095,8.735534999999999,8.683281000000001,8.631549,8.580609,8.53074,8.48223,8.435421,8.390628,8.348220000000001,8.308548,8.271972,8.238861,8.209539000000001,8.184330000000001,8.163530999999999,8.147403,8.136125999999999,8.129880000000002,8.128737,8.132742,8.141859,8.155998,8.174997000000001,8.198658,8.226729,8.258913,8.294877000000001,8.334279,8.37675,8.42193,8.469432,8.518896,8.569971,8.622315,8.675613,8.729559,8.783883,8.838324000000002,8.892648000000001,8.946648000000001,9.00009,9.05292,9.10485,9.15588,9.20574,9.254430000000001,9.30186,9.34794,9.39249,9.4356,9.47718,9.51723,9.555570000000001,9.59229,9.6273,9.66051,9.6921,9.72198,9.74997,9.776250000000001,9.80073,9.8235,9.844380000000001,9.863370000000002,9.880650000000001,9.89604,9.90963,9.92133,9.93114,9.93915,9.94527,9.9495,9.95184,9.95229,9.95076,9.94743,9.94212,9.93492,9.925740000000001,9.91467,9.90162,9.88668,9.869760000000001,9.85095,9.83025,9.80757,9.783090000000001,9.75663,9.72846,9.6984,9.666630000000001,9.63324,9.598230000000001,9.56169,9.52371,9.48438,9.44397,9.40257,9.36036,9.31752,9.274320000000001,9.23094,9.18783,9.14517,9.10332,9.06264,9.023670000000001,8.986617,8.952057,8.920404,8.892108,8.867619,8.847387,8.831817,8.821305,8.816193,8.816796,8.82333,8.835984,8.854866,8.880003,8.911359000000001,8.948834999999999,8.99226,9.0414,9.09603,9.1557,9.22023,9.28917,9.36225,9.43884,9.51885,9.60165,9.68706,9.77463,9.864090000000001,9.955169999999999,10.04751,10.140929999999999,10.23516,10.330020000000001,10.42524,10.52073,10.6164,10.71198,10.80747,10.902690000000002,10.99755,11.09205,11.1861,11.2797,11.372670000000001,11.465100000000001,11.556899999999999,11.64807,11.73861,11.82852,11.91771,12.006269999999999,12.09411,12.181320000000001,12.267900000000001,12.35376
14.453370000000001,14.38767,14.32206,14.25636,14.19084,14.12523,14.05971,13.99419,13.92867,13.86315,13.797540000000001,13.73193,13.666319999999999,13.600530000000001,13.534740000000001,13.468860000000001,13.4028,13.33656,13.27023,13.20363,13.13685,13.069890000000001,13.00266,12.93507,12.867210000000002,12.79899,12.730410000000001,12.661470000000001,12.59208,12.52224,12.45186,12.381120000000001,12.309750000000001,12.23784,12.1653,12.092310000000001,12.0186,11.94426,11.869290000000001,11.793690000000002,11.717369999999999,11.64042,11.56284,11.484630000000001,11.4057,11.326319999999999,11.246310000000001,11.165849999999999,11.08494,11.00367,10.922130000000001,10.84041,10.758690000000001,10.67706,10.5957,10.51479,10.43451,10.355220000000001,10.27701,10.20024,10.12527,10.05228,9.98172,9.91386,9.84924,9.78804,9.7308,9.67779,9.629460000000002,9.586170000000001,9.54819,9.51579,9.489329999999999,9.468900000000001,9.45468,9.44667,9.44505,9.44955,9.46017,9.47673,9.49896,9.52659,9.55926,9.59661,9.63828,9.683910000000001,9.73296,9.78507,9.83979,9.89676,9.95562,10.01592,10.077390000000001,10.13976,10.202490000000001,10.26558,10.32867,10.39149,10.453859999999999,10.515690000000001,10.57662,10.63674,10.695780000000001,10.75374,10.81035,10.8657,10.919699999999999,10.97226,11.023290000000001,11.072880000000001,11.12085,11.1672,11.212110000000001,11.255310000000001,11.29689,11.33694,11.37528,11.41209,11.447280000000001,11.48085,11.51289,11.5434,11.57229,11.59956,11.62539,11.649690000000001,11.672550000000001,11.69388,11.71368,11.73213,11.74905,11.76462,11.77875,11.79153,11.80287,11.81295,11.82159,11.82897,11.835,11.839680000000001,11.843100000000002,11.845260000000001,11.846070000000001,11.84571,11.844000000000001,11.84112,11.83698,11.83167,11.825099999999999,11.81727,11.80827,11.7981,11.78676,11.77416,11.760390000000001,11.74545,11.72934,11.712060000000001,11.693610000000001,11.6739,11.653110000000002,11.631150000000002,11.607930000000001,11.58363,11.558159999999999,11.53143,11.503530000000001,11.47446,11.44422,11.41281,11.380230000000001,11.346390000000001,11.31138,11.275110000000002,11.23776,11.199060000000001,11.15919,11.11815,11.07585,11.032290000000001,10.98756,10.94157,10.894319999999999,10.84581,10.79613,10.74528,10.69308,10.6398,10.58526,10.52946,10.47258,10.414530000000001,10.355400000000001,10.2951,10.23381,10.17153,10.108260000000001,10.04418,9.979199999999999,9.9135,9.84726,9.78039,9.71316,9.64566,9.57807,9.51057,9.44325,9.376380000000001,9.310319999999999,9.24507,9.18117,9.11862,9.05796,8.999424,8.943299999999999,8.889948,8.83971,8.792910000000001,8.749872,8.710902,8.67627,8.646228,8.620992,8.600715000000001,8.585523,8.575461,8.570556,8.570736,8.575902,8.585892000000001,8.600508,8.619498,8.642574,8.669439,8.69976,8.733195,8.769384,8.808003000000001,8.848701,8.891154,8.935038,8.980074,9.026010000000001,9.07254,9.11943,9.166500000000001,9.213569999999999,9.26046,9.307080000000001,9.35316,9.3987,9.443610000000001,9.4878,9.531179999999999,9.57366,9.61524,9.65592,9.69561,9.7344,9.772110000000001,9.80892,9.84465,9.879480000000001,9.913319999999999,9.94617,9.97812,10.00917,10.03923,10.068480000000001,10.09674,10.12428,10.150920000000001,10.17675,10.20177,10.22607,10.24965,10.27251,10.294649999999999,10.316070000000002,10.33686,10.35702,10.37655,10.39545,10.41372,10.43145,10.448550000000001,10.465200000000001,10.48122,10.4967,10.51173,10.52622,10.54017,10.55367,10.56663,10.57914,10.5912,10.60272,10.613790000000002,10.624410000000001,10.63458,10.6443,10.65348,10.6623,10.67067,10.6785,10.685970000000001,10.6929,10.69947,10.7055,10.711170000000001,10.7163,10.721070000000001,10.7253,10.729080000000002,10.732500000000002,10.735380000000001,10.73781,10.73988,10.74141,10.74249,10.74312,10.7433,10.743030000000001,10.742220000000001,10.74105,10.73943,10.73727,10.73475,10.73169,10.72818,10.72422,10.71981,10.71504,10.70973,10.70388,10.69767,10.69101,10.683900000000001,10.676340000000001,10.668330000000001,10.659780000000001,10.650870000000001,10.64151,10.6317,10.621440000000002,10.61073,10.59957,10.58796,10.575899999999999,10.5633,10.55034,10.536930000000002,10.52307,10.508759999999999,10.494,10.478700000000002,10.463040000000001,10.44684,10.430100000000001,10.413,10.39536,10.377180000000001,10.35855,10.33938,10.31976,10.29951,10.27881,10.25748,10.23561,10.21311,10.19007,10.1664,10.142100000000001,10.117170000000002,10.09161,10.06533,10.03842,10.0107,9.98226,9.9531,9.92322,9.89244,9.86094,9.82854,9.79533,9.761220000000002,9.7263,9.690389999999999,9.65367,9.615960000000001,9.577350000000001,9.537840000000001,9.49734,9.45594,9.41373,9.37053,9.32652,9.28161,9.23598,9.18954,9.142470000000001,9.09477,9.04662,8.998002000000001,8.949123,8.900109,8.851104,8.802297,8.753868,8.706051,8.659071,8.61318,8.568666,8.525817,8.484921,8.446302,8.410275,8.377146,8.347248,8.32086,8.298261,8.279703,8.265402,8.255529000000001,8.250228,8.249562000000001,8.253558,8.262207,8.27541,8.293059000000001,8.314956,8.340894,8.370612,8.403849,8.440272,8.479593000000001,8.521461,8.565560999999999,8.61156,8.659143,8.708004,8.757855000000001,8.808417,8.85942,8.910648,8.961867,9.012870000000001,9.06345,9.11358,9.162899999999999,9.21141,9.259020000000001,9.30546,9.350819999999999,9.39492,9.43776,9.47916,9.519210000000001,9.55773,9.59472,9.630270000000001,9.66411,9.69642,9.727020000000001,9.756,9.78336,9.809009999999999,9.83295,9.85518,9.87561,9.89442,9.911430000000001,9.92664,9.940140000000001,9.95193,9.96183,9.97002,9.97632,9.98091,9.98361,9.9846,9.9837,9.981,9.97641,9.97002,9.96183,9.95184,9.93987,9.92619,9.91062,9.89334,9.87417,9.853200000000001,9.83052,9.80604,9.77994,9.752220000000001,9.72288,9.69201,9.65961,9.62595,9.591030000000002,9.55494,9.51786,9.479970000000002,9.441450000000001,9.40239,9.36315,9.32391,9.284939999999999,9.246599999999999,9.20907,9.17289,9.138240000000001,9.10557,9.07524,9.0477,9.0234,9.00261,8.98578,8.973288,8.965467,8.962623,8.964999,8.972829,8.986239,9.005310000000001,9.03015,9.06075,9.09693,9.13851,9.18549,9.23742,9.29421,9.3555,9.42093,9.49032,9.563130000000001,9.639090000000001,9.71793,9.79929,9.8829,9.9684,10.055520000000001,10.14399,10.23363,10.324259999999999,10.41552,10.50741,10.59957,10.692,10.78461,10.87713,10.96956,11.061810000000001,11.15379,11.24541,11.33667,11.427480000000001,11.51784,11.60766,11.697030000000002,11.78577,11.873970000000002,11.96154,12.04857,12.134970000000001,12.22083,12.30606,12.39066
14.416020000000001,14.349870000000001,14.283719999999999,14.21766,14.1516,14.085540000000002,14.01957,13.9536,13.88763,13.821570000000001,13.755600000000001,13.68945,13.62339,13.55715,13.490820000000001,13.42449,13.357890000000001,13.291200000000002,13.22433,13.15728,13.08996,13.02237,12.95451,12.886379999999999,12.817800000000002,12.74895,12.67974,12.609990000000002,12.53988,12.46923,12.398040000000002,12.32631,12.253950000000001,12.181049999999999,12.107520000000001,12.03327,11.958300000000001,11.8827,11.80638,11.72925,11.65131,11.57274,11.49327,11.413170000000001,11.33226,11.250630000000001,11.16837,11.08539,11.00187,10.917900000000001,10.83348,10.7487,10.663739999999999,10.578780000000002,10.493910000000001,10.40931,10.32534,10.242090000000001,10.159830000000001,10.07901,9.999810000000002,9.92259,9.847800000000001,9.77589,9.707040000000001,9.64197,9.58095,9.52443,9.472859999999999,9.4266,9.386190000000001,9.35172,9.323730000000001,9.30222,9.28746,9.279630000000001,9.278550000000001,9.28431,9.29673,9.31563,9.34065,9.37152,9.40779,9.449100000000001,9.495090000000001,9.54513,9.59877,9.655650000000001,9.71532,9.77715,9.84096,9.90612,9.97236,10.03941,10.106819999999999,10.17432,10.24173,10.30878,10.375200000000001,10.440900000000001,10.50561,10.56933,10.63179,10.69299,10.752839999999999,10.81116,10.86795,10.923210000000001,10.97685,11.028870000000001,11.079180000000001,11.12787,11.17485,11.22003,11.26359,11.30544,11.34558,11.3841,11.42091,11.45601,11.48949,11.521350000000002,11.551590000000001,11.58021,11.60721,11.63268,11.65662,11.67903,11.699910000000001,11.71935,11.73726,11.75373,11.76876,11.782350000000001,11.794590000000001,11.805390000000001,11.81484,11.82294,11.82969,11.835090000000001,11.83914,11.84202,11.84346,11.84373,11.842740000000001,11.8404,11.83689,11.832120000000002,11.82618,11.81898,11.81052,11.80089,11.79009,11.778030000000001,11.764890000000001,11.750490000000001,11.73492,11.71818,11.70027,11.68119,11.66094,11.639520000000001,11.61693,11.59317,11.568240000000001,11.54223,11.51496,11.48652,11.457,11.42622,11.394359999999999,11.36124,11.32695,11.29149,11.25486,11.21706,11.17809,11.13795,11.09655,11.05398,11.01024,10.96533,10.91925,10.872,10.82349,10.773900000000001,10.72314,10.67121,10.6182,10.564020000000001,10.508759999999999,10.45251,10.395090000000001,10.336770000000001,10.27755,10.21734,10.156320000000001,10.09449,10.03194,9.96885,9.90513,9.84114,9.7767,9.71226,9.64773,9.58329,9.5193,9.455850000000002,9.39312,9.33138,9.27081,9.21186,9.15462,9.09936,9.04653,8.996373,8.949123,8.905104,8.864604,8.827875,8.795151,8.766666,8.742582,8.723052000000001,8.708157,8.697951,8.692443,8.691579,8.695278,8.703387,8.715735,8.732115,8.752275000000001,8.775945,8.802845999999999,8.832663,8.865099,8.899857,8.936622,8.975097,9.015030000000001,9.05607,9.0981,9.14076,9.18387,9.22734,9.27081,9.31428,9.35748,9.40032,9.442800000000002,9.48474,9.52605,9.56664,9.60651,9.64566,9.683910000000001,9.721350000000001,9.75789,9.79362,9.82845,9.86229,9.89532,9.92754,9.958770000000001,9.98919,10.01871,10.04742,10.075320000000001,10.10241,10.128689999999999,10.154250000000001,10.17909,10.20312,10.22652,10.24911,10.27116,10.29249,10.31319,10.333260000000001,10.3527,10.371599999999999,10.38996,10.40769,10.42488,10.44153,10.45764,10.4733,10.488420000000001,10.50309,10.51722,10.53081,10.54404,10.55673,10.56897,10.58076,10.5921,10.60299,10.613430000000001,10.623510000000001,10.63305,10.642140000000001,10.65078,10.65897,10.6668,10.67409,10.68102,10.6875,10.69353,10.69902,10.70415,10.70883,10.71306,10.716840000000001,10.720170000000001,10.72305,10.72557,10.727549999999999,10.729080000000002,10.73007,10.7307,10.730879999999999,10.73061,10.729890000000001,10.72863,10.727010000000002,10.72494,10.722330000000001,10.71927,10.71585,10.71189,10.70748,10.70262,10.6974,10.69164,10.68543,10.67877,10.671660000000001,10.664100000000001,10.656179999999999,10.64772,10.63881,10.62954,10.61973,10.60956,10.59894,10.58787,10.57635,10.564380000000002,10.55196,10.53918,10.52586,10.512179999999999,10.498050000000001,10.48347,10.468350000000001,10.45287,10.43694,10.42056,10.40373,10.38636,10.36854,10.35027,10.33155,10.31229,10.29249,10.27224,10.25145,10.23012,10.20825,10.18575,10.1628,10.13922,10.11501,10.09017,10.0647,10.0386,10.01187,9.98442,9.95625,9.92736,9.89784,9.867420000000001,9.83637,9.80442,9.77175,9.73827,9.70398,9.66879,9.63279,9.59598,9.55836,9.51984,9.480509999999999,9.44046,9.39951,9.357840000000001,9.31545,9.27234,9.22869,9.18441,9.13968,9.0945,9.049050000000001,9.00342,8.957781,8.912223,8.866935,8.822115,8.777943,8.734653000000002,8.69247,8.651646,8.612433,8.575119,8.539965,8.507259000000001,8.47728,8.450298,8.426574,8.406342,8.389818,8.377182000000001,8.368596,8.364168,8.363961000000002,8.368002,8.376273,8.388702,8.405172,8.425539,8.449614,8.477181000000002,8.507997,8.541792000000001,8.578287000000001,8.617203,8.658234,8.70111,8.745525,8.791218,8.83791,8.885349,8.93331,8.98155,9.02988,9.07812,9.126000000000001,9.17352,9.22041,9.266580000000001,9.31194,9.3564,9.39978,9.44199,9.48312,9.5229,9.56142,9.598590000000002,9.63432,9.668610000000001,9.701369999999999,9.73269,9.76239,9.79056,9.8172,9.842220000000001,9.86562,9.887400000000001,9.90747,9.925920000000001,9.94275,9.95787,9.97128,9.98298,9.993060000000002,10.00134,10.008,10.012860000000002,10.01601,10.01745,10.017090000000001,10.01511,10.01124,10.00575,9.998460000000001,9.98937,9.978660000000001,9.966149999999999,9.95193,9.936,9.91836,9.8991,9.87822,9.85572,9.8316,9.80604,9.77904,9.7506,9.7209,9.68994,9.6579,9.62487,9.59094,9.55638,9.52128,9.48591,9.450360000000002,9.41499,9.379890000000001,9.34551,9.31203,9.279810000000001,9.24921,9.220590000000001,9.19413,9.17037,9.14958,9.13221,9.118440000000001,9.10872,9.10341,9.1026,9.10656,9.11556,9.12969,9.14904,9.1737,9.20349,9.2385,9.27864,9.323550000000001,9.37323,9.42741,9.48582,9.5481,9.61416,9.68346,9.75591,9.831150000000001,9.90882,9.98865,10.070459999999999,10.15389,10.238850000000001,10.324980000000002,10.4121,10.50003,10.58868,10.67769,10.76715,10.85679,10.946520000000001,11.036340000000001,11.12598,11.215530000000001,11.30481,11.393820000000002,11.48256,11.57085,11.65878,11.74617,11.8332,11.91969,12.005730000000002,12.09123,12.17619,12.2607,12.34458,12.42801
14.378400000000001,14.31171,14.24511,14.1786,14.11209,14.04558,13.97916,13.912650000000001,13.84623,13.779810000000001,13.7133,13.646790000000001,13.58019,13.5135,13.44672,13.379850000000001,13.3128,13.245659999999999,13.17825,13.11066,13.042800000000002,12.97467,12.90627,12.83751,12.76839,12.69891,12.62898,12.5586,12.48768,12.416220000000001,12.34422,12.27159,12.19833,12.12444,12.04983,11.97441,11.89827,11.82132,11.74356,11.66499,11.58552,11.50515,11.42397,11.341800000000001,11.25882,11.175030000000001,11.09034,11.00493,10.91871,10.831859999999999,10.74438,10.656450000000001,10.56816,10.4796,10.39104,10.30266,10.214550000000001,10.12716,10.04058,9.95526,9.87156,9.78984,9.710460000000001,9.63387,9.56061,9.49113,9.425880000000001,9.365400000000001,9.31014,9.26064,9.21735,9.18054,9.15066,9.12798,9.11268,9.10485,9.10449,9.111600000000001,9.126000000000001,9.14733,9.175410000000001,9.20988,9.250200000000001,9.29583,9.3465,9.4014,9.46026,9.522359999999999,9.587250000000001,9.654390000000001,9.72342,9.79389,9.86526,9.93726,10.009530000000002,10.08189,10.1538,10.22526,10.29591,10.36566,10.434330000000001,10.50165,10.56771,10.632330000000001,10.69533,10.75671,10.81647,10.87452,10.93077,10.98531,11.03796,11.0889,11.13804,11.18529,11.230830000000001,11.27448,11.31642,11.35656,11.39499,11.43162,11.46654,11.49984,11.53134,11.56131,11.58957,11.61621,11.64123,11.66472,11.686589999999999,11.70702,11.72592,11.74329,11.75913,11.77362,11.786669999999999,11.79828,11.80845,11.81736,11.82483,11.83095,11.83572,11.83914,11.84139,11.8422,11.841840000000001,11.84013,11.837250000000001,11.833020000000001,11.82762,11.82096,11.813130000000001,11.80413,11.79387,11.782350000000001,11.76975,11.755889999999999,11.740860000000001,11.72466,11.70738,11.68884,11.669130000000001,11.648340000000001,11.626290000000001,11.60316,11.578859999999999,11.55339,11.526840000000002,11.49903,11.47014,11.44008,11.408850000000001,11.37645,11.342970000000001,11.30832,11.2725,11.23551,11.19735,11.15811,11.1177,11.076120000000001,11.03337,10.98954,10.94454,10.898460000000002,10.85121,10.80288,10.75347,10.70298,10.65141,10.59876,10.545119999999999,10.490490000000001,10.43496,10.378530000000001,10.321110000000001,10.26297,10.20411,10.14453,10.08432,10.02366,9.96246,9.90099,9.839340000000002,9.777690000000002,9.716040000000001,9.65466,9.593639999999999,9.533249999999999,9.47367,9.41508,9.357750000000001,9.30195,9.24777,9.19566,9.145800000000001,9.098460000000001,9.05382,9.01233,8.974044,8.939286,8.908244999999999,8.881101,8.858007,8.83908,8.82441,8.814033,8.80794,8.806104000000001,8.808444,8.814825,8.825112,8.839107,8.856594,8.877348000000001,8.901117,8.927622,8.956611,8.987805,9.02097,9.05571,9.09198,9.129330000000001,9.16767,9.20673,9.24633,9.28629,9.32634,9.36648,9.40653,9.44631,9.48582,9.52479,9.5634,9.60129,9.63864,9.675360000000001,9.71127,9.74646,9.78093,9.814589999999999,9.847439999999999,9.87957,9.9108,9.94131,9.97092,9.999810000000002,10.027980000000001,10.05525,10.08189,10.10772,10.13283,10.15731,10.18107,10.20411,10.22652,10.2483,10.26945,10.28997,10.30995,10.3293,10.34811,10.366380000000001,10.384110000000002,10.4013,10.41795,10.43415,10.449900000000001,10.46502,10.47978,10.49409,10.50786,10.521180000000001,10.534139999999999,10.546560000000001,10.558530000000001,10.57014,10.5813,10.59201,10.60227,10.61208,10.621440000000002,10.63044,10.63899,10.64709,10.65483,10.66203,10.66887,10.67526,10.6812,10.68678,10.69182,10.6965,10.70064,10.70442,10.70775,10.71063,10.71297,10.71495,10.71648,10.71756,10.71819,10.71837,10.71801,10.71729,10.71612,10.714409999999999,10.71234,10.70973,10.706760000000001,10.70325,10.69929,10.69497,10.69011,10.684800000000001,10.67913,10.672920000000001,10.66626,10.65924,10.65168,10.64376,10.635390000000001,10.62657,10.6173,10.607579999999999,10.59741,10.586879999999999,10.575899999999999,10.56447,10.552679999999999,10.54035,10.527660000000001,10.514520000000001,10.50102,10.48698,10.47258,10.45782,10.44252,10.42686,10.41066,10.3941,10.377089999999999,10.359630000000001,10.34172,10.32336,10.30446,10.285200000000001,10.265400000000001,10.24506,10.22427,10.20303,10.18116,10.15884,10.13589,10.112400000000001,10.088370000000001,10.0638,10.03851,10.01268,9.986220000000001,9.95904,9.931320000000001,9.90279,9.87372,9.84384,9.81324,9.781920000000001,9.74988,9.71712,9.68355,9.64926,9.61425,9.578429999999999,9.54189,9.50454,9.46656,9.42786,9.38853,9.34848,9.30798,9.26685,9.22527,9.18333,9.14112,9.09873,9.05616,9.01368,8.971389,8.929431000000001,8.887977,8.847234,8.807373,8.768628,8.731224,8.695386000000001,8.661357,8.629389,8.599734000000002,8.572626000000001,8.548308,8.527004999999999,8.508924,8.494254,8.483157,8.475759,8.472150000000001,8.472393,8.476515000000001,8.484489,8.496260999999999,8.511732,8.530776000000001,8.553222,8.578899,8.607573,8.639028,8.673021,8.709282,8.747568,8.787618,8.829162,8.871966,8.915769,8.960355,9.00549,9.051029999999999,9.09666,9.14229,9.187650000000001,9.23274,9.277379999999999,9.321299999999999,9.36459,9.40707,9.44856,9.48906,9.52848,9.56673,9.60381,9.63954,9.67401,9.70722,9.7389,9.76923,9.798119999999999,9.825569999999999,9.85149,9.87588,9.89874,9.920069999999999,9.93978,9.95796,9.97452,9.989550000000001,10.00287,10.01466,10.024740000000001,10.03329,10.04013,10.045350000000001,10.04886,10.05075,10.05102,10.04958,10.046520000000001,10.04184,10.035449999999999,10.02744,10.01772,10.00647,9.99351,9.97902,9.96291,9.94527,9.9261,9.9054,9.88335,9.85986,9.83502,9.809009999999999,9.781740000000001,9.75348,9.72414,9.693990000000001,9.663210000000001,9.6318,9.59994,9.5679,9.53586,9.504000000000001,9.47259,9.4419,9.4122,9.38367,9.35676,9.331740000000002,9.30888,9.288540000000001,9.27108,9.25668,9.24579,9.23859,9.23544,9.23643,9.24192,9.251999999999999,9.26676,9.28638,9.31086,9.340110000000001,9.37413,9.412830000000001,9.45612,9.50373,9.555570000000001,9.611369999999999,9.670860000000001,9.73386,9.8001,9.86922,9.941130000000001,10.01538,10.091880000000002,10.17027,10.25037,10.33191,10.41471,10.49859,10.58337,10.66896,10.754999999999999,10.84158,10.92843,11.01555,11.10276,11.189969999999999,11.27709,11.36412,11.45097,11.53755,11.62395,11.7099,11.79558,11.88081,11.965679999999999,12.050189999999999,12.13416,12.21777,12.30084,12.38346,12.46563
14.34042,14.27328,14.206230000000001,14.139180000000001,14.07222,14.005260000000002,13.93839,13.87152,13.80456,13.737689999999999,13.67073,13.603769999999999,13.53672,13.46958,13.40244,13.335030000000001,13.26753,13.19985,13.131990000000002,13.06395,12.995550000000001,12.92697,12.857940000000001,12.788640000000001,12.71898,12.64887,12.57822,12.50712,12.43557,12.3633,12.29049,12.21705,12.142890000000001,12.067919999999999,11.99232,11.91582,11.838420000000001,11.76021,11.681099999999999,11.601,11.51991,11.43783,11.35476,11.2707,11.18565,11.09952,11.012490000000001,10.92447,10.835460000000001,10.74573,10.655100000000001,10.563930000000001,10.47204,10.379880000000002,10.287360000000001,10.194840000000001,10.1025,10.01061,9.91944,9.82935,9.7407,9.65394,9.56952,9.48798,9.40968,9.33534,9.265410000000001,9.20043,9.14112,9.08784,9.04131,9.001800000000001,8.969841,8.945721,8.929665,8.921817,8.922204,8.930745,8.94726,8.971461,9.00297,9.0414,9.08613,9.13662,9.19242,9.25272,9.31716,9.38493,9.45558,9.52848,9.60318,9.67923,9.75609,9.833400000000001,9.91089,9.9882,10.064969999999999,10.14102,10.21617,10.29006,10.36278,10.43397,10.503630000000001,10.57167,10.638,10.702530000000001,10.76526,10.8261,10.88505,10.94211,10.997280000000002,11.05047,11.10177,11.15109,11.19861,11.24415,11.2878,11.32965,11.3697,11.40786,11.44422,11.47887,11.51181,11.54295,11.57238,11.60019,11.626380000000001,11.65095,11.673810000000001,11.69523,11.71503,11.733300000000002,11.75013,11.76543,11.779290000000001,11.79171,11.80269,11.812230000000001,11.82042,11.82726,11.83275,11.8368,11.839680000000001,11.84112,11.84139,11.84031,11.83797,11.83437,11.829600000000001,11.82348,11.816189999999999,11.80773,11.79801,11.78712,11.77497,11.76174,11.747250000000001,11.73168,11.71485,11.696940000000001,11.67777,11.65752,11.6361,11.6136,11.589839999999999,11.565,11.53908,11.51199,11.483730000000001,11.4543,11.42379,11.392199999999999,11.359440000000001,11.32551,11.2905,11.25432,11.21706,11.17872,11.13921,11.09862,11.05695,11.01411,10.97019,10.92528,10.879199999999999,10.832130000000001,10.78407,10.73493,10.684800000000001,10.633680000000002,10.581570000000001,10.528649999999999,10.47483,10.42011,10.36467,10.308510000000002,10.25163,10.19421,10.13625,10.07784,10.019070000000001,9.960120000000002,9.90099,9.841949999999999,9.783,9.72432,9.66618,9.60867,9.55197,9.496350000000001,9.4419,9.38898,9.33768,9.288359999999999,9.241109999999999,9.19629,9.15408,9.114749999999999,9.078479999999999,9.04545,9.01584,8.989902,8.967645000000001,8.949222,8.934705000000001,8.924112000000001,8.917461,8.914716,8.915787,8.920584,8.928963000000001,8.940771,8.955819,8.973891,8.99478,9.018270000000001,9.0441,9.072000000000001,9.1017,9.13311,9.16587,9.1998,9.23472,9.27036,9.30663,9.343259999999999,9.38016,9.41715,9.45414,9.490950000000002,9.52758,9.56385,9.59967,9.63513,9.669960000000001,9.70425,9.737910000000001,9.770940000000001,9.80334,9.83502,9.86598,9.89622,9.925740000000001,9.954540000000001,9.982619999999999,10.010069999999999,10.03671,10.06272,10.08801,10.11267,10.136610000000001,10.15992,10.1826,10.20474,10.22616,10.24704,10.267380000000001,10.28709,10.30635,10.324980000000002,10.343160000000001,10.360800000000001,10.3779,10.39455,10.41075,10.426409999999999,10.44171,10.45647,10.47078,10.484729999999999,10.498140000000001,10.511190000000001,10.52379,10.53603,10.54782,10.55916,10.57005,10.58058,10.59066,10.60038,10.60965,10.61847,10.626930000000002,10.63494,10.64259,10.649700000000001,10.656450000000001,10.662840000000001,10.668690000000002,10.674180000000002,10.67922,10.683810000000001,10.68804,10.69173,10.69506,10.69785,10.700280000000001,10.70226,10.703700000000001,10.70478,10.70541,10.705589999999999,10.70523,10.70451,10.70334,10.701630000000002,10.699560000000002,10.696950000000001,10.69398,10.69047,10.6866,10.68219,10.67742,10.672110000000002,10.66635,10.66023,10.65366,10.64655,10.63908,10.631160000000001,10.62279,10.61406,10.60479,10.59516,10.585080000000001,10.574639999999999,10.56375,10.55241,10.54062,10.52847,10.515870000000001,10.50291,10.4895,10.47573,10.46151,10.44684,10.43181,10.41633,10.400490000000001,10.3842,10.36746,10.35036,10.33281,10.314810000000001,10.29636,10.27755,10.2582,10.2384,10.218150000000001,10.197450000000002,10.176210000000001,10.15452,10.132290000000001,10.10952,10.086300000000001,10.06245,10.03806,10.01313,9.98766,9.96156,9.93483,9.90747,9.879480000000001,9.85095,9.821610000000002,9.79173,9.761130000000001,9.72981,9.69786,9.665280000000001,9.63189,9.59796,9.56331,9.527940000000001,9.49203,9.455490000000001,9.41841,9.380700000000001,9.34263,9.30402,9.26505,9.22581,9.186390000000001,9.146790000000001,9.10719,9.067770000000001,9.028530000000002,8.989731,8.951454,8.913905999999999,8.877267000000002,8.841726,8.80749,8.774766,8.743779,8.714745,8.68788,8.663409000000001,8.641539000000002,8.622459000000001,8.606349,8.593389,8.583696,8.577396,8.574570000000001,8.575263,8.579493,8.587242,8.598474000000001,8.61309,8.630982000000001,8.652024,8.676027,8.702820000000001,8.732205,8.763957000000001,8.797851,8.833662,8.871156000000001,8.910108,8.950275000000001,8.99145,9.03339,9.07596,9.11889,9.16209,9.20529,9.24831,9.29115,9.33363,9.37548,9.41679,9.45738,9.49707,9.53586,9.57375,9.61056,9.6462,9.68067,9.71397,9.746010000000002,9.77679,9.80613,9.83421,9.860850000000001,9.886050000000001,9.9099,9.932220000000001,9.9531,9.97254,9.990450000000001,10.00674,10.02159,10.03491,10.046700000000001,10.05696,10.0656,10.07271,10.0782,10.082160000000002,10.08459,10.0854,10.08459,10.08225,10.07829,10.0728,10.06578,10.05714,10.04706,10.035359999999999,10.02222,10.00755,9.99153,9.973980000000001,9.955169999999999,9.93501,9.9135,9.890820000000001,9.86706,9.842220000000001,9.81639,9.78975,9.76239,9.7344,9.70596,9.677249999999999,9.64836,9.61956,9.59112,9.56304,9.53577,9.509490000000001,9.48447,9.460980000000001,9.43929,9.41967,9.40248,9.3879,9.376380000000001,9.36801,9.363059999999999,9.36189,9.364680000000002,9.37152,9.38259,9.39798,9.41778,9.44217,9.47088,9.50409,9.541620000000002,9.58329,9.62919,9.678870000000002,9.732330000000001,9.789390000000001,9.84969,9.91305,9.979199999999999,10.04805,10.119240000000001,10.192499999999999,10.26774,10.34469,10.42308,10.50282,10.583730000000001,10.66554,10.74816,10.83141,10.91529,10.99944,11.08404,11.168730000000002,11.2536,11.338470000000001,11.423250000000001,11.50803,11.59263,11.677050000000001,11.7612,11.84508,11.9286,12.01185,12.094830000000002,12.17736,12.259440000000001,12.34125,12.422609999999999,12.50352
14.30208,14.234490000000001,14.16699,14.099490000000001,14.03208,13.96467,13.89735,13.83003,13.76271,13.695300000000001,13.62798,13.56057,13.493070000000001,13.42548,13.357800000000001,13.29003,13.22208,13.153950000000002,13.08564,13.01706,12.948210000000001,12.87909,12.809610000000001,12.73977,12.66948,12.59874,12.52755,12.455820000000001,12.38346,12.31056,12.23694,12.16269,12.08754,12.011759999999999,11.93499,11.85741,11.77893,11.69937,11.618910000000001,11.53728,11.45466,11.37096,11.286,11.19996,11.11275,11.02437,10.93491,10.84419,10.75248,10.6596,10.56582,10.47114,10.37565,10.27962,10.18296,10.08612,9.98928,9.89253,9.79641,9.70119,9.60732,9.51516,9.42516,9.338040000000001,9.25425,9.17442,9.09927,9.029340000000001,8.965323,8.907858000000001,8.857557,8.814978,8.78058,8.754768,8.737821,8.72991,8.731071,8.741214000000001,8.760114,8.787456,8.822780999999999,8.865585,8.915256,8.971155,9.03258,9.09891,9.16938,9.243450000000001,9.320310000000001,9.39942,9.48024,9.562320000000001,9.64503,9.7281,9.81099,9.89361,9.97542,10.05633,10.13598,10.21437,10.29114,10.366380000000001,10.439820000000001,10.51146,10.58112,10.648890000000002,10.71459,10.77831,10.83996,10.89963,10.95714,11.01267,11.066130000000001,11.11752,11.16702,11.21445,11.2599,11.303370000000001,11.345040000000001,11.38473,11.422530000000002,11.45853,11.49282,11.52522,11.55591,11.5848,11.612070000000001,11.63772,11.66166,11.68398,11.70477,11.72394,11.74158,11.75778,11.772359999999999,11.785590000000001,11.79729,11.807640000000001,11.816550000000001,11.82402,11.83014,11.835,11.838420000000001,11.840580000000001,11.84139,11.84094,11.83914,11.836170000000001,11.83194,11.82645,11.8197,11.81178,11.802600000000002,11.79225,11.78073,11.76795,11.75409,11.73906,11.72277,11.705400000000001,11.686860000000001,11.66715,11.646360000000001,11.624400000000001,11.60127,11.577060000000001,11.551770000000001,11.52522,11.49768,11.46897,11.43918,11.40822,11.37618,11.343060000000001,11.308860000000001,11.273579999999999,11.23713,11.1996,11.16108,11.121390000000002,11.08071,11.03895,10.9962,10.95237,10.90746,10.861650000000001,10.814850000000002,10.76697,10.71828,10.6686,10.61811,10.56672,10.514610000000001,10.4616,10.40796,10.35369,10.29879,10.243440000000001,10.18755,10.13139,10.07487,10.01826,9.96156,9.90495,9.84852,9.792539999999999,9.73701,9.68211,9.628110000000001,9.575099999999999,9.52335,9.473040000000001,9.42435,9.37755,9.33273,9.29016,9.250110000000001,9.21276,9.1782,9.146700000000001,9.118350000000001,9.09342,9.07182,9.05382,9.03942,9.02862,9.021419999999999,9.01773,9.01764,9.02097,9.02763,9.03744,9.05022,9.06579,9.084060000000001,9.10467,9.12753,9.15246,9.1791,9.20727,9.23679,9.267570000000001,9.29925,9.33165,9.36477,9.39825,9.43209,9.466109999999999,9.50013,9.53415,9.56799,9.60165,9.634950000000002,9.667890000000002,9.70029,9.732330000000001,9.763829999999999,9.794699999999999,9.82503,9.85473,9.883799999999999,9.91233,9.940140000000001,9.96732,9.993870000000001,10.0197,10.04499,10.06965,10.093679999999999,10.11708,10.139850000000001,10.16208,10.18377,10.20483,10.22535,10.24533,10.26486,10.28376,10.302299999999999,10.320210000000001,10.337670000000001,10.35477,10.37133,10.38735,10.4031,10.418310000000002,10.43307,10.447470000000001,10.46142,10.47501,10.48815,10.50084,10.51317,10.52514,10.53666,10.54782,10.558530000000001,10.56888,10.578780000000002,10.588410000000001,10.5975,10.606230000000002,10.614600000000001,10.62252,10.62999,10.6371,10.64385,10.650150000000002,10.656,10.6614,10.66644,10.67094,10.675080000000001,10.67886,10.6821,10.68498,10.687320000000001,10.689300000000001,10.69083,10.69182,10.69245,10.69263,10.69227,10.691550000000001,10.69038,10.68867,10.6866,10.68399,10.68102,10.67751,10.67364,10.669229999999999,10.66446,10.65915,10.65348,10.647359999999999,10.6407,10.633680000000002,10.62621,10.61838,10.61001,10.60128,10.5921,10.58247,10.57248,10.56204,10.55124,10.53999,10.52838,10.51632,10.50381,10.49094,10.47771,10.46412,10.45008,10.435590000000001,10.42083,10.40553,10.38996,10.373940000000001,10.35756,10.340729999999999,10.32354,10.305900000000001,10.287899999999999,10.26945,10.25064,10.23129,10.21158,10.19142,10.170810000000001,10.149750000000001,10.12824,10.10628,10.08378,10.06074,10.03725,10.01322,9.98865,9.96354,9.93789,9.9117,9.88488,9.857520000000001,9.82953,9.801,9.77184,9.74205,9.71163,9.68067,9.64899,9.616859999999999,9.58401,9.55062,9.516779999999999,9.48231,9.44739,9.41202,9.376199999999999,9.34002,9.30366,9.26694,9.230220000000001,9.19332,9.1566,9.11997,9.0837,9.04779,9.01251,8.977995,8.944362,8.9118,8.880516,8.85069,8.822511,8.796186,8.771904000000001,8.749863000000001,8.730234000000001,8.713206000000001,8.698914,8.687529000000001,8.679141,8.673876,8.671788000000001,8.672922,8.677296,8.684892,8.695683,8.709570000000001,8.726481,8.746281,8.768835000000001,8.793963,8.821503,8.851266,8.883045000000001,8.916633000000001,8.951823,8.988408000000002,9.02619,9.06498,9.10449,9.14472,9.18531,9.226170000000002,9.26712,9.30798,9.348749999999999,9.38916,9.429120000000001,9.46854,9.507330000000001,9.54531,9.58257,9.61893,9.654300000000001,9.688590000000001,9.72189,9.75402,9.78498,9.814770000000001,9.8433,9.87048,9.8964,9.92106,9.944280000000001,9.966149999999999,9.98658,10.00557,10.02321,10.03941,10.054170000000001,10.067400000000001,10.07919,10.08954,10.09836,10.10565,10.1115,10.115910000000001,10.1187,10.12005,10.11987,10.11825,10.115100000000002,10.11051,10.10439,10.09683,10.08783,10.077390000000001,10.0656,10.05237,10.03788,10.02195,10.004850000000001,9.98649,9.96696,9.94644,9.92475,9.90225,9.87885,9.85464,9.82989,9.8046,9.778950000000002,9.753120000000001,9.72729,9.701550000000001,9.67617,9.65133,9.62721,9.604080000000002,9.58221,9.56187,9.54324,9.52668,9.51228,9.500490000000001,9.4914,9.485370000000001,9.482579999999999,9.48321,9.487530000000001,9.49554,9.5076,9.52362,9.543690000000002,9.5679,9.59625,9.62865,9.66519,9.70551,9.74979,9.79767,9.849060000000001,9.90369,9.96156,10.02231,10.08585,10.15182,10.220220000000001,10.2906,10.362870000000001,10.43694,10.512450000000001,10.589310000000001,10.667340000000001,10.746360000000001,10.82628,10.906830000000001,10.9881,11.06973,11.151810000000001,11.234160000000001,11.31678,11.3994,11.48211,11.564820000000001,11.647530000000001,11.729970000000002,11.81241,11.894490000000001,11.97648,12.058110000000001,12.139560000000001,12.220650000000001,12.30138,12.38184,12.46194,12.54168
14.26347,14.19543,14.12748,14.05953,13.991670000000001,13.923810000000001,13.85595,13.78818,13.72041,13.652640000000002,13.58487,13.51701,13.449060000000001,13.381110000000001,13.31298,13.244760000000001,13.17636,13.10787,13.03902,12.96999,12.900689999999999,12.83112,12.7611,12.69072,12.61998,12.5487,12.476880000000001,12.40452,12.33153,12.257909999999999,12.18357,12.108419999999999,12.03255,11.95578,11.878020000000001,11.79936,11.719710000000001,11.63898,11.557170000000001,11.4741,11.38995,11.30445,11.217690000000001,11.12967,11.04039,10.94967,10.85769,10.76436,10.66968,10.57383,10.47672,10.37844,10.27926,10.17909,10.0782,9.97677,9.875070000000001,9.77337,9.67185,9.571140000000002,9.47151,9.37341,9.27747,9.184230000000001,9.09432,9.00846,8.927406,8.851833,8.782542000000001,8.720253000000001,8.665695000000001,8.619516,8.582301000000001,8.554509000000001,8.536491,8.528445000000001,8.530425,8.542332,8.563913999999999,8.594766,8.634375,8.682120000000001,8.737307999999999,8.799173999999999,8.866952999999999,8.939844,9.017100000000001,9.09783,9.18153,9.26739,9.35478,9.44325,9.53226,9.621360000000001,9.7101,9.798210000000001,9.885330000000002,9.97128,10.0557,10.13859,10.21977,10.29906,10.37637,10.45161,10.524690000000001,10.5957,10.66455,10.731150000000001,10.79559,10.85778,10.917720000000001,10.97559,11.03121,11.08476,11.13615,11.18547,11.23263,11.27781,11.321010000000001,11.36223,11.40156,11.43891,11.47446,11.50812,11.53998,11.57013,11.59848,11.62512,11.65005,11.67336,11.69505,11.71512,11.73366,11.750580000000001,11.76606,11.78001,11.79252,11.8035,11.813130000000001,11.82132,11.82816,11.83356,11.8377,11.8404,11.841840000000001,11.84202,11.84085,11.838420000000001,11.83473,11.82978,11.82366,11.81628,11.807640000000001,11.797830000000001,11.786850000000001,11.774700000000001,11.761289999999999,11.7468,11.73114,11.714310000000001,11.69631,11.67723,11.656979999999999,11.63556,11.613059999999999,11.58948,11.564820000000001,11.53899,11.51199,11.484,11.45484,11.42469,11.39337,11.36106,11.32758,11.29311,11.25756,11.220930000000001,11.18322,11.14452,11.10483,11.06406,11.02239,10.97964,10.93599,10.89135,10.84572,10.79928,10.751850000000001,10.703700000000001,10.65465,10.60479,10.554210000000001,10.503,10.45107,10.3986,10.345590000000001,10.29213,10.23831,10.18413,10.12986,10.075410000000002,10.02096,9.96669,9.91269,9.85905,9.805950000000001,9.753570000000002,9.702,9.65151,9.60219,9.554310000000001,9.507959999999999,9.46332,9.42075,9.38025,9.34209,9.30645,9.273420000000002,9.24327,9.21609,9.191970000000001,9.171,9.15327,9.138869999999999,9.1278,9.12006,9.11565,9.11439,9.116370000000002,9.12132,9.12924,9.13995,9.153360000000001,9.169110000000002,9.1872,9.20727,9.22932,9.25308,9.27828,9.304829999999999,9.332550000000001,9.361170000000001,9.3906,9.42066,9.451260000000001,9.48222,9.51336,9.54468,9.57591,9.60714,9.63819,9.66897,9.699480000000001,9.72972,9.75942,9.78876,9.81756,9.84591,9.87372,9.90099,9.927719999999999,9.95382,9.97938,10.0044,10.028880000000001,10.05273,10.07604,10.09881,10.12095,10.14264,10.16379,10.1844,10.20447,10.22409,10.24317,10.2618,10.27998,10.29771,10.31499,10.331819999999999,10.3482,10.364220000000001,10.37979,10.39491,10.40967,10.42407,10.43802,10.45161,10.464839999999999,10.47762,10.49013,10.50219,10.51389,10.52514,10.53612,10.546650000000001,10.55682,10.56663,10.57599,10.585080000000001,10.59363,10.60191,10.60974,10.617210000000002,10.62423,10.630889999999999,10.6371,10.64295,10.64835,10.6533,10.65789,10.66203,10.66572,10.66896,10.67175,10.674180000000002,10.67607,10.677600000000002,10.67868,10.679310000000001,10.6794,10.67913,10.678410000000001,10.677150000000001,10.67553,10.67346,10.670850000000002,10.66788,10.66437,10.6605,10.65609,10.65132,10.64601,10.64034,10.63422,10.627650000000001,10.62063,10.61316,10.60524,10.596960000000001,10.58823,10.57914,10.5696,10.559610000000001,10.54926,10.53846,10.5273,10.515780000000001,10.50381,10.49148,10.478700000000002,10.46565,10.45215,10.43829,10.42398,10.409400000000002,10.39437,10.37907,10.36332,10.34721,10.33074,10.31382,10.29663,10.27899,10.26099,10.24263,10.22382,10.20465,10.185030000000001,10.165049999999999,10.144620000000002,10.12374,10.1025,10.08072,10.05858,10.0359,10.01277,9.98919,9.965160000000001,9.9405,9.91539,9.88983,9.86364,9.837,9.80973,9.78201,9.75366,9.724770000000001,9.69543,9.66546,9.63504,9.604080000000002,9.57258,9.54063,9.508230000000001,9.47538,9.442260000000001,9.40869,9.37494,9.34092,9.30672,9.27252,9.23832,9.204210000000002,9.17028,9.1368,9.10368,9.07128,9.039510000000002,9.00873,8.978931,8.950401,8.923266,8.897696999999999,8.873883000000001,8.851995,8.832195,8.814645,8.799507,8.786907000000001,8.776971000000001,8.769816,8.765514,8.764137,8.765712,8.770257,8.777763,8.788193999999999,8.801478,8.817542999999999,8.836272000000001,8.857539000000001,8.881209,8.90712,8.93511,8.964981,8.99658,9.0297,9.06417,9.09972,9.13635,9.1737,9.211680000000001,9.250110000000001,9.28881,9.32769,9.36657,9.40536,9.44388,9.482040000000001,9.519660000000002,9.556740000000001,9.59319,9.62892,9.66384,9.69786,9.73098,9.76302,9.794070000000001,9.82404,9.852929999999999,9.880560000000001,9.90702,9.932220000000001,9.95616,9.97884,10.00026,10.02033,10.039050000000001,10.056420000000001,10.07235,10.08702,10.10025,10.11204,10.12248,10.13139,10.13904,10.145159999999999,10.14993,10.15317,10.15506,10.15551,10.15461,10.152180000000001,10.1484,10.143270000000001,10.13679,10.128870000000001,10.1196,10.109070000000001,10.097280000000001,10.08414,10.069830000000001,10.05444,10.03788,10.02024,10.00161,9.982080000000002,9.96165,9.9405,9.91872,9.89649,9.87372,9.85077,9.82764,9.8046,9.781649999999999,9.75924,9.73728,9.71613,9.696060000000001,9.67707,9.65961,9.64386,9.629999999999999,9.61821,9.60885,9.60219,9.598230000000001,9.597330000000001,9.59967,9.60534,9.61452,9.62739,9.64395,9.66429,9.688500000000001,9.71649,9.74826,9.78381,9.82305,9.8658,9.91197,9.96147,10.01412,10.06974,10.12824,10.18926,10.25271,10.31841,10.386090000000001,10.45575,10.52703,10.59984,10.674,10.74933,10.825740000000001,10.90305,10.98117,11.05992,11.13921,11.218950000000001,11.299050000000001,11.379420000000001,11.45997,11.540700000000001,11.62143,11.70216,11.78289,11.86344,11.943990000000001,12.024270000000001,12.10437,12.18429,12.26394,12.34341,12.42252,12.50136,12.579930000000001
14.22459,14.15601,14.087610000000002,14.019210000000001,13.950899999999999,13.88259,13.81428,13.74606,13.67793,13.60971,13.54149,13.473180000000001,13.404869999999999,13.33647,13.267980000000001,13.19931,13.13055,13.06152,12.99231,12.922830000000001,12.85317,12.78306,12.71259,12.64176,12.57048,12.49866,12.426300000000001,12.35331,12.27978,12.205440000000001,12.130379999999999,12.05451,11.97783,11.900160000000001,11.8215,11.741760000000001,11.66103,11.57904,11.49588,11.41146,11.32569,11.23857,11.1501,11.0601,10.968570000000001,10.8756,10.7811,10.68507,10.58751,10.48851,10.387979999999999,10.286100000000001,10.18287,10.07856,9.973170000000001,9.86697,9.76023,9.65313,9.54603,9.43929,9.333450000000001,9.22896,9.12645,9.02655,8.929881000000002,8.837316000000001,8.749638,8.667720000000001,8.592426000000001,8.524629,8.465184,8.414856,8.374347,8.344224,8.324901,8.316648,8.319519,8.333397,8.357976,8.392797,8.437230000000001,8.490546,8.551908,8.620452,8.695260000000001,8.775423,8.860050000000001,8.948286,9.03933,9.13248,9.22707,9.32238,9.41805,9.51354,9.6084,9.70227,9.794970000000001,9.886140000000001,9.9756,10.063170000000001,10.148760000000001,10.23219,10.313460000000001,10.39239,10.46898,10.543320000000001,10.61523,10.684800000000001,10.751940000000001,10.81674,10.879199999999999,10.93932,10.99719,11.052719999999999,11.10609,11.157210000000001,11.20626,11.25306,11.297880000000001,11.34063,11.38131,11.420010000000001,11.456819999999999,11.49174,11.52477,11.556000000000001,11.58543,11.61315,11.63907,11.66337,11.685960000000001,11.70693,11.72628,11.74401,11.7603,11.77497,11.788200000000002,11.799990000000001,11.81025,11.81916,11.826630000000002,11.832659999999999,11.83743,11.84076,11.84283,11.84355,11.84292,11.84112,11.83797,11.83356,11.82798,11.821140000000002,11.813130000000001,11.80386,11.79342,11.78172,11.768939999999999,11.75499,11.73987,11.72358,11.70621,11.68767,11.667959999999999,11.647170000000001,11.6253,11.602260000000001,11.57823,11.553030000000001,11.52675,11.499390000000002,11.47095,11.44143,11.41092,11.379330000000001,11.34666,11.31291,11.27826,11.24244,11.20572,11.16792,11.12922,11.08944,11.048760000000001,11.00718,10.96461,10.921140000000001,10.87677,10.83159,10.78551,10.738710000000001,10.6911,10.64277,10.59372,10.544130000000001,10.493820000000001,10.443060000000001,10.39185,10.34028,10.28835,10.23624,10.183950000000001,10.131570000000002,10.079279999999999,10.02717,9.975330000000001,9.92394,9.87318,9.82305,9.77373,9.72549,9.678420000000001,9.6327,9.588510000000001,9.54594,9.505260000000002,9.46665,9.4302,9.395999999999999,9.36441,9.33543,9.30915,9.28575,9.265320000000001,9.24786,9.23346,9.22212,9.213840000000001,9.20862,9.20637,9.207,9.210420000000001,9.21663,9.22545,9.23661,9.250110000000001,9.26577,9.28341,9.30276,9.32382,9.34623,9.36999,9.39483,9.42066,9.44721,9.474480000000002,9.5022,9.53037,9.558900000000001,9.58743,9.61614,9.64485,9.673380000000002,9.70182,9.72999,9.75798,9.78552,9.81279,9.83961,9.86598,9.8919,9.91737,9.942300000000001,9.96687,9.99081,10.0143,10.03734,10.059750000000001,10.0818,10.10331,10.12428,10.1448,10.16487,10.1844,10.203570000000001,10.2222,10.24047,10.25829,10.27566,10.29267,10.309230000000001,10.32543,10.34127,10.356660000000002,10.371690000000001,10.38636,10.40067,10.41462,10.42812,10.44135,10.454220000000001,10.46673,10.47888,10.49067,10.50219,10.51326,10.52397,10.534320000000001,10.5444,10.55403,10.5633,10.57221,10.58076,10.58886,10.59669,10.60407,10.61109,10.61766,10.62387,10.62963,10.63503,10.639980000000001,10.64448,10.64862,10.65231,10.65555,10.658339999999999,10.66077,10.66275,10.66419,10.665270000000001,10.6659,10.666080000000001,10.66572,10.665,10.663829999999999,10.66212,10.66005,10.65744,10.65447,10.65105,10.64709,10.64277,10.637910000000002,10.63269,10.626930000000002,10.62081,10.61424,10.60722,10.59984,10.59192,10.583730000000001,10.575000000000001,10.56591,10.556370000000001,10.54647,10.53612,10.52541,10.51434,10.50282,10.49094,10.478700000000002,10.466099999999999,10.45314,10.439820000000001,10.42605,10.41201,10.39761,10.382850000000001,10.36773,10.35225,10.33641,10.320210000000001,10.303740000000001,10.28682,10.269630000000001,10.25208,10.23417,10.21581,10.19718,10.17819,10.15875,10.13895,10.11879,10.09827,10.0773,10.05588,10.034099999999999,10.01187,9.98919,9.966149999999999,9.94257,9.91854,9.89406,9.86913,9.84375,9.81783,9.79146,9.76464,9.73728,9.70947,9.68121,9.65241,9.62325,9.593639999999999,9.563580000000002,9.53316,9.502469999999999,9.47142,9.440100000000001,9.408510000000001,9.37683,9.34506,9.31329,9.28161,9.25002,9.2187,9.18783,9.157409999999999,9.12762,9.098550000000001,9.07038,9.0432,9.01719,8.992602,8.969472,8.947989,8.928324,8.910603,8.894988,8.881605,8.870571,8.862003,8.855991000000001,8.852616000000001,8.851913999999999,8.853939,8.858682000000002,8.866152,8.876304000000001,8.889084,8.90442,8.922231,8.942382,8.964765000000002,8.989227,9.01566,9.04383,9.07362,9.10485,9.13743,9.171,9.20565,9.24093,9.27693,9.31338,9.35019,9.38709,9.42408,9.46107,9.49779,9.53424,9.57024,9.60579,9.64071,9.675,9.70857,9.741330000000001,9.77319,9.80415,9.83421,9.86319,9.89109,9.917910000000001,9.943650000000002,9.968219999999999,9.99153,10.013760000000001,10.03464,10.05435,10.07271,10.08981,10.10565,10.120140000000001,10.133280000000001,10.145159999999999,10.15569,10.16487,10.172609999999999,10.17909,10.18422,10.188,10.190339999999999,10.19142,10.19115,10.18953,10.18656,10.18233,10.17675,10.16991,10.161900000000001,10.15254,10.142100000000001,10.1304,10.11762,10.10376,10.08891,10.07307,10.05633,10.03878,10.020510000000002,10.001520000000001,9.981990000000001,9.96201,9.94176,9.921240000000001,9.90072,9.88029,9.860040000000001,9.84024,9.82107,9.80271,9.78534,9.76914,9.754290000000001,9.74115,9.72972,9.72045,9.71334,9.70875,9.70677,9.70767,9.71145,9.71847,9.72873,9.74232,9.75942,9.78003,9.80415,9.83187,9.8631,9.89784,9.936,9.97749,10.02213,10.07001,10.12077,10.17441,10.23066,10.289430000000001,10.35054,10.41381,10.47915,10.5462,10.61505,10.68534,10.75698,10.82979,10.90377,10.97865,11.05434,11.13075,11.20779,11.28528,11.36322,11.44152,11.520000000000001,11.598749999999999,11.67759,11.75652,11.83545,11.914380000000001,11.993219999999999,12.07197,12.15063,12.22911,12.307319999999999,12.38544,12.46329,12.54096,12.61827
14.18535,14.11632,14.04738,13.978530000000001,13.90977,13.84101,13.77234,13.70367,13.635,13.56642,13.49775,13.42908,13.36032,13.29156,13.222620000000001,13.15359,13.08438,13.01508,12.94542,12.875580000000001,12.80538,12.734910000000001,12.66399,12.59271,12.52098,12.44862,12.37581,12.30228,12.22812,12.15315,12.07746,12.00087,11.923380000000002,11.844899999999999,11.76534,11.684610000000001,11.6028,11.51964,11.435220000000001,11.349450000000001,11.26215,11.17341,11.08314,10.99116,10.89765,10.80234,10.70532,10.60659,10.506060000000002,10.40382,10.29987,10.19421,10.08702,9.9783,9.86832,9.75708,9.64494,9.53217,9.41904,9.306000000000001,9.1935,9.082080000000001,8.972406000000001,8.865108000000001,8.760996,8.660943,8.565876000000001,8.476785,8.394669,8.320572,8.255484000000001,8.200341,8.155989,8.123111999999999,8.102232,8.093664,8.097498,8.113599,8.141580000000001,8.180901,8.230806,8.290413000000001,8.35875,8.434773,8.517420000000001,8.605638,8.698428,8.794818,8.893934999999999,8.994951,9.0972,9.19989,9.302669999999999,9.40482,9.506160000000001,9.606150000000001,9.70461,9.80118,9.89577,9.9882,10.07829,10.16604,10.25127,10.33398,10.41417,10.49184,10.56681,10.63935,10.709280000000001,10.77669,10.84158,10.90404,10.96407,11.02167,11.07693,11.12994,11.1807,11.22921,11.27556,11.31975,11.36187,11.401919999999999,11.43999,11.476170000000002,11.510370000000002,11.54268,11.57319,11.60181,11.62881,11.653920000000001,11.67741,11.69928,11.71944,11.738069999999999,11.75508,11.77056,11.78451,11.79693,11.80791,11.81745,11.82555,11.8323,11.837610000000002,11.841569999999999,11.84418,11.84553,11.84553,11.84427,11.841660000000001,11.83788,11.83275,11.82645,11.81898,11.81025,11.80035,11.78928,11.77704,11.76354,11.74896,11.733300000000002,11.716470000000001,11.69847,11.67939,11.659139999999999,11.6379,11.615490000000001,11.592,11.56743,11.54178,11.51514,11.48742,11.45862,11.428740000000001,11.397870000000001,11.36601,11.33307,11.299230000000001,11.26431,11.2284,11.19159,11.15379,11.115,11.0754,11.03481,10.99332,10.95102,10.90782,10.8639,10.81917,10.77363,10.72746,10.680570000000001,10.63305,10.5849,10.5363,10.487160000000001,10.437660000000001,10.3878,10.33776,10.28745,10.23705,10.18665,10.13643,10.086300000000001,10.03653,9.9873,9.93852,9.89055,9.8433,9.797130000000001,9.75213,9.708390000000001,9.66609,9.62541,9.58653,9.54954,9.51453,9.48177,9.45135,9.423449999999999,9.39798,9.375210000000001,9.35514,9.337860000000001,9.323369999999999,9.31176,9.302940000000001,9.29691,9.29367,9.29313,9.2952,9.2997,9.30672,9.315990000000001,9.32733,9.34074,9.35595,9.37287,9.39132,9.411209999999999,9.43227,9.454500000000001,9.47754,9.50148,9.52605,9.55116,9.57672,9.602549999999999,9.62865,9.65484,9.68103,9.70731,9.73341,9.75933,9.78507,9.810540000000001,9.83574,9.86058,9.88506,9.90918,9.93285,9.95616,9.97902,10.001520000000001,10.023480000000001,10.045079999999999,10.06614,10.08684,10.107090000000001,10.126890000000001,10.14633,10.165320000000001,10.183860000000001,10.20204,10.21977,10.23714,10.25415,10.270800000000001,10.287,10.30293,10.3185,10.33371,10.34856,10.36305,10.377180000000001,10.39104,10.40454,10.41777,10.43064,10.443150000000001,10.455390000000001,10.467270000000001,10.47879,10.49004,10.50093,10.51146,10.52163,10.53153,10.541070000000001,10.55025,10.55898,10.56744,10.57554,10.58328,10.590570000000001,10.5975,10.60407,10.61028,10.61604,10.621350000000001,10.6263,10.630889999999999,10.63494,10.638630000000001,10.641869999999999,10.64475,10.64709,10.64907,10.6506,10.65168,10.652220000000002,10.6524,10.65213,10.65141,10.65024,10.64853,10.64646,10.64385,10.640880000000001,10.63737,10.6335,10.62909,10.62432,10.6191,10.61334,10.60722,10.60065,10.59363,10.58625,10.57842,10.57014,10.56141,10.55232,10.54287,10.53297,10.52271,10.512,10.50102,10.48959,10.4778,10.46565,10.45314,10.440270000000002,10.42713,10.413540000000001,10.39968,10.385370000000002,10.37088,10.35594,10.340729999999999,10.32516,10.309320000000001,10.29312,10.27665,10.259820000000001,10.24263,10.22517,10.20735,10.18917,10.170720000000001,10.151909999999999,10.13274,10.1133,10.09341,10.07316,10.05264,10.03167,10.010340000000001,9.98865,9.96651,9.94401,9.92106,9.89775,9.87408,9.849870000000001,9.8253,9.80028,9.7749,9.748980000000001,9.722790000000002,9.696060000000001,9.66906,9.64161,9.613800000000001,9.58563,9.5571,9.52839,9.499410000000001,9.47016,9.44082,9.41139,9.381960000000001,9.35253,9.32319,9.294030000000001,9.26523,9.23679,9.20889,9.18162,9.15498,9.129330000000001,9.10467,9.08109,9.05877,9.03798,9.01863,9.001080000000002,8.985275999999999,8.971461,8.959716,8.950158,8.942877,8.937945000000001,8.935443,8.935407,8.937873,8.94285,8.950320000000001,8.960265,8.97264,8.987364000000001,9.00441,9.023579999999999,9.04482,9.06795,9.092970000000001,9.1197,9.147870000000001,9.17739,9.208260000000001,9.24003,9.27279,9.306360000000002,9.34047,9.37512,9.41013,9.44523,9.480509999999999,9.5157,9.5508,9.58563,9.6201,9.65421,9.68778,9.72072,9.75294,9.78453,9.81522,9.84519,9.87417,9.90225,9.92934,9.955350000000001,9.98037,10.00431,10.02708,10.048770000000001,10.0692,10.08855,10.10664,10.123470000000001,10.139130000000002,10.153530000000002,10.16667,10.17855,10.18917,10.19853,10.20654,10.21329,10.21878,10.22301,10.22589,10.227509999999999,10.227870000000001,10.226970000000001,10.224810000000002,10.221480000000001,10.216890000000001,10.21113,10.20411,10.196010000000001,10.18683,10.17657,10.165230000000001,10.1529,10.139669999999999,10.12554,10.1106,10.09494,10.07865,10.06173,10.04436,10.026539999999999,10.00854,9.990450000000001,9.97227,9.95427,9.93663,9.91935,9.902700000000001,9.88686,9.87201,9.85833,9.846,9.8352,9.8262,9.819090000000001,9.81414,9.811440000000001,9.81126,9.81369,9.81891,9.827100000000002,9.83835,9.85275,9.8703,9.89109,9.9153,9.94275,9.97344,10.00746,10.04463,10.084950000000001,10.12833,10.17468,10.22373,10.27557,10.32984,10.38663,10.44558,10.5066,10.5696,10.634400000000001,10.70091,10.76886,10.83816,10.90863,10.98027,11.052900000000001,11.12634,11.2005,11.27538,11.3508,11.426670000000001,11.5029,11.57949,11.65635,11.73339,11.81052,11.88774,11.96505,12.04227,12.11949,12.19671,12.27375,12.350700000000002,12.42747,12.50406,12.580470000000002,12.6567
14.14575,14.076270000000001,14.00688,13.93749,13.86828,13.79907,13.72995,13.66092,13.591800000000001,13.52277,13.453740000000002,13.38471,13.31559,13.24638,13.17708,13.10769,13.038120000000001,12.96837,12.89835,12.82815,12.75759,12.68667,12.61539,12.543660000000001,12.471480000000001,12.398760000000001,12.325410000000002,12.25134,12.17664,12.101130000000001,12.02481,11.94759,11.869290000000001,11.79009,11.70963,11.62809,11.5452,11.460960000000002,11.37528,11.288160000000001,11.19951,11.109150000000001,11.01708,10.923210000000001,10.82754,10.729980000000001,10.63053,10.52901,10.4256,10.32012,10.212660000000001,10.10322,9.99189,9.87867,9.763829999999999,9.64746,9.52974,9.41094,9.29151,9.17163,9.05202,8.933094,8.815563000000001,8.700182999999999,8.587827,8.47944,8.376075,8.278866,8.188991999999999,8.10765,8.036046,7.975305,7.926444,7.890309000000001,7.867548000000001,7.858557000000001,7.863443999999999,7.882047,7.913925000000001,7.958385000000001,8.014527000000001,8.081289,8.157501000000002,8.241939,8.333352000000001,8.430534,8.532324,8.637651000000002,8.745525,8.855073,8.965494,9.07614,9.186390000000001,9.29574,9.40374,9.51012,9.61452,9.71676,9.81666,9.91404,10.00881,10.10088,10.19016,10.27674,10.36044,10.44144,10.51956,10.59498,10.6677,10.73772,10.80504,10.869750000000002,10.931939999999999,10.99161,11.04885,11.103660000000001,11.15604,11.20617,11.254050000000001,11.29977,11.34324,11.38464,11.42397,11.46132,11.496690000000001,11.53008,11.56158,11.591280000000001,11.61918,11.64528,11.66967,11.692350000000001,11.71332,11.73267,11.750490000000001,11.76669,11.781360000000001,11.794500000000001,11.80611,11.81628,11.825099999999999,11.83239,11.838330000000001,11.84292,11.84616,11.84796,11.848590000000002,11.84787,11.8458,11.84256,11.83806,11.8323,11.825280000000001,11.81709,11.80773,11.7972,11.78541,11.772540000000001,11.7585,11.74338,11.727089999999999,11.70963,11.69109,11.67147,11.65077,11.62899,11.60613,11.58219,11.557260000000001,11.53116,11.50416,11.47599,11.44692,11.41677,11.38563,11.35359,11.32047,11.28636,11.25135,11.215440000000001,11.17854,11.140740000000001,11.102129999999999,11.06262,11.022210000000001,10.98099,10.938960000000002,10.89621,10.85274,10.80846,10.76364,10.718100000000002,10.67202,10.625399999999999,10.578330000000001,10.53081,10.482930000000001,10.434780000000002,10.38636,10.33785,10.28925,10.24074,10.19232,10.14417,10.09629,10.04895,10.00215,9.95607,9.9108,9.86652,9.82332,9.78147,9.74088,9.70191,9.66456,9.629010000000001,9.59544,9.56385,9.53451,9.507420000000002,9.48276,9.46044,9.44073,9.42354,9.40905,9.39708,9.38772,9.38097,9.37674,9.37503,9.37575,9.37881,9.384030000000001,9.39141,9.40086,9.41211,9.42516,9.43974,9.455850000000002,9.473220000000001,9.49185,9.511470000000001,9.53208,9.553410000000001,9.57546,9.59805,9.621089999999999,9.644490000000001,9.66807,9.691920000000001,9.71577,9.73971,9.76356,9.787320000000001,9.81099,9.834389999999999,9.85761,9.880560000000001,9.90315,9.92547,9.947519999999999,9.96912,9.99036,10.01133,10.03185,10.052010000000001,10.07181,10.09116,10.11024,10.128870000000001,10.14714,10.165049999999999,10.1826,10.19979,10.21671,10.23318,10.24938,10.26522,10.28079,10.296,10.31094,10.32552,10.33983,10.35378,10.367550000000001,10.38096,10.39401,10.40679,10.41939,10.43154,10.44351,10.455119999999999,10.466370000000001,10.477440000000001,10.488059999999999,10.4985,10.50849,10.51821,10.527660000000001,10.53675,10.545390000000001,10.55376,10.561860000000001,10.569510000000001,10.5768,10.58364,10.59021,10.59633,10.602089999999999,10.6074,10.61235,10.61694,10.62108,10.624770000000002,10.62801,10.630799999999999,10.633230000000001,10.63521,10.63674,10.637820000000001,10.638449999999999,10.638630000000001,10.63827,10.63755,10.636379999999999,10.63476,10.6326,10.63008,10.62702,10.6236,10.61964,10.61532,10.610460000000002,10.60524,10.599480000000002,10.59336,10.58679,10.57977,10.57239,10.56456,10.556280000000001,10.547550000000001,10.53855,10.52901,10.519200000000001,10.50894,10.49832,10.48734,10.476,10.464300000000001,10.45224,10.439820000000001,10.42704,10.41399,10.400580000000001,10.38681,10.37277,10.35837,10.3437,10.32876,10.313460000000001,10.29789,10.28205,10.26585,10.249469999999999,10.23264,10.21563,10.19835,10.18071,10.16271,10.14453,10.12599,10.10718,10.08801,10.068570000000001,10.048770000000001,10.028609999999999,10.008180000000001,9.98739,9.96624,9.94482,9.92295,9.90081,9.87822,9.85527,9.83196,9.80838,9.78435,9.759960000000001,9.73521,9.7101,9.68472,9.658980000000001,9.63288,9.6066,9.580050000000002,9.55323,9.52623,9.49905,9.471870000000001,9.444510000000001,9.41724,9.39006,9.363059999999999,9.33624,9.309780000000002,9.28377,9.25821,9.23328,9.20907,9.18576,9.16335,9.14202,9.12195,9.10323,9.086039999999999,9.07038,9.05643,9.04428,9.034020000000002,9.025920000000001,9.0198,9.015929999999999,9.01422,9.014850000000001,9.01773,9.023040000000002,9.03051,9.040320000000001,9.05238,9.0666,9.08289,9.10125,9.1215,9.14355,9.16731,9.19269,9.219420000000001,9.2475,9.27666,9.306899999999999,9.338040000000001,9.3699,9.40239,9.43533,9.46863,9.50211,9.53577,9.56943,9.603,9.6363,9.66933,9.70209,9.73422,9.7659,9.79704,9.82746,9.85707,9.88596,9.91404,9.94122,9.9675,9.99288,10.01718,10.04049,10.06272,10.083870000000001,10.10394,10.12293,10.14066,10.157399999999999,10.172880000000001,10.187190000000001,10.20024,10.21221,10.22283,10.232370000000001,10.24065,10.247670000000001,10.25352,10.25811,10.26153,10.26378,10.26477,10.26459,10.263240000000001,10.260720000000001,10.25703,10.252260000000001,10.246410000000001,10.23948,10.23147,10.22247,10.212570000000001,10.20177,10.19007,10.177560000000001,10.16433,10.15047,10.13607,10.121129999999999,10.10574,10.09008,10.07424,10.05831,10.042470000000002,10.026720000000001,10.01142,9.99648,9.98226,9.96876,9.95625,9.94491,9.93483,9.92628,9.91935,9.91431,9.911249999999999,9.91035,9.91179,9.915750000000001,9.922320000000001,9.93159,9.943650000000002,9.958770000000001,9.97677,9.99783,10.02204,10.049220000000002,10.079550000000001,10.11294,10.1493,10.18863,10.23075,10.27566,10.32327,10.3734,10.425870000000002,10.480770000000001,10.537740000000001,10.59678,10.657710000000002,10.72035,10.78461,10.850399999999999,10.91745,10.985850000000001,11.05524,11.12571,11.196990000000001,11.26917,11.341890000000001,11.41533,11.489220000000001,11.563649999999999,11.63835,11.71332,11.78865,11.86407,11.93967,12.015360000000001,12.09114,12.166830000000001,12.24261,12.318299999999999,12.3939,12.469410000000002,12.54474,12.61998,12.69513
14.10579,14.03577,13.96593,13.896180000000001,13.82643,13.75686,13.68729,13.61772,13.54833,13.47885,13.409370000000001,13.33998,13.27041,13.200840000000001,13.131269999999999,13.061430000000001,12.9915,12.92139,12.8511,12.78054,12.709620000000001,12.638340000000001,12.566699999999999,12.49461,12.42198,12.34881,12.2751,12.20058,12.12543,12.04938,11.97252,11.894580000000001,11.81574,11.73573,11.65455,11.57202,11.48823,11.40291,11.31615,11.227770000000001,11.13768,11.04579,10.952010000000001,10.85634,10.758600000000001,10.65879,10.55682,10.45269,10.34631,10.23759,10.126619999999999,10.01331,9.89775,9.78003,9.66015,9.53838,9.414900000000001,9.2898,9.163620000000002,9.036629999999999,8.909316,8.782308,8.656281,8.532072,8.410599,8.292933000000001,8.180253,8.073864,7.975125,7.885467,7.806303,7.73901,7.684839,7.644834,7.619805,7.610238,7.616304,7.637778000000001,7.674138000000001,7.724520000000001,7.787817000000001,7.862751,7.9479180000000005,8.041842,8.143074,8.250219,8.361954,8.477064,8.594469,8.713206000000001,8.832438,8.951445,9.06966,9.186480000000001,9.301590000000001,9.41454,9.525150000000002,9.63315,9.73845,9.84087,9.94041,10.0368,10.130310000000001,10.22067,10.307970000000001,10.3923,10.47357,10.55196,10.62738,10.69992,10.769670000000001,10.836720000000001,10.901069999999999,10.96272,11.021849999999999,11.078370000000001,11.13255,11.18421,11.23362,11.28069,11.3256,11.36826,11.408850000000001,11.447370000000001,11.48382,11.51829,11.55078,11.58147,11.61027,11.637270000000001,11.66256,11.686050000000002,11.70783,11.72799,11.746440000000002,11.76336,11.77875,11.79261,11.80485,11.81574,11.825099999999999,11.833020000000001,11.83959,11.84472,11.8485,11.85093,11.8521,11.85192,11.85048,11.84769,11.84373,11.838510000000001,11.83203,11.82438,11.81556,11.805480000000001,11.794319999999999,11.78199,11.76849,11.75382,11.738069999999999,11.72124,11.703240000000001,11.68425,11.664090000000002,11.642850000000001,11.62062,11.59731,11.57301,11.54763,11.52117,11.49381,11.46537,11.43594,11.405610000000001,11.3742,11.34198,11.30868,11.27457,11.23947,11.20347,11.16666,11.128950000000001,11.09043,11.0511,11.01096,10.9701,10.928519999999999,10.886220000000002,10.8432,10.79964,10.75545,10.71072,10.66554,10.619909999999999,10.57392,10.52757,10.48095,10.43424,10.38735,10.34046,10.293660000000001,10.24704,10.2006,10.15452,10.10898,10.06398,10.0197,9.97623,9.93366,9.89217,9.85194,9.81297,9.775530000000002,9.73962,9.70533,9.672930000000001,9.642510000000001,9.61407,9.58779,9.56367,9.5418,9.522359999999999,9.50517,9.4905,9.47826,9.46836,9.460890000000001,9.45576,9.45297,9.45234,9.45396,9.45765,9.46332,9.47079,9.48015,9.49104,9.50346,9.51732,9.53244,9.54864,9.56592,9.5841,9.60309,9.622620000000001,9.64287,9.66348,9.68454,9.70578,9.72729,9.748980000000001,9.770669999999999,9.79236,9.81405,9.83565,9.85707,9.878309999999999,9.89937,9.920250000000001,9.940769999999999,9.96111,9.98109,10.0008,10.02024,10.03932,10.05813,10.07658,10.09467,10.112490000000001,10.13004,10.14714,10.164060000000001,10.18062,10.19691,10.21284,10.2285,10.24389,10.25901,10.27386,10.28844,10.30275,10.316699999999999,10.330470000000002,10.34397,10.357199999999999,10.37016,10.382850000000001,10.39536,10.40751,10.41939,10.43109,10.44243,10.4535,10.464300000000001,10.47483,10.485000000000001,10.4949,10.504529999999999,10.5138,10.5228,10.53144,10.53972,10.54773,10.55529,10.56258,10.569420000000001,10.57599,10.58211,10.58787,10.59318,10.598130000000001,10.60272,10.60686,10.61055,10.613790000000002,10.616670000000001,10.6191,10.62108,10.62261,10.62369,10.62432,10.6245,10.62423,10.623510000000001,10.62234,10.62072,10.61856,10.61604,10.61298,10.60956,10.6056,10.60119,10.59642,10.591109999999999,10.58544,10.57923,10.57266,10.56564,10.55826,10.55034,10.542060000000001,10.53342,10.52433,10.51488,10.50507,10.49481,10.48428,10.4733,10.46196,10.45035,10.43838,10.42605,10.413359999999999,10.4004,10.387080000000001,10.37358,10.359630000000001,10.3455,10.33101,10.31625,10.30122,10.286010000000001,10.27044,10.2546,10.238489999999999,10.22211,10.205549999999999,10.18863,10.17153,10.154160000000001,10.13652,10.11861,10.10043,10.08198,10.063170000000001,10.04418,10.02492,10.005300000000002,9.9855,9.96534,9.94482,9.92412,9.90297,9.881639999999999,9.859950000000001,9.8379,9.81558,9.79299,9.770040000000002,9.746820000000001,9.72324,9.699480000000001,9.675360000000001,9.65106,9.62649,9.60174,9.57681,9.55179,9.52659,9.50139,9.47619,9.451080000000001,9.42606,9.40122,9.37665,9.352440000000001,9.32859,9.30537,9.28269,9.26073,9.23958,9.219420000000001,9.20025,9.182250000000002,9.16551,9.15021,9.13635,9.12411,9.11358,9.10485,9.09792,9.093060000000001,9.09009,9.08928,9.09054,9.09387,9.09936,9.10701,9.11673,9.12852,9.14229,9.15804,9.17568,9.19503,9.21618,9.23877,9.26289,9.288359999999999,9.31509,9.3429,9.3717,9.40131,9.43164,9.4626,9.49401,9.52578,9.55773,9.58995,9.62208,9.65421,9.68616,9.71793,9.74925,9.78021,9.81072,9.84069,9.87003,9.89865,9.92664,9.95382,9.98019,10.00566,10.03032,10.053989999999999,10.076670000000002,10.09836,10.11915,10.138770000000001,10.157399999999999,10.17495,10.19133,10.20672,10.22094,10.23399,10.24596,10.25676,10.26639,10.27494,10.28223,10.28844,10.29348,10.29735,10.300139999999999,10.301760000000002,10.30221,10.301670000000001,10.29996,10.29717,10.293389999999999,10.28853,10.282680000000001,10.27593,10.26819,10.25964,10.25019,10.240020000000001,10.229130000000001,10.21752,10.20537,10.192680000000001,10.179630000000001,10.16613,10.15245,10.13868,10.124820000000001,10.11105,10.09755,10.08441,10.07172,10.059660000000001,10.04841,10.03806,10.028880000000001,10.02096,10.01439,10.009440000000001,10.00629,10.00503,10.00575,10.00872,10.01403,10.021770000000002,10.032029999999999,10.04499,10.06065,10.0791,10.10043,10.12464,10.15173,10.181610000000001,10.214459999999999,10.25001,10.28844,10.32948,10.373130000000002,10.41939,10.46799,10.51884,10.572030000000002,10.6272,10.68435,10.7433,10.80396,10.866240000000001,10.92996,10.99503,11.06127,11.12868,11.19708,11.26647,11.33658,11.407409999999999,11.47896,11.55096,11.6235,11.69649,11.76975,11.84337,11.91717,11.99115,12.06531,12.139560000000001,12.2139,12.288240000000002,12.362580000000001,12.43692,12.511170000000002,12.585420000000001,12.65949,12.73347
14.06547,13.995000000000001,13.92462,13.854420000000001,13.78422,13.7142,13.64418,13.57425,13.50441,13.43457,13.36473,13.29489,13.22496,13.15512,13.0851,13.014990000000001,12.9447,12.87432,12.80367,12.732750000000001,12.661470000000001,12.58992,12.51792,12.44547,12.37257,12.29904,12.22488,12.15,12.0744,11.9979,11.920499999999999,11.84202,11.76255,11.68191,11.599920000000001,11.516670000000001,11.43198,11.34576,11.25783,11.168280000000001,11.07684,10.98351,10.88811,10.79064,10.69092,10.58895,10.48464,10.37781,10.26846,10.156500000000001,10.04202,9.92484,9.805050000000001,9.68265,9.55773,9.430470000000001,9.300870000000002,9.16929,9.036,8.901405,8.765955,8.630262,8.495046,8.361180000000001,8.229672,8.101683000000001,7.978562999999999,7.861770000000001,7.752897000000001,7.653627,7.565678999999999,7.4907,7.430238,7.385607,7.357824,7.347528,7.3548990000000005,7.379702999999999,7.421256,7.478505,7.550073,7.634403000000001,7.729767000000001,7.834436999999999,7.946703,8.064936000000001,8.187642,8.313462000000001,8.441208000000001,8.569845,8.698491,8.82639,8.952939,9.07758,9.20007,9.31986,9.436860000000001,9.5508,9.66168,9.76923,9.87345,9.97434,10.071900000000001,10.16613,10.25703,10.3446,10.42902,10.510290000000001,10.588500000000002,10.66356,10.73574,10.80495,10.87137,10.935,10.995930000000001,11.05434,11.110050000000001,11.16333,11.21427,11.26269,11.308950000000001,11.352870000000001,11.394630000000001,11.434230000000001,11.47176,11.50731,11.54088,11.572470000000001,11.60217,11.63007,11.656080000000001,11.68038,11.70297,11.72394,11.74311,11.760750000000002,11.77677,11.79126,11.80422,11.815650000000002,11.82564,11.834190000000001,11.8413,11.847059999999999,11.85138,11.85444,11.856060000000001,11.85642,11.85552,11.85327,11.84985,11.845170000000001,11.83923,11.832120000000002,11.82375,11.81421,11.80359,11.79171,11.77875,11.76471,11.7495,11.73321,11.71575,11.6973,11.67777,11.65707,11.63547,11.61279,11.58903,11.56428,11.538540000000001,11.51181,11.48409,11.45538,11.42577,11.39517,11.36367,11.33118,11.297880000000001,11.26368,11.228580000000001,11.19267,11.15595,11.11842,11.08008,11.04102,11.00124,10.96074,10.91961,10.87776,10.835460000000001,10.79253,10.74915,10.70532,10.66104,10.616489999999999,10.57158,10.526489999999999,10.481309999999999,10.43604,10.39068,10.3455,10.300500000000001,10.25577,10.211400000000001,10.167480000000001,10.1241,10.081439999999999,10.039589999999999,9.99864,9.958770000000001,9.91998,9.88245,9.84636,9.81171,9.77868,9.747359999999999,9.71775,9.69012,9.664470000000001,9.64089,9.61947,9.60012,9.583020000000001,9.56817,9.555480000000001,9.54504,9.536850000000001,9.53091,9.52704,9.52524,9.52551,9.52767,9.53163,9.53748,9.54486,9.55386,9.56421,9.57591,9.58887,9.60291,9.61785,9.63378,9.65043,9.66771,9.68562,9.70398,9.722700000000001,9.74178,9.76104,9.78057,9.8001,9.81972,9.83943,9.85896,9.878490000000001,9.89784,9.9171,9.93618,9.95508,9.973709999999999,9.99216,10.010340000000001,10.02825,10.04589,10.06335,10.08045,10.097370000000002,10.11393,10.130310000000001,10.146419999999999,10.16226,10.17783,10.19313,10.20825,10.2231,10.23768,10.25208,10.266210000000001,10.28007,10.293750000000001,10.307250000000002,10.32048,10.333440000000001,10.346219999999999,10.35882,10.37115,10.38321,10.395090000000001,10.4067,10.41804,10.4292,10.44,10.45062,10.460970000000001,10.47105,10.48086,10.490310000000001,10.49949,10.5084,10.517040000000001,10.525229999999999,10.533150000000001,10.5408,10.548,10.55484,10.56141,10.56753,10.573290000000002,10.57869,10.58364,10.58814,10.592369999999999,10.596060000000001,10.599390000000001,10.60227,10.6047,10.60668,10.60821,10.60938,10.61001,10.61019,10.60992,10.609200000000001,10.60803,10.60641,10.60434,10.60173,10.59876,10.595250000000002,10.59129,10.586879999999999,10.58211,10.5768,10.57104,10.564919999999999,10.55826,10.55124,10.54377,10.53594,10.527660000000001,10.51893,10.50993,10.50039,10.49058,10.480410000000001,10.469790000000001,10.4589,10.44765,10.43604,10.42407,10.41183,10.399230000000001,10.38636,10.37322,10.35981,10.34604,10.332,10.31778,10.30329,10.28844,10.2735,10.2582,10.24272,10.226970000000001,10.211039999999999,10.194840000000001,10.178370000000001,10.16172,10.14489,10.127790000000001,10.11051,10.09296,10.07514,10.05714,10.038960000000001,10.020420000000001,10.0017,9.982800000000001,9.96354,9.9441,9.92439,9.90441,9.88416,9.86373,9.84294,9.82197,9.80064,9.77913,9.75744,9.73539,9.71316,9.69075,9.66807,9.6453,9.622349999999999,9.59922,9.57609,9.55287,9.52965,9.50643,9.483300000000002,9.46035,9.43767,9.41517,9.39312,9.37143,9.35037,9.32985,9.30996,9.29097,9.27288,9.255690000000001,9.23967,9.224910000000001,9.21132,9.199259999999999,9.18864,9.17955,9.17217,9.166500000000001,9.16272,9.16074,9.16065,9.16254,9.16641,9.17217,9.17991,9.18963,9.20124,9.21465,9.22995,9.24696,9.26559,9.28584,9.30753,9.33057,9.35487,9.38034,9.40689,9.43434,9.4626,9.49158,9.5211,9.55116,9.58149,9.61209,9.64287,9.67374,9.70452,9.73521,9.76572,9.79587,9.825660000000001,9.85509,9.883980000000001,9.91224,9.93996,9.96705,9.99333,10.018889999999999,10.043730000000002,10.06767,10.09071,10.11285,10.13409,10.154340000000001,10.17369,10.191960000000002,10.209240000000001,10.225530000000001,10.24065,10.25478,10.26792,10.27989,10.290780000000002,10.30059,10.309320000000001,10.316970000000001,10.32345,10.32894,10.333260000000001,10.33659,10.338750000000001,10.33992,10.340100000000001,10.3392,10.33731,10.33443,10.33056,10.325790000000001,10.320210000000001,10.31364,10.30635,10.298340000000001,10.289520000000001,10.28016,10.27008,10.25955,10.24857,10.23723,10.225620000000001,10.21383,10.20186,10.18998,10.17828,10.16676,10.155600000000002,10.14498,10.13499,10.12581,10.11753,10.110330000000001,10.1043,10.09971,10.09656,10.09512,10.09548,10.09773,10.10214,10.10862,10.11753,10.128689999999999,10.14246,10.15866,10.177560000000001,10.199160000000001,10.22337,10.25028,10.27989,10.3122,10.34712,10.38465,10.42479,10.467270000000001,10.512179999999999,10.559429999999999,10.608839999999999,10.66041,10.71396,10.769309999999999,10.826550000000001,10.88541,10.9458,11.00763,11.070720000000001,11.135069999999999,11.20059,11.267100000000001,11.33451,11.40282,11.47185,11.54151,11.611799999999999,11.682540000000001,11.75382,11.82546,11.89746,11.96973,12.04218,12.1149,12.187710000000001,12.26061,12.3336,12.40668,12.47976,12.55284,12.62583,12.69882,12.77172
14.024700000000001,13.953780000000002,13.88295,13.81221,13.74165,13.67109,13.600710000000001,13.53033,13.460040000000001,13.38984,13.31964,13.24944,13.17924,13.10895,13.03866,12.96819,12.897630000000001,12.82689,12.75597,12.684780000000002,12.61323,12.54141,12.46914,12.396419999999999,12.32316,12.249270000000001,12.17475,12.0996,12.02355,11.94669,11.86884,11.78991,11.7099,11.628630000000001,11.546100000000001,11.46204,11.37654,11.28942,11.2005,11.10978,11.01717,10.9224,10.82556,10.72638,10.624770000000002,10.52064,10.41399,10.30455,10.19232,10.0773,9.95922,9.83817,9.71415,9.58707,9.45693,9.324,9.188279999999999,9.04986,8.909244000000001,8.766639,8.622558,8.477577,8.332452,8.188074,8.045541,7.906104000000001,7.771266000000001,7.642683000000001,7.522209,7.411833,7.313598,7.2295560000000005,7.161615,7.11144,7.080309,7.06905,7.077923999999999,7.106607,7.154262,7.219539000000001,7.300727999999999,7.395894,7.5029580000000005,7.619822999999999,7.744482,7.875062999999999,8.009865000000001,8.147385,8.286327,8.425584,8.564247,8.701542000000002,8.836857,8.969715,9.09972,9.22662,9.3501,9.47016,9.58653,9.699209999999999,9.80829,9.913590000000001,10.01529,10.1133,10.2078,10.2987,10.386180000000001,10.470329999999999,10.55115,10.62873,10.70316,10.77462,10.843110000000001,10.90863,10.97145,11.03148,11.08881,11.14362,11.19591,11.24577,11.29329,11.338470000000001,11.381400000000001,11.422080000000001,11.46069,11.49723,11.5317,11.56428,11.59488,11.62359,11.65041,11.67552,11.69892,11.72052,11.74041,11.75877,11.77542,11.79063,11.80413,11.81628,11.82681,11.83599,11.843639999999999,11.84994,11.854800000000001,11.8584,11.86056,11.86146,11.8611,11.85939,11.85642,11.85228,11.84679,11.84022,11.83239,11.82339,11.81322,11.80197,11.78946,11.775960000000001,11.761289999999999,11.74545,11.728620000000001,11.71071,11.69172,11.671650000000001,11.650590000000001,11.628540000000001,11.605410000000001,11.581290000000001,11.55618,11.53008,11.50308,11.47509,11.446110000000001,11.416319999999999,11.38554,11.353950000000001,11.32137,11.28798,11.25378,11.21877,11.18295,11.14641,11.109060000000001,11.07099,11.0322,10.99287,10.952820000000001,10.912139999999999,10.871010000000002,10.82934,10.78722,10.74465,10.70172,10.658520000000001,10.61505,10.5714,10.52757,10.483740000000001,10.44,10.39626,10.35279,10.30959,10.26675,10.22436,10.1826,10.14147,10.10106,10.06155,10.02303,9.98568,9.94941,9.91449,9.88101,9.849060000000001,9.81864,9.789930000000002,9.76302,9.737910000000001,9.714690000000001,9.69354,9.67437,9.65718,9.64206,9.6291,9.61812,9.6093,9.60237,9.59751,9.59454,9.59355,9.59427,9.5967,9.60084,9.60651,9.613620000000001,9.62199,9.63171,9.6426,9.65448,9.66735,9.68103,9.69552,9.71064,9.7263,9.7425,9.759060000000002,9.77598,9.79317,9.810540000000001,9.82809,9.845640000000001,9.86328,9.88101,9.89865,9.916200000000002,9.93366,9.95094,9.96813,9.98523,10.00206,10.01871,10.03518,10.05147,10.06758,10.08342,10.09908,10.11447,10.12977,10.1448,10.159559999999999,10.174230000000001,10.18863,10.20285,10.216890000000001,10.23066,10.244340000000001,10.257750000000001,10.27107,10.28412,10.296990000000001,10.30977,10.322280000000001,10.334610000000001,10.34676,10.358640000000001,10.37043,10.381950000000002,10.39329,10.404449999999999,10.41534,10.42596,10.4364,10.446570000000001,10.45656,10.46619,10.47564,10.484729999999999,10.493549999999999,10.5021,10.510290000000001,10.51821,10.52577,10.53306,10.539900000000001,10.54647,10.55259,10.55835,10.56375,10.56879,10.57338,10.577520000000002,10.5813,10.58463,10.58751,10.59003,10.59201,10.59363,10.594800000000001,10.59543,10.5957,10.59543,10.594710000000001,10.59354,10.59192,10.589760000000002,10.587240000000001,10.58418,10.58076,10.5768,10.57239,10.56753,10.56222,10.55646,10.55025,10.54359,10.536570000000001,10.5291,10.521180000000001,10.5129,10.50417,10.49508,10.48563,10.47573,10.46556,10.45494,10.44405,10.4328,10.421280000000001,10.40931,10.397160000000001,10.38465,10.371870000000001,10.35882,10.3455,10.33191,10.31805,10.30401,10.28961,10.275120000000001,10.26036,10.24533,10.23021,10.21482,10.199160000000001,10.18341,10.167480000000001,10.15128,10.1349,10.11834,10.10169,10.084769999999999,10.06767,10.05039,10.03284,10.0152,9.99738,9.97929,9.96102,9.94257,9.92385,9.90504,9.885869999999999,9.86661,9.84708,9.82737,9.80748,9.787320000000001,9.76698,9.74646,9.72585,9.704970000000001,9.684,9.66285,9.64161,9.62037,9.59904,9.57762,9.55638,9.53514,9.51399,9.493020000000001,9.472320000000002,9.45189,9.43191,9.41229,9.39321,9.37476,9.35694,9.33993,9.32382,9.30861,9.29439,9.28134,9.26955,9.259110000000002,9.25002,9.24237,9.23634,9.23184,9.22905,9.22797,9.22869,9.23121,9.235529999999999,9.24165,9.24957,9.25929,9.27072,9.28395,9.298800000000002,9.315270000000002,9.33327,9.35271,9.37359,9.39573,9.41904,9.44343,9.46881,9.495090000000001,9.52209,9.54981,9.57807,9.60678,9.63594,9.665280000000001,9.6948,9.72432,9.75393,9.78345,9.812700000000001,9.84177,9.87048,9.89883,9.926730000000001,9.95409,9.98091,10.0071,10.03266,10.057500000000001,10.081620000000001,10.104930000000001,10.12734,10.14903,10.16982,10.18962,10.20861,10.22661,10.24362,10.25964,10.27476,10.2888,10.30185,10.31391,10.32489,10.33488,10.34379,10.351709999999999,10.35855,10.3644,10.36926,10.373040000000001,10.37583,10.37763,10.37844,10.37835,10.377270000000001,10.37529,10.37241,10.36872,10.364130000000001,10.35882,10.3527,10.34595,10.338569999999999,10.33056,10.32201,10.31301,10.30365,10.29393,10.284030000000001,10.27404,10.263869999999999,10.25388,10.243979999999999,10.23435,10.22517,10.21644,10.20834,10.20105,10.19466,10.189350000000001,10.185120000000001,10.18224,10.1808,10.180980000000002,10.18287,10.18656,10.19214,10.19988,10.20969,10.22184,10.23624,10.253070000000001,10.27233,10.294110000000002,10.31841,10.34523,10.37448,10.40634,10.44072,10.47753,10.516680000000001,10.558169999999999,10.602,10.64799,10.69605,10.746089999999999,10.79811,10.851930000000001,10.90746,10.96461,11.0232,11.08332,11.14461,11.20725,11.27097,11.33568,11.401290000000001,11.4678,11.535120000000001,11.60307,11.671650000000001,11.74077,11.81043,11.88045,11.95092,12.02166,12.09267,12.16395,12.23532,12.30696,12.378689999999999,12.450420000000001,12.52233,12.594240000000001,12.66606,12.73797,12.809790000000001
13.98357,13.91211,13.84083,13.76964,13.698630000000001,13.62762,13.556790000000001,13.48605,13.415310000000002,13.344750000000001,13.27419,13.20363,13.13307,13.06251,12.991859999999999,12.92112,12.850290000000001,12.77928,12.708,12.63654,12.564810000000001,12.49272,12.42018,12.34719,12.27366,12.19959,12.1248,12.04929,11.97297,11.89575,11.81754,11.73825,11.6577,11.57598,11.49282,11.40822,11.322000000000001,11.23398,11.144250000000001,11.05254,10.95876,10.862729999999999,10.76436,10.66356,10.56024,10.454130000000001,10.34514,10.233270000000001,10.11825,10.00008,9.878580000000001,9.75366,9.62541,9.49365,9.35838,9.2196,9.07758,8.932266,8.783982,8.633034,8.479854,8.325018,8.169264,8.013501000000002,7.858890000000001,7.706781000000001,7.558821,7.416891000000001,7.283115,7.159851000000001,7.049574000000001,6.954786,6.87789,6.820992,6.785775,6.773283,6.783885000000001,6.817167,6.87204,6.946785,7.039251,7.147008,7.267509,7.398243,7.5368520000000006,7.681176,7.829289000000001,7.979553,8.130564000000001,8.281179,8.430435000000001,8.577594,8.722053,8.863362,9.00117,9.13527,9.265410000000001,9.3915,9.51354,9.63144,9.7452,9.855,9.96075,10.06254,10.16046,10.25469,10.34514,10.432080000000001,10.515509999999999,10.59552,10.67229,10.74582,10.81629,10.883700000000001,10.94823,11.009970000000001,11.06892,11.12517,11.17881,11.23002,11.27871,11.325059999999999,11.36916,11.41092,11.45052,11.48805,11.52351,11.556899999999999,11.58831,11.61792,11.64555,11.67138,11.6955,11.71782,11.738430000000001,11.757420000000002,11.77479,11.79054,11.80476,11.81736,11.82852,11.83824,11.846520000000002,11.85336,11.85876,11.86281,11.865599999999999,11.86695,11.867130000000001,11.865870000000001,11.86344,11.85975,11.854890000000001,11.84877,11.84148,11.832930000000001,11.823300000000001,11.8125,11.80053,11.78757,11.77335,11.758140000000001,11.74185,11.724480000000002,11.70603,11.686589999999999,11.666070000000001,11.64456,11.62206,11.59857,11.57409,11.54862,11.52225,11.49498,11.46672,11.437650000000001,11.407680000000001,11.37672,11.345040000000001,11.31246,11.279069999999999,11.24496,11.210040000000001,11.1744,11.13795,11.10087,11.063160000000002,11.02482,10.985850000000001,10.94634,10.90629,10.86579,10.82484,10.78353,10.741859999999999,10.69992,10.6578,10.6155,10.57302,10.53063,10.488240000000001,10.44594,10.403910000000002,10.362060000000001,10.32066,10.279710000000001,10.2393,10.19961,10.16055,10.12239,10.08522,10.04904,10.01394,9.98019,9.947700000000001,9.91665,9.88704,9.85905,9.83268,9.808110000000001,9.785250000000001,9.76428,9.74511,9.72792,9.712620000000001,9.699209999999999,9.68769,9.67815,9.67041,9.66456,9.66051,9.65826,9.657630000000001,9.65862,9.661140000000001,9.6651,9.67041,9.67707,9.68481,9.693719999999999,9.70362,9.714419999999999,9.72603,9.73836,9.75141,9.765,9.77904,9.79353,9.80838,9.8235,9.838890000000001,9.85437,9.87003,9.88578,9.90162,9.91737,9.93312,9.94887,9.96453,9.9801,9.99558,10.01088,10.02609,10.041120000000001,10.05606,10.070730000000001,10.0854,10.0998,10.11411,10.12824,10.14219,10.15596,10.16964,10.18314,10.19655,10.20978,10.22283,10.2357,10.24848,10.261170000000002,10.27368,10.286010000000001,10.298250000000001,10.31031,10.322189999999999,10.33398,10.3455,10.35693,10.36818,10.37925,10.39014,10.40085,10.41138,10.42164,10.43163,10.44153,10.45107,10.46043,10.469430000000001,10.478250000000001,10.48671,10.49499,10.50282,10.510380000000001,10.517669999999999,10.52451,10.531080000000001,10.53729,10.543140000000001,10.54854,10.55358,10.558169999999999,10.5624,10.56627,10.5696,10.572569999999999,10.57509,10.57716,10.578780000000002,10.57995,10.58058,10.580850000000002,10.58067,10.57995,10.578780000000002,10.57716,10.57509,10.57248,10.569420000000001,10.56591,10.56195,10.557540000000001,10.552679999999999,10.54737,10.54152,10.53531,10.528649999999999,10.52154,10.51407,10.506150000000002,10.497779999999999,10.48905,10.47996,10.47042,10.46052,10.45035,10.43973,10.428840000000001,10.41759,10.406070000000001,10.39419,10.38204,10.36953,10.35684,10.34388,10.33065,10.31715,10.30347,10.28961,10.27548,10.26108,10.24659,10.23192,10.21698,10.20195,10.18665,10.17126,10.15578,10.140030000000001,10.12419,10.10817,10.09206,10.07577,10.0593,10.04274,10.026000000000002,10.00917,9.99207,9.97488,9.957600000000001,9.940140000000001,9.922410000000001,9.90468,9.88668,9.86859,9.85023,9.83178,9.81324,9.79443,9.775530000000002,9.756540000000001,9.73737,9.718110000000001,9.698670000000002,9.67923,9.6597,9.64017,9.62064,9.60102,9.58158,9.562230000000001,9.54306,9.52398,9.505260000000002,9.48681,9.46881,9.451170000000001,9.43407,9.41751,9.401670000000001,9.386550000000002,9.372240000000001,9.35892,9.3465,9.33516,9.324990000000001,9.316080000000001,9.308430000000001,9.30213,9.29736,9.294030000000001,9.29223,9.292050000000001,9.29349,9.29664,9.301409999999999,9.30789,9.315990000000001,9.325800000000001,9.33714,9.35019,9.364680000000002,9.380700000000001,9.39825,9.417060000000001,9.43713,9.45846,9.48087,9.50427,9.52866,9.55386,9.57978,9.60633,9.633510000000001,9.661050000000001,9.68895,9.71712,9.745470000000001,9.77391,9.80235,9.83079,9.85896,9.88695,9.914760000000001,9.94212,9.96903,9.99558,10.0215,10.04697,10.07172,10.095839999999999,10.119330000000001,10.14201,10.16397,10.185120000000001,10.20546,10.224900000000002,10.24353,10.26126,10.278,10.29393,10.30887,10.32282,10.33587,10.34793,10.35909,10.36917,10.37835,10.38645,10.393650000000001,10.39995,10.40517,10.40949,10.412820000000002,10.41525,10.41678,10.41741,10.41714,10.41597,10.41408,10.41129,10.40778,10.403550000000001,10.39869,10.3932,10.387080000000001,10.380419999999999,10.37331,10.36575,10.357920000000002,10.349730000000001,10.341450000000002,10.333079999999999,10.32462,10.31634,10.30824,10.300410000000001,10.29294,10.286010000000001,10.279800000000002,10.274220000000001,10.269630000000001,10.265939999999999,10.26351,10.26225,10.26234,10.26396,10.26729,10.27224,10.27908,10.28781,10.29861,10.311480000000001,10.326600000000001,10.34397,10.36359,10.38555,10.40985,10.43658,10.46565,10.497150000000001,10.5309,10.567079999999999,10.60542,10.64601,10.68876,10.73358,10.78038,10.829160000000002,10.87974,10.93203,10.98603,11.04165,11.09862,11.157029999999999,11.216790000000001,11.27763,11.339640000000001,11.40273,11.46672,11.53152,11.59713,11.66346,11.730509999999999,11.79801,11.86614,11.93472,12.00366,12.07296,12.14253,12.21246,12.28257,12.352860000000002,12.42333,12.49389,12.56454,12.63528,12.70611,12.77694,12.84777
13.942079999999999,13.87008,13.79826,13.72662,13.65507,13.5837,13.51242,13.44123,13.37022,13.29921,13.228290000000001,13.15737,13.08654,13.01562,12.9447,12.87369,12.80259,12.731309999999999,12.65985,12.58821,12.516210000000001,12.44385,12.371129999999999,12.297960000000002,12.22425,12.15,12.074940000000002,11.99925,11.92266,11.845170000000001,11.7666,11.68695,11.60613,11.523959999999999,11.440349999999999,11.35512,11.268270000000001,11.17962,11.08908,10.99647,10.90161,10.804409999999999,10.70478,10.60254,10.49742,10.38942,10.278360000000001,10.164060000000001,10.046429999999999,9.9252,9.800370000000001,9.671759999999999,9.53928,9.40284,9.262440000000002,9.11799,8.969481,8.817102,8.660979000000001,8.501391,8.338716,8.173485,8.006409000000001,7.838397,7.670628,7.504551,7.341939,7.1848980000000005,7.035885,6.897645,6.7731840000000005,6.665589,6.577884,6.5128140000000005,6.472538999999999,6.458481000000001,6.471108,6.509907,6.57342,6.659451000000001,6.765219,6.887664,7.023672,7.17021,7.3245059999999995,7.484076,7.646805,7.810884000000001,7.974845999999999,8.137512,8.297928,8.455373999999999,8.609283000000001,8.759267999999999,8.905032,9.04635,9.18324,9.31545,9.44307,9.5661,9.68472,9.79884,9.90855,10.01403,10.11546,10.21275,10.30617,10.39581,10.48176,10.5642,10.64313,10.71873,10.79109,10.86039,10.92654,10.98981,11.05029,11.10798,11.16297,11.215440000000001,11.2653,11.31282,11.35791,11.40075,11.44134,11.47977,11.51613,11.55042,11.58273,11.613059999999999,11.6415,11.66805,11.692800000000002,11.71584,11.73717,11.75679,11.774700000000001,11.791080000000001,11.80584,11.81916,11.830860000000001,11.84112,11.84994,11.85723,11.86326,11.86785,11.871089999999999,11.87298,11.87361,11.87289,11.871,11.86776,11.86335,11.85768,11.85093,11.84292,11.83374,11.82348,11.81205,11.79954,11.78586,11.77119,11.75535,11.73852,11.72061,11.70171,11.68182,11.66085,11.63898,11.61612,11.592270000000001,11.56743,11.54178,11.51514,11.4876,11.45916,11.42991,11.39976,11.3688,11.33703,11.304540000000001,11.27115,11.23713,11.202390000000001,11.16693,11.13075,11.09403,11.05668,11.0187,10.98027,10.9413,10.90188,10.862100000000002,10.82196,10.781460000000001,10.74078,10.69983,10.65879,10.61766,10.57653,10.53549,10.49454,10.45377,10.413359999999999,10.37322,10.33362,10.29447,10.25604,10.21824,10.18134,10.14525,10.11024,10.076220000000001,10.04337,10.01178,9.98154,9.95265,9.92529,9.89946,9.875250000000001,9.85275,9.83187,9.812700000000001,9.795420000000002,9.779760000000001,9.76599,9.75393,9.74376,9.73521,9.72837,9.723329999999999,9.71982,9.717839999999999,9.71739,9.71838,9.72081,9.72441,9.72927,9.7353,9.74232,9.750240000000002,9.75915,9.768780000000001,9.77913,9.79011,9.801630000000001,9.81369,9.8262,9.83898,9.85212,9.865530000000001,9.87921,9.892890000000001,9.90684,9.92079,9.93483,9.94878,9.96282,9.97686,9.99081,10.00467,10.01853,10.032300000000001,10.04589,10.059479999999999,10.072890000000001,10.086300000000001,10.09953,10.11267,10.12572,10.13859,10.15146,10.16415,10.17675,10.18926,10.201680000000001,10.21401,10.22625,10.2384,10.25037,10.26234,10.27413,10.28592,10.297530000000002,10.30896,10.32039,10.33164,10.34271,10.35369,10.36458,10.375200000000001,10.38573,10.39608,10.40616,10.41615,10.425870000000002,10.435319999999999,10.44459,10.45368,10.46241,10.47087,10.47906,10.48698,10.49454,10.50183,10.508759999999999,10.51533,10.52163,10.52748,10.53297,10.53801,10.54269,10.54701,10.550880000000001,10.554300000000001,10.55727,10.55988,10.56195,10.56357,10.56483,10.56555,10.56582,10.56564,10.564919999999999,10.56375,10.56213,10.56006,10.55745,10.55448,10.550880000000001,10.54692,10.54251,10.53756,10.532160000000001,10.5264,10.520100000000001,10.51344,10.50624,10.49868,10.49076,10.48239,10.47357,10.46439,10.45485,10.44495,10.43469,10.42407,10.41318,10.40193,10.390320000000001,10.378530000000001,10.366380000000001,10.35396,10.34127,10.3284,10.31526,10.30185,10.28835,10.27458,10.26063,10.2465,10.23219,10.2177,10.20312,10.18836,10.17342,10.15839,10.143270000000001,10.12806,10.11267,10.09719,10.081620000000001,10.06596,10.05012,10.03428,10.01826,10.00215,9.985949999999999,9.969660000000001,9.953190000000001,9.936720000000001,9.920069999999999,9.90333,9.8865,9.86949,9.852390000000002,9.8352,9.817919999999999,9.80055,9.783,9.765450000000001,9.747720000000001,9.72999,9.71217,9.69435,9.67644,9.65862,9.6408,9.62307,9.60534,9.58779,9.57042,9.553320000000001,9.53649,9.51993,9.50373,9.48798,9.47277,9.45819,9.444149999999999,9.43092,9.41841,9.40671,9.395999999999999,9.38637,9.377730000000001,9.37026,9.36405,9.3591,9.355410000000001,9.353250000000001,9.352440000000001,9.35307,9.35532,9.35901,9.36432,9.37107,9.37944,9.38934,9.40068,9.41355,9.42786,9.443520000000001,9.46053,9.4788,9.49824,9.51885,9.54045,9.56304,9.58653,9.61074,9.635670000000001,9.66123,9.687330000000001,9.713790000000001,9.7407,9.76779,9.79506,9.822420000000001,9.849870000000001,9.87723,9.9045,9.9315,9.95832,9.98478,10.01088,10.03653,10.06173,10.086390000000002,10.11051,10.134,10.15677,10.17891,10.200330000000001,10.22103,10.240920000000001,10.26009,10.278360000000001,10.29582,10.31238,10.32813,10.34298,10.35693,10.36989,10.38204,10.3932,10.403550000000001,10.41291,10.421280000000001,10.428840000000001,10.435410000000001,10.441080000000001,10.44585,10.449810000000001,10.45278,10.45494,10.456290000000001,10.456740000000002,10.45647,10.455390000000001,10.45368,10.45116,10.44801,10.44423,10.439820000000001,10.43496,10.42956,10.423800000000002,10.41768,10.41129,10.404630000000001,10.39779,10.39095,10.3842,10.37745,10.370970000000002,10.36485,10.35909,10.35387,10.34928,10.34541,10.34235,10.34037,10.33938,10.33965,10.34127,10.344240000000001,10.34883,10.35495,10.362870000000001,10.37268,10.38429,10.39797,10.413630000000001,10.43145,10.45143,10.47366,10.498050000000001,10.524690000000001,10.55358,10.58463,10.617930000000001,10.65348,10.6911,10.73079,10.77264,10.81638,10.862100000000002,10.90962,10.958850000000002,11.00988,11.06244,11.11653,11.17206,11.22894,11.28708,11.346390000000001,11.406870000000001,11.46834,11.53071,11.59398,11.65806,11.722859999999999,11.78829,11.85435,11.92095,11.98809,12.05559,12.12354,12.19185,12.26043,12.32919,12.39831,12.46752,12.53691,12.60648,12.67614,12.745890000000001,12.81564,12.88548
13.90005,13.8276,13.75533,13.68315,13.61115,13.53933,13.467600000000001,13.396049999999999,13.32459,13.25322,13.181939999999999,13.110750000000001,13.03956,12.96837,12.89718,12.825899999999999,12.754529999999999,12.68307,12.61143,12.539520000000001,12.46734,12.39489,12.321990000000001,12.24864,12.17484,12.100320000000002,12.02526,11.9493,11.872530000000001,11.79486,11.716109999999999,11.636190000000001,11.555100000000001,11.47257,11.3886,11.30292,11.215620000000001,11.12634,11.03508,10.94166,10.8459,10.747710000000001,10.64691,10.543230000000001,10.43667,10.32696,10.213920000000002,10.097370000000002,9.977129999999999,9.853110000000001,9.72504,9.59283,9.4563,9.315270000000002,9.16974,9.01953,8.864703,8.705187,8.541108,8.372673,8.20017,8.024076,7.845039000000001,7.663941,7.481942999999999,7.300548,7.1216550000000005,6.947568,6.781086,6.625431,6.484194,6.361245,6.260418,6.185277,6.13872,6.1226460000000005,6.137694,6.183198,6.257205,6.35679,6.478371,6.618069,6.772005,6.936543,7.108443,7.284906000000001,7.4635739999999995,7.642557000000001,7.820316,7.995672000000001,8.167725,8.3358,8.499402,8.658216000000001,8.812017,8.960688,9.104130000000001,9.24246,9.375660000000002,9.50382,9.62703,9.74538,9.85905,9.96813,10.0728,10.17324,10.26945,10.36179,10.45017,10.53477,10.615860000000001,10.69344,10.76769,10.83861,10.90647,10.97127,11.033100000000001,11.09214,11.148480000000001,11.20212,11.253150000000002,11.30175,11.34792,11.391660000000002,11.43324,11.47257,11.50974,11.54484,11.577960000000001,11.60901,11.63817,11.66544,11.69091,11.71458,11.73654,11.75679,11.77533,11.792340000000001,11.807640000000001,11.8215,11.83374,11.84454,11.8539,11.861730000000001,11.86821,11.87334,11.87703,11.879460000000002,11.88054,11.88036,11.87892,11.87622,11.87226,11.867130000000001,11.86083,11.85327,11.84463,11.83482,11.82384,11.81187,11.79873,11.78451,11.7693,11.75292,11.73564,11.71728,11.697840000000001,11.6775,11.65617,11.63385,11.61063,11.58651,11.5614,11.53548,11.50857,11.48085,11.45232,11.42289,11.39265,11.361690000000001,11.329920000000001,11.29743,11.26422,11.23029,11.195730000000001,11.160540000000001,11.12472,11.08827,11.05137,11.01393,10.976040000000001,10.937700000000001,10.899,10.85994,10.82061,10.78101,10.74132,10.70145,10.66149,10.62162,10.581750000000001,10.542060000000001,10.50255,10.46331,10.424430000000001,10.386,10.34811,10.31076,10.27413,10.23831,10.2033,10.16928,10.13616,10.10421,10.07343,10.04391,10.015740000000001,9.98883,9.96345,9.9396,9.91719,9.89649,9.877320000000001,9.85977,9.84393,9.82971,9.81711,9.80613,9.79686,9.78912,9.783,9.77832,9.77508,9.77337,9.772920000000001,9.77373,9.77571,9.778950000000002,9.783180000000002,9.7884,9.79452,9.801449999999999,9.809190000000001,9.81765,9.82674,9.83628,9.84645,9.85698,9.86787,9.87912,9.89055,9.902339999999999,9.91422,9.92628,9.93852,9.95076,9.963090000000001,9.97542,9.98784,10.00026,10.01259,10.02492,10.03725,10.04949,10.06173,10.073970000000001,10.08603,10.098090000000001,10.110149999999999,10.12212,10.134,10.14579,10.15758,10.16937,10.18107,10.192680000000001,10.20429,10.21581,10.22733,10.238760000000001,10.2501,10.26144,10.272689999999999,10.283850000000001,10.295010000000001,10.305990000000001,10.316880000000001,10.327770000000001,10.33848,10.3491,10.35954,10.36989,10.38006,10.39005,10.39995,10.40958,10.419030000000001,10.4283,10.4373,10.44603,10.45449,10.46268,10.470690000000001,10.478250000000001,10.48563,10.492560000000001,10.499220000000001,10.50552,10.51146,10.51695,10.522170000000001,10.526850000000001,10.53126,10.53513,10.538640000000001,10.541699999999999,10.54431,10.54647,10.54818,10.54944,10.55016,10.55052,10.55034,10.54971,10.54854,10.54692,10.54485,10.54224,10.53918,10.535670000000001,10.53162,10.52712,10.522170000000001,10.51677,10.51092,10.50462,10.49787,10.49067,10.48302,10.47501,10.46655,10.45773,10.448550000000001,10.438920000000001,10.42893,10.41867,10.408050000000001,10.397070000000001,10.38582,10.37421,10.36233,10.35018,10.33785,10.32516,10.31229,10.299240000000001,10.286010000000001,10.27251,10.25883,10.24506,10.231110000000001,10.21698,10.20276,10.18845,10.17396,10.15938,10.1448,10.13004,10.11519,10.100340000000001,10.08531,10.07028,10.05525,10.04004,10.02483,10.009530000000002,9.99423,9.97884,9.96336,9.947880000000001,9.93231,9.91665,9.90099,9.88524,9.869399999999999,9.85347,9.83754,9.821520000000001,9.80541,9.7893,9.7731,9.7569,9.74061,9.72441,9.70812,9.691920000000001,9.67572,9.659519999999999,9.6435,9.62757,9.61182,9.59625,9.58095,9.56592,9.55116,9.536850000000001,9.52299,9.50958,9.49671,9.48447,9.472949999999999,9.462150000000001,9.45216,9.44307,9.43497,9.42786,9.42183,9.41688,9.41319,9.41076,9.40959,9.40968,9.411209999999999,9.41418,9.4185,9.42426,9.43146,9.440100000000001,9.45009,9.46152,9.4743,9.488430000000001,9.50382,9.520470000000001,9.538200000000002,9.5571,9.57708,9.59805,9.61983,9.642510000000001,9.66591,9.68994,9.71451,9.73971,9.765179999999999,9.7911,9.8172,9.843570000000001,9.86994,9.8964,9.92286,9.949140000000002,9.975330000000001,10.00125,10.0269,10.052190000000001,10.07703,10.101510000000001,10.12545,10.14894,10.1718,10.194030000000001,10.21563,10.236600000000001,10.25685,10.276380000000001,10.2951,10.3131,10.33038,10.34676,10.36233,10.376999999999999,10.39095,10.403910000000002,10.41615,10.4274,10.43784,10.44738,10.45611,10.46385,10.47087,10.4769,10.48221,10.48662,10.490219999999999,10.49301,10.49499,10.49625,10.4967,10.49652,10.49562,10.49409,10.49193,10.489230000000001,10.48599,10.4823,10.47816,10.47366,10.4688,10.46376,10.458450000000001,10.45314,10.44774,10.44243,10.4373,10.43235,10.42776,10.42353,10.41993,10.41687,10.414530000000001,10.413,10.41246,10.413,10.41462,10.41759,10.42182,10.42758,10.43487,10.44378,10.45449,10.467,10.481309999999999,10.4976,10.515870000000001,10.536209999999999,10.558530000000001,10.583010000000002,10.60956,10.63827,10.66905,10.7019,10.73691,10.773810000000001,10.81278,10.85373,10.89648,10.941120000000002,10.98756,11.03562,11.0853,11.136600000000001,11.189340000000001,11.24352,11.29896,11.35566,11.41353,11.47248,11.53242,11.593350000000001,11.655090000000001,11.717730000000001,11.78109,11.84508,11.9097,11.97495,12.040650000000001,12.10689,12.17349,12.240450000000001,12.30777,12.37536,12.44322,12.51126,12.57957,12.64797,12.71655,12.78531,12.85407,12.922920000000001
13.857569999999999,13.78467,13.71186,13.63923,13.56678,13.49442,13.42233,13.350330000000001,13.27851,13.20678,13.13514,13.063590000000001,12.992040000000001,12.92058,12.84912,12.777660000000001,12.70611,12.63447,12.562650000000001,12.49056,12.41829,12.34566,12.27267,12.19932,12.12534,12.05073,11.97558,11.89953,11.82267,11.744909999999999,11.66598,11.585970000000001,11.50461,11.4219,11.337570000000001,11.251619999999999,11.16387,11.074140000000002,10.98234,10.888290000000001,10.79181,10.692720000000001,10.59084,10.48599,10.37799,10.266660000000002,10.15182,10.03329,9.910710000000002,9.783990000000001,9.65295,9.51723,9.37683,9.23148,9.080910000000001,8.925156000000001,8.763984,8.597367,8.425305,8.247906,8.065368000000001,7.87806,7.686522,7.491582000000001,7.294338000000001,7.096284,6.899400000000001,6.706179000000001,6.519726,6.3437850000000005,6.182694,6.041214,5.924295000000001,5.836644,5.782166999999999,5.763483000000001,5.7815010000000004,5.835285,5.92218,6.038253,6.178788,6.33879,6.513489,6.698511,6.890112,7.085151000000001,7.281108000000001,7.476012,7.668333,7.856928,8.040996,8.219934,8.393364,8.561052,8.722881000000001,8.878815,9.02889,9.17316,9.31176,9.444870000000002,9.57258,9.69507,9.81252,9.92502,10.03293,10.13625,10.23525,10.330020000000001,10.42074,10.5075,10.590570000000001,10.67004,10.746,10.81863,10.88802,10.95426,11.01744,11.07783,11.135340000000001,11.19006,11.24226,11.29185,11.33901,11.38374,11.42622,11.46636,11.504340000000001,11.54025,11.57409,11.60586,11.63574,11.66373,11.68983,11.71413,11.736720000000002,11.75751,11.77668,11.794229999999999,11.81007,11.82447,11.837250000000001,11.848590000000002,11.8584,11.86677,11.87379,11.87937,11.883600000000001,11.88648,11.88801,11.88828,11.88729,11.88513,11.88162,11.876940000000001,11.871089999999999,11.86407,11.855879999999999,11.846520000000002,11.836079999999999,11.824560000000002,11.81196,11.79819,11.783430000000001,11.76768,11.75085,11.73303,11.714220000000001,11.694420000000001,11.673630000000001,11.65194,11.62935,11.605770000000001,11.581290000000001,11.556000000000001,11.529720000000001,11.50272,11.474820000000001,11.446110000000001,11.41668,11.38644,11.35548,11.32371,11.29131,11.258280000000001,11.22453,11.190150000000001,11.155230000000001,11.11977,11.083770000000001,11.047320000000001,11.01042,10.97307,10.93545,10.89738,10.85913,10.8207,10.782,10.7433,10.70451,10.66572,10.62702,10.588410000000001,10.550070000000002,10.512,10.47429,10.43694,10.40013,10.36386,10.32831,10.29348,10.25946,10.22625,10.194030000000001,10.162889999999999,10.13283,10.10385,10.076220000000001,10.04985,10.024740000000001,10.001159999999999,9.97893,9.95814,9.938970000000001,9.921240000000001,9.90504,9.89037,9.87723,9.86562,9.85554,9.846900000000002,9.8397,9.83394,9.82953,9.82647,9.824580000000001,9.82395,9.82449,9.82602,9.82854,9.83205,9.836459999999999,9.84159,9.84753,9.8541,9.861300000000002,9.86895,9.87723,9.885869999999999,9.894870000000001,9.90432,9.91395,9.92385,9.93393,9.944280000000001,9.95472,9.96525,9.97596,9.98667,9.99747,10.00836,10.019250000000001,10.030140000000001,10.041030000000001,10.051919999999999,10.062809999999999,10.073789999999999,10.08468,10.09557,10.10646,10.11735,10.12824,10.139130000000002,10.15002,10.16091,10.1718,10.182690000000001,10.19349,10.20438,10.21527,10.22607,10.23696,10.24776,10.258560000000001,10.269359999999999,10.28007,10.290780000000002,10.3014,10.31193,10.322460000000001,10.33281,10.343160000000001,10.35333,10.363410000000002,10.37331,10.38303,10.39266,10.40211,10.41129,10.42029,10.42902,10.437570000000001,10.44585,10.45377,10.46151,10.46889,10.47591,10.48266,10.48905,10.49499,10.500660000000002,10.50588,10.51074,10.51515,10.519110000000001,10.52271,10.52586,10.52856,10.530719999999999,10.53252,10.53378,10.53459,10.53495,10.53477,10.534139999999999,10.53306,10.53144,10.52928,10.526760000000001,10.5237,10.520100000000001,10.51605,10.511550000000002,10.5066,10.50111,10.495170000000002,10.48878,10.48203,10.47474,10.46709,10.45899,10.45044,10.44153,10.432260000000001,10.422540000000001,10.41255,10.4022,10.39149,10.38051,10.36917,10.35756,10.345680000000002,10.33353,10.321110000000001,10.308510000000002,10.29564,10.28259,10.26945,10.25604,10.24254,10.22886,10.215,10.20114,10.187100000000001,10.172970000000001,10.15884,10.14453,10.130220000000001,10.115910000000001,10.101510000000001,10.08702,10.07253,10.05804,10.04355,10.028970000000001,10.01448,9.9999,9.98532,9.97074,9.95607,9.94149,9.92682,9.91215,9.89748,9.882810000000001,9.86814,9.85338,9.83871,9.82395,9.809190000000001,9.79434,9.77958,9.76482,9.75006,9.7353,9.720630000000002,9.70596,9.69138,9.67689,9.66249,9.64827,9.63423,9.62046,9.60687,9.59355,9.580680000000001,9.56808,9.55593,9.544319999999999,9.53316,9.52272,9.512820000000001,9.50373,9.49536,9.4878,9.48114,9.47547,9.47079,9.46719,9.46467,9.46332,9.46323,9.464310000000001,9.46665,9.470250000000002,9.475200000000001,9.4815,9.48906,9.49797,9.508230000000001,9.51975,9.53244,9.54648,9.5616,9.57798,9.59535,9.613800000000001,9.63315,9.653490000000001,9.67464,9.6966,9.719280000000001,9.7425,9.76626,9.79056,9.81522,9.84024,9.865530000000001,9.89091,9.91647,9.942029999999999,9.967590000000001,9.993060000000002,10.018350000000002,10.04346,10.068389999999999,10.09287,10.11708,10.14084,10.16415,10.187009999999999,10.20933,10.231020000000001,10.25217,10.2726,10.29249,10.31166,10.33011,10.34784,10.36476,10.38096,10.39644,10.41102,10.42488,10.43793,10.45017,10.46151,10.47213,10.48185,10.49076,10.49886,10.50624,10.51272,10.51839,10.523340000000001,10.52748,10.53081,10.533510000000001,10.5354,10.53666,10.53729,10.53729,10.53666,10.53549,10.53378,10.53162,10.52901,10.52595,10.52271,10.519110000000001,10.51533,10.51137,10.50741,10.50345,10.49949,10.495800000000001,10.492289999999999,10.48914,10.48644,10.484190000000002,10.48266,10.48176,10.481670000000001,10.48248,10.48437,10.48734,10.49148,10.49697,10.50381,10.51209,10.52199,10.533510000000001,10.54674,10.56168,10.57851,10.59723,10.61784,10.64043,10.66491,10.691460000000001,10.71999,10.7505,10.78299,10.81737,10.85373,10.89198,10.932120000000001,10.974060000000001,11.01771,11.06307,11.110050000000001,11.158560000000001,11.2086,11.26008,11.313,11.367090000000001,11.42244,11.47896,11.536470000000001,11.59506,11.65455,11.71494,11.77614,11.838149999999999,11.90079,11.96406,12.02796,12.0924,12.157290000000001,12.22263,12.28833,12.35448,12.4209,12.48759,12.55455,12.621780000000001,12.6891,12.756689999999999,12.82437,12.892140000000001,12.960090000000001
13.81464,13.741200000000001,13.667850000000001,13.59468,13.521780000000001,13.449060000000001,13.376430000000001,13.30407,13.2318,13.15971,13.0878,13.01589,12.94416,12.87243,12.8007,12.72906,12.65724,12.585420000000001,12.51351,12.44133,12.36897,12.29625,12.22326,12.149730000000002,12.075750000000001,12.00114,11.9259,11.84994,11.77299,11.69514,11.61621,11.53611,11.45466,11.371860000000002,11.28735,11.201220000000001,11.1132,11.0232,10.930950000000001,10.83636,10.73925,10.63944,10.53666,10.43082,10.32165,10.208969999999999,10.09251,9.97209,9.84735,9.7182,9.584280000000001,9.4455,9.301409999999999,9.15183,8.99658,8.835399,8.668107000000001,8.494542000000001,8.314596000000002,8.12826,7.935614999999999,7.736877,7.532478,7.323084000000001,7.109694,6.893721,6.677145,6.462576,6.2534160000000005,6.053913,5.869224,5.70528,5.568453,5.465034,5.4004319999999995,5.378346,5.400072,5.464287000000001,5.567283000000001,5.703615,5.866992000000001,6.0510150000000005,6.249726,6.457959,6.671448000000001,6.886764,7.101279000000001,7.313013,7.520508,7.722756,7.919046,8.108946000000001,8.292204,8.468712,8.638452000000001,8.801505,8.957988,9.10809,9.25191,9.38979,9.521730000000002,9.64818,9.76923,9.88506,9.995940000000001,10.10214,10.203660000000001,10.30077,10.393650000000001,10.482569999999999,10.56753,10.64871,10.72629,10.800450000000001,10.87128,10.93887,11.003400000000001,11.06496,11.123550000000002,11.17944,11.23263,11.28321,11.33127,11.376900000000001,11.42019,11.46123,11.50002,11.53665,11.57112,11.603700000000002,11.63421,11.662830000000001,11.68956,11.71449,11.73762,11.75904,11.77875,11.79675,11.81322,11.82807,11.84139,11.85318,11.863529999999999,11.872349999999999,11.87982,11.88594,11.89062,11.89395,11.89602,11.896740000000001,11.8962,11.8944,11.89143,11.8872,11.8818,11.87523,11.86749,11.85867,11.84868,11.837610000000002,11.82546,11.812320000000001,11.79801,11.782710000000002,11.76642,11.74914,11.73087,11.71161,11.69136,11.67021,11.648159999999999,11.625210000000001,11.60136,11.5767,11.55105,11.52468,11.4975,11.46951,11.440710000000001,11.41119,11.38095,11.34999,11.3184,11.286090000000002,11.25324,11.21967,11.18565,11.15109,11.11599,11.080440000000001,11.04444,11.00808,10.97136,10.934370000000001,10.897200000000002,10.85967,10.82214,10.78443,10.74672,10.708919999999999,10.6713,10.63386,10.59651,10.55952,10.5228,10.48653,10.45071,10.415429999999999,10.38078,10.34685,10.31364,10.28133,10.249830000000001,10.21932,10.18989,10.16154,10.13427,10.108260000000001,10.08351,10.06011,10.03797,10.01718,9.99783,9.979920000000002,9.96336,9.94824,9.93456,9.922229999999999,9.911340000000001,9.90189,9.8937,9.88686,9.88128,9.87687,9.87372,9.87165,9.870659999999999,9.870659999999999,9.87156,9.87345,9.87606,9.879480000000001,9.88362,9.88839,9.893790000000001,9.899730000000002,9.90612,9.91296,9.92016,9.927719999999999,9.935550000000001,9.94374,9.952110000000001,9.960659999999999,9.96939,9.9783,9.98739,9.99648,10.00575,10.01511,10.024469999999999,10.03392,10.04346,10.053,10.06263,10.07235,10.08207,10.091790000000001,10.101600000000001,10.11141,10.121310000000001,10.1313,10.141290000000001,10.15128,10.16136,10.17153,10.181700000000001,10.19187,10.20213,10.212480000000001,10.22274,10.23309,10.243440000000001,10.25388,10.26423,10.27458,10.28493,10.29528,10.30554,10.3158,10.32588,10.335960000000002,10.34595,10.35576,10.365480000000002,10.375110000000001,10.38447,10.393740000000001,10.40274,10.411560000000001,10.42011,10.42839,10.436490000000001,10.44423,10.4517,10.458810000000001,10.46565,10.47213,10.47816,10.48392,10.489230000000001,10.49418,10.49868,10.50282,10.50642,10.50966,10.512450000000001,10.5147,10.5165,10.517850000000001,10.51875,10.519110000000001,10.51902,10.51839,10.51731,10.515690000000001,10.513620000000001,10.51101,10.50786,10.50435,10.500210000000001,10.495709999999999,10.49067,10.48509,10.47915,10.47267,10.46583,10.458450000000001,10.45071,10.44252,10.43397,10.42497,10.415610000000001,10.4058,10.39572,10.38528,10.37448,10.363410000000002,10.351980000000001,10.34037,10.3284,10.31625,10.303830000000001,10.29114,10.278360000000001,10.265310000000001,10.25217,10.238850000000001,10.225439999999999,10.21185,10.198170000000001,10.1844,10.170630000000001,10.15668,10.14273,10.12878,10.11483,10.10079,10.08684,10.0728,10.05876,10.04481,10.03086,10.01691,10.00305,9.9891,9.975330000000001,9.96147,9.947700000000001,9.93393,9.920250000000001,9.90657,9.892890000000001,9.8793,9.86571,9.85212,9.83862,9.82512,9.81162,9.798210000000001,9.7848,9.77139,9.75807,9.74484,9.7317,9.718560000000002,9.7056,9.692730000000001,9.68004,9.667440000000001,9.65511,9.64296,9.63108,9.61956,9.608310000000001,9.59751,9.58707,9.57708,9.567720000000001,9.558810000000001,9.55062,9.54306,9.53622,9.530190000000001,9.52506,9.52074,9.51732,9.514980000000001,9.513630000000001,9.51336,9.51426,9.516240000000002,9.51939,9.523800000000001,9.529380000000002,9.536130000000002,9.54414,9.553320000000001,9.56376,9.575370000000001,9.588149999999999,9.6021,9.617130000000001,9.63315,9.65025,9.66834,9.687240000000001,9.707040000000001,9.72765,9.748980000000001,9.770940000000001,9.79344,9.81657,9.840060000000001,9.863909999999999,9.88812,9.9126,9.93717,9.96192,9.98667,10.011510000000001,10.03617,10.06074,10.085130000000001,10.10925,10.1331,10.15659,10.179720000000001,10.202490000000001,10.22472,10.2465,10.26774,10.28835,10.30842,10.327950000000001,10.34676,10.36485,10.38231,10.39905,10.41516,10.43046,10.44495,10.458810000000001,10.471860000000001,10.4841,10.49562,10.50633,10.51623,10.52541,10.53378,10.54143,10.54827,10.55439,10.559790000000001,10.56447,10.56843,10.57176,10.57437,10.57635,10.5777,10.57851,10.578780000000002,10.57851,10.57779,10.57662,10.575000000000001,10.57311,10.57095,10.568610000000001,10.566,10.5633,10.5606,10.5579,10.55538,10.552950000000001,10.550790000000001,10.54908,10.54764,10.54683,10.546560000000001,10.5471,10.54827,10.55043,10.55358,10.55772,10.563030000000001,10.5696,10.577430000000001,10.5867,10.5975,10.60974,10.62369,10.63926,10.65663,10.67571,10.69659,10.71936,10.74393,10.77039,10.79883,10.82907,10.8612,10.89513,10.930950000000001,10.968570000000001,11.00799,11.04903,11.09187,11.13624,11.18223,11.229659999999999,11.27862,11.32893,11.3805,11.43342,11.48751,11.54268,11.598930000000001,11.65626,11.7144,11.77353,11.83338,11.89404,11.95542,12.017430000000001,12.080070000000001,12.14316,12.20688,12.271049999999999,12.33558,12.40047,12.46581,12.53142,12.5973,12.66345,12.72978,12.79629,12.863069999999999,12.92994,12.9969
13.77126,13.697189999999999,13.6233,13.54968,13.476329999999999,13.403070000000001,13.33008,13.25727,13.18464,13.11219,13.03992,12.967740000000001,12.89565,12.82365,12.75174,12.679920000000001,12.60801,12.536010000000001,12.463920000000002,12.39174,12.31929,12.24657,12.17349,12.10005,12.026069999999999,11.951550000000001,11.87631,11.80035,11.72358,11.64573,11.56689,11.48679,11.405339999999999,11.322450000000002,11.23803,11.151720000000001,11.06361,10.97334,10.88082,10.785960000000001,10.6884,10.58796,10.48455,10.3779,10.26774,10.15389,10.03608,9.91395,9.787410000000001,9.65601,9.519660000000002,9.37782,9.230400000000001,9.07695,8.917299000000002,8.751033,8.577900000000001,8.397657,8.210079,8.014995,7.812351,7.6021920000000005,7.384761,7.160526000000001,6.930306,6.695342999999999,6.4575,6.219387,5.984586,5.757831,5.545143,5.3538120000000005,5.192109,5.068548,4.990779,4.9641660000000005,4.990662,5.068314,5.191722,5.353236,5.544342,5.756751,5.9831460000000005,6.217506,6.45507,6.692247,6.9264,7.155647999999999,7.378722,7.594794,7.803350999999999,8.004132,8.197056,8.382159000000001,8.559576,8.729487,8.892126000000001,9.0477,9.196560000000002,9.338940000000001,9.475019999999999,9.60516,9.729540000000002,9.84852,9.962190000000001,10.07091,10.17486,10.274220000000001,10.36917,10.45989,10.546650000000001,10.62954,10.70865,10.78425,10.85643,10.92528,10.99098,11.05362,11.113380000000001,11.17026,11.224440000000001,11.275920000000001,11.32488,11.37132,11.41542,11.457180000000001,11.496690000000001,11.53395,11.56923,11.602350000000001,11.63349,11.662740000000001,11.690100000000001,11.715570000000001,11.73924,11.7612,11.781450000000001,11.799990000000001,11.817,11.8323,11.84616,11.8584,11.869200000000001,11.87856,11.88648,11.89296,11.89818,11.901959999999999,11.904390000000001,11.905650000000001,11.905560000000001,11.90421,11.90169,11.897910000000001,11.89296,11.88684,11.87955,11.87118,11.861640000000001,11.85102,11.839409999999999,11.826630000000002,11.81286,11.7981,11.78226,11.76552,11.747700000000002,11.72898,11.70936,11.68875,11.66724,11.64492,11.62161,11.59749,11.57256,11.54682,11.52027,11.49291,11.46483,11.43603,11.40651,11.37627,11.3454,11.3139,11.28177,11.2491,11.21589,11.18214,11.14794,11.1132,11.078190000000001,11.04273,11.006910000000001,10.97091,10.93464,10.8981,10.86147,10.82484,10.788030000000001,10.75131,10.714680000000001,10.678139999999999,10.641869999999999,10.605780000000001,10.57005,10.53468,10.49976,10.46538,10.43163,10.39851,10.366109999999999,10.33443,10.30365,10.27377,10.24488,10.21698,10.19016,10.16442,10.139850000000001,10.11654,10.09449,10.07361,10.05408,10.0359,10.018979999999999,10.00341,9.9891,9.976140000000001,9.96453,9.954180000000001,9.945,9.93708,9.93033,9.92475,9.920250000000001,9.916830000000001,9.91431,9.91287,9.91224,9.91251,9.9135,9.91521,9.91764,9.9207,9.924299999999999,9.92844,9.93312,9.938160000000002,9.943650000000002,9.94941,9.95553,9.96192,9.968580000000001,9.97551,9.982619999999999,9.98982,9.997290000000001,10.004850000000001,10.01259,10.020420000000001,10.02834,10.03644,10.044540000000001,10.05282,10.06119,10.06956,10.07811,10.08675,10.09548,10.1043,10.11321,10.12221,10.1313,10.14057,10.14984,10.1592,10.168740000000001,10.17828,10.188,10.19772,10.20753,10.21743,10.22733,10.23741,10.247399999999999,10.25748,10.267560000000001,10.277640000000002,10.28781,10.2978,10.30788,10.31787,10.327679999999999,10.33749,10.34721,10.35675,10.366200000000001,10.37547,10.38456,10.39338,10.40202,10.41039,10.41858,10.426409999999999,10.43397,10.44126,10.44819,10.45476,10.460970000000001,10.46682,10.47222,10.477260000000001,10.48194,10.486170000000001,10.48986,10.49319,10.495980000000001,10.49841,10.5003,10.50165,10.502640000000001,10.503,10.50291,10.50237,10.501290000000001,10.49967,10.4976,10.49499,10.49184,10.488240000000001,10.484190000000002,10.479510000000001,10.47447,10.46889,10.462860000000001,10.456290000000001,10.44936,10.44189,10.43406,10.42578,10.417050000000001,10.40796,10.39851,10.38861,10.37844,10.36791,10.35702,10.34586,10.33434,10.32255,10.310580000000002,10.298340000000001,10.28592,10.27323,10.26036,10.247399999999999,10.23417,10.22094,10.20753,10.194030000000001,10.180530000000001,10.16685,10.15326,10.13958,10.12581,10.11213,10.09845,10.084769999999999,10.071180000000002,10.057590000000001,10.044,10.0305,10.017090000000001,10.00377,9.990540000000001,9.977310000000001,9.964170000000001,9.951120000000001,9.938160000000002,9.92529,9.91251,9.89982,9.887129999999999,9.87462,9.862110000000001,9.84969,9.83736,9.82503,9.81288,9.80073,9.788670000000002,9.7767,9.76482,9.75303,9.741330000000001,9.72981,9.71838,9.707040000000001,9.69597,9.685080000000001,9.67428,9.66384,9.65367,9.64377,9.63423,9.62505,9.61623,9.60795,9.60021,9.59292,9.586260000000001,9.58023,9.57492,9.57033,9.566550000000001,9.56367,9.56151,9.56043,9.560160000000002,9.560970000000001,9.56286,9.56574,9.5697,9.57474,9.58095,9.58824,9.5967,9.606240000000001,9.61695,9.62874,9.64161,9.655470000000001,9.67041,9.686340000000001,9.70317,9.72081,9.73944,9.75879,9.77886,9.799650000000002,9.82098,9.84294,9.86535,9.88812,9.911340000000001,9.93483,9.958499999999999,9.98244,10.00638,10.0305,10.05453,10.07847,10.10232,10.12599,10.14948,10.1727,10.19565,10.218150000000001,10.24029,10.262070000000001,10.28331,10.3041,10.32435,10.34397,10.36314,10.381590000000001,10.3995,10.41669,10.43325,10.44909,10.464300000000001,10.47879,10.492560000000001,10.50561,10.517940000000001,10.52955,10.54035,10.55052,10.55988,10.568610000000001,10.57653,10.583730000000001,10.5903,10.59615,10.60137,10.60587,10.60974,10.61298,10.61568,10.61775,10.61937,10.62045,10.62099,10.62117,10.62099,10.62045,10.61955,10.61847,10.617210000000002,10.61577,10.61424,10.61271,10.611270000000001,10.60992,10.608839999999999,10.607940000000001,10.60749,10.6074,10.607850000000001,10.608839999999999,10.61055,10.61298,10.61631,10.62063,10.62585,10.63224,10.6398,10.64862,10.65879,10.6704,10.68345,10.69803,10.71414,10.73196,10.7514,10.77255,10.795499999999999,10.82016,10.84662,10.87488,10.90485,10.93671,10.97028,11.005560000000001,11.04255,11.08125,11.12166,11.1636,11.20707,11.25216,11.2986,11.346480000000001,11.39571,11.446200000000001,11.49795,11.55078,11.60478,11.65986,11.71593,11.7729,11.830680000000001,11.88936,11.94876,12.00888,12.06972,12.1311,12.19311,12.25557,12.318570000000001,12.38202,12.445829999999999,12.51009,12.57462,12.63942,12.70458,12.76992,12.83553,12.90132,12.96729,13.03344
13.72725,13.652640000000002,13.5783,13.50414,13.43016,13.35654,13.283100000000001,13.20984,13.13685,13.06404,12.99141,12.91896,12.846599999999999,12.77442,12.70233,12.63024,12.55815,12.48615,12.41397,12.3417,12.269250000000001,12.196530000000001,12.12354,12.0501,11.97621,11.90178,11.82672,11.75085,11.67417,11.596589999999999,11.51784,11.43792,11.35656,11.273850000000001,11.189430000000002,11.10321,11.0151,10.92474,10.83222,10.73709,10.63926,10.53846,10.4346,10.32732,10.21644,10.101600000000001,9.982619999999999,9.85923,9.73107,9.59778,9.45918,9.314820000000001,9.164340000000001,9.00747,8.843706000000001,8.672751,8.494200000000001,8.307693,8.112879,7.909433999999999,7.6971240000000005,7.475796000000001,7.24545,7.00632,6.75891,6.504219,6.243822,5.980158,5.7168090000000005,5.4588149999999995,5.213007,4.988223,4.795128,4.6454130000000005,4.550121000000001,4.517379,4.550193,4.645548,4.795353,4.988529000000001,5.213385000000001,5.459265,5.717322,5.980707,6.244353,6.504678,6.7592159999999994,7.006356,7.24509,7.474887,7.695468000000001,7.906833000000001,8.109072000000001,8.30241,8.487126,8.663526,8.831942999999999,8.992728000000001,9.14625,9.29277,9.432630000000001,9.566189999999999,9.693719999999999,9.81558,9.93186,10.043009999999999,10.14912,10.25046,10.3473,10.439820000000001,10.5282,10.612530000000001,10.69317,10.77003,10.84347,10.91349,10.980360000000001,11.04399,11.10474,11.162519999999999,11.217600000000001,11.26989,11.31966,11.366909999999999,11.41173,11.454210000000002,11.49435,11.53242,11.568240000000001,11.60199,11.633759999999999,11.66355,11.691450000000001,11.717459999999999,11.741670000000001,11.764170000000002,11.784870000000002,11.80395,11.82141,11.837250000000001,11.851560000000001,11.86425,11.8755,11.88531,11.89368,11.90061,11.90619,11.91042,11.91339,11.915009999999999,11.915370000000001,11.914470000000001,11.912310000000002,11.908980000000001,11.90448,11.898810000000001,11.89197,11.88405,11.87496,11.86488,11.85363,11.84139,11.82807,11.81376,11.79846,11.78217,11.764890000000001,11.74671,11.72754,11.70756,11.686589999999999,11.66472,11.642040000000001,11.618549999999999,11.59425,11.56905,11.54313,11.51649,11.48904,11.46087,11.43207,11.40255,11.372399999999999,11.34162,11.3103,11.27835,11.24595,11.21301,11.17962,11.14578,11.11149,11.07693,11.0421,11.006910000000001,10.971540000000001,10.9359,10.90026,10.86444,10.82862,10.792800000000002,10.757069999999999,10.721520000000002,10.686060000000001,10.650960000000001,10.61604,10.581570000000001,10.547460000000001,10.51389,10.48095,10.44846,10.41678,10.38573,10.35558,10.32624,10.29771,10.27026,10.24371,10.21824,10.19394,10.170630000000001,10.148579999999999,10.12761,10.1079,10.089360000000001,10.07208,10.05597,10.041120000000001,10.02753,10.01511,10.00386,9.993780000000001,9.98478,9.97695,9.97011,9.964350000000001,9.95958,9.95571,9.95274,9.95067,9.94932,9.94878,9.94887,9.94959,9.95094,9.95292,9.955350000000001,9.95823,9.96156,9.96525,9.96939,9.9738,9.97848,9.98352,9.98874,9.99414,9.999810000000002,10.00566,10.01169,10.017900000000001,10.02429,10.03077,10.03743,10.04427,10.0512,10.05831,10.06551,10.072890000000001,10.08045,10.0881,10.095839999999999,10.10376,10.11186,10.120140000000001,10.12851,10.137060000000002,10.1457,10.15452,10.16352,10.172609999999999,10.181790000000001,10.19115,10.2006,10.21014,10.21986,10.22958,10.23939,10.2492,10.2591,10.26909,10.27899,10.28889,10.29879,10.30869,10.3185,10.32813,10.33776,10.34721,10.35648,10.36566,10.37457,10.38339,10.39185,10.40013,10.408140000000001,10.415790000000001,10.42317,10.43028,10.43694,10.44333,10.44927,10.45485,10.46007,10.464839999999999,10.46907,10.47294,10.47636,10.479330000000001,10.48176,10.483740000000001,10.48527,10.486170000000001,10.48671,10.48662,10.48608,10.485000000000001,10.48347,10.481309999999999,10.478700000000002,10.47555,10.471950000000001,10.46781,10.46313,10.458,10.45233,10.44621,10.43964,10.43253,10.42497,10.417050000000001,10.40868,10.39986,10.39059,10.38105,10.37106,10.360710000000001,10.35,10.33902,10.327679999999999,10.31616,10.30428,10.29222,10.27989,10.26729,10.2546,10.24173,10.22868,10.21554,10.20222,10.1889,10.175490000000002,10.161990000000001,10.14849,10.13499,10.12149,10.10799,10.09449,10.08108,10.067760000000002,10.05444,10.0413,10.02816,10.0152,10.00224,9.98946,9.97686,9.964260000000001,9.95193,9.9396,9.92745,9.91539,9.90351,9.891720000000001,9.88011,9.86859,9.85716,9.84591,9.83475,9.823680000000001,9.812700000000001,9.8019,9.79119,9.78057,9.77013,9.759780000000001,9.74961,9.73953,9.72963,9.719909999999999,9.710370000000001,9.70101,9.691920000000001,9.683100000000001,9.67455,9.666269999999999,9.65835,9.65079,9.64368,9.636930000000001,9.63072,9.62505,9.61992,9.61542,9.611550000000001,9.6084,9.60597,9.60426,9.60345,9.60345,9.60444,9.606240000000001,9.60903,9.61281,9.61758,9.62334,9.630180000000001,9.6381,9.64692,9.656910000000002,9.667800000000002,9.67977,9.692730000000001,9.70668,9.721530000000001,9.73737,9.75402,9.77148,9.78966,9.80865,9.828360000000002,9.84861,9.86949,9.890820000000001,9.91269,9.93492,9.95742,9.98028,10.00332,10.026539999999999,10.049940000000001,10.073250000000002,10.09665,10.11996,10.143180000000001,10.16631,10.18917,10.21176,10.23408,10.25613,10.27773,10.29897,10.31976,10.340100000000001,10.359990000000002,10.37925,10.398060000000001,10.41624,10.43388,10.45089,10.467270000000001,10.482930000000001,10.498050000000001,10.512450000000001,10.52622,10.53927,10.5516,10.5633,10.57428,10.58463,10.59426,10.60317,10.61145,10.61901,10.62594,10.63224,10.637910000000002,10.64295,10.647359999999999,10.65132,10.65465,10.65744,10.659780000000001,10.66158,10.66302,10.664100000000001,10.66473,10.66518,10.665270000000001,10.66518,10.665,10.66464,10.66419,10.663829999999999,10.66356,10.66338,10.66338,10.663739999999999,10.66446,10.66554,10.667159999999999,10.669410000000001,10.6722,10.67589,10.6803,10.68561,10.692,10.69938,10.707840000000001,10.71756,10.72854,10.740870000000001,10.75455,10.76976,10.78641,10.804590000000001,10.824480000000001,10.8459,10.86894,10.893690000000001,10.92015,10.94832,10.978110000000001,11.00961,11.04282,11.07765,11.1141,11.15217,11.19186,11.23308,11.27574,11.319930000000001,11.36547,11.412360000000001,11.4606,11.51001,11.56068,11.61243,11.66535,11.71926,11.77416,11.82996,11.88657,11.944080000000001,12.002310000000001,12.061350000000001,12.120930000000001,12.181230000000001,12.24207,12.303450000000002,12.36537,12.42774,12.49047,12.55365,12.61719,12.681000000000001,12.745170000000002,12.809610000000001,12.87423,12.939119999999999,13.00419,13.06953
13.6827,13.60755,13.53258,13.457880000000001,13.38354,13.30938,13.23549,13.16178,13.08843,13.01517,12.94227,12.86946,12.79692,12.72447,12.6522,12.580020000000001,12.507840000000002,12.43566,12.36348,12.291210000000001,12.21876,12.14613,12.07323,11.99997,11.92617,11.85192,11.77704,11.70144,11.62503,11.547540000000001,11.469059999999999,11.38941,11.30832,11.22579,11.14164,11.0556,10.96758,10.8774,10.784880000000001,10.68975,10.59192,10.49094,10.38681,10.27917,10.16775,10.052190000000001,9.9324,9.80793,9.67851,9.543690000000002,9.4032,9.25668,9.10368,8.943687,8.776377,8.601255,8.417826,8.225622000000001,8.024148,7.812936,7.591554,7.359605999999999,7.116840000000001,6.863148000000001,6.598683,6.3240300000000005,6.0403139999999995,5.7495780000000005,5.455080000000001,5.1618509999999995,4.877271,4.61169,4.378661999999999,4.1943150000000005,4.075092,4.033782,4.075290000000001,4.19472,4.379319000000001,4.612644,4.878585,5.16357,5.457267,5.75226,6.043527,6.327765,6.602931,6.867846,7.121934,7.364988,7.59708,7.818462,8.029458000000002,8.230482,8.421966,8.604351,8.778096,8.943624,9.10134,9.25173,9.395010000000001,9.53172,9.66213,9.786510000000002,9.90513,10.01844,10.12653,10.22976,10.32831,10.42236,10.512179999999999,10.597949999999999,10.67985,10.75797,10.83249,10.90359,10.97136,11.03607,11.09763,11.15631,11.212200000000001,11.2653,11.31579,11.363760000000001,11.4093,11.45241,11.49318,11.53179,11.568240000000001,11.60262,11.63493,11.66526,11.6937,11.720250000000002,11.744909999999999,11.76786,11.789100000000001,11.808629999999999,11.82654,11.84283,11.85759,11.87073,11.882430000000001,11.8926,11.901420000000002,11.9088,11.91483,11.91951,11.92284,11.92482,11.92563,11.92518,11.92347,11.920499999999999,11.916450000000001,11.91123,11.90484,11.89728,11.88864,11.879010000000001,11.86821,11.85642,11.84355,11.82978,11.81493,11.79909,11.782350000000001,11.76462,11.74599,11.726460000000001,11.70612,11.684790000000001,11.662650000000001,11.6397,11.61594,11.591460000000001,11.566080000000001,11.54007,11.513250000000001,11.485800000000001,11.45763,11.428740000000001,11.399310000000002,11.369250000000001,11.33865,11.30751,11.27574,11.24361,11.21103,11.178,11.14452,11.11077,11.076749999999999,11.04237,11.0079,10.97316,10.93833,10.903410000000001,10.868400000000001,10.83348,10.79856,10.763819999999999,10.72926,10.694880000000001,10.66086,10.62711,10.59381,10.560960000000001,10.528649999999999,10.49688,10.46583,10.435319999999999,10.40571,10.37673,10.34874,10.321560000000002,10.29528,10.26999,10.24569,10.22247,10.200330000000001,10.17927,10.15929,10.14048,10.12275,10.106190000000002,10.09071,10.0764,10.063170000000001,10.05111,10.04004,10.030050000000001,10.02114,10.01313,10.006110000000001,10.00008,9.99486,9.990450000000001,9.98685,9.98397,9.9819,9.98037,9.979560000000001,9.97929,9.979560000000001,9.98028,9.98145,9.98316,9.98514,9.987570000000002,9.99027,9.99333,9.99666,10.00026,10.00413,10.008180000000001,10.012500000000001,10.017000000000001,10.021770000000002,10.02663,10.03176,10.03707,10.042470000000002,10.04814,10.053989999999999,10.06002,10.06623,10.07262,10.079279999999999,10.08603,10.09305,10.10025,10.10763,10.11519,10.12302,10.13094,10.139130000000002,10.1475,10.15605,10.16478,10.1736,10.182690000000001,10.19187,10.20123,10.21068,10.220220000000001,10.22985,10.23957,10.24938,10.25919,10.26909,10.2789,10.2888,10.29852,10.30833,10.31796,10.3275,10.33686,10.34613,10.355129999999999,10.36404,10.37268,10.38105,10.38924,10.397070000000001,10.404630000000001,10.41183,10.41876,10.42524,10.431360000000002,10.43712,10.44243,10.44729,10.451789999999999,10.45575,10.45926,10.46232,10.464839999999999,10.46691,10.468530000000001,10.46952,10.47006,10.47006,10.46961,10.468530000000001,10.46691,10.464839999999999,10.462230000000002,10.45908,10.455390000000001,10.45116,10.446480000000001,10.44126,10.435500000000001,10.429290000000002,10.422540000000001,10.415429999999999,10.40778,10.39968,10.39113,10.38222,10.37286,10.36305,10.35297,10.34253,10.33164,10.32057,10.30905,10.29735,10.28538,10.27314,10.260720000000001,10.24812,10.23525,10.222290000000001,10.209240000000001,10.196010000000001,10.18278,10.16937,10.15596,10.142550000000002,10.12914,10.11573,10.10241,10.08909,10.07586,10.06272,10.04958,10.03671,10.023840000000002,10.01115,9.99864,9.986220000000001,9.973980000000001,9.96192,9.95004,9.93834,9.92682,9.91548,9.90423,9.89325,9.88245,9.87174,9.86121,9.85095,9.84078,9.8307,9.82089,9.81117,9.801630000000001,9.79227,9.783090000000001,9.774,9.765089999999999,9.75636,9.747720000000001,9.73935,9.731160000000001,9.72324,9.71541,9.70794,9.70065,9.693719999999999,9.68706,9.68067,9.67473,9.66915,9.66402,9.65934,9.6552,9.6516,9.648539999999999,9.64611,9.644309999999999,9.64323,9.64278,9.64323,9.6444,9.64638,9.64926,9.65295,9.657630000000001,9.663210000000001,9.66969,9.67716,9.68562,9.69498,9.70524,9.71649,9.72873,9.741869999999999,9.75582,9.770760000000001,9.78642,9.80289,9.820170000000001,9.83817,9.85689,9.876149999999999,9.89604,9.91647,9.93735,9.958680000000001,9.98037,10.00233,10.024560000000001,10.04706,10.06974,10.09242,10.11519,10.13796,10.160730000000001,10.18332,10.205820000000001,10.22814,10.25019,10.27206,10.29357,10.314720000000001,10.335510000000001,10.35585,10.37583,10.39527,10.41426,10.43271,10.45062,10.46799,10.484820000000001,10.50102,10.51659,10.53162,10.54593,10.559610000000001,10.572750000000001,10.58517,10.596960000000001,10.60803,10.61856,10.62837,10.63755,10.6461,10.65402,10.6614,10.66806,10.674180000000002,10.67976,10.68471,10.68921,10.69317,10.696679999999999,10.69965,10.70226,10.70451,10.70631,10.707930000000001,10.709190000000001,10.71027,10.711079999999999,10.71189,10.71252,10.713149999999999,10.71387,10.71459,10.715580000000001,10.716660000000001,10.718100000000002,10.71999,10.722150000000001,10.72494,10.72827,10.73223,10.73691,10.74231,10.7487,10.75599,10.76427,10.77363,10.78416,10.79595,10.808910000000001,10.823310000000001,10.83906,10.856160000000001,10.87479,10.89495,10.916640000000001,10.939860000000001,10.9647,10.99107,11.01915,11.048760000000001,11.07999,11.11284,11.14731,11.18331,11.220839999999999,11.25981,11.30031,11.34225,11.38563,11.43027,11.47626,11.52351,11.57202,11.6217,11.672460000000001,11.72421,11.77704,11.830860000000001,11.885580000000001,11.94111,11.99754,12.05469,12.11256,12.17115,12.23028,12.29004,12.35043,12.41127,12.47256,12.5343,12.596490000000001,12.659040000000001,12.721950000000001,12.78522,12.84867,12.91248,12.97647,13.04073,13.10517
13.63761,13.56183,13.486320000000001,13.41108,13.3362,13.2615,13.18716,13.11309,13.03929,12.96576,12.89241,12.819420000000001,12.74652,12.67389,12.60144,12.52908,12.456809999999999,12.38463,12.31245,12.240179999999999,12.16782,12.09528,12.02256,11.949390000000001,11.87595,11.80188,11.72727,11.65194,11.575800000000001,11.49876,11.42064,11.34126,11.26062,11.178450000000002,11.09457,11.008890000000001,10.921230000000001,10.831320000000002,10.73898,10.644120000000001,10.54629,10.44549,10.34127,10.23345,10.12176,10.00593,9.88551,9.76032,9.629999999999999,9.49401,9.352079999999999,9.20385,9.04869,8.886186,8.715879000000001,8.537184000000002,8.349552,8.152362,7.94502,7.72686,7.497269999999999,7.255611,7.001316,6.733917,6.453144,6.159006000000001,5.852043,5.533578,5.206158,4.874256,4.545198,4.23036,3.9463559999999998,3.71529,3.562218,3.508416,3.56247,3.715839,3.9472829999999997,4.2317730000000005,4.547223,4.87701,5.209767,5.53815,5.857686,6.165792000000001,6.461109,6.743088,7.011684,7.267131000000001,7.50987,7.740423,7.9593929999999995,8.167365,8.364933,8.552691000000001,8.731179,8.900928,9.06246,9.21618,9.36252,9.50202,9.63486,9.76149,9.88227,9.99747,10.10736,10.21221,10.3122,10.40769,10.49886,10.5858,10.66878,10.74798,10.82358,10.895579999999999,10.964340000000002,11.02986,11.09223,11.151720000000001,11.20833,11.26215,11.31327,11.36187,11.40804,11.45178,11.49318,11.532330000000002,11.56932,11.604239999999999,11.637,11.66787,11.69676,11.72376,11.74896,11.772359999999999,11.79405,11.81403,11.83239,11.84904,11.86425,11.877839999999999,11.8899,11.90052,11.909790000000001,11.91753,11.923919999999999,11.92905,11.932739999999999,11.935170000000001,11.936340000000001,11.936340000000001,11.93499,11.93247,11.928780000000001,11.92401,11.91798,11.91087,11.90268,11.8935,11.88315,11.87181,11.85939,11.84598,11.83167,11.81628,11.799990000000001,11.7828,11.76471,11.74572,11.72583,11.70504,11.683440000000001,11.66103,11.6379,11.61387,11.58921,11.56374,11.53755,11.51064,11.4831,11.454930000000001,11.42622,11.396790000000001,11.366909999999999,11.336400000000001,11.30544,11.27403,11.242170000000002,11.209859999999999,11.177190000000001,11.144250000000001,11.110949999999999,11.07738,11.04363,11.0097,10.97568,10.94157,10.90737,10.87326,10.83915,10.80522,10.77138,10.73781,10.70451,10.67148,10.6389,10.60668,10.575000000000001,10.54377,10.51326,10.48329,10.45404,10.425510000000001,10.39779,10.37088,10.34478,10.31967,10.29546,10.272150000000002,10.24992,10.22868,10.208430000000002,10.18926,10.17108,10.15398,10.13796,10.12293,10.10898,10.096020000000001,10.08405,10.07307,10.062990000000001,10.0539,10.04562,10.03833,10.03176,10.025910000000001,10.02096,10.01664,10.01295,10.00989,10.00746,10.00557,10.00422,10.00332,10.00287,10.00287,10.00332,10.004040000000002,10.00512,10.00656,10.008270000000001,10.010250000000001,10.012500000000001,10.015020000000002,10.01781,10.02078,10.02402,10.02753,10.03122,10.03509,10.03923,10.04364,10.04823,10.05309,10.05813,10.06344,10.06902,10.07487,10.080900000000002,10.087200000000001,10.093679999999999,10.10052,10.10754,10.11483,10.12239,10.13013,10.13814,10.146419999999999,10.15488,10.16352,10.17234,10.18134,10.190610000000001,10.19997,10.20942,10.21905,10.22868,10.238489999999999,10.2483,10.25811,10.26801,10.27782,10.28763,10.29735,10.30698,10.31643,10.32588,10.33506,10.344059999999999,10.35288,10.36152,10.3698,10.37781,10.38555,10.392930000000002,10.40004,10.4067,10.413,10.41894,10.424430000000001,10.42947,10.43406,10.4382,10.4418,10.44504,10.44765,10.449810000000001,10.45152,10.4526,10.45323,10.45323,10.45278,10.451789999999999,10.45017,10.4481,10.44549,10.44225,10.43856,10.43424,10.42947,10.42416,10.4184,10.4121,10.40526,10.39797,10.39014,10.381950000000002,10.37331,10.364130000000001,10.35468,10.34478,10.33443,10.32381,10.31283,10.30149,10.28988,10.278,10.26585,10.25352,10.240920000000001,10.22814,10.21527,10.20213,10.18899,10.17576,10.16244,10.14903,10.13562,10.12221,10.10889,10.09557,10.08234,10.06911,10.05606,10.043190000000001,10.03041,10.01772,10.005300000000002,9.992970000000001,9.98091,9.96894,9.95733,9.94581,9.93456,9.92349,9.91269,9.90216,9.891720000000001,9.881639999999999,9.87174,9.862020000000001,9.85257,9.8433,9.83421,9.82539,9.81675,9.80829,9.80001,9.79191,9.78408,9.776340000000001,9.76887,9.76158,9.754470000000001,9.747630000000001,9.74088,9.734490000000001,9.728280000000002,9.72225,9.71658,9.71118,9.70614,9.701369999999999,9.69696,9.69291,9.68931,9.68616,9.68346,9.6813,9.679680000000001,9.6786,9.67815,9.67833,9.67923,9.680850000000001,9.683100000000001,9.68625,9.69012,9.6948,9.70029,9.70668,9.713880000000001,9.72198,9.73098,9.74079,9.751500000000002,9.76311,9.77562,9.78894,9.802980000000002,9.817919999999999,9.83358,9.85005,9.86715,9.884970000000001,9.90342,9.922410000000001,9.94194,9.96192,9.98244,10.00332,10.024469999999999,10.04598,10.067760000000002,10.089720000000002,10.11177,10.134,10.15623,10.178460000000001,10.20069,10.22274,10.2447,10.26648,10.28808,10.30941,10.330470000000002,10.351170000000002,10.371599999999999,10.391580000000001,10.41111,10.43028,10.44891,10.46709,10.484729999999999,10.50192,10.51848,10.53459,10.550070000000002,10.564919999999999,10.57923,10.59291,10.60605,10.61847,10.63035,10.6416,10.65231,10.6623,10.67175,10.680570000000001,10.68885,10.6965,10.70361,10.71018,10.71621,10.7217,10.72674,10.73133,10.735380000000001,10.73907,10.7424,10.74537,10.74798,10.75041,10.75248,10.754460000000002,10.756170000000001,10.75788,10.759500000000001,10.76112,10.762830000000001,10.76454,10.76652,10.76877,10.7712,10.77408,10.77732,10.7811,10.78542,10.79046,10.79613,10.802520000000001,10.80981,10.818,10.82718,10.837349999999999,10.84869,10.86111,10.87479,10.88973,10.90593,10.92357,10.94256,10.962990000000001,10.984950000000001,11.008260000000002,11.033190000000001,11.059650000000001,11.08755,11.11707,11.14803,11.180520000000001,11.21463,11.25009,11.28708,11.3256,11.36538,11.40669,11.449259999999999,11.49318,11.53827,11.584710000000001,11.63223,11.68092,11.730780000000001,11.78154,11.83338,11.88621,11.939850000000002,11.99439,12.04974,12.1059,12.16269,12.2202,12.27834,12.337110000000001,12.396419999999999,12.45627,12.516660000000002,12.57741,12.6387,12.70026,12.762270000000001,12.82455,12.88719,12.95019,13.01337,13.07673,13.140450000000001
13.591890000000001,13.51548,13.439340000000001,13.36356,13.28814,13.212990000000001,13.13811,13.063590000000001,12.98943,12.91545,12.841830000000002,12.76848,12.6954,12.62259,12.54996,12.477509999999999,12.40515,12.332970000000001,12.260790000000002,12.18861,12.116340000000001,12.04398,11.971350000000001,11.898539999999999,11.825280000000001,11.75157,11.67732,11.602440000000001,11.52666,11.45007,11.372399999999999,11.293560000000001,11.213370000000001,11.131649999999999,11.04831,10.963080000000001,10.87587,10.78641,10.69452,10.600019999999999,10.50255,10.40202,10.29798,10.190339999999999,10.07865,9.962729999999999,9.842130000000001,9.71658,9.58563,9.44892,9.306000000000001,9.15651,8.999757,8.835345,8.66268,8.481150000000001,8.290089,8.088795000000001,7.87653,7.652493,7.415846999999999,7.165737,6.90129,6.6216420000000005,6.326019,6.0138359999999995,5.684832,5.33934,4.978764,4.606281,4.228074,3.855285,3.5067150000000002,3.2115329999999997,3.008484,2.935377,3.008745,3.212127,3.507768,3.8569769999999997,4.2306029999999994,4.609854,4.983588,5.345613,5.692716,6.023484,6.337557,6.6351510000000005,6.916833,7.183332,7.435476,7.674084,7.899993,8.113986,8.316819,8.509185,8.691741,8.865108000000001,9.02988,9.186480000000001,9.33543,9.47727,9.61227,9.74088,9.863370000000002,9.98019,10.09161,10.1979,10.299240000000001,10.395900000000001,10.48815,10.576170000000001,10.66014,10.74024,10.81674,10.88964,10.95912,11.025360000000001,11.08854,11.14866,11.205900000000002,11.26035,11.312190000000001,11.36133,11.40804,11.45232,11.49426,11.53395,11.571480000000001,11.60676,11.64006,11.67138,11.70072,11.72817,11.75382,11.77767,11.799719999999999,11.82015,11.83887,11.85597,11.87154,11.885580000000001,11.89809,11.90907,11.918700000000001,11.9268,11.93364,11.93904,11.943180000000002,11.946060000000001,11.94759,11.947949999999999,11.94696,11.944890000000001,11.94165,11.93715,11.93157,11.92491,11.91717,11.90826,11.89836,11.88747,11.8755,11.862540000000001,11.84868,11.83374,11.81799,11.801250000000001,11.783610000000001,11.76507,11.74572,11.72547,11.70441,11.682540000000001,11.65986,11.63646,11.61234,11.58741,11.561850000000002,11.53557,11.50866,11.48112,11.452950000000001,11.424240000000001,11.39499,11.3652,11.33487,11.30418,11.27295,11.24145,11.2095,11.17728,11.1447,11.11194,11.07891,11.04579,11.012490000000001,10.9791,10.94562,10.912230000000001,10.87893,10.845630000000002,10.81251,10.77966,10.74699,10.71459,10.682640000000001,10.65105,10.619909999999999,10.589220000000001,10.55907,10.52955,10.50075,10.47249,10.44504,10.418310000000002,10.39248,10.36737,10.343160000000001,10.31985,10.29744,10.27593,10.25541,10.235880000000002,10.21725,10.19961,10.18296,10.16721,10.15245,10.13868,10.12581,10.113840000000001,10.10268,10.09242,10.082970000000001,10.07433,10.066500000000001,10.05939,10.05291,10.04715,10.04202,10.03743,10.033470000000001,10.029959999999999,10.02699,10.024560000000001,10.022490000000001,10.02087,10.01961,10.01871,10.01817,10.017990000000001,10.01808,10.01844,10.019160000000001,10.02015,10.02141,10.02294,10.024740000000001,10.026720000000001,10.02906,10.03158,10.034460000000001,10.037519999999999,10.040939999999999,10.04463,10.04859,10.05273,10.057319999999999,10.06209,10.06722,10.07262,10.078380000000001,10.08441,10.09071,10.097370000000002,10.10421,10.1115,10.11897,10.12671,10.13481,10.143089999999999,10.15155,10.16037,10.16937,10.178460000000001,10.18782,10.19727,10.2069,10.21662,10.22643,10.23633,10.24623,10.25613,10.26603,10.27584,10.28565,10.29528,10.30482,10.31427,10.32345,10.33245,10.34127,10.349730000000001,10.35801,10.36593,10.37358,10.38087,10.38771,10.39419,10.40031,10.405980000000001,10.4112,10.41597,10.42029,10.42407,10.4274,10.43019,10.43244,10.43424,10.435410000000001,10.43604,10.43622,10.43577,10.434780000000002,10.43325,10.43109,10.42848,10.42524,10.42146,10.41714,10.41228,10.406880000000001,10.40094,10.39455,10.38762,10.38015,10.37223,10.36386,10.355039999999999,10.34577,10.33605,10.32597,10.31544,10.304640000000001,10.29348,10.28196,10.27017,10.25811,10.24578,10.23318,10.2204,10.20753,10.19448,10.18125,10.16793,10.15461,10.141200000000001,10.1277,10.11429,10.10088,10.08756,10.07433,10.06119,10.04814,10.03527,10.022490000000001,10.00998,9.99756,9.985410000000002,9.97353,9.96183,9.9504,9.93924,9.92835,9.91764,9.907290000000001,9.897210000000001,9.887400000000001,9.87786,9.86859,9.85959,9.850859999999999,9.8424,9.83421,9.8262,9.81855,9.81108,9.803880000000001,9.79686,9.79011,9.78354,9.77724,9.77112,9.765270000000001,9.759689999999999,9.754199999999999,9.74907,9.74412,9.73944,9.735030000000002,9.730889999999999,9.727020000000001,9.72342,9.720270000000001,9.71739,9.71487,9.7128,9.71109,9.70992,9.70911,9.708929999999999,9.709200000000001,9.7101,9.71154,9.71361,9.7164,9.71982,9.72396,9.728819999999999,9.734490000000001,9.74079,9.74799,9.75591,9.76473,9.774270000000001,9.78462,9.79578,9.80775,9.82053,9.83403,9.84834,9.86328,9.87903,9.89541,9.912420000000001,9.930060000000001,9.94833,9.96705,9.986310000000001,10.006020000000001,10.02618,10.046700000000001,10.06749,10.08855,10.10988,10.1313,10.1529,10.17459,10.19637,10.218150000000001,10.23984,10.26144,10.28295,10.30428,10.32534,10.34631,10.36692,10.38717,10.40715,10.426770000000001,10.44603,10.464839999999999,10.4832,10.50111,10.51857,10.53549,10.55196,10.56789,10.58319,10.598040000000001,10.61226,10.62594,10.63908,10.65159,10.66356,10.674990000000001,10.68579,10.69605,10.705680000000001,10.714770000000001,10.72332,10.73133,10.73889,10.74582,10.7523,10.758329999999999,10.76391,10.76895,10.77372,10.77804,10.782,10.78569,10.78902,10.79217,10.79505,10.79784,10.800450000000001,10.80306,10.80558,10.808100000000001,10.81071,10.813410000000001,10.81638,10.81953,10.822949999999999,10.82682,10.83105,10.83582,10.841040000000001,10.84698,10.85355,10.86093,10.86912,10.878120000000001,10.88802,10.899,10.91097,10.92411,10.93842,10.953899999999999,10.970640000000001,10.98864,11.00799,11.02869,11.050830000000001,11.07432,11.09934,11.12571,11.153609999999999,11.18295,11.21373,11.24595,11.27961,11.31471,11.35125,11.389140000000001,11.42838,11.46897,11.510909999999999,11.55402,11.59839,11.64402,11.69073,11.73852,11.78739,11.83734,11.88819,11.94003,11.99277,12.04632,12.10068,12.155850000000001,12.21165,12.26817,12.325410000000002,12.38319,12.4416,12.50046,12.559859999999999,12.619710000000001,12.680100000000001,12.74076,12.80187,12.86334,12.92517,12.98727,13.04964,13.11228,13.175189999999999
13.545539999999999,13.4685,13.39173,13.31541,13.23936,13.163670000000002,13.08834,13.01337,12.93876,12.864419999999999,12.79053,12.71682,12.64356,12.57048,12.497670000000001,12.42513,12.352770000000001,12.2805,12.20841,12.13632,12.06423,11.99205,11.91969,11.847150000000001,11.77425,11.70099,11.6271,11.552669999999999,11.477430000000002,11.401380000000001,11.32425,11.24604,11.16648,11.08539,11.00268,10.91808,10.83159,10.74276,10.6515,10.557540000000001,10.460609999999999,10.360529999999999,10.25703,10.149750000000001,10.03842,9.92268,9.80226,9.67662,9.54558,9.408600000000002,9.26514,9.11484,8.957187,8.791497000000001,8.617203,8.433629999999999,8.24004,8.035658999999999,7.819614,7.590978,7.348734,7.091811,6.819048,6.529203,6.221043000000001,5.893317,5.5449,5.174991,4.78341,4.3713180000000005,3.9423690000000002,3.505131,3.077496,2.694033,2.413323,2.307591,2.413539,2.694582,3.078567,3.5069850000000002,3.945276,4.3755749999999995,4.7893229999999996,5.182821,5.5549170000000005,5.905746,6.236082000000001,6.547014000000001,6.839739,7.115481,7.375419,7.6206689999999995,7.852275000000001,8.071182,8.278299,8.474418,8.660286000000001,8.836587,9.003960000000001,9.162899999999999,9.314010000000001,9.45774,9.59445,9.72468,9.8487,9.96687,10.079460000000001,10.18692,10.289340000000001,10.38699,10.48023,10.56906,10.65393,10.73484,10.81206,10.88568,10.95588,11.02275,11.08656,11.14731,11.20509,11.26008,11.31246,11.36214,11.40939,11.454120000000001,11.496509999999999,11.53665,11.574629999999999,11.61045,11.644110000000001,11.675880000000001,11.70567,11.73348,11.759490000000001,11.78379,11.8062,11.82699,11.84616,11.863620000000001,11.87955,11.89395,11.90682,11.91816,11.92815,11.9367,11.94381,11.94966,11.954160000000002,11.9574,11.959290000000001,11.96001,11.95947,11.95767,11.95479,11.950740000000001,11.94561,11.93931,11.93193,11.92347,11.91402,11.903490000000001,11.89197,11.879460000000002,11.865960000000001,11.851560000000001,11.836170000000001,11.819880000000001,11.80269,11.78469,11.76579,11.74599,11.72547,11.70414,11.682,11.659139999999999,11.63547,11.611170000000001,11.58615,11.560500000000001,11.53413,11.50722,11.47968,11.451600000000001,11.42298,11.393820000000002,11.36412,11.334060000000001,11.30355,11.27268,11.24145,11.209859999999999,11.178,11.14596,11.11365,11.08116,11.04858,11.01591,10.98315,10.950479999999999,10.917720000000001,10.88514,10.85274,10.82043,10.78839,10.75662,10.72512,10.694070000000002,10.66338,10.633230000000001,10.603530000000001,10.57437,10.54584,10.517850000000001,10.49058,10.46403,10.43829,10.41318,10.38897,10.365480000000002,10.34289,10.321200000000001,10.300320000000001,10.280339999999999,10.26126,10.24308,10.2258,10.20942,10.19385,10.17918,10.16541,10.15236,10.14021,10.128870000000001,10.11825,10.108350000000002,10.099169999999999,10.09071,10.082880000000001,10.07568,10.06911,10.062990000000001,10.057500000000001,10.05255,10.047960000000002,10.04391,10.04022,10.036980000000002,10.03419,10.03167,10.02951,10.02771,10.02627,10.0251,10.0242,10.02366,10.023390000000001,10.023390000000001,10.02375,10.024379999999999,10.02528,10.026539999999999,10.028070000000001,10.029869999999999,10.032029999999999,10.03455,10.03734,10.04049,10.044,10.047870000000001,10.052010000000001,10.0566,10.06146,10.06677,10.07235,10.078380000000001,10.08468,10.09134,10.09836,10.10565,10.1133,10.121310000000001,10.1295,10.13805,10.146780000000001,10.15587,10.165049999999999,10.1745,10.18404,10.19376,10.203570000000001,10.21356,10.223550000000001,10.23354,10.24353,10.25352,10.26351,10.27332,10.283130000000002,10.29267,10.30212,10.311390000000001,10.32039,10.329120000000001,10.337670000000001,10.34586,10.35369,10.36116,10.36827,10.37502,10.38132,10.38717,10.39266,10.39761,10.40202,10.405980000000001,10.40949,10.412370000000001,10.4148,10.41669,10.41795,10.41867,10.418849999999999,10.41849,10.4175,10.41597,10.4139,10.4112,10.40796,10.40409,10.39977,10.39482,10.38933,10.3833,10.37673,10.369620000000001,10.362060000000001,10.35396,10.34541,10.33641,10.32687,10.316970000000001,10.30671,10.296,10.28493,10.27359,10.2618,10.249830000000001,10.2375,10.22499,10.21221,10.19925,10.18611,10.172880000000001,10.15947,10.14606,10.13256,10.11906,10.10547,10.09206,10.07856,10.065240000000001,10.052010000000001,10.03887,10.025910000000001,10.01322,10.000620000000001,9.988290000000001,9.976140000000001,9.964350000000001,9.95274,9.94149,9.93051,9.9198,9.909450000000001,9.89937,9.88965,9.88029,9.8712,9.86247,9.8541,9.846,9.83817,9.8307,9.823590000000001,9.81675,9.81018,9.803880000000001,9.79785,9.79218,9.78669,9.78147,9.77652,9.77184,9.767430000000001,9.763200000000001,9.75933,9.755640000000001,9.75213,9.748980000000001,9.7461,9.743490000000001,9.74115,9.73908,9.73746,9.73611,9.735030000000002,9.734490000000001,9.73422,9.734490000000001,9.73512,9.73629,9.737910000000001,9.740070000000001,9.74277,9.7461,9.75006,9.75456,9.759780000000001,9.76563,9.772110000000001,9.7794,9.787320000000001,9.79605,9.80541,9.81558,9.82647,9.838080000000001,9.8505,9.86355,9.877320000000001,9.89181,9.906930000000001,9.92268,9.93906,9.95607,9.97362,9.991710000000001,10.010340000000001,10.029330000000002,10.048770000000001,10.068570000000001,10.08873,10.10925,10.12995,10.150830000000001,10.17189,10.19304,10.21437,10.23561,10.25694,10.278179999999999,10.29942,10.32048,10.34136,10.362060000000001,10.382579999999999,10.40283,10.42272,10.442340000000002,10.46169,10.48059,10.49913,10.51722,10.53486,10.552140000000001,10.56888,10.585080000000001,10.60092,10.61613,10.630889999999999,10.64511,10.65879,10.67193,10.68453,10.69659,10.708020000000001,10.719000000000001,10.72944,10.73934,10.7487,10.75752,10.76589,10.77372,10.7811,10.788030000000001,10.79451,10.80054,10.80621,10.81152,10.81647,10.821060000000001,10.825380000000001,10.82943,10.833300000000001,10.83699,10.8405,10.84392,10.84725,10.850670000000001,10.854000000000001,10.857510000000001,10.86111,10.864980000000001,10.86903,10.87344,10.878120000000001,10.883339999999999,10.88892,10.89513,10.90197,10.90935,10.917539999999999,10.92654,10.936350000000001,10.94706,10.95867,10.97136,10.985040000000001,10.999889999999999,11.01591,11.03301,11.05146,11.07117,11.09214,11.11446,11.13813,11.16315,11.18952,11.21733,11.24658,11.27709,11.30913,11.34243,11.37717,11.413260000000001,11.45061,11.4894,11.52936,11.57058,11.613059999999999,11.65671,11.70153,11.74743,11.794500000000001,11.84247,11.89152,11.94156,11.9925,12.04425,12.096900000000002,12.150360000000001,12.204540000000001,12.259530000000002,12.315150000000001,12.371400000000001,12.42828,12.4857,12.543750000000001,12.60225,12.66129,12.720690000000001,12.78063,12.84084,12.9015,12.96252,13.023810000000001,13.085460000000001,13.14738,13.20948
13.498470000000001,13.42071,13.3434,13.26645,13.189770000000001,13.11354,13.03776,12.962250000000001,12.88719,12.81258,12.738240000000001,12.66435,12.590729999999999,12.517560000000001,12.444569999999999,12.37194,12.29949,12.227310000000001,12.15531,12.08331,12.0114,11.93949,11.86749,11.79522,11.72277,11.64996,11.57661,11.50272,11.42811,11.35269,11.27628,11.1987,11.11986,11.039579999999999,10.95768,10.873890000000001,10.788120000000001,10.70019,10.60974,10.51659,10.42047,10.321110000000001,10.21833,10.11177,10.00098,9.885869999999999,9.7659,9.64071,9.50985,9.373050000000001,9.22968,9.0792,8.921151,8.754894,8.579754000000001,8.39502,8.199909,7.993566,7.775028000000001,7.5432690000000004,7.297137,7.035372,6.756579,6.459219,6.141618,5.801976000000001,5.438376,5.048846999999999,4.631589,4.185288,3.709971,3.208878,2.693097,2.193165,1.785708,1.616481,1.7858610000000001,2.1936240000000002,2.694123,3.210813,3.7131839999999996,4.190175,4.638537,5.058216,5.450508,5.817186,6.160176,6.481359,6.782499,7.065216,7.331013,7.581231000000001,7.817075999999999,8.039655,8.249958,8.448876,8.63721,8.815698000000001,8.985006,9.14571,9.29844,9.443610000000001,9.58167,9.71307,9.83817,9.95742,10.071,10.179359999999999,10.28259,10.38114,10.47501,10.56465,10.650150000000002,10.73178,10.80954,10.88379,10.95453,11.02203,11.08629,11.147490000000001,11.205810000000001,11.26134,11.314079999999999,11.3643,11.41191,11.45709,11.499929999999999,11.54052,11.578859999999999,11.61504,11.64915,11.681280000000001,11.71143,11.739690000000001,11.76606,11.79063,11.81349,11.83464,11.854080000000002,11.8719,11.88819,11.90295,11.91618,11.92788,11.938229999999999,11.94705,11.95461,11.96073,11.96559,11.96919,11.971440000000001,11.97252,11.97234,11.97099,11.96847,11.964780000000001,11.95992,11.95407,11.94705,11.93904,11.92995,11.91978,11.90871,11.896560000000001,11.883510000000001,11.86956,11.854619999999999,11.83878,11.822040000000001,11.80449,11.78604,11.766779999999999,11.74671,11.72583,11.70423,11.68182,11.65878,11.635019999999999,11.61054,11.58543,11.5596,11.53323,11.50632,11.47878,11.450790000000001,11.42226,11.39319,11.363760000000001,11.33388,11.30364,11.273040000000002,11.24208,11.21094,11.17953,11.14785,11.11599,11.08404,11.052,11.019960000000001,10.98783,10.95579,10.92375,10.89189,10.86021,10.828710000000001,10.79748,10.76652,10.73592,10.705680000000001,10.67589,10.64655,10.61766,10.5894,10.56168,10.53459,10.508130000000001,10.4823,10.457279999999999,10.43289,10.40931,10.38654,10.36449,10.34334,10.32291,10.30329,10.28457,10.266660000000002,10.249469999999999,10.23318,10.21761,10.202940000000002,10.1889,10.17567,10.163250000000001,10.15146,10.1403,10.12986,10.120140000000001,10.11087,10.10232,10.09422,10.08675,10.07973,10.07316,10.06704,10.06146,10.05624,10.05138,10.04688,10.04283,10.03914,10.035720000000001,10.03266,10.029959999999999,10.02753,10.02546,10.02366,10.02222,10.02114,10.02033,10.01988,10.01979,10.01997,10.0206,10.0215,10.02285,10.024560000000001,10.02663,10.02906,10.03194,10.03527,10.038960000000001,10.043009999999999,10.04751,10.05246,10.05777,10.06353,10.06974,10.076220000000001,10.08315,10.090440000000001,10.098090000000001,10.1061,10.11438,10.12302,10.13184,10.14102,10.15038,10.16001,10.16973,10.179630000000001,10.18962,10.19979,10.20996,10.220130000000001,10.230300000000002,10.24047,10.25055,10.26054,10.27044,10.28007,10.28961,10.298879999999999,10.307970000000001,10.316699999999999,10.32516,10.333260000000001,10.341000000000001,10.34838,10.355400000000001,10.36188,10.368,10.37367,10.3788,10.38348,10.38762,10.39122,10.39437,10.396889999999999,10.39887,10.40022,10.40103,10.4013,10.40094,10.40004,10.39851,10.39644,10.393650000000001,10.390410000000001,10.38654,10.38204,10.376999999999999,10.37142,10.3653,10.35855,10.35135,10.34361,10.33533,10.326600000000001,10.31733,10.3077,10.297530000000002,10.287,10.27611,10.26477,10.253070000000001,10.2411,10.22886,10.21635,10.203479999999999,10.190520000000001,10.17729,10.16397,10.15047,10.13688,10.12329,10.109610000000002,10.095930000000001,10.08225,10.068660000000001,10.05516,10.04175,10.02852,10.01547,10.002600000000001,9.98991,9.97749,9.96534,9.95346,9.94185,9.9306,9.91971,9.90918,9.89892,9.88911,9.87966,9.87057,9.861839999999999,9.85347,9.845550000000001,9.837990000000001,9.83079,9.82395,9.81747,9.811440000000001,9.80568,9.800189999999999,9.79515,9.79038,9.78588,9.781740000000001,9.77787,9.774270000000001,9.77103,9.767970000000002,9.765179999999999,9.76275,9.7605,9.758610000000001,9.7569,9.75555,9.754380000000001,9.753570000000002,9.753120000000001,9.75294,9.75303,9.753570000000002,9.754380000000001,9.755640000000001,9.75726,9.75933,9.761759999999999,9.76473,9.76824,9.772200000000002,9.7767,9.781740000000001,9.787410000000001,9.79362,9.800460000000001,9.80793,9.816030000000001,9.82476,9.83421,9.84429,9.855,9.86652,9.878580000000001,9.891359999999999,9.904770000000001,9.918809999999999,9.933480000000001,9.94878,9.96471,9.98118,9.99819,10.01565,10.03365,10.052100000000001,10.071,10.09017,10.10979,10.12968,10.14984,10.17018,10.19079,10.21149,10.23228,10.253160000000001,10.27404,10.295010000000001,10.31589,10.336680000000001,10.35729,10.37781,10.39815,10.418310000000002,10.4382,10.45773,10.477079999999999,10.49607,10.5147,10.53297,10.550790000000001,10.56825,10.58526,10.60191,10.618020000000001,10.633680000000002,10.648800000000001,10.66347,10.67769,10.691370000000001,10.70451,10.71711,10.72926,10.740870000000001,10.75203,10.76265,10.77273,10.78236,10.791450000000001,10.80009,10.80828,10.81602,10.8234,10.83033,10.836810000000002,10.84293,10.84878,10.85427,10.859490000000001,10.86444,10.86912,10.873709999999999,10.87803,10.88235,10.88649,10.89063,10.89477,10.899,10.90332,10.90773,10.912410000000001,10.91736,10.92258,10.92816,10.934190000000001,10.94067,10.94769,10.95525,10.96353,10.972439999999999,10.98216,10.99269,11.00412,11.01645,11.02968,11.04399,11.05929,11.07576,11.0934,11.11212,11.1321,11.15334,11.17584,11.19969,11.22471,11.25117,11.27889,11.30796,11.33838,11.37006,11.403179999999999,11.43756,11.4732,11.5101,11.548350000000001,11.587769999999999,11.62845,11.67021,11.71323,11.757330000000001,11.80251,11.84877,11.89602,11.94426,11.993400000000001,12.04353,12.09447,12.14622,12.19878,12.25215,12.30615,12.36096,12.41631,12.472380000000001,12.5289,12.58605,12.643740000000001,12.701970000000001,12.76056,12.8196,12.87909,12.93894,12.99924,13.05981,13.12065,13.18185,13.24332
13.45068,13.372290000000001,13.29426,13.21668,13.13946,13.06269,12.98628,12.91032,12.83481,12.75975,12.68514,12.610890000000001,12.53709,12.46365,12.39057,12.31785,12.2454,12.17322,12.10131,12.02949,11.95785,11.88621,11.81448,11.74275,11.67075,11.59839,11.52567,11.45241,11.37852,11.30382,11.22822,11.151539999999999,11.0736,10.99422,10.91322,10.83042,10.74564,10.6587,10.56924,10.477079999999999,10.38204,10.283669999999999,10.18188,10.076220000000001,9.966420000000001,9.85221,9.73305,9.60867,9.478620000000001,9.34236,9.199530000000001,9.0495,8.891784,8.72568,8.550531000000001,8.36559,8.170020000000001,7.9629389999999995,7.743321000000001,7.510077000000001,7.261956,6.997580999999999,6.715413,6.413697,6.090489000000001,5.743575000000001,5.370462,4.9683600000000006,4.534137,4.0644,3.555684,3.004992,2.41182,1.785303,1.178037,0.851589,1.178118,1.785663,2.41281,3.007035,3.559239,4.069971000000001,4.542174,4.9793400000000005,5.3848080000000005,5.761674,6.112701,6.4403369999999995,6.746733,7.033815,7.303257,7.556562,7.795053,8.019927000000001,8.232228,8.432901,8.622801,8.802693000000001,8.973261,9.13509,9.2889,9.43497,9.57393,9.706230000000001,9.83214,9.952020000000001,10.06632,10.17531,10.27917,10.37826,10.472760000000001,10.56294,10.64898,10.73097,10.809270000000001,10.88397,10.95516,11.023109999999999,11.08782,11.149469999999999,11.20815,11.26404,11.31723,11.36781,11.415780000000002,11.46141,11.50452,11.54547,11.58417,11.620709999999999,11.655180000000001,11.68758,11.71809,11.74671,11.77344,11.79837,11.8215,11.84301,11.86281,11.88099,11.89755,11.91258,11.92617,11.938229999999999,11.94885,11.95803,11.965950000000001,11.97243,11.97756,11.98152,11.98413,11.98548,11.98566,11.98467,11.982510000000001,11.97918,11.97468,11.96919,11.962530000000001,11.954880000000001,11.946150000000001,11.936430000000001,11.92572,11.91402,11.90133,11.88774,11.87325,11.85786,11.841569999999999,11.82447,11.80647,11.78766,11.76804,11.747700000000002,11.726550000000001,11.70468,11.68209,11.65887,11.63484,11.61027,11.58507,11.55924,11.532869999999999,11.50596,11.47842,11.45052,11.422080000000001,11.39319,11.36394,11.334240000000001,11.30427,11.27394,11.24343,11.21256,11.18151,11.15028,11.11896,11.08755,11.056049999999999,11.02446,10.99296,10.96155,10.93023,10.899,10.86804,10.83726,10.806750000000001,10.77651,10.74663,10.7172,10.688130000000001,10.65951,10.63143,10.60389,10.57689,10.55052,10.524690000000001,10.49958,10.4751,10.45134,10.4283,10.405980000000001,10.38438,10.3635,10.34343,10.32408,10.30545,10.28763,10.27053,10.25415,10.238489999999999,10.223460000000001,10.209240000000001,10.19565,10.182690000000001,10.17036,10.15866,10.147590000000001,10.137060000000002,10.12698,10.11753,10.10853,10.10007,10.09197,10.08441,10.07721,10.07037,10.06398,10.05795,10.05228,10.04697,10.04202,10.03734,10.03311,10.02915,10.02555,10.02231,10.01934,10.01682,10.01457,10.01277,10.01133,10.010250000000001,10.009530000000002,10.00926,10.009440000000001,10.00998,10.01097,10.012500000000001,10.01439,10.01673,10.01961,10.02294,10.026720000000001,10.03095,10.035630000000001,10.040849999999999,10.046520000000001,10.05255,10.05912,10.06605,10.07343,10.08117,10.089360000000001,10.09782,10.10664,10.11573,10.12509,10.13472,10.14453,10.15452,10.16469,10.17495,10.1853,10.19574,10.20618,10.21662,10.226970000000001,10.23723,10.24731,10.2573,10.26711,10.27674,10.286100000000001,10.2951,10.30392,10.31229,10.32039,10.32804,10.335239999999999,10.34208,10.34847,10.35432,10.35972,10.36458,10.368900000000002,10.37277,10.37601,10.37871,10.38078,10.38231,10.38321,10.38348,10.38321,10.38231,10.38078,10.37871,10.37592,10.37259,10.36872,10.364130000000001,10.359,10.35333,10.34703,10.340190000000002,10.33272,10.3248,10.31634,10.30743,10.29789,10.28799,10.277640000000002,10.26684,10.255680000000002,10.24407,10.2321,10.21986,10.20726,10.19448,10.18134,10.16811,10.15461,10.14102,10.12725,10.11348,10.09962,10.08567,10.07181,10.05804,10.04427,10.03068,10.01718,10.00386,9.99081,9.97794,9.96534,9.953009999999999,9.94095,9.92934,9.918,9.90702,9.89649,9.88632,9.876510000000001,9.86724,9.85833,9.849870000000001,9.84177,9.83421,9.827010000000001,9.820350000000001,9.81405,9.808110000000001,9.802620000000001,9.79758,9.792900000000001,9.788670000000002,9.78471,9.7812,9.77796,9.775170000000001,9.77256,9.7704,9.76851,9.76689,9.76554,9.764550000000002,9.763829999999999,9.76338,9.763200000000001,9.763290000000001,9.76374,9.76437,9.765360000000001,9.766710000000002,9.76833,9.77031,9.77256,9.77526,9.77832,9.781740000000001,9.78552,9.78984,9.79452,9.79974,9.80541,9.81162,9.81837,9.825660000000001,9.833400000000001,9.84186,9.85077,9.8604,9.87057,9.88128,9.89271,9.90468,9.91728,9.93051,9.944280000000001,9.958680000000001,9.97362,9.9891,10.00512,10.02168,10.03878,10.05624,10.07424,10.092600000000001,10.111320000000001,10.130310000000001,10.149750000000001,10.16937,10.18926,10.20942,10.22967,10.25001,10.27053,10.29105,10.31166,10.332180000000001,10.3527,10.373130000000002,10.393469999999999,10.413630000000001,10.43361,10.45341,10.47303,10.492289999999999,10.51128,10.53,10.54836,10.56636,10.584,10.60128,10.61811,10.63458,10.65051,10.666080000000001,10.6812,10.695780000000001,10.70991,10.723590000000002,10.73682,10.749509999999999,10.761660000000001,10.77345,10.7847,10.795499999999999,10.80576,10.815570000000001,10.82502,10.833929999999999,10.84248,10.85058,10.85832,10.86561,10.872630000000001,10.879199999999999,10.8855,10.89153,10.89738,10.90287,10.908180000000002,10.9134,10.91844,10.923390000000001,10.92825,10.933110000000001,10.93797,10.942919999999999,10.94805,10.95327,10.95876,10.96443,10.97046,10.97685,10.983690000000001,10.99089,10.99872,11.00709,11.01609,11.02572,11.03616,11.047320000000001,11.05938,11.07225,11.08611,11.10096,11.116800000000001,11.13363,11.15163,11.17071,11.19105,11.21247,11.235149999999999,11.25909,11.2842,11.31066,11.33829,11.36727,11.39751,11.42901,11.461770000000001,11.49579,11.531070000000001,11.56761,11.60532,11.64429,11.68434,11.72556,11.76795,11.81142,11.855879999999999,11.901420000000002,11.947949999999999,11.99538,12.0438,12.09312,12.14325,12.194189999999999,12.245940000000001,12.298499999999999,12.35169,12.405600000000002,12.46023,12.515400000000001,12.571200000000001,12.62754,12.68442,12.741750000000001,12.79962,12.857940000000001,12.916620000000002,12.975750000000001,13.03524,13.09509,13.1553,13.21578,13.27653
13.40217,13.32306,13.244399999999999,13.1661,13.08825,13.01085,12.933900000000001,12.85749,12.78144,12.70602,12.63096,12.55644,12.482370000000001,12.40866,12.33549,12.26268,12.190230000000001,12.11814,12.04632,11.974770000000001,11.90331,11.83203,11.760750000000002,11.68947,11.61801,11.546280000000001,11.47419,11.40174,11.328660000000001,11.25477,11.18007,11.10429,11.02743,10.94904,10.86921,10.78758,10.70397,10.6182,10.52991,10.439010000000001,10.34523,10.24812,10.147590000000001,10.043190000000001,9.934650000000001,9.821610000000002,9.703710000000001,9.580589999999999,9.45162,9.31653,9.17478,9.025830000000001,8.869113,8.703927,8.529624,8.345439,8.150535000000001,7.9439850000000005,7.724781,7.491771,7.243695000000001,6.979131000000001,6.696477,6.393915000000001,6.069384,5.720535000000001,5.344677,4.938669,4.498911,4.021173,3.5004779999999998,2.93094,2.30553,1.615806,0.8514954,0.0,0.851544,1.616157,2.3065919999999998,2.933217,3.504537,4.027581,4.5082439999999995,4.951458,5.3614440000000005,5.741766,6.095511,6.4253160000000005,6.733503000000001,7.022061,7.292763000000001,7.547157,7.786602,8.012304,8.225361000000001,8.426718000000001,8.617248,8.797725,8.968833,9.131219999999999,9.28548,9.432,9.57141,9.70407,9.830430000000002,9.95076,10.06542,10.17477,10.27908,10.378530000000001,10.47339,10.56384,10.65024,10.73268,10.81125,10.88631,10.95786,11.02608,11.09106,11.153070000000001,11.212110000000001,11.268360000000001,11.32182,11.372670000000001,11.421,11.4669,11.510370000000002,11.551590000000001,11.59056,11.62746,11.6622,11.69496,11.725740000000002,11.75463,11.78163,11.806830000000001,11.83032,11.8521,11.87217,11.89062,11.907540000000001,11.922930000000001,11.93679,11.94912,11.9601,11.96964,11.97774,11.984580000000001,11.990070000000001,11.9943,11.99718,11.998980000000001,11.99943,11.998800000000001,11.99691,11.99394,11.989799999999999,11.98467,11.97837,11.97108,11.96271,11.95335,11.943,11.931750000000001,11.91942,11.90628,11.89215,11.87721,11.86128,11.84463,11.82708,11.80872,11.78955,11.769660000000002,11.74896,11.72763,11.705490000000001,11.68272,11.65923,11.635200000000001,11.61045,11.58516,11.559330000000001,11.53296,11.50596,11.4786,11.450700000000001,11.42244,11.393730000000001,11.36466,11.33523,11.30544,11.27547,11.245140000000001,11.214720000000002,11.18403,11.15325,11.12238,11.091420000000001,11.06046,11.02941,10.99845,10.96767,10.936890000000002,10.90638,10.875960000000001,10.84581,10.81602,10.78641,10.75725,10.72845,10.700099999999999,10.672110000000002,10.644660000000002,10.61775,10.591380000000001,10.56555,10.54035,10.515690000000001,10.491750000000001,10.468350000000001,10.44567,10.42371,10.402379999999999,10.38168,10.3617,10.34244,10.3239,10.305990000000001,10.28871,10.27206,10.25613,10.24083,10.22616,10.21203,10.19853,10.18557,10.17315,10.16127,10.14984,10.13895,10.12851,10.11852,10.10898,10.09989,10.09116,10.08279,10.07478,10.06722,10.05993,10.05309,10.046520000000001,10.040310000000002,10.034460000000001,10.028970000000001,10.023840000000002,10.019070000000001,10.01475,10.0107,10.0071,10.00386,10.00107,9.99873,9.99675,9.99531,9.99423,9.99369,9.99369,9.99414,9.995040000000001,9.99657,9.998550000000002,10.00107,10.00413,10.00773,10.01187,10.01646,10.02168,10.02735,10.033470000000001,10.04013,10.04724,10.0548,10.062809999999999,10.071180000000002,10.07991,10.089,10.09845,10.10817,10.118070000000001,10.12824,10.13859,10.14912,10.159650000000001,10.17036,10.18107,10.19178,10.2024,10.21302,10.223460000000001,10.23381,10.243979999999999,10.25388,10.2636,10.272960000000001,10.28205,10.290780000000002,10.299150000000001,10.307160000000001,10.314720000000001,10.32183,10.32849,10.334610000000001,10.34028,10.34532,10.349910000000001,10.35396,10.357380000000001,10.36017,10.36242,10.36404,10.365120000000001,10.365480000000002,10.36521,10.3644,10.362870000000001,10.360800000000001,10.35801,10.35459,10.35063,10.34595,10.340729999999999,10.33488,10.32849,10.32147,10.31382,10.305719999999999,10.296990000000001,10.28781,10.27809,10.26792,10.2573,10.24623,10.23471,10.22283,10.21059,10.197989999999999,10.185120000000001,10.17198,10.158570000000001,10.14498,10.131120000000001,10.11726,10.10322,10.08909,10.07496,10.06083,10.046700000000001,10.03266,10.0188,10.00494,9.99135,9.97794,9.9648,9.95193,9.93933,9.92709,9.91521,9.90369,9.892619999999999,9.881910000000001,9.87165,9.861839999999999,9.85257,9.84366,9.83529,9.82746,9.820079999999999,9.81324,9.80685,9.800910000000002,9.79551,9.79056,9.786150000000001,9.7821,9.778500000000001,9.77535,9.77265,9.77031,9.76842,9.76689,9.76563,9.76482,9.76428,9.764100000000001,9.76428,9.76473,9.765450000000001,9.76653,9.76779,9.76941,9.7713,9.77355,9.776069999999999,9.77886,9.781920000000001,9.78534,9.78912,9.79317,9.79758,9.80244,9.80757,9.81315,9.81918,9.825569999999999,9.83241,9.83979,9.84753,9.8559,9.86463,9.873990000000001,9.883799999999999,9.894240000000002,9.90513,9.91656,9.92862,9.94122,9.95427,9.96795,9.98217,9.99684,10.012139999999999,10.02789,10.04409,10.06074,10.07793,10.09548,10.11339,10.13166,10.15029,10.16928,10.188540000000001,10.207980000000001,10.22769,10.247580000000001,10.267560000000001,10.28772,10.30788,10.32813,10.34847,10.36872,10.38888,10.409040000000001,10.42902,10.44891,10.468530000000001,10.488059999999999,10.50732,10.52631,10.545119999999999,10.56348,10.581660000000001,10.599480000000002,10.61685,10.63395,10.6506,10.66689,10.68273,10.698210000000001,10.71324,10.727820000000001,10.741859999999999,10.75554,10.76877,10.78155,10.79379,10.80567,10.8171,10.82799,10.83852,10.848600000000001,10.85823,10.86741,10.87623,10.884689999999999,10.89279,10.900530000000002,10.90791,10.914930000000002,10.92177,10.92825,10.93455,10.94067,10.946610000000002,10.95237,10.95804,10.96362,10.96911,10.97469,10.98027,10.98594,10.9917,10.99773,11.00385,11.010330000000002,11.01708,11.02419,11.03175,11.039760000000001,11.04822,11.05731,11.067029999999999,11.07738,11.08845,11.100240000000001,11.11284,11.12634,11.14065,11.15595,11.17224,11.18952,11.207880000000001,11.22732,11.24784,11.26953,11.292390000000001,11.31642,11.34162,11.36799,11.39562,11.42451,11.45457,11.485890000000001,11.51838,11.55213,11.58705,11.623140000000001,11.66049,11.69892,11.73852,11.7792,11.82096,11.863800000000001,11.907630000000001,11.95245,11.99835,12.04506,12.09276,12.14127,12.19068,12.240900000000002,12.29193,12.343679999999999,12.39606,12.44925,12.50298,12.55743,12.61242,12.66804,12.72411,12.780719999999999,12.83787,12.895470000000001,12.953429999999999,13.01184,13.07061,13.12983,13.18932,13.24917,13.30929
13.35294,13.27302,13.19364,13.11462,13.036050000000001,12.95811,12.88053,12.80358,12.727079999999999,12.65112,12.575700000000001,12.500910000000001,12.42648,12.35268,12.279330000000002,12.20643,12.133980000000001,12.06198,11.99034,11.91897,11.84787,11.77695,11.70612,11.635290000000001,11.56446,11.493450000000001,11.42217,11.350439999999999,11.27826,11.20536,11.13174,11.05704,10.98126,10.90413,10.82556,10.745190000000001,10.66293,10.57851,10.491750000000001,10.40229,10.30995,10.214459999999999,10.11537,10.01259,9.90558,9.794160000000002,9.67788,9.55629,9.42903,9.29556,9.15543,9.00819,8.853066,8.689581,8.516988,8.33454,8.141418,7.936712999999999,7.7194080000000005,7.488396,7.242444,6.980157,6.699978,6.400179,6.0787889999999996,5.733603,5.36211,4.961511,4.528683,4.060215,3.5526240000000002,3.002913,2.410551,1.784637,1.177767,0.8514522,1.177866,1.785123,2.4118830000000004,3.0056760000000002,3.557448,4.067766,4.5396090000000004,4.976442,5.381658,5.758326,6.109209,6.436755000000001,6.743124,7.030224,7.299747,7.5531690000000005,7.791831000000001,8.016912,8.229447,8.430399000000001,8.620614,8.800839,8.971767,9.13401,9.28818,9.434700000000001,9.574110000000001,9.706859999999999,9.83322,9.95364,10.068389999999999,10.17783,10.28223,10.38186,10.4769,10.56753,10.65411,10.736730000000001,10.81548,10.89072,10.96245,11.030940000000001,11.09619,11.15838,11.217690000000001,11.27412,11.32785,11.37897,11.427480000000001,11.473650000000001,11.51739,11.55888,11.59812,11.635200000000001,11.67021,11.703240000000001,11.73429,11.76336,11.79072,11.816189999999999,11.83995,11.86191,11.882340000000001,11.90106,11.91825,11.933910000000001,11.94804,11.96064,11.97189,11.9817,11.99016,11.99727,12.00303,12.00753,12.01086,12.01284,12.01365,12.013290000000001,12.011759999999999,12.00915,12.00537,12.00051,11.99457,11.987639999999999,11.97963,11.970630000000002,11.96064,11.94975,11.93787,11.925,11.91132,11.896740000000001,11.88126,11.86497,11.84787,11.82996,11.81124,11.79171,11.77155,11.750580000000001,11.72898,11.706660000000001,11.68371,11.66004,11.63583,11.61108,11.5857,11.559780000000002,11.53341,11.5065,11.479140000000001,11.45142,11.42316,11.394630000000001,11.36574,11.33658,11.30706,11.27736,11.24739,11.21724,11.187,11.15658,11.126159999999999,11.095650000000001,11.065140000000001,11.03463,11.00421,10.97388,10.94373,10.913670000000002,10.88388,10.85436,10.82511,10.79613,10.767510000000001,10.73934,10.71144,10.68408,10.65717,10.630799999999999,10.604880000000001,10.579500000000001,10.55466,10.53045,10.506780000000001,10.483740000000001,10.46124,10.43946,10.41822,10.39761,10.37763,10.35828,10.33956,10.32147,10.30392,10.287,10.27062,10.25487,10.23957,10.224810000000002,10.21068,10.19691,10.18368,10.17099,10.15866,10.146780000000001,10.13526,10.12428,10.11357,10.10331,10.09341,10.083870000000001,10.07469,10.06587,10.057409999999999,10.04931,10.04157,10.034099999999999,10.02708,10.020420000000001,10.01421,10.008270000000001,10.00287,9.99783,9.99315,9.98901,9.98532,9.98217,9.97938,9.97722,9.9756,9.974430000000002,9.97389,9.97389,9.974430000000002,9.9756,9.977400000000001,9.97974,9.98271,9.986220000000001,9.99036,9.995040000000001,10.00035,10.0062,10.012500000000001,10.01943,10.026810000000001,10.03473,10.043009999999999,10.05174,10.060920000000001,10.07037,10.08027,10.090349999999999,10.100700000000002,10.111320000000001,10.12203,10.13292,10.1439,10.15488,10.16595,10.17702,10.18791,10.1988,10.20951,10.220040000000001,10.230390000000002,10.24038,10.25019,10.25964,10.268730000000001,10.27746,10.285829999999999,10.293750000000001,10.30113,10.308060000000001,10.31454,10.32048,10.325790000000001,10.33056,10.33479,10.33848,10.341450000000002,10.34388,10.345590000000001,10.34676,10.34721,10.34703,10.346219999999999,10.34478,10.34262,10.33983,10.33641,10.33227,10.327589999999999,10.322189999999999,10.31625,10.30968,10.302480000000001,10.294649999999999,10.28628,10.27737,10.26792,10.25793,10.24749,10.23651,10.22508,10.21329,10.20105,10.18845,10.175490000000002,10.16226,10.148760000000001,10.13499,10.12104,10.106910000000001,10.092600000000001,10.0782,10.0638,10.04931,10.03491,10.020510000000002,10.0062,9.99207,9.97812,9.964260000000001,9.95076,9.93753,9.924570000000001,9.91197,9.899730000000002,9.88794,9.876510000000001,9.86562,9.85518,9.84519,9.83574,9.82683,9.81846,9.810630000000002,9.80334,9.79668,9.79047,9.78489,9.779760000000001,9.77526,9.7713,9.76779,9.76482,9.76239,9.76041,9.75888,9.757710000000001,9.75708,9.7569,9.756990000000002,9.75753,9.75843,9.759689999999999,9.76131,9.763200000000001,9.765450000000001,9.767970000000002,9.770760000000001,9.77391,9.77733,9.781020000000002,9.78498,9.7893,9.79389,9.79875,9.803880000000001,9.809370000000001,9.81522,9.82143,9.827910000000001,9.83475,9.84204,9.84969,9.8577,9.86616,9.875070000000001,9.88443,9.89415,9.90441,9.91512,9.92637,9.93807,9.95022,9.96291,9.97605,9.98973,10.00386,10.01844,10.033560000000001,10.04913,10.065150000000001,10.08153,10.09845,10.115639999999999,10.133280000000001,10.15128,10.169550000000001,10.188180000000001,10.206990000000001,10.22616,10.245510000000001,10.26504,10.28466,10.30455,10.324440000000001,10.344420000000001,10.3644,10.38438,10.40436,10.424339999999999,10.444139999999999,10.46385,10.48347,10.50291,10.52208,10.541070000000001,10.55988,10.578330000000001,10.596599999999999,10.614510000000001,10.63206,10.64934,10.66626,10.68273,10.69893,10.714680000000001,10.729980000000001,10.74492,10.759500000000001,10.773539999999999,10.78722,10.800450000000001,10.813229999999999,10.82565,10.837620000000001,10.849050000000002,10.86021,10.87083,10.88118,10.89099,10.900530000000002,10.90962,10.91835,10.92681,10.93491,10.94265,10.95021,10.95741,10.96443,10.97118,10.97784,10.98423,10.99062,10.996830000000001,11.00304,11.00916,11.01537,11.02158,11.02788,11.034360000000001,11.04102,11.04786,11.055060000000001,11.06244,11.07027,11.07855,11.087190000000001,11.09637,11.10609,11.116439999999999,11.127419999999999,11.13903,11.15145,11.164589999999999,11.17854,11.193389999999999,11.209230000000002,11.22588,11.24352,11.26224,11.28195,11.30274,11.32461,11.34756,11.37168,11.39697,11.423340000000001,11.45097,11.47968,11.50965,11.540790000000001,11.57301,11.60649,11.64114,11.67687,11.71377,11.75175,11.79081,11.83104,11.87226,11.914470000000001,11.95776,12.00195,12.047130000000001,12.0933,12.14028,12.188160000000002,12.23685,12.28635,12.33657,12.387599999999999,12.439350000000001,12.49173,12.54474,12.59847,12.65274,12.707550000000001,12.76299,12.81888,12.875309999999999,12.93219,12.98952,13.04721,13.105350000000001,13.16385,13.222710000000001,13.281930000000001,13.341420000000001
13.302810000000001,13.22217,13.14198,13.062240000000001,12.98295,12.904290000000001,12.826170000000001,12.74859,12.67164,12.59523,12.519359999999999,12.44412,12.36951,12.295440000000001,12.222,12.14901,12.07656,12.00465,11.933100000000001,11.862,11.79126,11.7207,11.65041,11.58021,11.51001,11.439810000000001,11.369340000000001,11.2986,11.22732,11.15559,11.08305,11.00961,10.93509,10.859309999999999,10.78209,10.70325,10.62252,10.53972,10.45458,10.36683,10.2762,10.18242,10.08522,9.98424,9.87912,9.769680000000001,9.655289999999999,9.53577,9.41049,9.27918,9.141300000000001,8.996247,8.843508,8.682462000000001,8.512433999999999,8.332704,8.142471,7.9408710000000005,7.7269499999999995,7.499655000000001,7.257834000000001,7.000218,6.725403,6.43185,6.117876000000001,5.781654,5.421267,5.034735,4.620231,4.176423,3.7033199999999997,3.2041350000000004,2.689911,2.1911579999999997,1.784448,1.6155,1.784718,2.1919950000000004,2.69181,3.2077080000000002,3.7092870000000002,4.185513,4.633173,5.052258,5.444055,5.8103549999999995,6.153084,6.474114,6.775209,7.057989,7.323948,7.574418,7.810605,8.033598000000001,8.244396,8.443863,8.632818,8.811981000000001,8.982018,9.14355,9.297,9.44298,9.58194,9.71433,9.84042,9.96057,10.07514,10.18449,10.28871,10.388250000000001,10.48329,10.57392,10.6605,10.74312,10.82205,10.89729,10.9692,11.03769,11.10312,11.1654,11.22489,11.281410000000001,11.33532,11.38662,11.43531,11.481660000000002,11.525580000000001,11.56725,11.606670000000001,11.64402,11.679210000000001,11.71242,11.74374,11.77308,11.80062,11.82636,11.8503,11.872530000000001,11.89323,11.91222,11.929590000000001,11.94552,11.95992,11.972790000000002,11.984309999999999,11.99439,12.003120000000001,12.0105,12.01653,12.02139,12.0249,12.02724,12.02832,12.028229999999999,12.02706,12.02472,12.0213,12.016710000000002,12.011130000000001,12.004470000000001,11.996820000000001,11.98818,11.97855,11.968020000000001,11.9565,11.943990000000001,11.93067,11.916450000000001,11.901420000000002,11.885489999999999,11.86884,11.85129,11.833020000000001,11.81394,11.79414,11.77362,11.752469999999999,11.7306,11.7081,11.68497,11.661209999999999,11.63691,11.61198,11.5866,11.56068,11.53422,11.5074,11.480129999999999,11.45241,11.42442,11.39598,11.36727,11.33829,11.30904,11.27961,11.25,11.22012,11.190240000000001,11.16018,11.13012,11.10006,11.07,11.039940000000001,11.009970000000001,10.98018,10.950479999999999,10.92096,10.891710000000002,10.862639999999999,10.83384,10.8054,10.77732,10.749509999999999,10.722150000000001,10.69524,10.66878,10.64268,10.617210000000002,10.5921,10.56762,10.54359,10.520100000000001,10.497240000000001,10.47483,10.45305,10.43181,10.4112,10.39104,10.371509999999999,10.35252,10.33398,10.316070000000002,10.2987,10.281780000000001,10.265310000000001,10.24938,10.23399,10.218960000000001,10.20438,10.19025,10.17657,10.163250000000001,10.15029,10.137780000000001,10.12554,10.113750000000001,10.10232,10.09116,10.08045,10.07001,10.06002,10.0503,10.040939999999999,10.032029999999999,10.023390000000001,10.0152,10.00746,10.00008,9.99315,9.98667,9.980640000000001,9.975150000000001,9.97011,9.965610000000002,9.96165,9.95832,9.95553,9.953370000000001,9.951749999999999,9.95076,9.95049,9.95085,9.95184,9.95346,9.9558,9.958770000000001,9.96237,9.9666,9.97155,9.97704,9.98316,9.98991,9.997200000000001,10.00503,10.01331,10.02213,10.03131,10.040939999999999,10.050930000000001,10.06128,10.071900000000001,10.082699999999999,10.09377,10.10502,10.11636,10.127790000000001,10.13922,10.150649999999999,10.161990000000001,10.17324,10.1844,10.19538,10.20609,10.21662,10.22679,10.236690000000001,10.24614,10.255320000000001,10.264050000000001,10.27224,10.28007,10.287360000000001,10.294110000000002,10.300320000000001,10.305900000000001,10.31094,10.31544,10.31922,10.322460000000001,10.324980000000002,10.32696,10.32813,10.32876,10.32867,10.327860000000001,10.32642,10.324259999999999,10.32147,10.31796,10.31382,10.30896,10.30347,10.29735,10.29051,10.283130000000002,10.275120000000001,10.26657,10.257390000000001,10.247580000000001,10.23732,10.22652,10.21527,10.203479999999999,10.19133,10.17873,10.16577,10.15245,10.138770000000001,10.124820000000001,10.11069,10.09629,10.0818,10.06713,10.05237,10.037519999999999,10.02267,10.007909999999999,9.99324,9.978570000000001,9.964170000000001,9.949950000000001,9.93591,9.922229999999999,9.90882,9.89577,9.88308,9.87084,9.85905,9.847800000000001,9.837,9.82674,9.81711,9.80793,9.79947,9.79146,9.78417,9.77751,9.77139,9.7659,9.76104,9.75681,9.753210000000001,9.750150000000001,9.747630000000001,9.74574,9.74439,9.74358,9.743219999999999,9.743400000000001,9.74403,9.74511,9.74664,9.74853,9.75087,9.753570000000002,9.756540000000001,9.759960000000001,9.76365,9.7677,9.77202,9.7767,9.781649999999999,9.78678,9.79227,9.798119999999999,9.80415,9.81045,9.81711,9.82404,9.831240000000001,9.83871,9.84663,9.85473,9.86328,9.8721,9.88137,9.89091,9.9009,9.911249999999999,9.92205,9.933209999999999,9.94482,9.95688,9.9693,9.98226,9.99558,10.00935,10.02357,10.038240000000002,10.05327,10.06875,10.08468,10.10097,10.11762,10.13472,10.15209,10.16982,10.18791,10.20618,10.224810000000002,10.24362,10.2627,10.28196,10.30131,10.320839999999999,10.34055,10.36026,10.37997,10.39977,10.41957,10.43928,10.45899,10.47861,10.498050000000001,10.5174,10.536570000000001,10.555560000000002,10.57437,10.59291,10.611180000000001,10.62918,10.64691,10.66428,10.68138,10.69812,10.7145,10.73052,10.74618,10.76148,10.77633,10.79082,10.80486,10.81854,10.83177,10.84464,10.857149999999999,10.86912,10.88082,10.89198,10.90287,10.91331,10.923390000000001,10.9332,10.94256,10.95165,10.96038,10.96875,10.97694,10.98486,10.992510000000001,10.999889999999999,11.00718,11.014289999999999,11.02122,11.02806,11.0349,11.04156,11.04831,11.055150000000001,11.06199,11.06892,11.07594,11.08323,11.09079,11.09853,11.106630000000001,11.11509,11.12391,11.133270000000001,11.14308,11.15334,11.16432,11.17584,11.188080000000001,11.200949999999999,11.21463,11.229120000000002,11.24442,11.26062,11.27763,11.295720000000001,11.31471,11.33469,11.35566,11.37771,11.40084,11.42505,11.45034,11.4768,11.504340000000001,11.53296,11.56284,11.59371,11.62584,11.65896,11.69334,11.728710000000001,11.76525,11.80278,11.84148,11.881170000000001,11.92185,11.96361,12.006269999999999,12.04992,12.09456,12.14001,12.18636,12.23361,12.28158,12.33045,12.38004,12.43035,12.48138,12.53304,12.585420000000001,12.63843,12.69207,12.74616,12.800880000000001,12.85614,12.911850000000001,12.968100000000002,13.02471,13.081859999999999,13.13937,13.19724,13.25547,13.31406,13.37301
13.25196,13.170420000000002,13.08933,13.00887,12.92886,12.849480000000002,12.77073,12.69252,12.61494,12.53808,12.46176,12.38616,12.31128,12.23694,12.163319999999999,12.09033,12.01788,11.946060000000001,11.874690000000001,11.80386,11.73339,11.66337,11.59362,11.52405,11.45457,11.38518,11.315610000000001,11.24586,11.17575,11.1051,11.03382,10.961730000000001,10.88865,10.814400000000001,10.738800000000001,10.66158,10.58256,10.50156,10.41822,10.33236,10.24371,10.151909999999999,10.056780000000002,9.95796,9.85509,9.7479,9.63585,9.51876,9.39609,9.2673,9.13212,8.989938,8.840196,8.682318,8.515683,8.339589,8.153298,7.956009,7.7468580000000005,7.524882,7.289082,7.038351,6.771519,6.487344,6.184566,5.861916,5.518269,5.152779000000001,4.765257,4.356828,3.9311190000000003,3.4966530000000002,3.0712680000000003,2.689488,2.4098580000000003,2.304585,2.410425,2.69091,3.07404,3.501441,3.938679,4.367952,4.7807640000000005,5.173452,5.544882,5.895198000000001,6.225192,6.535935,6.828641999999999,7.10451,7.3647089999999995,7.610364,7.842492,8.062047,8.269910999999999,8.466876000000001,8.653689,8.831007,8.999451,9.15957,9.311850000000002,9.45684,9.59499,9.72657,9.85194,9.97155,10.08567,10.194569999999999,10.29852,10.39779,10.492560000000001,10.583010000000002,10.669410000000001,10.751940000000001,10.83078,10.906020000000002,10.97784,11.04642,11.11176,11.17413,11.23362,11.290320000000001,11.34432,11.39562,11.444490000000002,11.49093,11.53503,11.576789999999999,11.61639,11.653920000000001,11.68929,11.72268,11.75409,11.7837,11.81142,11.83734,11.86146,11.88396,11.90475,11.92401,11.94165,11.95776,11.97243,11.98557,11.99727,12.00762,12.016620000000001,12.024270000000001,12.03057,12.03561,12.039480000000001,12.042000000000002,12.04344,12.04362,12.042720000000001,12.040650000000001,12.0375,12.03336,12.02805,12.02175,12.01437,12.00609,11.996820000000001,11.98656,11.975399999999999,11.96325,11.95029,11.936430000000001,11.921759999999999,11.90628,11.8899,11.8728,11.854890000000001,11.836260000000001,11.81682,11.79675,11.77605,11.75454,11.73249,11.70981,11.6865,11.662650000000001,11.63817,11.613240000000001,11.587769999999999,11.561850000000002,11.53548,11.50866,11.48139,11.45385,11.42595,11.397689999999999,11.36916,11.34036,11.31138,11.28213,11.252790000000001,11.22327,11.193660000000001,11.163960000000001,11.13426,11.104560000000001,11.074860000000001,11.045250000000001,11.01573,10.986300000000002,10.95705,10.927980000000002,10.89909,10.870470000000001,10.84212,10.81413,10.78641,10.75896,10.73196,10.70541,10.67922,10.65348,10.6281,10.60326,10.57887,10.55502,10.53162,10.50867,10.48635,10.46439,10.443060000000001,10.42209,10.40175,10.38186,10.36242,10.343520000000002,10.324980000000002,10.30698,10.289430000000001,10.27233,10.25559,10.2393,10.22337,10.20789,10.192770000000001,10.17801,10.16361,10.14957,10.135800000000001,10.12248,10.10943,10.09674,10.08441,10.07244,10.06083,10.04949,10.0386,10.028070000000001,10.017900000000001,10.008180000000001,9.99882,9.99,9.98154,9.97362,9.96624,9.95931,9.95292,9.94716,9.942029999999999,9.93744,9.933480000000001,9.93024,9.92763,9.925740000000001,9.92448,9.92403,9.924299999999999,9.9252,9.92691,9.92934,9.93249,9.93636,9.94086,9.94617,9.952020000000001,9.95859,9.96579,9.97362,9.9819,9.99081,10.00017,10.00998,10.02015,10.03077,10.04166,10.05291,10.064340000000001,10.075949999999999,10.087650000000002,10.09953,10.11141,10.12329,10.13508,10.14687,10.15848,10.16991,10.18116,10.19205,10.20276,10.21311,10.22301,10.23264,10.24173,10.25037,10.258560000000001,10.266210000000001,10.27323,10.279800000000002,10.28574,10.29105,10.29573,10.29978,10.3032,10.305990000000001,10.307970000000001,10.30941,10.31004,10.31004,10.309320000000001,10.30788,10.305719999999999,10.30284,10.29933,10.295010000000001,10.29006,10.28448,10.278179999999999,10.27125,10.2636,10.255320000000001,10.2465,10.23705,10.226970000000001,10.21635,10.20519,10.19358,10.18143,10.16883,10.15587,10.14246,10.128689999999999,10.114650000000001,10.10025,10.08567,10.07082,10.05579,10.04067,10.02546,10.010250000000001,9.995040000000001,9.97983,9.96471,9.949770000000001,9.93501,9.920430000000001,9.90621,9.89226,9.87867,9.865440000000001,9.85266,9.84042,9.82863,9.817380000000002,9.80667,9.79659,9.787139999999999,9.77832,9.77013,9.76266,9.75582,9.7497,9.74421,9.73944,9.73539,9.73197,9.72918,9.72711,9.72558,9.724770000000001,9.7245,9.724860000000001,9.725670000000001,9.72711,9.729090000000001,9.73152,9.7344,9.737729999999999,9.74142,9.745560000000001,9.750150000000001,9.75501,9.76023,9.76581,9.77166,9.77778,9.78426,9.79101,9.79794,9.80523,9.81279,9.82062,9.82863,9.837,9.845640000000001,9.854460000000001,9.86364,9.873090000000001,9.8829,9.892980000000001,9.90333,9.91413,9.92511,9.936539999999999,9.94833,9.96048,9.9729,9.98586,9.999089999999999,10.01268,10.026720000000001,10.041120000000001,10.05588,10.07109,10.08666,10.10259,10.11879,10.13544,10.15236,10.16964,10.187280000000001,10.2051,10.223279999999999,10.24173,10.26036,10.27917,10.29816,10.31733,10.336680000000001,10.35612,10.37565,10.39518,10.4148,10.43442,10.45395,10.47357,10.49301,10.512360000000001,10.53162,10.550790000000001,10.56969,10.588500000000002,10.607040000000001,10.625399999999999,10.64349,10.66131,10.67886,10.69605,10.71297,10.729619999999999,10.74591,10.76175,10.77732,10.79253,10.80738,10.82178,10.83582,10.8495,10.862820000000001,10.87569,10.888200000000001,10.90035,10.912139999999999,10.92348,10.93446,10.945170000000001,10.955430000000002,10.96542,10.97505,10.98441,10.99341,11.00214,11.01069,11.01897,11.02698,11.03481,11.04255,11.05002,11.05749,11.06487,11.07207,11.07936,11.08665,11.09394,11.10141,11.10888,11.11653,11.12445,11.13255,11.14092,11.149560000000001,11.15865,11.1681,11.178,11.18835,11.19924,11.21067,11.22273,11.23551,11.24892,11.26305,11.27799,11.293650000000001,11.310210000000001,11.32767,11.34603,11.36529,11.38554,11.40669,11.42892,11.45223,11.47653,11.50182,11.52828,11.55582,11.584349999999999,11.61405,11.64483,11.67669,11.70963,11.74365,11.77875,11.81493,11.8521,11.89035,11.929590000000001,11.96982,12.01104,12.05325,12.09636,12.14037,12.185279999999999,12.23109,12.27762,12.32505,12.37329,12.42225,12.47193,12.52224,12.57336,12.62502,12.6774,12.73032,12.78387,12.83796,12.8925,12.94758,13.003200000000001,13.059270000000001,13.1157,13.17267,13.22991,13.2876,13.345650000000001,13.403970000000001
13.20012,13.11768,13.035779999999999,12.95442,12.87369,12.79359,12.71403,12.63519,12.55707,12.47958,12.4029,12.32694,12.25161,12.17709,12.103290000000001,12.03021,11.95776,11.88594,11.81484,11.744280000000002,11.67426,11.60469,11.53548,11.46663,11.397960000000001,11.32938,11.26089,11.19222,11.12328,11.05398,10.98405,10.9134,10.84194,10.769309999999999,10.69542,10.620000000000001,10.54287,10.46385,10.382579999999999,10.29879,10.21239,10.12293,10.030140000000001,9.93375,9.833400000000001,9.72873,9.61947,9.50508,9.385380000000001,9.25974,9.12771,8.988921000000001,8.842797,8.688789000000002,8.526303,8.354709000000001,8.173341,7.981478999999999,7.778358000000001,7.563159000000001,7.335045,7.093134,6.836526,6.564348000000001,6.275826,5.970321,5.647563000000001,5.307867000000001,4.952583,4.584861,4.210848,3.841623,3.495951,3.202938,3.00132,2.928906,3.00231,3.2051790000000002,3.499947,3.848058,4.220505,4.5985949999999995,4.971258000000001,5.332347,5.678685000000001,6.008886,6.32259,6.620013,6.901722,7.168446,7.420995,7.660179,7.886826,8.101701,8.305560000000002,8.499078,8.682912,8.857647,9.023850000000001,9.18207,9.33264,9.47619,9.6129,9.743400000000001,9.86778,9.98658,10.09998,10.20816,10.31157,10.410300000000001,10.50462,10.594800000000001,10.68093,10.76319,10.84176,10.91682,10.98846,11.05695,11.122290000000001,11.18457,11.24406,11.30067,11.35467,11.406060000000002,11.455020000000001,11.501460000000002,11.54565,11.5875,11.62719,11.664810000000001,11.700360000000002,11.733839999999999,11.76543,11.79513,11.82303,11.849129999999999,11.87343,11.89611,11.91717,11.93652,11.95443,11.97072,11.98557,11.998890000000001,12.01086,12.02139,12.030660000000001,12.03849,12.04506,12.050370000000001,12.05451,12.0573,12.059009999999999,12.05946,12.05883,12.05703,12.05424,12.05028,12.04533,12.0393,12.03228,12.024270000000001,12.015270000000001,12.00537,11.99448,11.98278,11.970180000000001,11.95668,11.94228,11.92716,11.91123,11.8944,11.876940000000001,11.85867,11.839680000000001,11.81997,11.79963,11.77857,11.75688,11.73465,11.71179,11.6883,11.66436,11.63979,11.61477,11.589300000000001,11.56329,11.53692,11.51019,11.48301,11.45556,11.42775,11.39958,11.37123,11.3427,11.3139,11.28492,11.25576,11.226510000000001,11.19726,11.16783,11.13849,11.109060000000001,11.07972,11.05047,11.02122,10.99224,10.96326,10.93455,10.906020000000002,10.87776,10.849770000000001,10.82205,10.7946,10.767510000000001,10.74078,10.714409999999999,10.6884,10.66275,10.63755,10.6128,10.588410000000001,10.56456,10.541070000000001,10.51803,10.49544,10.4733,10.45161,10.43037,10.40958,10.38924,10.36926,10.349730000000001,10.33056,10.31184,10.29348,10.27557,10.25793,10.24074,10.22382,10.20726,10.19106,10.17522,10.159650000000001,10.14444,10.1295,10.11492,10.10061,10.08675,10.07307,10.05984,10.04697,10.034460000000001,10.02231,10.01061,9.999270000000001,9.988380000000001,9.97794,9.96804,9.958680000000001,9.949770000000001,9.94149,9.93375,9.926730000000001,9.920250000000001,9.91449,9.909360000000001,9.90504,9.901440000000001,9.89856,9.89649,9.89514,9.8946,9.894870000000001,9.895950000000001,9.89784,9.900540000000001,9.90405,9.90828,9.91323,9.91899,9.92547,9.93258,9.94041,9.94887,9.95787,9.96741,9.977400000000001,9.98793,9.99882,10.010069999999999,10.02168,10.033560000000001,10.04562,10.05777,10.0701,10.08252,10.09494,10.10727,10.1196,10.13175,10.14363,10.15542,10.16685,10.178099999999999,10.1889,10.19934,10.20933,10.218960000000001,10.22805,10.236600000000001,10.24461,10.25208,10.25901,10.26522,10.270890000000001,10.27584,10.28016,10.28376,10.28664,10.28889,10.29042,10.29114,10.29123,10.29051,10.289159999999999,10.287,10.284030000000001,10.28043,10.27611,10.27107,10.26522,10.25874,10.25163,10.2438,10.23525,10.22616,10.21635,10.206,10.19502,10.1835,10.17144,10.15893,10.14588,10.13247,10.11861,10.1043,10.08981,10.07496,10.05984,10.044450000000001,10.028970000000001,10.013399999999999,9.99765,9.9819,9.96624,9.95058,9.93501,9.91971,9.9045,9.88965,9.87498,9.86076,9.846900000000002,9.83349,9.82062,9.8082,9.79641,9.785160000000001,9.77454,9.76464,9.75537,9.746820000000001,9.7389,9.73188,9.72549,9.719909999999999,9.71505,9.711,9.70758,9.705060000000001,9.70317,9.702,9.701550000000001,9.70173,9.70263,9.704160000000002,9.706320000000002,9.70902,9.71226,9.716040000000001,9.720270000000001,9.72504,9.730260000000001,9.73593,9.74196,9.74835,9.7551,9.76212,9.76959,9.77724,9.785250000000001,9.79353,9.80199,9.81081,9.81981,9.829080000000001,9.83862,9.84834,9.858419999999999,9.86868,9.87912,9.88992,9.90099,9.91224,9.92385,9.93573,9.947880000000001,9.9603,9.973080000000001,9.986130000000001,9.99954,10.01331,10.02735,10.04175,10.056420000000001,10.07145,10.08684,10.10259,10.11861,10.13499,10.15164,10.168650000000001,10.18584,10.20339,10.22121,10.2393,10.25757,10.27602,10.29474,10.31364,10.33263,10.3518,10.37106,10.390410000000001,10.40985,10.429290000000002,10.448730000000001,10.468259999999999,10.48761,10.50705,10.52631,10.54548,10.56456,10.583549999999999,10.60227,10.6209,10.63926,10.65744,10.67535,10.69299,10.71036,10.72746,10.744200000000001,10.760670000000001,10.77687,10.79271,10.808100000000001,10.823310000000001,10.83807,10.85247,10.86651,10.88019,10.89351,10.90638,10.91898,10.93122,10.94301,10.95453,10.96569,10.97649,10.987020000000001,10.99719,11.00709,11.016630000000001,11.02599,11.03499,11.043809999999999,11.05245,11.06091,11.0691,11.0772,11.085120000000002,11.09304,11.10078,11.10861,11.11635,11.124089999999999,11.131920000000001,11.13984,11.14794,11.15613,11.1645,11.17314,11.18205,11.19132,11.200949999999999,11.21094,11.22129,11.23227,11.24361,11.25558,11.268180000000001,11.281410000000001,11.29527,11.309849999999999,11.32515,11.34126,11.35818,11.375910000000001,11.394540000000001,11.41407,11.43459,11.45592,11.47833,11.50173,11.52612,11.5515,11.57787,11.605410000000001,11.63385,11.66346,11.69406,11.725740000000002,11.7585,11.79225,11.82708,11.8629,11.89971,11.9376,11.97639,12.01626,12.05703,12.0987,12.14127,12.184740000000001,12.22911,12.274379999999999,12.32037,12.367170000000002,12.41478,12.4632,12.51225,12.56202,12.61251,12.663540000000001,12.71529,12.767669999999999,12.8205,12.87396,12.92796,12.982500000000002,13.03749,13.09293,13.14882,13.20516,13.26195,13.31901,13.376520000000001,13.43439
13.14747,13.06404,12.981240000000001,12.89898,12.817350000000001,12.73644,12.65616,12.576690000000001,12.49785,12.41982,12.342600000000001,12.26619,12.1905,12.11571,12.04173,11.96847,11.89611,11.82438,11.75346,11.683169999999999,11.6136,11.54448,11.47599,11.407770000000001,11.34,11.27241,11.20491,11.137410000000001,11.06982,11.00187,10.933470000000002,10.86444,10.7946,10.72386,10.651860000000001,10.57842,10.50336,10.4265,10.34748,10.26603,10.18206,10.09503,10.00494,9.911249999999999,9.81369,9.71199,9.6057,9.49455,9.37818,9.25605,9.12771,8.992863,8.850933,8.701416000000002,8.54379,8.377488,8.201915999999999,8.016453,7.820469000000001,7.613289000000001,7.394273999999999,7.162758,6.9181740000000005,6.660018,6.387984,6.102072,5.802786,5.491395,5.170446,4.84434,4.520358,4.20984,3.9293460000000002,3.7009440000000002,3.549681,3.496887,3.551202,3.704247,3.934926,4.218381000000001,4.532661,4.861287000000001,5.1929549999999995,5.520393,5.839164,6.146712,6.441705,6.723603000000001,6.992325,7.248141,7.491456,7.722792000000001,7.942734000000001,8.151858,8.350749,8.539974,8.720082000000001,8.891577000000002,9.05499,9.2106,9.3591,9.500670000000001,9.635760000000001,9.76473,9.88785,10.00548,10.1178,10.22517,10.327770000000001,10.425870000000002,10.51956,10.609200000000001,10.694790000000001,10.77669,10.8549,10.92969,11.001149999999999,11.069370000000001,11.134530000000002,11.19672,11.25603,11.31264,11.36655,11.417850000000001,11.46681,11.513250000000001,11.55744,11.59938,11.63916,11.67678,11.71242,11.74599,11.77767,11.80746,11.83545,11.861730000000001,11.88621,11.908980000000001,11.93022,11.94975,11.96775,11.984309999999999,11.99934,12.01284,12.02499,12.03579,12.04524,12.05334,12.06009,12.06567,12.069989999999999,12.07305,12.074940000000002,12.075750000000001,12.0753,12.07386,12.07125,12.06756,12.06288,12.057120000000001,12.050460000000001,12.042720000000001,12.03408,12.02445,12.01392,12.00249,11.99025,11.977020000000001,11.96307,11.948220000000001,11.93265,11.916269999999999,11.89908,11.881170000000001,11.862540000000001,11.84328,11.823300000000001,11.802600000000002,11.781360000000001,11.759490000000001,11.73699,11.71395,11.69037,11.66625,11.64159,11.61657,11.59101,11.565,11.538630000000001,11.5119,11.48481,11.45745,11.429730000000001,11.40174,11.37357,11.345130000000001,11.316510000000001,11.28771,11.25882,11.229840000000001,11.20077,11.171610000000001,11.14254,11.113380000000001,11.0844,11.05533,11.026440000000001,10.99773,10.96911,10.94067,10.912410000000001,10.88433,10.856610000000002,10.82907,10.8018,10.77489,10.74825,10.72197,10.69605,10.67049,10.64529,10.62045,10.596060000000001,10.571940000000001,10.54827,10.52505,10.5021,10.4796,10.457550000000001,10.43577,10.41444,10.393469999999999,10.37286,10.35261,10.33272,10.3131,10.29393,10.275030000000001,10.256400000000001,10.23813,10.220130000000001,10.202490000000001,10.185120000000001,10.16802,10.15128,10.13481,10.11861,10.102770000000001,10.087200000000001,10.071990000000001,10.05714,10.04265,10.02852,10.01475,10.00134,9.98847,9.97605,9.96408,9.95256,9.94167,9.931410000000001,9.9216,9.9126,9.90414,9.8964,9.889380000000001,9.88317,9.87768,9.873000000000001,9.86922,9.86625,9.864090000000001,9.86283,9.86238,9.86292,9.864270000000001,9.86652,9.869580000000001,9.87354,9.878400000000001,9.883980000000001,9.89037,9.89748,9.9054,9.91395,9.92313,9.93285,9.943200000000001,9.95409,9.96534,9.97704,9.9891,10.001430000000001,10.01394,10.026720000000001,10.039589999999999,10.05255,10.06551,10.07847,10.09134,10.104120000000002,10.11663,10.128960000000001,10.14102,10.15272,10.164060000000001,10.175040000000001,10.18557,10.19565,10.20519,10.21428,10.22274,10.23057,10.23777,10.24443,10.25037,10.25559,10.26018,10.264050000000001,10.267199999999999,10.269540000000001,10.27125,10.272150000000002,10.27224,10.27161,10.27026,10.26801,10.26513,10.26144,10.25694,10.25181,10.24587,10.23921,10.23174,10.22373,10.21491,10.20546,10.19538,10.18458,10.17324,10.16136,10.148850000000001,10.13589,10.12239,10.10844,10.09413,10.079369999999999,10.06425,10.04886,10.0332,10.01727,10.00125,9.985050000000001,9.96885,9.95256,9.93636,9.92016,9.90414,9.888300000000001,9.87264,9.85734,9.842310000000001,9.82773,9.813600000000001,9.79992,9.78678,9.774270000000001,9.76239,9.751050000000001,9.740520000000002,9.73062,9.721530000000001,9.71325,9.70569,9.69903,9.69309,9.68805,9.68382,9.6804,9.67779,9.675989999999999,9.675,9.67482,9.675450000000001,9.67671,9.678780000000001,9.681479999999999,9.68481,9.68886,9.69345,9.69858,9.70434,9.710550000000001,9.717210000000001,9.72432,9.73188,9.739799999999999,9.74817,9.75681,9.76572,9.77499,9.78453,9.79434,9.80442,9.814680000000001,9.8253,9.83601,9.84699,9.85824,9.869580000000001,9.88128,9.89307,9.905220000000002,9.91746,9.930060000000001,9.94284,9.9558,9.96903,9.982619999999999,9.996390000000002,10.01043,10.024740000000001,10.03932,10.054170000000001,10.06929,10.084769999999999,10.10043,10.11645,10.13274,10.1493,10.16613,10.18323,10.20051,10.218150000000001,10.23597,10.25397,10.27224,10.290690000000001,10.309320000000001,10.32813,10.34703,10.366109999999999,10.38528,10.40454,10.423800000000002,10.443150000000001,10.46259,10.48194,10.501290000000001,10.52055,10.539810000000001,10.55898,10.57797,10.596960000000001,10.61568,10.63431,10.65267,10.67094,10.68894,10.70667,10.724129999999999,10.74141,10.758329999999999,10.774980000000001,10.79136,10.80738,10.82313,10.83852,10.85364,10.868310000000001,10.882710000000001,10.89675,10.91043,10.92375,10.93671,10.9494,10.961640000000001,10.97361,10.98522,10.99647,11.00745,11.01816,11.02851,11.038590000000001,11.04849,11.05803,11.067390000000001,11.07648,11.08539,11.09412,11.10276,11.111220000000001,11.11959,11.127780000000001,11.13606,11.144250000000001,11.15244,11.160630000000001,11.169,11.17737,11.185920000000001,11.19465,11.20356,11.212650000000002,11.2221,11.231910000000001,11.24199,11.25243,11.26341,11.274750000000001,11.28672,11.299140000000001,11.312100000000001,11.32578,11.34009,11.35503,11.37078,11.38716,11.40444,11.422530000000002,11.44143,11.46114,11.48184,11.50344,11.52594,11.549430000000001,11.57382,11.59929,11.62575,11.653110000000002,11.68164,11.71107,11.74158,11.77308,11.805570000000001,11.83905,11.87361,11.90916,11.9457,11.98314,12.02166,12.06099,12.10131,12.142619999999999,12.184740000000001,12.22776,12.27159,12.31623,12.36177,12.40803,12.4551,12.502889999999999,12.5514,12.60063,12.650490000000001,12.70098,12.75219,12.803939999999999,12.856230000000002,12.90915,12.962610000000002,13.01652,13.07097,13.12587,13.18122,13.237020000000001,13.293180000000001,13.34979,13.40676,13.46418
13.09383,13.00941,12.92562,12.842459999999999,12.75993,12.67812,12.59703,12.51675,12.437280000000001,12.35862,12.28077,12.20391,12.12786,12.05271,11.97855,11.9052,11.83275,11.76111,11.69037,11.62044,11.55123,11.48274,11.41479,11.34747,11.28051,11.214,11.14767,11.08143,11.01519,10.948680000000001,10.8819,10.81467,10.74663,10.67778,10.607850000000001,10.536570000000001,10.46376,10.38924,10.312650000000001,10.23381,10.15245,10.068299999999999,9.981,9.89028,9.79587,9.697410000000001,9.59454,9.4869,9.37413,9.25596,9.13185,9.00135,8.864136,8.719695,8.56755,8.407224,8.238213,8.059995,7.872066000000001,7.6739310000000005,7.465122,7.245234,7.013979,6.771222,6.517098000000001,6.252147000000001,5.9774579999999995,5.695047,5.408118,5.121666,4.843017,4.582485,4.353588,4.172427,4.0554630000000005,4.015530000000001,4.057632,4.177026000000001,4.361103,4.593591,4.858524,5.142474000000001,5.435181,5.729328,6.01992,6.303717,6.578685,6.843654,7.098039,7.341651,7.5745439999999995,7.796943000000001,8.00919,8.211663,8.404785,8.588996999999999,8.764713,8.932374000000001,9.09234,9.24507,9.39096,9.530190000000001,9.6633,9.79047,9.91197,10.02816,10.13922,10.245510000000001,10.34712,10.44432,10.5372,10.62612,10.711170000000001,10.79253,10.870289999999999,10.94463,11.01573,11.08359,11.148480000000001,11.21049,11.269620000000002,11.32605,11.37978,11.43108,11.47986,11.5263,11.5704,11.61234,11.65212,11.68983,11.72547,11.75913,11.79081,11.820780000000001,11.84886,11.87514,11.89971,11.92266,11.943990000000001,11.9637,11.98188,11.99853,12.01374,12.02742,12.03975,12.05073,12.06036,12.06864,12.075660000000001,12.08142,12.085920000000002,12.08925,12.091410000000002,12.0924,12.092220000000001,12.09096,12.08862,12.08529,12.08079,12.07539,12.06891,12.06153,12.05316,12.0438,12.03363,12.02247,12.0105,11.997630000000001,11.98404,11.96955,11.95425,11.93814,11.9214,11.90385,11.885580000000001,11.86659,11.84697,11.82672,11.80584,11.78433,11.76219,11.739510000000001,11.71629,11.69262,11.66841,11.64366,11.618549999999999,11.5929,11.566980000000001,11.540610000000001,11.51388,11.48679,11.45943,11.43189,11.40399,11.375910000000001,11.34756,11.31912,11.29059,11.26188,11.23308,11.20419,11.1753,11.14641,11.11752,11.08863,11.05992,11.03121,11.00268,10.97424,10.94598,10.917900000000001,10.890089999999999,10.86237,10.83501,10.807920000000001,10.78101,10.754460000000002,10.72818,10.702169999999999,10.67652,10.65114,10.62621,10.601460000000001,10.57716,10.55313,10.52955,10.506150000000002,10.4832,10.46052,10.4382,10.41615,10.39446,10.373130000000002,10.351980000000001,10.331190000000001,10.31067,10.29051,10.27053,10.25082,10.23147,10.212299999999999,10.19349,10.17486,10.156500000000001,10.1385,10.12068,10.10322,10.08603,10.0692,10.05264,10.03644,10.02069,10.005300000000002,9.99027,9.97578,9.96165,9.94815,9.9351,9.92268,9.91089,9.899730000000002,9.8892,9.87939,9.87039,9.862110000000001,9.85473,9.84816,9.8424,9.83763,9.83367,9.8307,9.82872,9.82764,9.82755,9.82845,9.83025,9.83304,9.836730000000001,9.84132,9.84681,9.853200000000001,9.8604,9.86841,9.87714,9.8865,9.89658,9.907290000000001,9.91854,9.93033,9.94248,9.95499,9.96795,9.98109,9.99441,10.007909999999999,10.0215,10.03509,10.048680000000001,10.06218,10.07559,10.08873,10.10169,10.11438,10.12671,10.13868,10.1502,10.16127,10.17189,10.18197,10.191510000000001,10.200420000000001,10.2087,10.21635,10.22337,10.22958,10.23516,10.240020000000001,10.24416,10.24749,10.2501,10.251900000000001,10.252889999999999,10.253070000000001,10.25253,10.25118,10.24902,10.24605,10.24227,10.23768,10.232370000000001,10.22625,10.21932,10.21176,10.20339,10.1943,10.18449,10.174050000000001,10.162889999999999,10.15119,10.138770000000001,10.1259,10.112400000000001,10.09836,10.08396,10.06902,10.05372,10.03797,10.02204,10.00575,9.98928,9.97263,9.9558,9.938970000000001,9.92205,9.905220000000002,9.88848,9.87192,9.85554,9.839340000000002,9.823590000000001,9.808110000000001,9.79317,9.77859,9.76464,9.75123,9.73845,9.72639,9.71505,9.70443,9.69471,9.68571,9.677610000000001,9.67032,9.66393,9.65853,9.65394,9.65034,9.64755,9.64575,9.64476,9.64476,9.645480000000001,9.6471,9.64953,9.65277,9.65664,9.66132,9.666630000000001,9.67266,9.67923,9.686430000000001,9.694080000000001,9.70227,9.711,9.72009,9.729540000000002,9.73944,9.7497,9.76023,9.77112,9.78219,9.79362,9.80523,9.81702,9.829080000000001,9.841410000000002,9.85383,9.86652,9.8793,9.89235,9.90558,9.91899,9.93258,9.94635,9.9603,9.97452,9.98883,10.00341,10.01826,10.03329,10.048499999999999,10.06398,10.079640000000001,10.09557,10.11177,10.128150000000002,10.14471,10.161629999999999,10.17873,10.196010000000001,10.21356,10.23129,10.2492,10.267380000000001,10.28565,10.30419,10.32282,10.34163,10.360529999999999,10.37952,10.39869,10.417860000000001,10.43712,10.45638,10.47573,10.49508,10.51434,10.533600000000002,10.55277,10.571940000000001,10.59093,10.60983,10.62864,10.647269999999999,10.66572,10.68399,10.70208,10.719899999999999,10.737540000000001,10.75491,10.77201,10.78884,10.8054,10.8216,10.837620000000001,10.853190000000001,10.86858,10.883610000000001,10.89828,10.91259,10.926630000000001,10.94031,10.95363,10.96668,10.97937,10.9917,11.00376,11.015460000000001,11.02689,11.03796,11.04885,11.05938,11.06973,11.07972,11.08953,11.09916,11.10852,11.11779,11.12679,11.1357,11.14452,11.15325,11.161890000000001,11.17053,11.17908,11.18772,11.19636,11.20509,11.214,11.22291,11.232090000000001,11.24154,11.251080000000002,11.26098,11.27124,11.28177,11.29275,11.30418,11.31597,11.3283,11.34117,11.35467,11.36871,11.383379999999999,11.39868,11.4147,11.43153,11.44908,11.46735,11.48652,11.5065,11.527379999999999,11.54916,11.57175,11.595329999999999,11.6199,11.64528,11.67174,11.69919,11.72754,11.75688,11.78721,11.818620000000001,11.85093,11.88423,11.918520000000001,11.953710000000001,11.989980000000001,12.02715,12.06522,12.10419,12.14415,12.18501,12.22668,12.269250000000001,12.31263,12.356819999999999,12.40182,12.44763,12.49416,12.54141,12.58938,12.638069999999999,12.687389999999999,12.73734,12.78801,12.839220000000001,12.89097,12.94335,12.99627,13.04964,13.10355,13.15791,13.21281,13.26807,13.32378,13.37994,13.43637,13.49325
13.0392,12.953700000000001,12.86883,12.78468,12.70116,12.618450000000001,12.536550000000002,12.45537,12.37518,12.295800000000002,12.21741,12.14001,12.06351,11.988000000000001,11.91357,11.84004,11.76759,11.69604,11.62548,11.55591,11.487060000000001,11.419110000000002,11.351970000000001,11.28537,11.2194,11.153970000000001,11.08881,11.02392,10.95912,10.894319999999999,10.82925,10.763819999999999,10.69785,10.631070000000001,10.5633,10.49436,10.42398,10.351980000000001,10.27809,10.20204,10.123470000000001,10.04229,9.95814,9.870659999999999,9.77958,9.68463,9.58545,9.48177,9.373050000000001,9.259110000000002,9.13959,9.01395,8.881902,8.743032,8.596926,8.44317,8.281341,8.111061000000001,7.931925000000001,7.743609000000001,7.545833999999999,7.3384290000000005,7.121349,6.894801,6.659271,6.415704000000001,6.1656390000000005,5.911488,5.656770000000001,5.406498,5.167458,4.948461,4.760127000000001,4.6141559999999995,4.521636,4.490739,4.524579,4.620294,4.769928,4.962591,5.186736000000001,5.431824,5.689125,5.951862,6.2150490000000005,6.475122000000001,6.729669,6.97707,7.216353,7.446942000000001,7.668594,7.881264,8.08506,8.280180000000001,8.466876000000001,8.645463000000001,8.816247,8.979561,9.135720000000001,9.285120000000001,9.427950000000001,9.56457,9.695250000000001,9.820350000000001,9.93996,10.05453,10.164060000000001,10.269,10.369439999999999,10.46556,10.557540000000001,10.64565,10.729890000000001,10.81053,10.88775,10.96155,11.0322,11.0997,11.16423,11.22588,11.284740000000001,11.340900000000001,11.39445,11.44557,11.49426,11.540610000000001,11.584620000000001,11.626470000000001,11.666160000000001,11.70387,11.739510000000001,11.77317,11.80494,11.83491,11.862990000000002,11.88936,11.91411,11.93715,11.95848,11.97837,11.99664,12.01347,12.02877,12.042629999999999,12.055140000000002,12.06621,12.07602,12.08448,12.09168,12.097710000000001,12.102390000000002,12.1059,12.10824,12.1095,12.10959,12.10851,12.10644,12.103290000000001,12.09915,12.09393,12.08772,12.08061,12.07251,12.06351,12.053519999999999,12.042720000000001,12.031020000000002,12.01851,12.0051,11.99097,11.97603,11.96028,11.94381,11.92653,11.90862,11.89008,11.87073,11.85084,11.83032,11.80917,11.78739,11.76507,11.742210000000002,11.718900000000001,11.69496,11.67066,11.64582,11.62062,11.59497,11.56896,11.54259,11.515860000000002,11.48886,11.46159,11.43405,11.40624,11.37825,11.35008,11.32173,11.29329,11.26476,11.23605,11.20734,11.17863,11.14992,11.12121,11.0925,11.063880000000001,11.03535,11.006910000000001,10.97865,10.950479999999999,10.922490000000002,10.894680000000001,10.867140000000001,10.839780000000001,10.8126,10.78569,10.75905,10.73259,10.70649,10.680570000000001,10.65501,10.62972,10.6047,10.57995,10.555560000000002,10.53135,10.5075,10.48383,10.46052,10.43748,10.41471,10.39212,10.36989,10.34784,10.32606,10.30446,10.283130000000002,10.262070000000001,10.24119,10.22058,10.20024,10.18008,10.1601,10.14048,10.121129999999999,10.10196,10.08315,10.06461,10.046429999999999,10.02852,10.01106,9.99396,9.977310000000001,9.96111,9.94536,9.93024,9.91557,9.90162,9.88821,9.87561,9.86364,9.85248,9.842130000000001,9.832590000000001,9.82395,9.81621,9.809370000000001,9.803609999999999,9.79875,9.794970000000001,9.79218,9.79047,9.78984,9.7902,9.791640000000001,9.794070000000001,9.79758,9.80208,9.80748,9.81387,9.82116,9.82935,9.83826,9.84807,9.85851,9.869580000000001,9.88128,9.89361,9.9063,9.91944,9.93294,9.9468,9.960840000000001,9.974969999999999,9.98928,10.00359,10.017900000000001,10.03212,10.04616,10.06011,10.0737,10.08702,10.10007,10.11267,10.124820000000001,10.13652,10.14768,10.1583,10.16829,10.17774,10.186470000000002,10.194569999999999,10.20195,10.20861,10.214550000000001,10.21968,10.22409,10.2276,10.230390000000002,10.232370000000001,10.23354,10.23381,10.233360000000001,10.23201,10.22976,10.22679,10.22292,10.21824,10.21275,10.20645,10.19934,10.19142,10.18278,10.17342,10.163250000000001,10.15245,10.140929999999999,10.128689999999999,10.115910000000001,10.10241,10.088460000000001,10.073879999999999,10.058850000000001,10.043280000000001,10.02735,10.01106,9.99441,9.97749,9.96039,9.94302,9.925559999999999,9.90801,9.890460000000001,9.873000000000001,9.85554,9.83835,9.82134,9.8046,9.78822,9.77229,9.75681,9.741869999999999,9.72756,9.713790000000001,9.700740000000001,9.688500000000001,9.67698,9.66636,9.65655,9.64764,9.63972,9.6327,9.62667,9.62163,9.61758,9.61452,9.61245,9.611369999999999,9.61128,9.61209,9.61389,9.61659,9.6201,9.624509999999999,9.62973,9.635670000000001,9.642420000000001,9.649799999999999,9.65781,9.666450000000001,9.67572,9.68544,9.6957,9.70641,9.71748,9.729000000000001,9.74079,9.75303,9.765450000000001,9.778229999999999,9.79119,9.80442,9.81783,9.83142,9.84519,9.85914,9.87327,9.88758,9.90198,9.91656,9.931320000000001,9.94617,9.9612,9.97641,9.991710000000001,10.00728,10.02294,10.03878,10.054710000000002,10.07091,10.08729,10.10385,10.1205,10.13742,10.15452,10.1718,10.18926,10.2069,10.22472,10.24272,10.2609,10.27917,10.29762,10.31625,10.33506,10.35387,10.37286,10.39194,10.41111,10.43028,10.44954,10.4688,10.48815,10.5075,10.526760000000001,10.54602,10.565190000000001,10.58436,10.603349999999999,10.622250000000001,10.64106,10.659780000000001,10.67823,10.69659,10.714770000000001,10.73268,10.75041,10.76787,10.78515,10.80216,10.818900000000001,10.83528,10.85148,10.86732,10.88289,10.89819,10.91313,10.9278,10.94211,10.95606,10.96974,10.98315,10.9962,11.008890000000001,11.021310000000001,11.03346,11.045250000000001,11.05686,11.06811,11.07909,11.0898,11.100240000000001,11.1105,11.12049,11.13039,11.140020000000002,11.149469999999999,11.15883,11.1681,11.177190000000001,11.18619,11.19519,11.20419,11.213189999999999,11.2221,11.231190000000002,11.24037,11.24964,11.259,11.26863,11.27844,11.28843,11.29878,11.3094,11.32047,11.331809999999999,11.3436,11.35584,11.36862,11.38185,11.39571,11.41011,11.425139999999999,11.4408,11.457180000000001,11.47428,11.49201,11.51064,11.52999,11.55024,11.57121,11.59308,11.61585,11.639520000000001,11.664090000000002,11.68965,11.71602,11.74338,11.771730000000002,11.80098,11.83122,11.86245,11.894580000000001,11.9277,11.961720000000001,11.996730000000001,12.03264,12.069450000000002,12.10725,12.14586,12.18546,12.22587,12.26718,12.3093,12.35223,12.39597,12.440520000000001,12.485880000000002,12.531870000000001,12.57867,12.62619,12.674339999999999,12.723210000000002,12.772620000000002,12.822750000000001,12.873510000000001,12.924719999999999,12.976560000000001,13.029029999999999,13.08195,13.13532,13.18923,13.24359,13.2984,13.353660000000001,13.40928,13.465349999999999,13.521690000000001
12.98358,12.89691,12.810960000000001,12.72573,12.64122,12.55743,12.47454,12.392550000000002,12.31155,12.23145,12.152339999999999,12.07431,11.997359999999999,11.92149,11.8467,11.77299,11.70045,11.62899,11.55861,11.48931,11.421,11.35359,11.28708,11.22138,11.156490000000002,11.09214,11.02824,10.96479,10.90161,10.83843,10.77525,10.7118,10.6479,10.58337,10.517940000000001,10.45152,10.38375,10.31445,10.243440000000001,10.17027,10.09494,10.01691,9.93609,9.85212,9.76473,9.67356,9.57834,9.4788,9.37449,9.26523,9.15057,9.03015,8.903691,8.770833,8.631216,8.484507,8.330391,8.168562000000001,7.9987770000000005,7.820837999999999,7.634645999999999,7.440219,7.237763999999999,7.027722,6.810858,6.588405,6.362163,6.134706,5.90958,5.691483000000001,5.486390999999999,5.301594,5.145327,5.02614,4.95171,4.9275,4.955553,5.034051000000001,5.157774,5.319216,5.509998,5.7219750000000005,5.947965000000001,6.181992,6.419403,6.656625,6.891066,7.120871999999999,7.344783,7.561961999999999,7.771895999999999,7.974324,8.169146999999999,8.356401000000002,8.536185,8.70867,8.874081,9.032670000000001,9.18459,9.33021,9.469710000000001,9.60336,9.73143,9.8541,9.971639999999999,10.08432,10.19223,10.29555,10.39464,10.4895,10.580490000000001,10.66752,10.75095,10.83078,10.90728,10.98045,11.05047,11.11752,11.1816,11.2428,11.30139,11.35728,11.41056,11.46141,11.509920000000001,11.55609,11.60001,11.641680000000001,11.681370000000001,11.718900000000001,11.75454,11.78811,11.819880000000001,11.84985,11.878020000000001,11.90448,11.92923,11.95227,11.97378,11.99367,12.012030000000001,12.028950000000002,12.04443,12.058470000000002,12.07107,12.08232,12.092220000000001,12.10095,12.10824,12.11436,12.11931,12.123000000000001,12.12561,12.12696,12.127320000000001,12.126510000000001,12.12462,12.12174,12.11778,12.11283,12.10689,12.09996,12.092130000000001,12.083400000000001,12.07377,12.06315,12.05181,12.03957,12.026430000000001,12.01257,11.9979,11.982510000000001,11.96631,11.949390000000001,11.931840000000001,11.91357,11.894580000000001,11.87496,11.854800000000001,11.833919999999999,11.8125,11.79054,11.76804,11.745000000000001,11.72151,11.69748,11.673,11.648159999999999,11.622779999999999,11.59713,11.57103,11.54466,11.517930000000002,11.49093,11.463750000000001,11.436209999999999,11.40849,11.3805,11.35242,11.324160000000001,11.295810000000001,11.26737,11.238840000000001,11.21022,11.1816,11.152980000000001,11.124360000000001,11.09574,11.067210000000001,11.03877,11.01042,10.98216,10.95399,10.926,10.89819,10.870560000000001,10.843110000000001,10.81584,10.78875,10.761930000000001,10.73529,10.70883,10.682640000000001,10.65672,10.630980000000001,10.605509999999999,10.58022,10.5552,10.53045,10.50588,10.48149,10.457370000000001,10.433520000000001,10.40976,10.38627,10.362960000000001,10.33992,10.316970000000001,10.29429,10.271790000000001,10.249469999999999,10.22733,10.20537,10.18368,10.16217,10.14084,10.11987,10.09899,10.07847,10.05831,10.03833,10.0188,9.99954,9.980730000000001,9.96237,9.944460000000001,9.92709,9.910260000000001,9.89397,9.878400000000001,9.86346,9.84924,9.83583,9.82323,9.811440000000001,9.80064,9.790740000000001,9.781830000000001,9.77391,9.76716,9.7614,9.75672,9.753210000000001,9.75087,9.74961,9.74952,9.7506,9.75276,9.756,9.76041,9.76581,9.77229,9.779760000000001,9.78813,9.7974,9.80757,9.81846,9.82998,9.842310000000001,9.85518,9.868500000000001,9.88236,9.89658,9.91107,9.925830000000001,9.940769999999999,9.95589,9.97092,9.98604,10.00098,10.01592,10.0305,10.0449,10.05903,10.07271,10.08603,10.09881,10.11114,10.12293,10.134179999999999,10.1448,10.1547,10.16397,10.17252,10.18035,10.18737,10.193670000000001,10.199160000000001,10.203750000000001,10.20762,10.21059,10.21275,10.21401,10.214459999999999,10.21401,10.212660000000001,10.210500000000001,10.20735,10.203479999999999,10.19862,10.19295,10.186470000000002,10.17918,10.17099,10.16208,10.152270000000001,10.14183,10.13049,10.11852,10.10592,10.09251,10.07856,10.06398,10.04886,10.0332,10.017000000000001,10.00044,9.98343,9.96606,9.94842,9.93051,9.91251,9.894240000000002,9.87597,9.8577,9.83943,9.82134,9.80343,9.7857,9.76833,9.75132,9.73476,9.71874,9.70335,9.688500000000001,9.67437,9.661050000000001,9.64845,9.63684,9.626040000000001,9.61623,9.60732,9.59958,9.592740000000001,9.58707,9.58239,9.578790000000001,9.57636,9.57492,9.57465,9.575370000000001,9.577169999999999,9.57996,9.58365,9.588420000000001,9.594000000000001,9.60048,9.60777,9.615870000000001,9.624780000000001,9.63432,9.644490000000001,9.655289999999999,9.666630000000001,9.67851,9.69075,9.70353,9.71667,9.73017,9.74403,9.75816,9.77256,9.787139999999999,9.80199,9.816930000000001,9.83214,9.84753,9.863010000000001,9.878580000000001,9.89433,9.91017,9.92619,9.942300000000001,9.95841,9.97479,9.99117,10.00773,10.02429,10.041120000000001,10.05795,10.07496,10.09206,10.10934,10.12671,10.144260000000001,10.161900000000001,10.179720000000001,10.19763,10.21572,10.23399,10.252260000000001,10.270800000000001,10.289340000000001,10.308060000000001,10.32696,10.34586,10.36485,10.384020000000001,10.40319,10.422450000000001,10.44171,10.46106,10.480410000000001,10.49976,10.519110000000001,10.53846,10.55772,10.57698,10.596060000000001,10.61514,10.63413,10.653030000000001,10.67175,10.690290000000001,10.70874,10.72692,10.74501,10.762830000000001,10.78038,10.79775,10.81494,10.831859999999999,10.84842,10.864799999999999,10.88091,10.89666,10.912139999999999,10.92735,10.94229,10.95687,10.97118,10.98513,10.99881,11.01222,11.025269999999999,11.03805,11.050559999999999,11.062710000000001,11.074679999999999,11.08629,11.09763,11.10879,11.11968,11.130300000000002,11.140740000000001,11.151000000000002,11.16099,11.17089,11.18061,11.190240000000001,11.19969,11.20914,11.2185,11.227770000000001,11.23704,11.246400000000001,11.25576,11.26512,11.27466,11.28429,11.2941,11.30409,11.31426,11.3247,11.335410000000001,11.346480000000001,11.35782,11.36961,11.38176,11.39445,11.40759,11.421180000000001,11.43531,11.45007,11.46546,11.48139,11.498040000000001,11.515410000000001,11.5335,11.55231,11.57184,11.592270000000001,11.613420000000001,11.63547,11.65833,11.68209,11.706660000000001,11.73222,11.75859,11.78595,11.81421,11.84337,11.873520000000001,11.90457,11.93652,11.96946,12.0033,12.03804,12.073680000000001,12.11022,12.14766,12.186,12.225240000000001,12.26529,12.30624,12.34791,12.39048,12.433860000000001,12.47796,12.52278,12.56841,12.61476,12.66174,12.70944,12.75786,12.80682,12.8565,12.90672,12.95757,13.00887,13.0608,13.11327,13.16619,13.21965,13.27356,13.32792,13.38273,13.437899999999999,13.49352,13.5495
12.92688,12.839039999999999,12.75183,12.665429999999999,12.57984,12.49497,12.411090000000002,12.3282,12.24621,12.1653,12.08547,12.00681,11.92923,11.85291,11.777849999999999,11.70396,11.63124,11.559780000000002,11.48958,11.42055,11.35269,11.28591,11.22012,11.15532,11.091420000000001,11.02824,10.96578,10.90386,10.842300000000002,10.78092,10.71972,10.658339999999999,10.59669,10.5345,10.471589999999999,10.40778,10.34289,10.27647,10.208430000000002,10.1385,10.066410000000001,9.99189,9.91467,9.834389999999999,9.75087,9.66375,9.57285,9.47772,9.37809,9.27369,9.16425,9.04941,8.928936,8.80245,8.669691,8.530425,8.384390999999999,8.231409000000001,8.071344,7.904124,7.729812,7.5485880000000005,7.360839,7.1671949999999995,6.968619,6.766497,6.5627640000000005,6.359985,6.161526,5.971617,5.795388000000001,5.638752,5.50809,5.4097290000000005,5.349132,5.33007,5.3539650000000005,5.419638,5.5235069999999995,5.660307,5.823873000000001,6.007941,6.206688000000001,6.41502,6.628743,6.844491,7.059672,7.272324000000001,7.481015999999999,7.684740000000001,7.882784999999999,8.074719,8.260263,8.439309,8.61183,8.77788,8.937567000000001,9.090990000000001,9.2385,9.37998,9.515880000000001,9.64638,9.77148,9.891630000000001,10.00683,10.11735,10.22337,10.32507,10.42263,10.51614,10.605780000000001,10.69182,10.77417,10.853190000000001,10.928790000000001,11.00124,11.070630000000001,11.13705,11.20059,11.26143,11.31948,11.37501,11.428020000000002,11.4786,11.52675,11.57274,11.61648,11.65806,11.697569999999999,11.73501,11.770470000000001,11.80413,11.83581,11.86569,11.89386,11.92032,11.94507,11.9682,11.98971,12.009689999999999,12.02814,12.04515,12.06072,12.07485,12.08754,12.098970000000001,12.10905,12.11778,12.12534,12.131639999999999,12.13668,12.14055,12.14334,12.144960000000001,12.14541,12.144870000000001,12.14316,12.140460000000001,12.13677,12.132000000000001,12.12633,12.119670000000001,12.112110000000001,12.10356,12.0942,12.083850000000002,12.07278,12.06081,12.04794,12.03435,12.020040000000002,12.00483,11.98899,11.97243,11.95515,11.93715,11.918520000000001,11.89917,11.87928,11.85876,11.8377,11.81601,11.79387,11.7711,11.74788,11.72421,11.700000000000001,11.67543,11.65041,11.62503,11.59929,11.57319,11.54673,11.520000000000001,11.493,11.465729999999999,11.438279999999999,11.41056,11.38266,11.35458,11.32641,11.29806,11.269620000000002,11.24118,11.212650000000002,11.18403,11.15541,11.126880000000002,11.09826,11.06973,11.04129,11.01294,10.98459,10.95642,10.92834,10.90035,10.87254,10.844909999999999,10.817459999999999,10.7901,10.762920000000001,10.73592,10.7091,10.68255,10.65609,10.62981,10.603710000000001,10.57779,10.552140000000001,10.52658,10.501199999999999,10.476,10.45098,10.42605,10.4013,10.37673,10.35234,10.32813,10.30401,10.27998,10.256219999999999,10.23255,10.209060000000001,10.18575,10.16262,10.139669999999999,10.1169,10.0944,10.07217,10.05021,10.02852,10.00719,9.986220000000001,9.965610000000002,9.94545,9.925830000000001,9.90666,9.88812,9.87021,9.852929999999999,9.83637,9.82053,9.80559,9.79155,9.778410000000001,9.76617,9.75501,9.74493,9.73593,9.7281,9.721350000000001,9.715860000000001,9.71163,9.70857,9.70677,9.706230000000001,9.70695,9.70884,9.71199,9.71631,9.7218,9.72837,9.73602,9.744660000000001,9.754380000000001,9.76491,9.776340000000001,9.78849,9.80136,9.814860000000001,9.82899,9.843570000000001,9.858600000000001,9.8739,9.889470000000001,9.90531,9.921240000000001,9.93717,9.9531,9.96894,9.984689999999999,10.00017,10.01529,10.030230000000001,10.04472,10.05876,10.07226,10.08531,10.09782,10.109610000000002,10.12086,10.1313,10.14111,10.1502,10.15839,10.16586,10.17252,10.178370000000001,10.18332,10.18746,10.190700000000001,10.19295,10.19439,10.194930000000001,10.194569999999999,10.19322,10.19106,10.18791,10.183860000000001,10.17891,10.17315,10.1664,10.15884,10.15038,10.14111,10.13094,10.12005,10.108350000000002,10.095930000000001,10.082699999999999,10.06884,10.054260000000001,10.039050000000001,10.0233,10.006920000000001,9.99009,9.97281,9.95508,9.936900000000001,9.91854,9.89982,9.88092,9.861930000000001,9.84285,9.823680000000001,9.80469,9.7857,9.76698,9.74853,9.73044,9.71271,9.69552,9.678870000000002,9.66285,9.64746,9.63288,9.619110000000001,9.606240000000001,9.59436,9.58338,9.57348,9.56466,9.55692,9.55035,9.54486,9.54063,9.53757,9.535590000000001,9.534870000000002,9.53532,9.536940000000001,9.53964,9.54342,9.54837,9.55422,9.56115,9.56889,9.57762,9.58716,9.59751,9.60858,9.62037,9.63279,9.64575,9.65925,9.673290000000001,9.68778,9.70263,9.717839999999999,9.73332,9.74916,9.765179999999999,9.78147,9.79794,9.814589999999999,9.83142,9.84834,9.86535,9.88245,9.899730000000002,9.917010000000001,9.93438,9.95184,9.96939,9.98694,10.004579999999999,10.02231,10.04013,10.05795,10.075949999999999,10.093950000000001,10.11204,10.130220000000001,10.14849,10.16676,10.185210000000001,10.203750000000001,10.222380000000001,10.2411,10.259910000000001,10.27881,10.2978,10.316790000000001,10.335960000000002,10.355220000000001,10.37448,10.393740000000001,10.41318,10.43253,10.451970000000001,10.4715,10.49094,10.510380000000001,10.52982,10.54926,10.568610000000001,10.58796,10.60722,10.6263,10.645380000000001,10.66428,10.683090000000002,10.70172,10.720260000000001,10.738620000000001,10.75671,10.77471,10.792440000000001,10.809899999999999,10.82718,10.844280000000001,10.86102,10.87758,10.89387,10.90989,10.92564,10.941030000000001,10.956150000000001,10.971,10.98558,10.999889999999999,11.01384,11.02752,11.04093,11.05398,11.06685,11.07936,11.0916,11.103570000000001,11.11536,11.12679,11.13804,11.14902,11.159820000000002,11.170440000000001,11.18088,11.19105,11.201130000000001,11.21112,11.220930000000001,11.23074,11.24037,11.25,11.25963,11.26917,11.2788,11.28843,11.29824,11.308050000000001,11.31804,11.32812,11.338470000000001,11.349,11.35989,11.37096,11.3823,11.39409,11.40624,11.418750000000001,11.43171,11.44512,11.45907,11.47356,11.48868,11.50425,11.52054,11.53746,11.555010000000001,11.573369999999999,11.59236,11.612160000000001,11.63268,11.65401,11.67615,11.699100000000001,11.722949999999999,11.74761,11.77308,11.79954,11.82681,11.85507,11.88414,11.91411,11.94507,11.976930000000001,12.009599999999999,12.04326,12.07773,12.11319,12.14946,12.18663,12.2247,12.263580000000001,12.30327,12.343860000000001,12.38517,12.42738,12.47031,12.514050000000001,12.558510000000002,12.60369,12.64959,12.69621,12.74346,12.79143,12.83994,12.889170000000002,12.93894,12.98934,13.040280000000001,13.09176,13.143780000000001,13.19625,13.24926,13.302719999999999,13.35672,13.41108,13.46589,13.52106,13.576680000000001
12.8691,12.78,12.69153,12.60387,12.51702,12.43107,12.346110000000001,12.26205,12.179160000000001,12.09735,12.016710000000002,11.937240000000001,11.85912,11.78226,11.706750000000001,11.63259,11.559780000000002,11.48832,11.41821,11.349450000000001,11.28204,11.2158,11.15082,11.08692,11.0241,10.96218,10.901159999999999,10.84077,10.78092,10.721520000000002,10.6623,10.60317,10.54395,10.48428,10.42407,10.36305,10.30104,10.23777,10.172970000000001,10.10637,10.037790000000001,9.96696,9.89343,9.8172,9.737820000000001,9.65502,9.56853,9.47808,9.38349,9.28431,9.18036,9.07137,8.95707,8.837235000000002,8.711640000000001,8.580078,8.442414,8.298531,8.148393,7.992063,7.829712000000001,7.6616550000000005,7.488423,7.310763000000001,7.129764000000001,6.946893,6.764067,6.5837699999999995,6.409062,6.243678,6.091929,5.958585,5.848632,5.766777,5.717034,5.702085,5.722983,5.7789,5.867343,5.984523,6.125841,6.286482,6.461748,6.647382,6.839703,7.035642,7.232715000000001,7.428986999999999,7.622928,7.81344,7.999676999999999,8.181072,8.357229,8.527896,8.692947,8.852328,9.00603,9.15417,9.29682,9.43416,9.566189999999999,9.693180000000002,9.81522,9.93258,10.04526,10.153530000000002,10.25757,10.357380000000001,10.45323,10.545300000000001,10.63359,10.71828,10.79955,10.87758,10.95228,11.02392,11.092590000000001,11.15829,11.22129,11.281500000000001,11.3391,11.39418,11.44674,11.49705,11.54493,11.59056,11.634030000000001,11.67543,11.714760000000002,11.75211,11.78748,11.82096,11.852549999999999,11.882430000000001,11.9106,11.936969999999999,11.961720000000001,11.98485,12.006450000000001,12.026430000000001,12.044970000000001,12.06198,12.07755,12.09177,12.10464,12.11616,12.12633,12.13524,12.142890000000001,12.149280000000001,12.15459,12.15864,12.161520000000001,12.163319999999999,12.16395,12.1635,12.16206,12.15954,12.156030000000001,12.15153,12.14604,12.13965,12.13227,12.123990000000001,12.1149,12.10482,12.09393,12.08223,12.06972,12.056400000000002,12.04227,12.02742,12.011759999999999,11.995470000000001,11.97846,11.96082,11.942459999999999,11.92347,11.90385,11.883600000000001,11.86281,11.84148,11.81952,11.797110000000002,11.77416,11.75076,11.72691,11.70261,11.67786,11.65275,11.62728,11.60145,11.57526,11.54871,11.52198,11.49489,11.46762,11.44008,11.412360000000001,11.38446,11.35647,11.32821,11.29995,11.27151,11.242980000000001,11.21445,11.18583,11.157210000000001,11.12859,11.099969999999999,11.07135,11.04282,11.014289999999999,10.98594,10.957500000000001,10.92924,10.901069999999999,10.87299,10.84509,10.81728,10.78956,10.761930000000001,10.73448,10.70721,10.68003,10.652940000000001,10.62603,10.59921,10.572569999999999,10.54602,10.51965,10.49328,10.46709,10.441080000000001,10.41507,10.38924,10.3635,10.33785,10.31229,10.28682,10.26153,10.23633,10.21122,10.18629,10.16145,10.13688,10.112400000000001,10.088189999999999,10.06416,10.0404,10.01691,9.993780000000001,9.97092,9.9486,9.92664,9.90513,9.88425,9.863909999999999,9.8442,9.82521,9.806939999999999,9.78957,9.773010000000001,9.75735,9.74277,9.72918,9.71667,9.70533,9.69516,9.68625,9.6786,9.6723,9.66726,9.66357,9.66123,9.66024,9.6606,9.662310000000002,9.665280000000001,9.6696,9.67518,9.68193,9.689850000000002,9.69885,9.70902,9.72009,9.73206,9.74493,9.75852,9.77283,9.78768,9.80307,9.819,9.8352,9.85176,9.868500000000001,9.885330000000002,9.90225,9.919080000000001,9.93582,9.95247,9.96885,9.984960000000001,10.00071,10.01601,10.03086,10.04517,10.058940000000002,10.07217,10.08468,10.09647,10.10763,10.117980000000001,10.12752,10.13634,10.144260000000001,10.15128,10.15749,10.1628,10.167119999999999,10.170630000000001,10.17315,10.17468,10.1754,10.175040000000001,10.17378,10.17153,10.168379999999999,10.16424,10.15911,10.15317,10.14615,10.13832,10.12959,10.11996,10.10943,10.098090000000001,10.08594,10.07298,10.05921,10.04472,10.0296,10.013760000000001,9.997290000000001,9.98019,9.96255,9.944460000000001,9.925920000000001,9.90702,9.88776,9.86814,9.84843,9.82854,9.808470000000002,9.78849,9.7686,9.748709999999999,9.72918,9.70983,9.69093,9.67239,9.654390000000001,9.637020000000001,9.62037,9.60444,9.58932,9.57501,9.56178,9.54954,9.53829,9.5283,9.51939,9.51174,9.505260000000002,9.50004,9.49617,9.49356,9.492210000000002,9.492210000000002,9.49338,9.49581,9.4995,9.50436,9.510390000000001,9.51759,9.525689999999999,9.53496,9.54504,9.55611,9.56799,9.580680000000001,9.59409,9.608220000000001,9.62289,9.6381,9.65385,9.67005,9.6867,9.70362,9.7209,9.73845,9.75618,9.774180000000001,9.79236,9.810630000000002,9.829080000000001,9.847620000000001,9.86625,9.88488,9.90369,9.922410000000001,9.94122,9.960120000000002,9.97893,9.99783,10.01673,10.035720000000001,10.054710000000002,10.07361,10.092690000000001,10.111680000000002,10.13076,10.14993,10.16901,10.188180000000001,10.20744,10.2267,10.24605,10.265400000000001,10.28484,10.30428,10.32381,10.34334,10.362870000000001,10.382489999999999,10.40211,10.42173,10.44144,10.46106,10.480770000000001,10.50039,10.520010000000001,10.539629999999999,10.55916,10.57869,10.598130000000001,10.61748,10.63674,10.65591,10.674900000000001,10.6938,10.712610000000002,10.731240000000001,10.749690000000001,10.76787,10.785960000000001,10.803870000000002,10.82151,10.83897,10.856160000000001,10.87317,10.88982,10.90629,10.922490000000002,10.93842,10.954080000000001,10.96947,10.98459,10.999350000000002,11.01393,11.02815,11.0421,11.05578,11.069189999999999,11.08233,11.09511,11.10771,11.120040000000001,11.1321,11.143889999999999,11.15541,11.16675,11.17791,11.1888,11.1996,11.210130000000001,11.22057,11.230830000000001,11.241,11.251080000000002,11.26098,11.27088,11.28078,11.29068,11.300490000000002,11.31039,11.32038,11.33037,11.34054,11.3508,11.36124,11.37195,11.382750000000001,11.39391,11.405339999999999,11.417040000000002,11.4291,11.441609999999999,11.45439,11.46771,11.48148,11.4957,11.51046,11.52576,11.54169,11.55825,11.57535,11.59317,11.61171,11.63088,11.65077,11.67147,11.69298,11.71521,11.73825,11.7621,11.786850000000001,11.81241,11.83878,11.86605,11.89422,11.9232,11.95317,11.98395,12.01563,12.048210000000001,12.0816,12.11589,12.15108,12.18717,12.224070000000001,12.26178,12.30039,12.33981,12.38004,12.42108,12.46293,12.5055,12.54879,12.59289,12.63771,12.68325,12.729420000000001,12.77631,12.82383,12.871979999999999,12.920760000000001,12.970170000000001,13.02012,13.07061,13.121730000000001,13.173300000000001,13.22541,13.27806,13.33116,13.38471,13.43862,13.493070000000001,13.547880000000001,13.60314
12.81024,12.7197,12.62997,12.54096,12.45276,12.365639999999999,12.27942,12.194280000000001,12.11022,12.02742,11.945879999999999,11.86569,11.786850000000001,11.70936,11.6334,11.55888,11.485800000000001,11.414340000000001,11.34432,11.275830000000001,11.20878,11.14317,11.07891,11.016,10.95426,10.893690000000001,10.83411,10.77534,10.71738,10.65996,10.60299,10.5462,10.48941,10.43244,10.37502,10.31706,10.25811,10.198080000000001,10.1367,10.0737,10.00881,9.94176,9.87237,9.800189999999999,9.72513,9.64692,9.56511,9.47961,9.39015,9.29646,9.19827,9.09531,8.987517,8.874558,8.756325,8.632683,8.503551,8.368893,8.228772,8.083341,7.9328520000000005,7.7777460000000005,7.618617,7.456329,7.291998000000001,7.127109,6.9634979999999995,6.803478,6.649812,6.505695,6.3747359999999995,6.260814,6.16779,6.0992820000000005,6.05826,6.046722,6.065424,6.113826,6.190128,6.2915399999999995,6.414615,6.5556090000000005,6.710742000000001,6.876504,7.0497000000000005,7.227603000000001,7.407918,7.588773,7.768656000000001,7.9464060000000005,8.121123,8.292123,8.458929,8.62119,8.77869,8.931285,9.07893,9.22158,9.35928,9.49212,9.620190000000001,9.74358,9.86238,9.97677,10.08675,10.192590000000001,10.29447,10.3923,10.48635,10.57671,10.66356,10.74699,10.82709,10.90386,10.97766,11.0484,11.11617,11.18115,11.24343,11.303099999999999,11.36016,11.4147,11.4669,11.516670000000001,11.56428,11.60955,11.65284,11.69388,11.73303,11.77011,11.805390000000001,11.83869,11.87028,11.899980000000001,11.92806,11.95443,11.979090000000001,12.002220000000001,12.02382,12.0438,12.06234,12.07944,12.0951,12.10941,12.122280000000002,12.133890000000001,12.14415,12.15315,12.16098,12.16746,12.17286,12.17709,12.180150000000001,12.18204,12.18285,12.182670000000002,12.181320000000001,12.17907,12.175740000000001,12.17142,12.16611,12.1599,12.15279,12.144779999999999,12.13578,12.12597,12.11535,12.10392,12.09159,12.07854,12.064680000000001,12.0501,12.03471,12.018690000000001,12.00195,11.984490000000001,11.9664,11.94768,11.928420000000001,11.90844,11.887920000000001,11.866859999999999,11.845170000000001,11.82303,11.80044,11.777220000000002,11.75364,11.72961,11.705129999999999,11.68029,11.655,11.62944,11.60343,11.57715,11.5506,11.52378,11.496599999999999,11.469240000000001,11.441699999999999,11.41398,11.38599,11.35791,11.32965,11.301300000000001,11.27277,11.244240000000001,11.215620000000001,11.186910000000001,11.1582,11.12949,11.10069,11.07198,11.043270000000001,11.014560000000001,10.985850000000001,10.95723,10.928700000000001,10.900170000000001,10.871730000000001,10.84338,10.81512,10.786950000000001,10.75887,10.73079,10.70289,10.674990000000001,10.64718,10.61955,10.59192,10.564380000000002,10.53684,10.50948,10.48212,10.45485,10.42758,10.4004,10.37331,10.346219999999999,10.31922,10.29231,10.26549,10.23867,10.21194,10.18539,10.15884,10.13247,10.10628,10.08027,10.05444,10.028880000000001,10.0035,9.97848,9.95382,9.92952,9.905759999999999,9.88236,9.85959,9.83745,9.81594,9.79515,9.775170000000001,9.75609,9.737910000000001,9.720630000000002,9.70452,9.68949,9.67563,9.663030000000001,9.65169,9.64161,9.63297,9.62577,9.61992,9.615599999999999,9.61272,9.61128,9.611369999999999,9.61281,9.61578,9.6201,9.62586,9.63288,9.641160000000001,9.65061,9.66123,9.672930000000001,9.68562,9.699209999999999,9.71361,9.72873,9.74457,9.76086,9.77778,9.794970000000001,9.81252,9.83025,9.84816,9.86607,9.883980000000001,9.90171,9.91935,9.936720000000001,9.95373,9.97047,9.98667,10.002419999999999,10.01754,10.03212,10.04607,10.0593,10.07181,10.0836,10.09458,10.10475,10.11402,10.12239,10.12986,10.13643,10.142100000000001,10.146780000000001,10.15047,10.15326,10.15497,10.15569,10.15551,10.154250000000001,10.152,10.148760000000001,10.14453,10.13931,10.1331,10.1259,10.117709999999999,10.10871,10.098630000000002,10.08774,10.075949999999999,10.06326,10.04976,10.035449999999999,10.02033,10.00449,9.98793,9.97074,9.95292,9.93447,9.91557,9.89613,9.87633,9.85608,9.83565,9.814860000000001,9.79398,9.773010000000001,9.75204,9.73107,9.710370000000001,9.689760000000001,9.66951,9.64962,9.630270000000001,9.61146,9.59328,9.57582,9.55917,9.54342,9.52857,9.514890000000001,9.5022,9.49068,9.48042,9.47151,9.46377,9.45747,9.452520000000002,9.44892,9.44676,9.44604,9.44667,9.44865,9.45198,9.456660000000001,9.4626,9.469800000000001,9.47826,9.4878,9.498420000000001,9.51003,9.522630000000001,9.536130000000002,9.55053,9.565650000000002,9.5814,9.59787,9.61488,9.632430000000001,9.65043,9.66888,9.6876,9.70668,9.72603,9.745560000000001,9.765360000000001,9.785250000000001,9.80523,9.8253,9.845550000000001,9.86571,9.88596,9.9063,9.92655,9.9468,9.96705,9.9873,10.00755,10.02771,10.047870000000001,10.06803,10.088189999999999,10.108260000000001,10.12833,10.1484,10.16847,10.188540000000001,10.20852,10.22859,10.24866,10.26864,10.28871,10.30869,10.32876,10.34883,10.36881,10.38888,10.40886,10.42893,10.44891,10.46889,10.48878,10.50867,10.52856,10.54836,10.56816,10.58778,10.6074,10.626930000000002,10.646370000000001,10.66563,10.684800000000001,10.70388,10.72278,10.7415,10.76013,10.778490000000001,10.796759999999999,10.814760000000001,10.83258,10.85013,10.8675,10.884599999999999,10.90152,10.91817,10.93455,10.950660000000001,10.96659,10.98216,10.99746,11.01258,11.027339999999999,11.041830000000001,11.056049999999999,11.07,11.08359,11.097,11.11014,11.12301,11.13561,11.14794,11.16009,11.17197,11.18358,11.19501,11.20626,11.21733,11.22813,11.238840000000001,11.24946,11.2599,11.27025,11.28042,11.29059,11.30076,11.31084,11.32092,11.331,11.34117,11.35134,11.361690000000001,11.37213,11.38266,11.39337,11.40435,11.41551,11.42694,11.43864,11.45061,11.463030000000002,11.47572,11.48886,11.50245,11.51649,11.530980000000001,11.54601,11.56158,11.57769,11.594430000000001,11.611799999999999,11.629800000000001,11.64852,11.66787,11.68794,11.708730000000001,11.73033,11.752650000000001,11.77578,11.799719999999999,11.82447,11.85003,11.8764,11.90367,11.931750000000001,11.96073,11.990520000000002,12.02121,12.05271,12.08511,12.11841,12.15252,12.18753,12.22335,12.25998,12.29751,12.33576,12.37491,12.41487,12.455549999999999,12.49704,12.539340000000001,12.58227,12.62601,12.67047,12.71565,12.76146,12.80799,12.85515,12.902940000000001,12.951270000000001,13.00032,13.04991,13.10004,13.15071,13.20192,13.25367,13.30596,13.3587,13.4118,13.465440000000001,13.51953,13.57407,13.62888
12.7503,12.65832,12.56706,12.47661,12.387060000000002,12.298499999999999,12.210930000000001,12.12462,12.039390000000001,11.95551,11.87298,11.7918,11.712150000000001,11.634030000000001,11.55744,11.48256,11.40921,11.337660000000001,11.26764,11.19942,11.13273,11.06775,11.00421,10.94229,10.88172,10.822410000000001,10.76436,10.70739,10.65132,10.596060000000001,10.54134,10.48698,10.43289,10.37871,10.324259999999999,10.26945,10.21383,10.15722,10.099440000000001,10.04022,9.979199999999999,9.916200000000002,9.85095,9.78327,9.71271,9.639180000000001,9.562320000000001,9.481950000000001,9.39789,9.309780000000002,9.21753,9.12087,9.01971,8.913807,8.80308,8.687466,8.566938,8.441541,8.311401,8.176743,8.037899999999999,7.895366999999999,7.7498190000000005,7.602138000000001,7.453458,7.30521,7.15914,7.017327000000001,6.88221,6.756552,6.64335,6.545718,6.466743,6.409188,6.375339,6.366681,6.383826,6.426369,6.493005,6.581664000000001,6.689709000000001,6.814197,6.952122,7.100559,7.256799,7.418448000000001,7.583409,7.749945,7.916589,8.082189,8.245800000000001,8.406692999999999,8.564328,8.718273,8.868249,9.01404,9.155520000000001,9.29259,9.42525,9.55359,9.677520000000001,9.797130000000001,9.91251,10.023840000000002,10.131120000000001,10.234440000000001,10.33389,10.42965,10.52181,10.610460000000002,10.695780000000001,10.77768,10.85643,10.932120000000001,11.00475,11.0745,11.14146,11.20563,11.26719,11.32614,11.38257,11.43657,11.48823,11.53764,11.584710000000001,11.629710000000001,11.67264,11.713410000000001,11.75229,11.78919,11.8242,11.85741,11.88873,11.918429999999999,11.94633,11.97261,11.99727,12.02031,12.04191,12.061890000000002,12.080430000000002,12.09753,12.11319,12.1275,12.14055,12.15216,12.16251,12.1716,12.17952,12.18618,12.19167,12.19599,12.199140000000002,12.201210000000001,12.2022,12.202110000000001,12.20103,12.19887,12.195720000000001,12.19158,12.186539999999999,12.18051,12.17358,12.165750000000001,12.15702,12.14739,12.13704,12.12579,12.11373,12.100859999999999,12.08727,12.072870000000002,12.05784,12.042000000000002,12.025530000000002,12.008339999999999,11.990520000000002,11.97207,11.95299,11.93328,11.913030000000001,11.89224,11.87082,11.84895,11.82654,11.80359,11.78028,11.75643,11.73222,11.70756,11.682540000000001,11.657160000000001,11.63142,11.60532,11.57895,11.55222,11.52531,11.498040000000001,11.470590000000001,11.44296,11.41506,11.387070000000001,11.35881,11.33046,11.30202,11.2734,11.24469,11.21598,11.18709,11.1582,11.12931,11.100330000000001,11.07135,11.04237,11.01339,10.98441,10.955430000000002,10.926449999999999,10.89756,10.86867,10.839780000000001,10.81098,10.78218,10.75347,10.72467,10.69605,10.667340000000001,10.638720000000001,10.6101,10.581570000000001,10.552950000000001,10.52442,10.495890000000001,10.46736,10.438920000000001,10.41039,10.38186,10.35342,10.32489,10.29645,10.26801,10.23966,10.211310000000001,10.18296,10.15479,10.126619999999999,10.098630000000002,10.070730000000001,10.0431,10.015559999999999,9.988380000000001,9.96138,9.93483,9.90864,9.882810000000001,9.857520000000001,9.83286,9.80874,9.78534,9.76275,9.74097,9.72009,9.70011,9.6813,9.66357,9.64701,9.63171,9.61776,9.60516,9.594000000000001,9.58437,9.57618,9.569609999999999,9.56457,9.56115,9.55935,9.55908,9.56043,9.5634,9.567810000000001,9.57366,9.58104,9.589680000000001,9.59967,9.61092,9.62334,9.63675,9.65124,9.666540000000001,9.68265,9.699480000000001,9.71685,9.73476,9.753120000000001,9.77175,9.790650000000001,9.80964,9.82872,9.847710000000001,9.86661,9.88524,9.90369,9.92178,9.93942,9.956610000000001,9.97326,9.98937,10.004850000000001,10.01961,10.033560000000001,10.04688,10.0593,10.07091,10.081620000000001,10.09152,10.100340000000001,10.108350000000002,10.11528,10.121310000000001,10.12635,10.130310000000001,10.133280000000001,10.13517,10.13607,10.13589,10.13463,10.132380000000001,10.129050000000001,10.124730000000001,10.119330000000001,10.11294,10.10547,10.0971,10.087650000000002,10.07721,10.06587,10.05354,10.0404,10.02627,10.01133,9.99558,9.97902,9.96174,9.94374,9.92511,9.905759999999999,9.88596,9.86562,9.844830000000002,9.823590000000001,9.80208,9.7803,9.75843,9.736379999999999,9.71424,9.69228,9.67041,9.648810000000001,9.62748,9.6066,9.586260000000001,9.566460000000001,9.54738,9.52902,9.511560000000001,9.495090000000001,9.4797,9.46539,9.45225,9.44037,9.42993,9.42075,9.41301,9.4068,9.40203,9.39879,9.39699,9.39681,9.398159999999999,9.40095,9.405180000000001,9.41094,9.417959999999999,9.42642,9.43614,9.44712,9.459270000000002,9.47241,9.486720000000002,9.501840000000001,9.51795,9.534870000000002,9.55242,9.57069,9.58959,9.60903,9.62892,9.64917,9.66978,9.69075,9.7119,9.73332,9.75483,9.77652,9.798300000000001,9.820170000000001,9.841949999999999,9.86382,9.88569,9.90756,9.92934,9.951120000000001,9.97281,9.9945,10.01601,10.037519999999999,10.058940000000002,10.08027,10.101600000000001,10.12275,10.1439,10.165049999999999,10.186020000000001,10.206990000000001,10.227870000000001,10.24875,10.269540000000001,10.29033,10.31103,10.33173,10.35234,10.37295,10.393469999999999,10.41399,10.43442,10.45485,10.47519,10.49544,10.515690000000001,10.53585,10.55601,10.57599,10.59588,10.61577,10.63548,10.655100000000001,10.67454,10.69389,10.713149999999999,10.73223,10.75113,10.76985,10.78848,10.806840000000001,10.82502,10.84293,10.860750000000001,10.8783,10.895579999999999,10.91268,10.92951,10.94607,10.96236,10.97847,10.99431,11.00979,11.02509,11.04012,11.054789999999999,11.069280000000001,11.083499999999999,11.09736,11.11104,11.12445,11.137500000000001,11.15037,11.16306,11.17539,11.18754,11.19951,11.21121,11.22273,11.234070000000001,11.24523,11.25621,11.26701,11.27772,11.28834,11.29878,11.30922,11.319569999999999,11.32983,11.34009,11.350439999999999,11.3607,11.37114,11.381580000000001,11.39211,11.40273,11.41353,11.42451,11.43576,11.447099999999999,11.4588,11.47077,11.4831,11.4957,11.50866,11.522070000000001,11.53584,11.55015,11.56491,11.580119999999999,11.59596,11.61234,11.62926,11.64681,11.66499,11.6838,11.703330000000001,11.72349,11.74446,11.76615,11.78856,11.81178,11.83572,11.860470000000001,11.88603,11.912400000000002,11.93967,11.96766,11.99655,12.026340000000001,12.05685,12.08826,12.12057,12.153599999999999,12.18762,12.22236,12.258,12.294450000000001,12.331710000000001,12.36978,12.408570000000001,12.448260000000001,12.48867,12.52989,12.57183,12.61449,12.657869999999999,12.702060000000001,12.74688,12.79233,12.838500000000002,12.8853,12.93273,12.98079,13.02948,13.078710000000001,13.12848,13.178790000000001,13.22973,13.28112,13.33296,13.385340000000001,13.43826,13.49154,13.54527,13.599450000000001,13.65399
12.68919,12.595590000000001,12.50271,12.410730000000001,12.31974,12.22965,12.14073,12.052980000000002,11.96658,11.88144,11.79774,11.715570000000001,11.635019999999999,11.55609,11.47896,11.403450000000001,11.32983,11.25801,11.188080000000001,11.11995,11.05371,10.989270000000001,10.92654,10.865520000000002,10.80612,10.74825,10.69182,10.636650000000001,10.58256,10.52946,10.47717,10.42542,10.37403,10.32282,10.27161,10.219949999999999,10.16784,10.11492,10.060920000000001,10.00557,9.948690000000001,9.88992,9.829080000000001,9.7659,9.70011,9.63144,9.559800000000001,9.48474,9.40617,9.32391,9.23778,9.1476,9.053099999999999,8.954369999999999,8.851239,8.743698,8.631783,8.515602,8.395317,8.271207,8.143685999999999,8.013267,7.880661,7.746759,7.612677,7.479747,7.349589,7.2240839999999995,7.1053560000000004,6.995754,6.897771,6.813963,6.74676,6.698358,6.6705119999999996,6.6643740000000005,6.680412,6.718365,6.777261,6.855516,6.9511140000000005,7.061733,7.1849430000000005,7.318332,7.459614000000001,7.606692,7.757721,7.911072,8.065386,8.219529,8.372565,8.523747,8.672481,8.818299,8.960859,9.099900000000002,9.23526,9.366750000000001,9.49437,9.618030000000001,9.737729999999999,9.85356,9.96543,10.07361,10.17792,10.27863,10.37574,10.46934,10.55952,10.646370000000001,10.729890000000001,10.81035,10.88775,10.96209,11.03364,11.102310000000001,11.168280000000001,11.23155,11.292300000000001,11.350530000000001,11.40633,11.459700000000002,11.51082,11.55969,11.6064,11.65095,11.69343,11.733929999999999,11.772540000000001,11.80917,11.843910000000001,11.876940000000001,11.90817,11.9376,11.96541,11.9916,12.01617,12.03912,12.060630000000002,12.08061,12.09915,12.11625,12.131910000000001,12.146310000000001,12.159270000000001,12.17097,12.181410000000001,12.19059,12.19851,12.20526,12.210840000000001,12.21534,12.218580000000001,12.22083,12.221910000000001,12.222,12.221010000000001,12.21903,12.21606,12.212100000000001,12.207239999999999,12.20139,12.19464,12.18699,12.17844,12.169080000000001,12.15882,12.14784,12.13596,12.12336,12.109950000000001,12.09582,12.080969999999999,12.0654,12.0492,12.03228,12.01464,11.99646,11.97756,11.95812,11.93814,11.91753,11.89638,11.874780000000001,11.852549999999999,11.82987,11.806740000000001,11.78316,11.75913,11.73474,11.7099,11.684700000000001,11.659139999999999,11.633220000000001,11.60694,11.580390000000001,11.55357,11.52648,11.49912,11.471490000000001,11.443769999999999,11.415690000000001,11.38752,11.35917,11.33073,11.30202,11.27331,11.24442,11.215440000000001,11.18637,11.157210000000001,11.12805,11.0988,11.069460000000001,11.04012,11.01078,10.981349999999999,10.95192,10.922490000000002,10.89306,10.86354,10.83411,10.804590000000001,10.775070000000001,10.745550000000001,10.716030000000002,10.68651,10.6569,10.62729,10.59768,10.56807,10.53837,10.50858,10.47888,10.449,10.419120000000001,10.38924,10.35936,10.32939,10.29933,10.26927,10.2393,10.209240000000001,10.17918,10.14921,10.119240000000001,10.089360000000001,10.059660000000001,10.030050000000001,10.000620000000001,9.97146,9.94248,9.91386,9.88569,9.857880000000002,9.83061,9.803880000000001,9.77778,9.75249,9.72792,9.704160000000002,9.681479999999999,9.6597,9.639090000000001,9.61974,9.601560000000001,9.58482,9.56943,9.555570000000001,9.54324,9.53253,9.52344,9.51606,9.510390000000001,9.50643,9.50418,9.50373,9.504900000000001,9.50778,9.51237,9.51858,9.52623,9.5355,9.54612,9.558,9.57123,9.585540000000002,9.60093,9.617220000000001,9.63441,9.65241,9.67095,9.69003,9.709650000000002,9.72945,9.74961,9.76977,9.79011,9.81027,9.83034,9.85023,9.869760000000001,9.88902,9.90774,9.92601,9.943650000000002,9.960659999999999,9.97704,9.9927,10.00755,10.02159,10.03473,10.04706,10.0584,10.06884,10.0782,10.08666,10.09413,10.10052,10.105830000000001,10.11006,10.1133,10.11537,10.11636,10.11627,10.115100000000002,10.11285,10.10943,10.104930000000001,10.099440000000001,10.09278,10.085040000000001,10.07631,10.066500000000001,10.0557,10.04391,10.03104,10.01727,10.002600000000001,9.98703,9.97056,9.953190000000001,9.9351,9.91629,9.89676,9.876510000000001,9.85572,9.8343,9.81252,9.7902,9.76761,9.744750000000002,9.72162,9.69849,9.67518,9.652050000000001,9.629010000000001,9.606240000000001,9.58374,9.56169,9.540270000000001,9.51939,9.49932,9.479970000000002,9.4617,9.444420000000001,9.42822,9.41328,9.399600000000001,9.387270000000001,9.376380000000001,9.36702,9.35928,9.35298,9.34839,9.34551,9.34416,9.34452,9.3465,9.35019,9.35532,9.362160000000001,9.37044,9.38016,9.39123,9.403649999999999,9.41733,9.43218,9.44811,9.46512,9.482940000000001,9.50166,9.52119,9.54135,9.562230000000001,9.58356,9.60534,9.62757,9.650160000000001,9.67302,9.696150000000001,9.719370000000001,9.74286,9.76635,9.789930000000002,9.81351,9.83709,9.86067,9.88416,9.90756,9.93096,9.954180000000001,9.977400000000001,10.00044,10.023390000000001,10.04616,10.06884,10.09143,10.11393,10.13625,10.15848,10.180530000000001,10.20258,10.224450000000001,10.24623,10.26792,10.289520000000001,10.31103,10.33245,10.35378,10.37502,10.39617,10.41723,10.4382,10.45917,10.47996,10.500660000000002,10.521270000000001,10.54188,10.562310000000002,10.58265,10.6029,10.62297,10.64295,10.662840000000001,10.68255,10.702169999999999,10.72161,10.740870000000001,10.759950000000002,10.77894,10.79766,10.81629,10.834650000000002,10.85274,10.87074,10.88847,10.90593,10.923210000000001,10.94022,10.95696,10.97352,10.98981,11.00583,11.02158,11.03706,11.05227,11.067210000000001,11.08188,11.09628,11.1105,11.124360000000001,11.13795,11.15136,11.1645,11.17737,11.189969999999999,11.202390000000001,11.21463,11.226600000000001,11.2383,11.24991,11.26134,11.2725,11.28366,11.294550000000001,11.30535,11.31606,11.326680000000001,11.33721,11.34774,11.35818,11.36871,11.37915,11.38968,11.40021,11.410829999999999,11.42154,11.43243,11.4435,11.45466,11.46609,11.47779,11.48967,11.50182,11.51433,11.5272,11.540429999999999,11.55402,11.568060000000001,11.582550000000001,11.59749,11.61297,11.62899,11.64546,11.662650000000001,11.68029,11.69865,11.717640000000001,11.73726,11.7576,11.77866,11.80044,11.82285,11.84616,11.8701,11.89494,11.920499999999999,11.94687,11.974050000000002,12.00204,12.03084,12.060540000000001,12.09096,12.122280000000002,12.15441,12.18735,12.221100000000002,12.25575,12.291120000000001,12.327390000000001,12.36438,12.402270000000001,12.44088,12.480300000000002,12.52044,12.561390000000001,12.60297,12.64545,12.68856,12.7323,12.776850000000001,12.822030000000002,12.86784,12.91437,12.96144,13.00923,13.05756,13.10643,13.15593,13.205969999999999,13.25655,13.30758,13.359150000000001,13.41126,13.46373,13.51674,13.5702,13.62411,13.67838
12.62691,12.5316,12.437100000000001,12.34341,12.2508,12.15918,12.06864,11.97945,11.89161,11.80512,11.72016,11.63691,11.55528,11.47554,11.39751,11.32155,11.24748,11.17539,11.10537,11.03733,10.97136,10.90746,10.84545,10.78542,10.72728,10.670850000000002,10.61604,10.56267,10.51074,10.45989,10.410120000000001,10.36107,10.312650000000001,10.26459,10.21662,10.16847,10.11996,10.07082,10.02078,9.96957,9.916920000000001,9.86265,9.806400000000002,9.74799,9.68706,9.623520000000001,9.5571,9.48762,9.41472,9.33849,9.25848,9.17478,9.08721,8.995698,8.90019,8.800722,8.697366,8.590266,8.479638000000001,8.365806,8.249202,8.130384,8.010045,7.889067,7.768511999999999,7.64964,7.533909,7.423002,7.318755,7.223175,7.13835,7.06635,7.009155000000001,6.968502,6.945768,6.941871,6.957189,6.991533,7.044174,7.113906,7.199154,7.298073,7.408701,7.529040000000001,7.657173,7.7912729999999994,7.929702,8.071011,8.213922,8.357364,8.500428,8.642358,8.782551,8.920512,9.0558,9.188279999999999,9.31752,9.443520000000001,9.56601,9.685080000000001,9.80055,9.91251,10.02087,10.12572,10.22715,10.32516,10.41975,10.5111,10.59921,10.68417,10.765979999999999,10.84482,10.92078,10.993860000000002,11.06415,11.131649999999999,11.19663,11.259,11.31885,11.37627,11.43135,11.48409,11.53458,11.58291,11.62917,11.67327,11.71539,11.75553,11.793690000000002,11.830050000000002,11.86461,11.89737,11.92833,11.95767,11.9853,12.01131,12.03579,12.05865,12.080070000000001,12.10005,12.118500000000001,12.1356,12.15126,12.16557,12.17862,12.19041,12.20085,12.210030000000001,12.21804,12.22488,12.23055,12.235050000000001,12.23847,12.24081,12.24207,12.24225,12.241439999999999,12.239550000000001,12.23676,12.23298,12.22821,12.22254,12.21597,12.208499999999999,12.20013,12.19095,12.18096,12.17016,12.15846,12.14604,12.1329,12.11895,12.10437,12.08898,12.07296,12.05622,12.03885,12.020850000000001,12.002310000000001,11.98305,11.96325,11.94291,11.921940000000001,11.90052,11.87856,11.856060000000001,11.8332,11.809800000000001,11.78595,11.761650000000001,11.73699,11.711969999999999,11.686589999999999,11.66076,11.63466,11.60829,11.58156,11.55456,11.52729,11.49975,11.471940000000002,11.443950000000001,11.415780000000002,11.38743,11.3589,11.3301,11.301300000000001,11.27223,11.243070000000001,11.21382,11.184479999999999,11.155050000000001,11.12544,11.09583,11.066130000000001,11.036340000000001,11.00655,10.97658,10.946610000000002,10.91655,10.88649,10.85634,10.8261,10.795860000000001,10.76553,10.735109999999999,10.70469,10.674180000000002,10.64358,10.61289,10.58211,10.55124,10.52028,10.489230000000001,10.45809,10.42686,10.39554,10.364130000000001,10.332540000000002,10.30095,10.269359999999999,10.23759,10.205820000000001,10.174050000000001,10.14219,10.110420000000001,10.07865,10.04697,10.01538,9.98397,9.95274,9.92178,9.89109,9.86076,9.83088,9.801449999999999,9.77265,9.74457,9.71712,9.69048,9.66483,9.64017,9.6165,9.59409,9.57294,9.553139999999999,9.534780000000001,9.51804,9.502740000000001,9.48924,9.477360000000001,9.467369999999999,9.45909,9.45279,9.448290000000002,9.445680000000001,9.44496,9.44604,9.449010000000001,9.453780000000002,9.46026,9.46845,9.47826,9.489600000000001,9.50229,9.51642,9.53172,9.54819,9.565650000000002,9.5841,9.60327,9.62307,9.6435,9.664380000000001,9.68562,9.707040000000001,9.72864,9.750240000000002,9.77175,9.79308,9.81423,9.83502,9.85545,9.87534,9.89469,9.91341,9.9315,9.94878,9.96534,9.98109,9.995940000000001,10.00989,10.02294,10.035,10.04598,10.05597,10.064969999999999,10.0728,10.079640000000001,10.08531,10.08981,10.09332,10.09557,10.09674,10.09674,10.09557,10.09323,10.08981,10.08522,10.079460000000001,10.07262,10.06461,10.055520000000001,10.045350000000001,10.034099999999999,10.021770000000002,10.00845,9.99405,9.978660000000001,9.96237,9.94518,9.92709,9.908100000000001,9.88839,9.86787,9.84663,9.82485,9.80235,9.7794,9.756,9.73224,9.70812,9.68373,9.65934,9.63477,9.61029,9.58599,9.56196,9.538200000000002,9.514890000000001,9.492210000000002,9.47016,9.44892,9.42858,9.40923,9.39105,9.374039999999999,9.35829,9.34398,9.33111,9.31986,9.31023,9.30231,9.29601,9.2916,9.2889,9.288,9.2889,9.2916,9.296100000000001,9.30231,9.31014,9.31968,9.33075,9.343259999999999,9.3573,9.3726,9.38916,9.40689,9.4257,9.4455,9.466109999999999,9.48762,9.50985,9.53262,9.55602,9.57987,9.60417,9.62874,9.65358,9.67869,9.70389,9.72918,9.75465,9.78003,9.80541,9.83079,9.85608,9.88128,9.90639,9.931320000000001,9.95616,9.980820000000001,10.005300000000002,10.0296,10.05381,10.07775,10.101600000000001,10.12527,10.148760000000001,10.172070000000001,10.1952,10.218150000000001,10.24101,10.26369,10.28619,10.3086,10.33092,10.35297,10.37502,10.396889999999999,10.41858,10.44018,10.46169,10.48302,10.50435,10.52541,10.54638,10.567260000000001,10.58805,10.60866,10.62909,10.64943,10.669590000000001,10.68957,10.70946,10.72917,10.7487,10.768049999999999,10.78722,10.80621,10.82493,10.843560000000002,10.86192,10.88001,10.898010000000001,10.915650000000001,10.933110000000001,10.95039,10.967310000000001,10.98405,11.00052,11.016720000000001,11.03274,11.0484,11.063880000000001,11.079,11.09394,11.10852,11.12292,11.13705,11.150910000000001,11.1645,11.17791,11.19096,11.20383,11.21652,11.22894,11.24118,11.253150000000002,11.264940000000001,11.27655,11.28807,11.29932,11.31048,11.32146,11.33244,11.34324,11.353950000000001,11.36457,11.37528,11.385810000000001,11.396429999999999,11.40705,11.417760000000001,11.42847,11.43927,11.45016,11.46123,11.47248,11.48382,11.49543,11.50731,11.51946,11.53179,11.54457,11.55753,11.57103,11.5848,11.599020000000001,11.61369,11.62881,11.64447,11.660670000000001,11.67732,11.6946,11.71242,11.73096,11.75004,11.76975,11.79018,11.81133,11.83311,11.8557,11.879010000000001,11.90304,11.92779,11.95335,11.97972,12.0069,12.0348,12.063600000000001,12.09312,12.12354,12.15468,12.186720000000001,12.219479999999999,12.25314,12.28761,12.3228,12.35889,12.3957,12.43332,12.47175,12.5109,12.55077,12.591450000000002,12.632850000000001,12.67506,12.7179,12.76137,12.80565,12.85056,12.8961,12.94227,12.98916,13.03659,13.08456,13.13316,13.18239,13.23216,13.28238,13.33314,13.384440000000001,13.43628,13.48848,13.541220000000001,13.594410000000002,13.647960000000001,13.70196
12.563460000000001,12.46635,12.37005,12.274560000000001,12.180150000000001,12.086820000000001,11.994660000000001,11.90385,11.814390000000001,11.726460000000001,11.64015,11.55555,11.47284,11.39202,11.313180000000001,11.23641,11.1618,11.089350000000001,11.01915,10.9512,10.8855,10.82214,10.76085,10.70181,10.64484,10.58985,10.53675,10.48536,10.435500000000001,10.38717,10.34001,10.29384,10.24839,10.203570000000001,10.159020000000002,10.11456,10.069920000000002,10.024740000000001,9.97884,9.93195,9.883799999999999,9.83412,9.78264,9.729090000000001,9.673290000000001,9.615060000000001,9.55404,9.49014,9.42318,9.35298,9.27936,9.20223,9.12159,9.03726,8.949393,8.857935000000001,8.76303,8.66484,8.563635,8.459748000000001,8.353629,8.245835999999999,8.137071,8.028179999999999,7.9201440000000005,7.814142,7.711479000000001,7.613649,7.522236000000001,7.438968000000001,7.365582,7.303788000000001,7.255188,7.221186,7.202889,7.201026,7.215912,7.24743,7.2950040000000005,7.357716000000001,7.434324,7.523352,7.623216,7.732241999999999,7.848819,7.971390000000001,8.098506,8.228862,8.361306,8.494821,8.628543,8.761743000000001,8.893791,9.02421,9.15255,9.278550000000001,9.401850000000001,9.522359999999999,9.6399,9.754290000000001,9.865530000000001,9.97362,10.07847,10.18008,10.278450000000001,10.37376,10.46583,10.55484,10.64079,10.72377,10.803870000000002,10.88109,10.955430000000002,11.02716,11.096100000000002,11.162519999999999,11.226420000000001,11.2878,11.34675,11.403360000000001,11.45763,11.50965,11.5596,11.6073,11.65293,11.69658,11.73825,11.778030000000001,11.81583,11.85192,11.88612,11.918610000000001,11.949390000000001,11.97846,12.00591,12.031830000000001,12.05613,12.078899999999999,12.10023,12.12003,12.13848,12.15549,12.17115,12.18546,12.19851,12.2103,12.22074,12.23001,12.238109999999999,12.24495,12.25071,12.255300000000002,12.25881,12.26124,12.26259,12.262860000000002,12.262139999999999,12.26043,12.25773,12.25413,12.24954,12.24396,12.237570000000002,12.23028,12.22209,12.213090000000001,12.203280000000001,12.19266,12.18114,12.16899,12.155940000000001,12.14226,12.12786,12.11265,12.09681,12.08034,12.06315,12.045420000000002,12.02697,12.00798,11.98836,11.9682,11.9475,11.926260000000001,11.90448,11.88225,11.85948,11.836260000000001,11.81259,11.78847,11.76399,11.73915,11.71386,11.68821,11.6622,11.63583,11.609190000000002,11.582279999999999,11.555100000000001,11.527560000000001,11.49984,11.47185,11.44359,11.41515,11.38653,11.35773,11.328750000000001,11.29959,11.27025,11.240820000000001,11.21121,11.181420000000001,11.151539999999999,11.12157,11.09151,11.06127,11.030940000000001,11.00052,10.97001,10.93941,10.90863,10.877849999999999,10.84689,10.81584,10.7847,10.75338,10.72197,10.69047,10.65888,10.62711,10.59516,10.563120000000001,10.5309,10.49859,10.466099999999999,10.433430000000001,10.40067,10.36773,10.334700000000002,10.30149,10.2681,10.23471,10.20114,10.167480000000001,10.13382,10.10016,10.066410000000001,10.032750000000002,9.999089999999999,9.965610000000002,9.932220000000001,9.89919,9.866340000000001,9.833850000000002,9.80181,9.77022,9.739170000000001,9.70884,9.67932,9.65061,9.6228,9.596070000000001,9.57042,9.54612,9.52308,9.50157,9.48159,9.46323,9.44658,9.43173,9.41877,9.4077,9.39861,9.3915,9.386550000000002,9.38349,9.38259,9.38367,9.38673,9.39177,9.3987,9.40743,9.41787,9.43002,9.4437,9.458820000000001,9.475290000000001,9.492930000000001,9.511650000000001,9.531360000000001,9.55197,9.573210000000001,9.59508,9.6174,9.64008,9.662939999999999,9.68598,9.70902,9.73197,9.75474,9.77724,9.79938,9.82107,9.842220000000001,9.86274,9.88263,9.901800000000001,9.92016,9.937710000000001,9.95436,9.97011,9.98487,9.99864,10.01142,10.023119999999999,10.03365,10.043190000000001,10.05156,10.05876,10.06479,10.06965,10.07334,10.07586,10.07712,10.07721,10.076130000000001,10.073789999999999,10.07028,10.06551,10.05957,10.05246,10.04418,10.03473,10.0242,10.012410000000001,9.99963,9.98568,9.970650000000001,9.954630000000002,9.93762,9.91953,9.90063,9.880740000000001,9.860040000000001,9.83853,9.8163,9.79335,9.769680000000001,9.745560000000001,9.7209,9.69579,9.67041,9.64476,9.61893,9.59301,9.56709,9.54144,9.515880000000001,9.49077,9.466109999999999,9.442079999999999,9.41877,9.396270000000001,9.37467,9.354239999999999,9.33498,9.316980000000001,9.30042,9.285300000000001,9.271889999999999,9.2601,9.250110000000001,9.24192,9.235619999999999,9.2313,9.22887,9.22833,9.22986,9.23328,9.23859,9.24579,9.254880000000002,9.26568,9.2781,9.29223,9.3078,9.324900000000001,9.343259999999999,9.36288,9.38367,9.40545,9.42813,9.45171,9.47601,9.50094,9.52641,9.55242,9.578790000000001,9.60543,9.632430000000001,9.659519999999999,9.68679,9.71406,9.74142,9.768780000000001,9.79605,9.82323,9.850320000000002,9.87723,9.903960000000001,9.93051,9.95697,9.98316,10.00908,10.034820000000002,10.06038,10.08567,10.11078,10.13562,10.16028,10.18467,10.20888,10.23291,10.25667,10.28025,10.30365,10.32687,10.349910000000001,10.37277,10.39545,10.41795,10.440270000000002,10.46241,10.48446,10.50624,10.52793,10.54944,10.57086,10.59201,10.613069999999999,10.63395,10.65465,10.67517,10.6956,10.71576,10.73574,10.75563,10.77525,10.79469,10.81386,10.83294,10.85175,10.870289999999999,10.88874,10.906830000000001,10.92474,10.94247,10.95984,10.977030000000001,10.99395,11.01069,11.02707,11.043270000000001,11.0592,11.074860000000001,11.09025,11.10537,11.12022,11.1348,11.14911,11.163240000000002,11.177010000000001,11.1906,11.20392,11.21706,11.229930000000001,11.24253,11.25495,11.26719,11.279160000000001,11.29104,11.30265,11.31417,11.32551,11.33676,11.34783,11.35881,11.3697,11.3805,11.391300000000001,11.40201,11.41272,11.42343,11.434230000000001,11.44503,11.45583,11.46681,11.47788,11.489130000000001,11.50047,11.512080000000001,11.52378,11.53584,11.54808,11.56068,11.573550000000001,11.586780000000001,11.60037,11.61432,11.62872,11.64357,11.65887,11.67462,11.69091,11.70774,11.725200000000001,11.7432,11.76174,11.78091,11.8008,11.82132,11.84247,11.86434,11.886930000000001,11.91024,11.934360000000002,11.95911,11.98467,12.01104,12.03813,12.066030000000001,12.09474,12.12426,12.1545,12.185640000000001,12.2175,12.25017,12.28365,12.31794,12.35304,12.38895,12.42558,12.46302,12.50118,12.54015,12.57984,12.62025,12.661470000000001,12.703320000000001,12.745980000000001,12.78927,12.83319,12.87783,12.92319,12.96909,13.01562,13.06287,13.11057,13.158990000000001,13.20786,13.25736,13.30731,13.357890000000001,13.40892,13.4604,13.51242,13.56489,13.61781,13.671180000000001,13.724910000000001
12.498840000000001,12.399750000000001,12.30156,12.204180000000001,12.107880000000002,12.01266,11.918610000000001,11.826,11.73483,11.64528,11.55744,11.471490000000001,11.38743,11.30544,11.22561,11.14794,11.072700000000001,10.9998,10.92933,10.861379999999999,10.795860000000001,10.73295,10.67238,10.61424,10.558530000000001,10.50498,10.45359,10.40427,10.356660000000002,10.31085,10.26639,10.22319,10.180980000000002,10.13958,10.09872,10.05804,10.01736,9.97632,9.93483,9.89244,9.84888,9.80397,9.75744,9.70902,9.65853,9.60561,9.55026,9.49212,9.431099999999999,9.36711,9.29988,9.22941,9.1557,9.078660000000001,8.998326,8.914797,8.828199000000001,8.738721,8.646651,8.55234,8.456247000000001,8.358929999999999,8.261055,8.163432,8.066970000000001,7.972739999999999,7.88193,7.7958359999999995,7.715862,7.643457,7.580087999999999,7.527177000000001,7.486047000000001,7.457841000000001,7.443441000000001,7.443467999999999,7.458164999999999,7.487469,7.530939000000001,7.587854999999999,7.657227,7.737876,7.8284970000000005,7.9277310000000005,8.034182999999999,8.14653,8.263512,8.383959,8.506827000000001,8.631189000000001,8.756217,8.881209,9.00558,9.12879,9.25047,9.370170000000002,9.4878,9.60291,9.7155,9.82539,9.93249,10.03671,10.13796,10.23633,10.33173,10.42416,10.513710000000001,10.60038,10.68417,10.76517,10.84338,10.91889,10.9917,11.061900000000001,11.129579999999999,11.194830000000001,11.25756,11.31786,11.375910000000001,11.43162,11.48508,11.536470000000001,11.585609999999999,11.63277,11.67786,11.720970000000001,11.76219,11.80143,11.83896,11.874600000000001,11.90853,11.940660000000001,11.971169999999999,12.00006,12.02733,12.052980000000002,12.077100000000002,12.09978,12.121020000000001,12.14073,12.159089999999999,12.17601,12.19167,12.20598,12.21894,12.230730000000001,12.24117,12.25044,12.25854,12.26547,12.271320000000001,12.276000000000002,12.27951,12.282029999999999,12.283470000000001,12.28392,12.28329,12.28167,12.27915,12.27555,12.27114,12.265740000000001,12.259530000000002,12.25233,12.24432,12.2355,12.22578,12.21534,12.20409,12.192029999999999,12.179250000000001,12.16566,12.151440000000001,12.1365,12.12084,12.104550000000001,12.08754,12.069989999999999,12.051720000000001,12.03291,12.01356,11.99358,11.97297,11.95191,11.9304,11.90826,11.885670000000001,11.86263,11.83914,11.8152,11.79081,11.76606,11.740860000000001,11.71539,11.68947,11.66319,11.636640000000002,11.609729999999999,11.582550000000001,11.555100000000001,11.52729,11.4993,11.47104,11.44251,11.4138,11.384910000000001,11.35575,11.32641,11.29689,11.26719,11.23731,11.20725,11.177010000000001,11.14668,11.11617,11.08548,11.0547,11.02374,10.99269,10.961459999999999,10.930050000000001,10.89855,10.866869999999999,10.83501,10.80297,10.77084,10.738529999999999,10.70595,10.67328,10.64043,10.6074,10.574100000000001,10.54062,10.506960000000001,10.47312,10.4391,10.404810000000001,10.37034,10.33569,10.30086,10.26576,10.23057,10.1952,10.159740000000001,10.1241,10.088460000000001,10.05273,10.017000000000001,9.98127,9.945630000000001,9.91008,9.87471,9.8397,9.80496,9.770579999999999,9.736740000000001,9.703439999999999,9.670770000000001,9.639000000000001,9.60795,9.57798,9.54909,9.521370000000001,9.495000000000001,9.47007,9.44667,9.42489,9.40491,9.38682,9.37062,9.3564,9.34425,9.334349999999999,9.32652,9.32094,9.31761,9.31653,9.31761,9.32085,9.32616,9.33354,9.34299,9.354239999999999,9.367289999999999,9.38205,9.398340000000001,9.41598,9.43497,9.455129999999999,9.47637,9.498420000000001,9.52128,9.54468,9.568620000000001,9.59292,9.6174,9.64197,9.666630000000001,9.69111,9.71532,9.739260000000002,9.76284,9.78588,9.80838,9.83016,9.85131,9.87156,9.89109,9.90972,9.92736,9.94401,9.959670000000001,9.97425,9.98775,10.00008,10.01133,10.02141,10.030230000000001,10.03788,10.04436,10.04949,10.053450000000002,10.05615,10.057590000000001,10.05777,10.05669,10.05435,10.05075,10.04589,10.03977,10.03239,10.023840000000002,10.01403,10.00296,9.99081,9.977400000000001,9.96282,9.94716,9.93042,9.9126,9.8937,9.8739,9.85302,9.831330000000001,9.80874,9.78534,9.761220000000002,9.736379999999999,9.71091,9.68499,9.65853,9.63162,9.60453,9.57726,9.54981,9.522450000000001,9.495180000000001,9.46818,9.441540000000002,9.41535,9.38979,9.36504,9.341099999999999,9.318240000000001,9.29646,9.27603,9.256950000000002,9.2394,9.22347,9.20925,9.19692,9.186480000000001,9.178020000000002,9.17163,9.16731,9.16515,9.16506,9.16713,9.171270000000002,9.177480000000001,9.18576,9.19602,9.208169999999999,9.22212,9.237870000000001,9.25524,9.274140000000001,9.29439,9.315990000000001,9.33885,9.3627,9.38763,9.41337,9.43983,9.46701,9.49473,9.5229,9.55152,9.58032,9.60948,9.63873,9.66807,9.697410000000001,9.72675,9.75609,9.785250000000001,9.81432,9.84321,9.87192,9.900450000000001,9.92862,9.956700000000001,9.98442,10.01187,10.039050000000001,10.06596,10.092600000000001,10.11897,10.14507,10.1709,10.19646,10.22175,10.246770000000001,10.27152,10.296,10.320300000000001,10.344330000000001,10.36818,10.39176,10.41507,10.4382,10.46115,10.48392,10.50642,10.52874,10.550880000000001,10.572840000000001,10.59462,10.61613,10.63746,10.6587,10.679670000000002,10.700370000000001,10.72098,10.74132,10.76148,10.781460000000001,10.80117,10.8207,10.84005,10.85913,10.87803,10.89666,10.91502,10.9332,10.95111,10.96875,10.98612,11.003309999999999,11.02023,11.03688,11.05326,11.069370000000001,11.08521,11.10087,11.11617,11.1312,11.146049999999999,11.160630000000001,11.17485,11.18889,11.20275,11.21625,11.22957,11.24262,11.25549,11.268089999999999,11.28051,11.29275,11.304720000000001,11.3166,11.3283,11.339730000000001,11.35116,11.36241,11.37357,11.38455,11.39553,11.40642,11.41722,11.428020000000002,11.43891,11.44971,11.460510000000001,11.471400000000001,11.482380000000001,11.49354,11.5047,11.51604,11.527560000000001,11.53926,11.55114,11.56329,11.57571,11.5884,11.60145,11.61486,11.628540000000001,11.642669999999999,11.657160000000001,11.672189999999999,11.68758,11.70351,11.71989,11.7369,11.75436,11.772450000000001,11.791170000000001,11.81043,11.83032,11.85093,11.87217,11.89404,11.91672,11.94003,11.96415,11.9889,12.01446,12.04083,12.067919999999999,12.09573,12.124350000000002,12.153780000000001,12.18402,12.21498,12.24675,12.279330000000002,12.31272,12.34683,12.38175,12.417480000000001,12.45402,12.49119,12.52926,12.56805,12.60756,12.64779,12.68874,12.730410000000001,12.7728,12.81582,12.85956,12.90402,12.949110000000001,12.99474,13.04109,13.08807,13.13559,13.18365,13.23234,13.28157,13.33134,13.381649999999999,13.432409999999999,13.48371,13.53546,13.58775,13.640400000000001,13.69359,13.74714
12.433050000000001,12.33189,12.23154,12.13218,12.03381,11.93652,11.840580000000001,11.74599,11.65293,11.56158,11.47203,11.38446,11.29896,11.215620000000001,11.13462,11.05596,10.97991,10.90638,10.83564,10.767510000000001,10.702169999999999,10.63953,10.57968,10.522530000000001,10.46799,10.41597,10.366380000000001,10.319040000000001,10.27386,10.23057,10.189079999999999,10.14894,10.110149999999999,10.07235,10.03518,9.998550000000002,9.96201,9.92538,9.88839,9.85068,9.81198,9.77202,9.73062,9.68751,9.642420000000001,9.59508,9.5454,9.4932,9.4383,9.38052,9.31977,9.25605,9.18918,9.11943,9.04653,8.970839999999999,8.892369,8.811387000000002,8.728155000000001,8.643051,8.556525,8.469117,8.381466,8.294337,8.208567,8.125128,8.045082,7.969581000000001,7.899822,7.837056,7.782533999999999,7.737435,7.702866,7.679754000000001,7.668845999999999,7.670637000000001,7.685352,7.712936999999999,7.753077,7.8051960000000005,7.868502,7.942041000000001,8.024742,8.115462,8.213049,8.316351,8.42427,8.535779999999999,8.649936,8.765883,8.882856,9.00018,9.11736,9.233730000000001,9.349020000000001,9.46278,9.57483,9.68481,9.792629999999999,9.89802,10.00098,10.101329999999999,10.19907,10.2942,10.38654,10.476180000000001,10.56321,10.647450000000001,10.729080000000002,10.808010000000001,10.88442,10.95813,11.02941,11.098170000000001,11.1645,11.2284,11.28996,11.34927,11.40624,11.46105,11.5137,11.56428,11.61279,11.65923,11.703780000000002,11.746350000000001,11.78703,11.82582,11.8629,11.89818,11.93166,11.96352,11.99376,12.02238,12.04938,12.074940000000002,12.09888,12.12138,12.14244,12.16206,12.18024,12.19716,12.212729999999999,12.22695,12.23991,12.25161,12.262139999999999,12.27141,12.27951,12.28653,12.29229,12.29706,12.30066,12.30327,12.3048,12.30525,12.304710000000002,12.30327,12.30075,12.29742,12.293009999999999,12.287790000000001,12.28167,12.274650000000001,12.26682,12.258090000000001,12.248550000000002,12.238290000000001,12.227129999999999,12.21525,12.20265,12.18933,12.1752,12.16044,12.144960000000001,12.12885,12.112020000000001,12.09465,12.07656,12.05793,12.038670000000002,12.01887,11.99853,11.97765,11.956230000000001,11.934270000000001,11.91186,11.88891,11.86551,11.841750000000001,11.81745,11.79279,11.76777,11.7423,11.716470000000001,11.690280000000001,11.66382,11.63691,11.609729999999999,11.582279999999999,11.55447,11.526390000000001,11.498130000000002,11.46951,11.440710000000001,11.411550000000002,11.3823,11.352780000000001,11.322989999999999,11.29302,11.262870000000001,11.23254,11.20194,11.17125,11.14029,11.109150000000001,11.07783,11.04642,11.01474,10.982880000000002,10.950750000000001,10.91853,10.88604,10.85346,10.82061,10.78749,10.75419,10.72071,10.68696,10.652940000000001,10.61874,10.584270000000002,10.54953,10.514520000000001,10.479239999999999,10.44378,10.40796,10.37196,10.33569,10.299150000000001,10.26234,10.22535,10.18809,10.15074,10.11312,10.075410000000002,10.03761,9.99972,9.96183,9.92394,9.886140000000001,9.84852,9.81108,9.774,9.73728,9.70101,9.665280000000001,9.630270000000001,9.596070000000001,9.56268,9.53037,9.49914,9.46926,9.44073,9.41373,9.38835,9.36477,9.34299,9.32328,9.30564,9.29016,9.27693,9.26604,9.257489999999999,9.25137,9.24768,9.24642,9.2475,9.25101,9.25677,9.26478,9.27495,9.2871,9.30123,9.31716,9.334710000000001,9.35379,9.374310000000001,9.395999999999999,9.41886,9.44262,9.4671,9.4923,9.51795,9.54396,9.57024,9.596520000000002,9.62289,9.64899,9.67491,9.700380000000001,9.72549,9.74997,9.77382,9.79704,9.819450000000002,9.841050000000001,9.86166,9.88137,9.90009,9.91773,9.93429,9.949679999999999,9.963989999999999,9.97704,9.98892,9.99963,10.00899,10.017090000000001,10.02393,10.02951,10.03374,10.03662,10.038240000000002,10.03851,10.037519999999999,10.03509,10.031400000000001,10.02645,10.02006,10.012500000000001,10.0035,9.99333,9.98181,9.96912,9.955169999999999,9.93996,9.92358,9.90612,9.887400000000001,9.86769,9.846900000000002,9.82503,9.80226,9.778500000000001,9.75393,9.72855,9.70236,9.67554,9.64818,9.620190000000001,9.591840000000001,9.56322,9.53424,9.505260000000002,9.47619,9.4473,9.41859,9.39024,9.36243,9.33525,9.30888,9.28341,9.259020000000001,9.235800000000001,9.21402,9.193769999999999,9.17505,9.15822,9.14319,9.13014,9.11916,9.11034,9.103769999999999,9.099450000000001,9.09747,9.09783,9.100439999999999,9.105390000000002,9.11259,9.12195,9.13347,9.14706,9.16263,9.180090000000002,9.199259999999999,9.22005,9.24246,9.26613,9.29115,9.317340000000002,9.344430000000001,9.37251,9.40131,9.43083,9.460890000000001,9.4914,9.522269999999999,9.553410000000001,9.58482,9.61623,9.64773,9.67932,9.71073,9.74205,9.77328,9.80424,9.83502,9.865530000000001,9.89577,9.925740000000001,9.955350000000001,9.984689999999999,10.013670000000001,10.042380000000001,10.070730000000001,10.09872,10.12635,10.15371,10.18071,10.20744,10.23381,10.259820000000001,10.28556,10.31103,10.33614,10.36107,10.38564,10.41003,10.43406,10.45782,10.4814,10.504710000000001,10.52784,10.550609999999999,10.5732,10.59561,10.61775,10.63962,10.66131,10.68282,10.70406,10.72503,10.74582,10.76634,10.78668,10.806840000000001,10.826640000000001,10.846350000000001,10.8657,10.884870000000001,10.90377,10.922490000000002,10.94085,10.95903,10.97694,10.994580000000001,11.01204,11.02914,11.04606,11.06262,11.079,11.09502,11.11086,11.126430000000001,11.14173,11.15676,11.171520000000001,11.186010000000001,11.20023,11.21418,11.22795,11.24145,11.25468,11.26773,11.280600000000002,11.2932,11.305530000000001,11.317770000000001,11.32974,11.34162,11.35323,11.36484,11.37618,11.38743,11.39859,11.40966,11.42064,11.43162,11.44251,11.4534,11.46429,11.47518,11.48607,11.49705,11.50812,11.51928,11.53062,11.542050000000001,11.55366,11.56545,11.57742,11.58975,11.602260000000001,11.61513,11.62818,11.641680000000001,11.65554,11.66976,11.684429999999999,11.69946,11.71503,11.73105,11.74752,11.76462,11.78217,11.80035,11.819070000000002,11.838420000000001,11.8584,11.8791,11.90034,11.9223,11.94498,11.96829,11.99241,12.01716,12.042720000000001,12.069,12.09609,12.1239,12.15243,12.18177,12.21192,12.24288,12.274560000000001,12.30696,12.340259999999999,12.37428,12.40911,12.44466,12.480929999999999,12.5181,12.555900000000001,12.59451,12.63384,12.67389,12.71466,12.756150000000002,12.79836,12.8412,12.88476,12.92895,12.97386,13.019309999999999,13.065389999999999,13.11219,13.159440000000002,13.20741,13.25583,13.30488,13.35438,13.40451,13.45509,13.50621,13.55778,13.6098,13.662270000000001,13.715190000000002,13.76856
12.36609,12.26277,12.16017,12.05856,11.95794,11.85849,11.7603,11.663640000000001,11.5686,11.47518,11.38374,11.29437,11.20725,11.12238,11.04003,10.9602,10.88316,10.809,10.73763,10.669319999999999,10.60398,10.541699999999999,10.48248,10.42623,10.37286,10.322370000000001,10.27458,10.2294,10.18665,10.14615,10.10754,10.07082,10.035449999999999,10.001430000000001,9.96831,9.93582,9.90369,9.87156,9.83925,9.80649,9.77283,9.73809,9.702,9.66429,9.624780000000001,9.5832,9.53937,9.49311,9.44433,9.392850000000001,9.33867,9.28161,9.22176,9.15912,9.09369,9.025649999999999,8.955135,8.882388,8.807697,8.731413,8.654004,8.575965,8.497926,8.420571,8.344692,8.271153,8.200917,8.134983,8.074404000000001,8.02026,7.973604,7.935435,7.90668,7.888113000000001,7.880355000000001,7.883829,7.8987240000000005,7.925022000000001,7.962471,8.010612,8.068815,8.136306000000001,8.212203,8.295543,8.385363,8.480673,8.58051,8.683974000000001,8.790219,8.898471,9.00801,9.11826,9.2286,9.33858,9.447840000000001,9.55593,9.66258,9.76761,9.87075,9.971820000000001,10.070730000000001,10.167390000000001,10.26162,10.35351,10.442879999999999,10.52973,10.61415,10.69605,10.77543,10.85238,10.92681,10.99881,11.06847,11.1357,11.20059,11.26323,11.32362,11.38176,11.43783,11.49165,11.54349,11.59317,11.64096,11.686770000000001,11.7306,11.772630000000001,11.81277,11.85111,11.88765,11.92257,11.95569,11.98728,12.01716,12.04551,12.07224,12.09753,12.12129,12.14361,12.16449,12.18393,12.202110000000001,12.21885,12.23433,12.248550000000002,12.26142,12.273119999999999,12.283560000000001,12.29283,12.300930000000001,12.30795,12.3138,12.318570000000001,12.32226,12.32487,12.3264,12.32703,12.32658,12.32514,12.3228,12.31947,12.315240000000001,12.31011,12.30408,12.29724,12.2895,12.28095,12.27159,12.26142,12.25044,12.23874,12.22623,12.213090000000001,12.199140000000002,12.18447,12.169170000000001,12.15324,12.13659,12.11931,12.10149,12.08295,12.06387,12.04425,12.024,12.0033,11.98197,11.960189999999999,11.93787,11.9151,11.89188,11.86821,11.844000000000001,11.81943,11.794500000000001,11.769120000000001,11.74329,11.71719,11.69073,11.66382,11.636640000000002,11.609190000000002,11.581290000000001,11.55321,11.52477,11.49615,11.467170000000001,11.43792,11.4084,11.3787,11.34873,11.31849,11.28798,11.257290000000001,11.226420000000001,11.19528,11.16387,11.13228,11.10042,11.06838,11.03616,11.00367,10.97091,10.93788,10.904670000000001,10.87119,10.83744,10.80351,10.76922,10.73466,10.69983,10.66473,10.62927,10.59354,10.557540000000001,10.521180000000001,10.48455,10.44756,10.410210000000001,10.37259,10.334610000000001,10.29636,10.257840000000002,10.218960000000001,10.1799,10.14048,10.10088,10.0611,10.02114,9.98109,9.94086,9.90072,9.86058,9.82053,9.780660000000001,9.74106,9.70182,9.663030000000001,9.62487,9.587250000000001,9.55053,9.51462,9.479880000000001,9.44622,9.41391,9.383130000000001,9.35388,9.32643,9.30078,9.2772,9.25578,9.23661,9.21978,9.20538,9.1935,9.184230000000001,9.177570000000001,9.17352,9.17217,9.173340000000001,9.17712,9.18333,9.19206,9.20304,9.21627,9.231570000000001,9.248850000000001,9.26784,9.288540000000001,9.31068,9.33417,9.35883,9.38439,9.41085,9.43785,9.465480000000001,9.49338,9.52146,9.54963,9.5778,9.6057,9.633329999999999,9.66051,9.687240000000001,9.71334,9.73872,9.76338,9.787139999999999,9.81,9.83187,9.85275,9.87255,9.89127,9.90882,9.92511,9.940230000000001,9.95409,9.9666,9.97785,9.98784,9.99648,10.00368,10.00962,10.01412,10.01727,10.019070000000001,10.01943,10.01844,10.01601,10.01223,10.0071,10.000530000000001,9.99261,9.98334,9.97272,9.960840000000001,9.947519999999999,9.93294,9.9171,9.9,9.88173,9.8622,9.8415,9.81972,9.79677,9.77283,9.7479,9.72207,9.695340000000002,9.66771,9.63945,9.61056,9.58104,9.55107,9.52065,9.49005,9.459270000000002,9.428400000000002,9.397620000000002,9.36711,9.33696,9.30735,9.27837,9.250200000000001,9.22302,9.19692,9.17217,9.14895,9.127260000000001,9.107370000000001,9.08928,9.07335,9.05949,9.047880000000001,9.0387,9.03186,9.02754,9.02574,9.02646,9.02961,9.03537,9.043560000000001,9.05418,9.06705,9.082170000000001,9.099450000000001,9.11871,9.13986,9.16272,9.18729,9.21321,9.24057,9.2691,9.29862,9.329130000000001,9.36045,9.3924,9.42489,9.45783,9.49113,9.524700000000001,9.55836,9.5922,9.62595,9.6597,9.69327,9.72675,9.759960000000001,9.792900000000001,9.825660000000001,9.85797,9.8901,9.92178,9.9531,9.984060000000001,10.01457,10.04481,10.07451,10.10394,10.13292,10.16154,10.18971,10.21761,10.24506,10.272150000000002,10.298879999999999,10.32534,10.35135,10.377089999999999,10.40247,10.42758,10.45233,10.47681,10.50102,10.52496,10.54854,10.57185,10.59498,10.61775,10.64025,10.66257,10.68462,10.70631,10.72791,10.74915,10.77012,10.79091,10.811430000000001,10.83168,10.851659999999999,10.87137,10.8909,10.910160000000001,10.92915,10.947870000000002,10.96632,10.9845,11.00241,11.020050000000001,11.037420000000001,11.05452,11.07144,11.088000000000001,11.10429,11.12031,11.13606,11.15163,11.16684,11.181780000000002,11.19645,11.21094,11.22516,11.23902,11.252790000000001,11.266200000000001,11.27943,11.292390000000001,11.30517,11.317770000000001,11.3301,11.34225,11.35422,11.3661,11.37771,11.38923,11.40066,11.41191,11.42307,11.43414,11.44512,11.4561,11.46708,11.47797,11.48886,11.49984,11.51082,11.5218,11.53296,11.54421,11.55555,11.56707,11.57877,11.59065,11.60271,11.61513,11.627730000000001,11.6406,11.653830000000001,11.667420000000002,11.681370000000001,11.695680000000001,11.71035,11.72556,11.74113,11.75724,11.773890000000002,11.79099,11.808629999999999,11.82681,11.84562,11.865060000000001,11.88513,11.90574,11.92707,11.94903,11.97171,11.99511,12.01914,12.04398,12.069450000000002,12.09573,12.12273,12.150450000000001,12.17898,12.20832,12.238380000000001,12.269160000000001,12.30075,12.33315,12.36627,12.4002,12.434849999999999,12.47031,12.506580000000001,12.54348,12.581190000000001,12.619620000000001,12.65886,12.698730000000001,12.73932,12.78063,12.82266,12.86532,12.9087,12.95271,12.99744,13.04271,13.0887,13.13523,13.1823,13.23,13.27833,13.327110000000001,13.376520000000001,13.42638,13.47687,13.52772,13.57911,13.63095,13.68333,13.73607,13.78926
12.297960000000002,12.192300000000001,12.08736,11.98332,11.880270000000001,11.77848,11.677950000000001,11.57895,11.481570000000001,11.38608,11.29257,11.201130000000001,11.11212,11.025540000000001,10.94166,10.86048,10.78236,10.70721,10.63521,10.566540000000002,10.50111,10.4391,10.38033,10.324980000000002,10.27278,10.22391,10.17801,10.13499,10.09476,10.05705,10.02168,9.988290000000001,9.956610000000001,9.92655,9.89757,9.86949,9.841949999999999,9.814680000000001,9.787230000000001,9.75951,9.73107,9.70173,9.67113,9.639090000000001,9.60525,9.56952,9.53172,9.49158,9.449010000000001,9.40401,9.356309999999999,9.306000000000001,9.25308,9.19755,9.13941,9.07893,9.01611,8.951373,8.884908000000001,8.817093,8.748351,8.679177000000001,8.610147,8.541918,8.475201,8.410779,8.349498,8.292258,8.239977000000001,8.193573,8.153964,8.122005,8.098452,8.083989,8.079120000000001,8.084205,8.099423999999999,8.124777,8.160057,8.204904,8.258823,8.321166,8.391213,8.468154,8.55117,8.639415,8.732052,8.828289,8.92737,9.02862,9.13131,9.234990000000002,9.33903,9.44298,9.54648,9.64917,9.750779999999999,9.851040000000001,9.949679999999999,10.046520000000001,10.14156,10.234530000000001,10.32534,10.41399,10.50039,10.58454,10.66644,10.74591,10.82313,10.897920000000001,10.97046,11.040750000000001,11.1087,11.17449,11.23794,11.29932,11.35845,11.41551,11.47041,11.52333,11.57427,11.623140000000001,11.670119999999999,11.71521,11.75841,11.79981,11.839409999999999,11.87721,11.9133,11.94777,11.98053,12.01167,12.04128,12.06927,12.09582,12.12075,12.14433,12.16647,12.18717,12.20652,12.22452,12.24117,12.25647,12.2706,12.283470000000001,12.295079999999999,12.305520000000001,12.31479,12.322890000000001,12.32982,12.33567,12.340440000000001,12.34422,12.34683,12.34845,12.34908,12.34872,12.347370000000002,12.34512,12.341880000000002,12.33783,12.33279,12.32685,12.3201,12.31245,12.30408,12.29481,12.28473,12.27393,12.26232,12.24999,12.23694,12.223170000000001,12.208680000000001,12.193560000000002,12.177719999999999,12.161249999999999,12.14415,12.126420000000001,12.10806,12.08916,12.06963,12.049560000000001,12.028950000000002,12.007800000000001,11.98611,11.96397,11.94129,11.91816,11.894490000000001,11.87046,11.84598,11.82105,11.79567,11.77002,11.74383,11.717369999999999,11.69055,11.66337,11.63574,11.607930000000001,11.57967,11.55123,11.52234,11.49327,11.463840000000001,11.43414,11.40417,11.373930000000001,11.34342,11.31264,11.28168,11.25036,11.21877,11.186910000000001,11.154869999999999,11.12247,11.08989,11.05704,11.02383,10.990440000000001,10.95669,10.92267,10.88838,10.85373,10.81881,10.78353,10.74798,10.71207,10.6758,10.639170000000002,10.60218,10.56483,10.52712,10.48896,10.45053,10.41165,10.37241,10.33272,10.292760000000001,10.252350000000002,10.21158,10.170539999999999,10.12914,10.08747,10.04553,10.00332,9.960930000000001,9.91845,9.87588,9.83331,9.790740000000001,9.74835,9.70614,9.66429,9.62289,9.58194,9.54171,9.50229,9.46377,9.42633,9.39015,9.35532,9.32202,9.290429999999999,9.26073,9.23301,9.20745,9.18414,9.16335,9.14508,9.129420000000001,9.11655,9.10647,9.09918,9.09486,9.09333,9.09468,9.09882,9.10566,9.1152,9.12717,9.14157,9.15822,9.17694,9.19764,9.22005,9.24408,9.26946,9.296100000000001,9.323730000000001,9.35217,9.38133,9.41103,9.441,9.47115,9.5013,9.531450000000001,9.56124,9.59076,9.61974,9.64818,9.675989999999999,9.70299,9.72918,9.754380000000001,9.77868,9.80181,9.82395,9.84492,9.86472,9.88317,9.900450000000001,9.91647,9.931049999999999,9.944370000000001,9.95625,9.96678,9.97587,9.98361,9.98991,9.99468,9.9981,9.99999,10.000530000000001,9.99954,9.997110000000001,9.99324,9.98793,9.98118,9.97299,9.96336,9.95229,9.93987,9.92601,9.91089,9.89433,9.876420000000001,9.85725,9.836820000000001,9.81522,9.79227,9.76824,9.743129999999999,9.71694,9.68967,9.66159,9.63252,9.602640000000001,9.57213,9.5409,9.50913,9.477,9.444510000000001,9.41175,9.37899,9.34632,9.31383,9.28161,9.25002,9.219059999999999,9.18891,9.15984,9.13194,9.10548,9.08046,9.05724,9.03591,9.01665,8.999559000000001,8.984808,8.972496000000001,8.962749,8.955639000000001,8.951220000000001,8.949546,8.950635,8.954469000000001,8.96103,8.970264,8.982108,8.996463,9.01323,9.03231,9.05355,9.07677,9.101880000000001,9.12879,9.15714,9.18693,9.21798,9.250110000000001,9.28323,9.31707,9.35163,9.38673,9.42228,9.4581,9.49419,9.53028,9.566460000000001,9.602640000000001,9.63864,9.67455,9.7101,9.745470000000001,9.78048,9.81513,9.84951,9.88335,9.916830000000001,9.949860000000001,9.98253,10.01466,10.046339999999999,10.07757,10.10844,10.138770000000001,10.168650000000001,10.198080000000001,10.22706,10.255680000000002,10.283850000000001,10.31157,10.338930000000001,10.36593,10.39248,10.41867,10.44459,10.47006,10.495170000000002,10.520010000000001,10.544490000000001,10.5687,10.592550000000001,10.61613,10.63935,10.6623,10.68498,10.7073,10.72935,10.75122,10.77273,10.79397,10.81494,10.83564,10.85607,10.87614,10.89603,10.915650000000001,10.935,10.95399,10.972800000000001,10.99125,11.00943,11.02743,11.045069999999999,11.06244,11.079540000000001,11.09637,11.11293,11.12922,11.14515,11.1609,11.17638,11.191500000000001,11.206439999999999,11.221110000000001,11.235420000000001,11.24955,11.2635,11.27709,11.2905,11.30364,11.3166,11.32929,11.341800000000001,11.354130000000001,11.366280000000001,11.378160000000001,11.38995,11.40165,11.41308,11.42451,11.43576,11.44692,11.45799,11.46897,11.47995,11.49084,11.50182,11.51271,11.52369,11.53467,11.54574,11.556899999999999,11.568240000000001,11.57958,11.59119,11.60289,11.61486,11.62701,11.63943,11.65212,11.66508,11.678400000000002,11.69199,11.70594,11.72034,11.7351,11.750309999999999,11.76606,11.78217,11.798820000000001,11.81601,11.83365,11.85192,11.87082,11.89026,11.91033,11.930940000000001,11.95227,11.97432,11.997,12.02031,12.04443,12.06918,12.09465,12.120930000000001,12.14784,12.175559999999999,12.20409,12.23325,12.26331,12.294,12.3255,12.35781,12.39084,12.42468,12.459240000000001,12.49461,12.5307,12.56751,12.605129999999999,12.64338,12.68244,12.72222,12.76272,12.80385,12.8457,12.88827,12.93147,12.9753,13.01985,13.06503,13.110750000000001,13.1571,13.204080000000001,13.25169,13.29975,13.34844,13.39767,13.44744,13.497660000000002,13.54842,13.59963,13.651380000000001,13.70358,13.75614,13.80915
12.22875,12.12057,12.01302,11.906460000000001,11.80089,11.69649,11.593440000000001,11.49183,11.39202,11.2941,11.19816,11.104560000000001,11.01339,10.92492,10.83924,10.756530000000001,10.67706,10.60083,10.528020000000001,10.458810000000001,10.3932,10.331190000000001,10.272960000000001,10.21842,10.167480000000001,10.12005,10.07604,10.035359999999999,9.99774,9.963000000000001,9.93087,9.90108,9.87336,9.84735,9.82278,9.79929,9.77652,9.754290000000001,9.73206,9.709650000000002,9.68661,9.66285,9.637920000000001,9.611640000000001,9.58374,9.55404,9.522269999999999,9.488430000000001,9.45216,9.41355,9.37251,9.32895,9.282869999999999,9.23427,9.18342,9.130230000000001,9.075059999999999,9.018089999999999,8.959527000000001,8.899812,8.839323,8.778537,8.717985,8.65827,8.600057999999999,8.544042000000001,8.490987,8.441676000000001,8.396927999999999,8.357544,8.324297999999999,8.297928,8.279091000000001,8.268354,8.266158,8.272809,8.288478,8.313156000000001,8.346717,8.388855,8.439174000000001,8.497134,8.56215,8.633529000000001,8.710587,8.792595,8.878824000000002,8.968572,9.0612,9.15597,9.25245,9.35001,9.4482,9.546570000000001,9.644670000000001,9.74232,9.83907,9.934740000000001,10.02906,10.12194,10.21311,10.302480000000001,10.39005,10.47555,10.55907,10.64052,10.71981,10.796940000000001,10.87191,10.94472,11.01537,11.083860000000001,11.15019,11.214360000000001,11.27646,11.336400000000001,11.394359999999999,11.45025,11.50416,11.556000000000001,11.60604,11.65401,11.70027,11.74455,11.78712,11.82789,11.866859999999999,11.90412,11.939760000000001,11.97378,12.00609,12.03687,12.066120000000002,12.09384,12.12003,12.144779999999999,12.16809,12.18996,12.21048,12.22965,12.24747,12.26394,12.27924,12.293190000000001,12.30597,12.31758,12.32793,12.337110000000001,12.345210000000002,12.35214,12.35808,12.36285,12.36654,12.369240000000001,12.37086,12.37158,12.371310000000001,12.36996,12.3678,12.364650000000001,12.3606,12.35565,12.34989,12.34323,12.33567,12.327390000000001,12.31821,12.30831,12.2976,12.28617,12.27402,12.26106,12.24738,12.23307,12.21804,12.20238,12.186,12.169080000000001,12.151440000000001,12.133260000000002,12.11445,12.09501,12.07512,12.0546,12.03354,12.012030000000001,11.98989,11.96739,11.94426,11.920770000000001,11.896740000000001,11.872349999999999,11.84751,11.82222,11.79648,11.770380000000001,11.743920000000001,11.71701,11.68974,11.6622,11.63421,11.60595,11.57733,11.548350000000001,11.5191,11.48949,11.459610000000001,11.429369999999999,11.39886,11.36808,11.33694,11.305530000000001,11.273850000000001,11.2419,11.20959,11.177010000000001,11.144070000000001,11.11086,11.07738,11.04354,11.00943,10.97496,10.94013,10.90494,10.86948,10.83357,10.7973,10.760670000000001,10.72368,10.68624,10.64835,10.6101,10.5714,10.532340000000001,10.49274,10.45278,10.41228,10.37133,10.330020000000001,10.288170000000001,10.24596,10.2033,10.16019,10.11672,10.072890000000001,10.0287,9.98424,9.93951,9.8946,9.8496,9.80442,9.75924,9.71415,9.66933,9.624690000000001,9.58041,9.536669999999999,9.49365,9.45135,9.41004,9.36981,9.33084,9.293310000000002,9.2574,9.2232,9.191070000000002,9.161100000000001,9.133379999999999,9.10818,9.08559,9.065700000000001,9.04878,9.034830000000001,9.023850000000001,9.01602,9.01134,9.00981,9.01134,9.015929999999999,9.02349,9.03384,9.04698,9.06273,9.080910000000001,9.10143,9.123930000000001,9.14832,9.17433,9.20187,9.23067,9.26055,9.29124,9.32265,9.3546,9.38682,9.41922,9.45153,9.48375,9.5157,9.547110000000002,9.57807,9.6084,9.637920000000001,9.666630000000001,9.69444,9.72126,9.74691,9.77157,9.794970000000001,9.81711,9.837990000000001,9.85761,9.87588,9.89271,9.908190000000001,9.922229999999999,9.93483,9.9459,9.95553,9.96372,9.97038,9.97551,9.979199999999999,9.98127,9.9819,9.98091,9.97848,9.97452,9.96903,9.96201,9.95355,9.943560000000002,9.93204,9.919080000000001,9.90468,9.88884,9.87156,9.852929999999999,9.83286,9.811440000000001,9.78876,9.76482,9.73962,9.71316,9.68562,9.657,9.6273,9.5967,9.5652,9.53289,9.49986,9.46629,9.43218,9.39771,9.36288,9.32805,9.29322,9.25848,9.22419,9.190349999999999,9.15723,9.12501,9.09378,9.0639,9.03537,9.008640000000002,8.983629,8.960697,8.939979000000001,8.921628,8.905815,8.892666,8.882298,8.874810000000002,8.870265,8.868708,8.870166000000001,8.87463,8.882064,8.892414,8.905608,8.921529000000001,8.940069000000001,8.961084,8.98443,9.0099,9.03744,9.06678,9.09774,9.130230000000001,9.16398,9.19881,9.234630000000001,9.271350000000002,9.30861,9.3465,9.38466,9.42318,9.461879999999999,9.500580000000001,9.53928,9.57789,9.61623,9.65448,9.69228,9.72981,9.76698,9.803700000000001,9.83997,9.87579,9.91107,9.9459,9.98019,10.01394,10.04724,10.07991,10.11213,10.14381,10.175040000000001,10.20573,10.235880000000002,10.26567,10.294830000000001,10.323630000000001,10.351980000000001,10.379880000000002,10.407330000000002,10.434330000000001,10.460970000000001,10.487160000000001,10.51299,10.53846,10.56357,10.58832,10.61271,10.63674,10.66041,10.683810000000001,10.70685,10.72953,10.751940000000001,10.77408,10.795860000000001,10.81728,10.83852,10.8594,10.87992,10.90026,10.92024,10.93995,10.959389999999999,10.97847,10.997280000000002,11.015820000000001,11.034089999999999,11.052,11.06964,11.087100000000001,11.10411,11.120940000000001,11.137500000000001,11.1537,11.16963,11.18529,11.20068,11.2158,11.23065,11.24523,11.259540000000001,11.273670000000001,11.28744,11.301029999999999,11.314350000000001,11.3274,11.34027,11.35296,11.36538,11.37762,11.38968,11.40165,11.41335,11.42496,11.436390000000001,11.44773,11.45889,11.47005,11.48112,11.4921,11.50308,11.51397,11.52486,11.53584,11.54673,11.5578,11.56887,11.58003,11.591280000000001,11.60271,11.61432,11.62611,11.63808,11.650229999999999,11.662650000000001,11.67543,11.68839,11.70171,11.71539,11.72943,11.74383,11.758680000000002,11.773890000000002,11.78964,11.80575,11.82249,11.839680000000001,11.85741,11.875680000000001,11.894490000000001,11.91402,11.934,11.954699999999999,11.97603,11.998080000000002,12.020760000000001,12.044070000000001,12.068100000000001,12.09285,12.11832,12.14451,12.17151,12.199140000000002,12.22758,12.25674,12.28671,12.317400000000001,12.34881,12.38103,12.41397,12.44772,12.48219,12.517380000000001,12.55338,12.590100000000001,12.62763,12.665790000000001,12.70476,12.74436,12.78468,12.82572,12.86748,12.909870000000002,12.95298,12.99672,13.04109,13.08609,13.13172,13.177980000000002,13.224870000000001,13.2723,13.32027,13.368780000000001,13.41783,13.46751,13.51764,13.56822,13.619340000000001,13.67091,13.72293,13.775490000000001,13.82841
12.15846,12.04758,11.937330000000001,11.82798,11.71962,11.61243,11.506590000000001,11.402280000000001,11.29977,11.199150000000001,11.10069,11.00457,10.91106,10.820340000000002,10.73259,10.64817,10.567079999999999,10.4895,10.415700000000001,10.34577,10.279800000000002,10.217789999999999,10.15992,10.1061,10.05633,10.01043,9.9684,9.930060000000001,9.89514,9.86346,9.83484,9.80874,9.785160000000001,9.76347,9.743490000000001,9.724860000000001,9.70722,9.69021,9.673380000000002,9.656460000000001,9.639180000000001,9.62118,9.6021,9.581760000000001,9.55998,9.5364,9.51093,9.483300000000002,9.45351,9.42147,9.387,9.3501,9.31086,9.26928,9.22545,9.17955,9.13176,9.08226,9.031320000000001,8.979381,8.926758000000001,8.87391,8.821341,8.769608999999999,8.719299,8.671068,8.625582000000001,8.583552000000001,8.545689000000001,8.512686,8.485227,8.463942,8.449398,8.44209,8.442387,8.450577000000001,8.466795000000001,8.491059,8.523261,8.563176,8.610471,8.664714,8.725392,8.791947,8.863785,8.940285000000001,9.02079,9.10476,9.19152,9.28053,9.37125,9.46323,9.55602,9.64908,9.742230000000001,9.83502,9.927180000000002,10.01853,10.10871,10.19772,10.285200000000001,10.37115,10.455480000000001,10.53792,10.61865,10.6974,10.77417,10.84896,10.92177,10.992510000000001,11.06127,11.12796,11.19267,11.255310000000001,11.31597,11.37456,11.43126,11.48598,11.53881,11.58966,11.638710000000001,11.68587,11.731230000000002,11.77488,11.81664,11.85678,11.89521,11.93193,11.96703,12.00051,12.03246,12.06279,12.09168,12.11904,12.144870000000001,12.16935,12.192390000000001,12.21408,12.23433,12.25332,12.27096,12.28734,12.30246,12.316410000000001,12.32901,12.340530000000001,12.35079,12.35997,12.367980000000001,12.37491,12.38076,12.38553,12.38931,12.39201,12.39372,12.39444,12.39417,12.39291,12.39075,12.38769,12.38373,12.378870000000001,12.373199999999999,12.36663,12.359160000000001,12.35097,12.34197,12.332160000000002,12.32154,12.310200000000002,12.29814,12.28527,12.271770000000002,12.25755,12.2427,12.227129999999999,12.210930000000001,12.19401,12.17655,12.15846,12.13974,12.12048,12.10068,12.08025,12.059370000000001,12.03786,12.0159,11.993400000000001,11.97045,11.94696,11.92302,11.89863,11.87379,11.8485,11.82285,11.79675,11.770199999999999,11.74329,11.71602,11.6883,11.66031,11.631870000000001,11.60316,11.574,11.54457,11.51478,11.484630000000001,11.454210000000002,11.42343,11.39229,11.360880000000002,11.32911,11.29698,11.26458,11.231819999999999,11.1987,11.16522,11.13147,11.09727,11.0628,11.02797,10.99269,10.95705,10.92105,10.884689999999999,10.847790000000002,10.81053,10.77282,10.73475,10.696140000000002,10.65699,10.61748,10.577430000000001,10.53684,10.495800000000001,10.45431,10.41219,10.369620000000001,10.32651,10.28286,10.23867,10.194030000000001,10.14894,10.10331,10.057319999999999,10.01088,9.963989999999999,9.916830000000001,9.869399999999999,9.82179,9.77391,9.72603,9.67824,9.63045,9.582930000000001,9.53577,9.48906,9.44298,9.39771,9.35334,9.31014,9.2682,9.2277,9.189000000000002,9.1521,9.11736,9.08487,9.0549,9.02754,9.00306,8.98155,8.963172,8.948025,8.936199,8.927766,8.922753,8.921151,8.922941999999999,8.928063000000002,8.936415,8.947899,8.962353,8.979624,8.999523,9.02187,9.04644,9.072989999999999,9.10134,9.131219999999999,9.162360000000001,9.19476,9.22797,9.26181,9.296190000000001,9.33084,9.36558,9.40032,9.434790000000001,9.468900000000001,9.50256,9.535590000000001,9.567810000000001,9.599310000000001,9.62982,9.65934,9.68769,9.71496,9.74106,9.76581,9.789209999999999,9.811350000000001,9.83205,9.85131,9.86913,9.88542,9.900269999999999,9.9135,9.92529,9.93546,9.9441,9.951120000000001,9.956610000000001,9.96048,9.96282,9.96354,9.96264,9.960120000000002,9.95607,9.9504,9.943200000000001,9.93438,9.92403,9.91206,9.89856,9.88353,9.86706,9.848970000000001,9.82953,9.80856,9.786150000000001,9.76239,9.73719,9.71073,9.683010000000001,9.654029999999999,9.62388,9.59265,9.56034,9.52713,9.492930000000001,9.458010000000002,9.422460000000001,9.38628,9.34956,9.312660000000001,9.275490000000001,9.23832,9.201329999999999,9.16461,9.12834,9.09288,9.05823,9.024750000000001,8.992575,8.96193,8.933049,8.906139,8.881407000000001,8.859060000000001,8.839287,8.822259,8.808138000000001,8.797041,8.789085000000002,8.784342,8.782884000000001,8.784711,8.789823,8.798193,8.809740000000001,8.824374,8.841987,8.862426,8.885547,8.911179,8.939124,8.969211,9.00126,9.03501,9.07029,9.10692,9.14472,9.183510000000002,9.22302,9.263250000000001,9.30402,9.34506,9.38637,9.42777,9.46917,9.51057,9.5517,9.59256,9.63315,9.673380000000002,9.71307,9.7524,9.79128,9.82953,9.86724,9.90441,9.941040000000001,9.97704,10.012500000000001,10.04733,10.08153,10.11528,10.14831,10.1808,10.21275,10.24416,10.275030000000001,10.30536,10.33515,10.36449,10.39329,10.42155,10.44945,10.47681,10.50381,10.53036,10.55646,10.58211,10.6074,10.632330000000001,10.6569,10.68102,10.70478,10.72827,10.75131,10.77408,10.7964,10.81845,10.84023,10.861650000000001,10.882710000000001,10.903410000000001,10.92393,10.944,10.9638,10.98333,11.0025,11.0214,11.039940000000001,11.058209999999999,11.076210000000001,11.09394,11.111310000000001,11.12832,11.14515,11.16162,11.17782,11.193660000000001,11.20932,11.22462,11.23974,11.2545,11.26899,11.28321,11.29725,11.31093,11.324430000000001,11.33775,11.350710000000001,11.363489999999999,11.376090000000001,11.38851,11.40066,11.41263,11.42451,11.436119999999999,11.44764,11.45907,11.47032,11.48148,11.492550000000001,11.503620000000002,11.514510000000001,11.5254,11.53629,11.547179999999999,11.55807,11.56905,11.58003,11.591099999999999,11.602260000000001,11.61351,11.62494,11.636550000000002,11.64825,11.66022,11.672460000000001,11.68488,11.697569999999999,11.710619999999999,11.72394,11.73762,11.75166,11.76606,11.78091,11.79612,11.81187,11.82807,11.84472,11.86191,11.87973,11.898000000000001,11.91681,11.936340000000001,11.956320000000002,11.977020000000001,11.99835,12.02031,12.04299,12.0663,12.09033,12.11508,12.14055,12.16665,12.193560000000002,12.22119,12.24954,12.2787,12.30858,12.33918,12.370590000000002,12.40272,12.43557,12.46923,12.50361,12.5388,12.57471,12.61134,12.64869,12.686850000000002,12.72564,12.76515,12.805470000000001,12.84633,12.888,12.9303,12.97332,13.01688,13.06116,13.10607,13.15161,13.19778,13.24449,13.291830000000001,13.33971,13.38813,13.43709,13.48659,13.536629999999999,13.58712,13.63815,13.68963,13.74156,13.79394,13.846770000000001
12.08718,11.97342,11.86029,11.74797,11.636640000000002,11.526390000000001,11.41758,11.310210000000001,11.20473,11.101140000000001,10.9998,10.90098,10.80477,10.71162,10.62162,10.53504,10.452060000000001,10.37295,10.29798,10.22706,10.16055,10.09845,10.04076,9.98766,9.938970000000001,9.89469,9.85464,9.81864,9.7866,9.75816,9.73305,9.711,9.69165,9.67464,9.659519999999999,9.64602,9.633690000000001,9.62208,9.61092,9.59985,9.588420000000001,9.57645,9.56349,9.54936,9.53379,9.51651,9.49734,9.47619,9.45288,9.42732,9.39951,9.36936,9.33687,9.30222,9.265410000000001,9.22653,9.18594,9.143730000000001,9.10017,9.05571,9.01053,8.965233000000001,8.920197,8.875944,8.833023,8.792028,8.753553,8.718219,8.686674,8.659521,8.637354,8.620731000000001,8.610147,8.606016,8.608671,8.618364,8.635221,8.659278,8.690445,8.728542000000001,8.773308,8.824383,8.881344,8.943714,9.01098,9.08262,9.158130000000002,9.23679,9.31833,9.40212,9.48762,9.57438,9.66213,9.75042,9.8388,9.92709,10.014930000000001,10.10214,10.18845,10.27368,10.35765,10.440270000000002,10.52145,10.60101,10.67886,10.754999999999999,10.82943,10.90188,10.97253,11.04129,11.10816,11.17305,11.23614,11.29716,11.35638,11.41371,11.469059999999999,11.52261,11.57436,11.624220000000001,11.67228,11.71863,11.76309,11.80593,11.847059999999999,11.88648,11.92428,11.960460000000001,11.99502,12.02805,12.05946,12.08943,12.11787,12.144870000000001,12.170430000000001,12.19464,12.21741,12.23874,12.2589,12.27762,12.295079999999999,12.31128,12.32631,12.34008,12.35259,12.36402,12.37419,12.383280000000001,12.391290000000001,12.39813,12.40398,12.40875,12.41244,12.415140000000001,12.41685,12.41757,12.417390000000001,12.416220000000001,12.414060000000001,12.411090000000002,12.40713,12.40236,12.396780000000001,12.39021,12.38292,12.374820000000001,12.365820000000001,12.3561,12.34566,12.33441,12.32244,12.309750000000001,12.296339999999999,12.282210000000001,12.26745,12.25197,12.23586,12.21912,12.201749999999999,12.18375,12.16521,12.14604,12.12624,12.10599,12.08511,12.06378,12.04182,12.01941,11.99646,11.97306,11.949209999999999,11.92482,11.899980000000001,11.874780000000001,11.84904,11.82294,11.79639,11.76939,11.74203,11.714310000000001,11.68614,11.65761,11.62872,11.59947,11.56986,11.5398,11.50947,11.47878,11.44764,11.41623,11.38446,11.35224,11.31975,11.286900000000001,11.2536,11.22003,11.186010000000001,11.15163,11.116800000000001,11.081610000000001,11.04606,11.01006,10.97361,10.93671,10.89936,10.86156,10.823310000000001,10.784519999999999,10.74528,10.7055,10.66518,10.62423,10.58283,10.54089,10.49832,10.45521,10.411470000000001,10.36719,10.322280000000001,10.27674,10.23066,10.18404,10.13679,10.089,10.04067,9.99189,9.94257,9.892890000000001,9.84285,9.792539999999999,9.74196,9.6912,9.640440000000002,9.589680000000001,9.539100000000001,9.48888,9.439020000000001,9.3897,9.34119,9.29367,9.24723,9.20214,9.15858,9.11673,9.07695,9.03942,9.00423,8.971731,8.942094,8.915526000000002,8.892198,8.872263,8.855856000000001,8.843085,8.834012999999999,8.828685,8.827092,8.829216,8.834967,8.844264,8.856963,8.872893,8.891883,8.913726,8.938179,8.965017000000001,8.993988000000002,9.02484,9.05733,9.09117,9.12627,9.16218,9.198720000000002,9.235800000000001,9.273060000000001,9.310410000000001,9.34767,9.38457,9.42111,9.45702,9.492210000000002,9.52659,9.56007,9.59247,9.62379,9.65394,9.68283,9.710370000000001,9.73656,9.7614,9.78471,9.80658,9.82683,9.845640000000001,9.86283,9.878490000000001,9.89253,9.90486,9.91566,9.92475,9.932220000000001,9.93807,9.942210000000001,9.94464,9.94545,9.94464,9.94212,9.93798,9.93213,9.924660000000001,9.91548,9.904770000000001,9.89235,9.878309999999999,9.86265,9.845369999999999,9.82656,9.80622,9.78426,9.76086,9.73593,9.709650000000002,9.681840000000001,9.65268,9.62226,9.590580000000001,9.557640000000001,9.52353,9.488430000000001,9.45234,9.41535,9.377640000000001,9.33921,9.30024,9.260909999999999,9.22131,9.18171,9.14211,9.102780000000001,9.06399,9.025920000000001,8.988669000000002,8.952615,8.917929,8.884872000000001,8.853678,8.82459,8.797842000000001,8.773659,8.752266,8.733852,8.718596999999999,8.706654,8.698131,8.693145000000001,8.691732,8.693937,8.699733,8.709084,8.721918,8.738118,8.757558,8.780067,8.805474,8.833581,8.864172000000002,8.89704,8.931951000000002,8.968689000000001,9.00702,9.0468,9.087660000000001,9.1296,9.17235,9.21564,9.25938,9.30348,9.347760000000001,9.392040000000001,9.43623,9.48033,9.52416,9.56763,9.61065,9.65331,9.695340000000002,9.73692,9.77787,9.81828,9.85797,9.897120000000001,9.935550000000001,9.97326,10.01043,10.04679,10.08261,10.117709999999999,10.152180000000001,10.18611,10.21932,10.251900000000001,10.283850000000001,10.315349999999999,10.34613,10.376460000000002,10.40616,10.435410000000001,10.46403,10.492289999999999,10.51992,10.547189999999999,10.57392,10.600200000000001,10.62612,10.6515,10.67652,10.70118,10.725389999999999,10.74924,10.77264,10.79568,10.81836,10.84077,10.862729999999999,10.88433,10.90557,10.92654,10.94715,10.9674,10.98729,11.006910000000001,11.02617,11.04516,11.063790000000001,11.08206,11.10006,11.1177,11.135069999999999,11.15217,11.16891,11.18538,11.20149,11.21733,11.2329,11.248199999999999,11.26323,11.2779,11.292300000000001,11.306519999999999,11.32038,11.334060000000001,11.34747,11.36061,11.37357,11.38626,11.39877,11.411100000000001,11.42316,11.43504,11.44683,11.458440000000001,11.46987,11.48112,11.49237,11.50344,11.51442,11.5254,11.53629,11.54709,11.55798,11.56878,11.57958,11.59047,11.60145,11.61243,11.62359,11.63484,11.646180000000001,11.6577,11.669490000000001,11.681370000000001,11.693610000000001,11.70603,11.71872,11.73168,11.745000000000001,11.758680000000002,11.772630000000001,11.78712,11.80188,11.81718,11.832840000000001,11.84904,11.86569,11.88288,11.90061,11.91888,11.93778,11.95722,11.9772,11.9979,12.01923,12.04119,12.06378,12.08709,12.11103,12.13578,12.16116,12.18726,12.214170000000001,12.241710000000001,12.27006,12.29913,12.32892,12.35952,12.39084,12.422880000000001,12.45573,12.4893,12.52368,12.55878,12.5946,12.63114,12.6684,12.70647,12.745170000000002,12.78468,12.82482,12.86568,12.90726,12.94947,12.9924,13.03587,13.080060000000001,13.12488,13.17033,13.216410000000002,13.26303,13.310279999999999,13.35807,13.406400000000001,13.45536,13.50477,13.554720000000001,13.60512,13.656060000000002,13.707540000000002,13.75938,13.81167,13.86441
12.01491,11.89818,11.7819,11.66643,11.55186,11.438460000000001,11.326319999999999,11.21571,11.1069,11.000070000000001,10.895579999999999,10.793700000000001,10.69452,10.59858,10.50597,10.416960000000001,10.33191,10.250910000000001,10.17441,10.10232,10.03509,9.97263,9.91512,9.86256,9.81495,9.772110000000001,9.73413,9.70065,9.67158,9.646469999999999,9.62523,9.60741,9.59256,9.58041,9.57042,9.562320000000001,9.555570000000001,9.549719999999999,9.544500000000001,9.53955,9.53433,9.52857,9.52191,9.514170000000002,9.50499,9.49419,9.4815,9.46692,9.45018,9.431280000000001,9.41004,9.386640000000002,9.3609,9.333,9.30312,9.27117,9.2376,9.20241,9.16596,9.12861,9.09063,9.05247,9.01458,8.977383,8.941383,8.90712,8.875152000000002,8.846037,8.820324,8.798562,8.781282000000001,8.768961000000001,8.762031,8.760869999999999,8.765766,8.776944,8.79453,8.818542,8.848944,8.885583,8.928243,8.976636000000001,9.03042,9.0891,9.15237,9.21978,9.290700000000001,9.36486,9.441540000000002,9.52056,9.60129,9.68346,9.76653,9.85023,9.93429,10.018350000000002,10.10214,10.18539,10.26801,10.349730000000001,10.43037,10.50975,10.58787,10.66455,10.73979,10.813410000000001,10.88532,10.95561,11.0241,11.09088,11.15586,11.21904,11.28042,11.34,11.397689999999999,11.45367,11.507850000000001,11.56014,11.61081,11.65959,11.706750000000001,11.75211,11.795850000000002,11.83788,11.878200000000001,11.91699,11.954160000000002,11.98971,12.02373,12.05622,12.08718,12.1167,12.144779999999999,12.17142,12.196620000000001,12.22047,12.242970000000001,12.26412,12.28392,12.30246,12.31974,12.33576,12.35061,12.3642,12.376619999999999,12.387870000000001,12.398040000000002,12.40704,12.41496,12.4218,12.427560000000001,12.43233,12.436020000000001,12.43872,12.44043,12.44115,12.44097,12.4398,12.43773,12.43476,12.43089,12.426210000000001,12.420539999999999,12.41415,12.40695,12.398850000000001,12.390030000000001,12.3804,12.36996,12.3588,12.34692,12.33432,12.321,12.30705,12.29229,12.27699,12.26097,12.24432,12.22704,12.20913,12.19068,12.1716,12.15189,12.13173,12.11094,12.08961,12.06774,12.045420000000002,12.02256,11.99916,11.97531,11.95092,11.92617,11.90088,11.87514,11.84904,11.8224,11.7954,11.76795,11.74014,11.711879999999999,11.683169999999999,11.65419,11.62467,11.59488,11.56464,11.534040000000001,11.50299,11.47167,11.4399,11.407680000000001,11.37519,11.34225,11.308860000000001,11.275110000000002,11.241,11.206439999999999,11.171429999999999,11.13597,11.100150000000001,11.063790000000001,11.02698,10.98972,10.952010000000001,10.91376,10.87497,10.83564,10.795770000000001,10.75536,10.714409999999999,10.672830000000001,10.63062,10.58778,10.5444,10.5003,10.45557,10.410210000000001,10.364130000000001,10.31742,10.26999,10.22193,10.17324,10.12383,10.073789999999999,10.023119999999999,9.971910000000001,9.92016,9.86787,9.81513,9.761940000000001,9.70848,9.65484,9.60093,9.547110000000002,9.49329,9.43974,9.386550000000002,9.3339,9.28197,9.23094,9.18108,9.13257,9.08568,9.04059,8.997579,8.956917,8.918856000000002,8.883639,8.851500000000001,8.822673,8.797355999999999,8.775737999999999,8.757972,8.744175,8.734437,8.728785,8.727246,8.729766,8.736273,8.74665,8.760743999999999,8.778357,8.799299999999999,8.823312,8.850150000000001,8.879534999999999,8.911197,8.944857,8.980227000000001,9.01701,9.05499,9.09387,9.133379999999999,9.173340000000001,9.21348,9.253620000000002,9.29358,9.33309,9.372150000000001,9.41049,9.44802,9.48465,9.52029,9.554670000000002,9.58797,9.61983,9.65043,9.679590000000001,9.70731,9.7335,9.75816,9.7812,9.802620000000001,9.822420000000001,9.84051,9.85698,9.87174,9.88479,9.89613,9.905759999999999,9.913680000000001,9.9198,9.92421,9.92691,9.927900000000001,9.92709,9.92448,9.920250000000001,9.91422,9.90648,9.89703,9.88578,9.872910000000001,9.85833,9.84204,9.82404,9.80442,9.783090000000001,9.76023,9.735750000000001,9.709650000000002,9.68202,9.65295,9.622349999999999,9.59031,9.55692,9.522269999999999,9.48636,9.44928,9.41112,9.37197,9.33192,9.29115,9.24975,9.20781,9.1656,9.1233,9.080910000000001,9.03879,8.997165,8.956188000000001,8.916138,8.877258,8.839809,8.804061,8.770293,8.738766,8.70975,8.683506,8.660276999999999,8.640279000000001,8.623728,8.610786,8.601606,8.596287,8.594901,8.597475,8.604000000000001,8.614412999999999,8.628633,8.646534,8.667963,8.692731,8.720622,8.751429,8.784891,8.820774,8.858835,8.898804,8.940438,8.983512000000001,9.02781,9.072989999999999,9.11907,9.165690000000001,9.212670000000001,9.259920000000001,9.307260000000001,9.3546,9.401760000000001,9.44874,9.49527,9.54144,9.58707,9.63216,9.67671,9.72054,9.76374,9.80622,9.84798,9.88902,9.92934,9.96885,10.00773,10.045800000000002,10.08315,10.11969,10.155600000000002,10.19079,10.22535,10.2591,10.29231,10.3248,10.356660000000002,10.387979999999999,10.41867,10.448730000000001,10.478250000000001,10.50723,10.535670000000001,10.56357,10.59102,10.617930000000001,10.64439,10.67031,10.69587,10.72089,10.745550000000001,10.76976,10.793610000000001,10.81701,10.83996,10.86255,10.884780000000001,10.906649999999999,10.92816,10.94922,10.97001,10.99035,11.01042,11.03013,11.04948,11.06847,11.087190000000001,11.105459999999999,11.123550000000002,11.14119,11.158560000000001,11.175569999999999,11.19231,11.20878,11.22489,11.240639999999999,11.256120000000001,11.27133,11.28627,11.30094,11.31525,11.32938,11.343150000000001,11.35674,11.37006,11.38311,11.39598,11.40858,11.421,11.43315,11.44512,11.457,11.46861,11.480129999999999,11.49147,11.50263,11.51379,11.52477,11.53566,11.54655,11.55735,11.568060000000001,11.57877,11.58957,11.60037,11.611170000000001,11.62197,11.63295,11.64402,11.655180000000001,11.66652,11.677950000000001,11.68965,11.70153,11.71368,11.72601,11.7387,11.75166,11.764890000000001,11.77848,11.79252,11.806830000000001,11.821679999999999,11.83689,11.852549999999999,11.86866,11.88531,11.9025,11.92014,11.938410000000001,11.95722,11.976659999999999,11.99664,12.017249999999999,12.03849,12.06045,12.08304,12.10626,12.13029,12.15495,12.18024,12.20634,12.23316,12.2607,12.288960000000001,12.31803,12.34782,12.37833,12.409559999999999,12.4416,12.47436,12.50793,12.54222,12.57723,12.612960000000001,12.6495,12.68676,12.72474,12.76344,12.80277,12.84291,12.883680000000002,12.92517,12.96738,13.01022,13.05369,13.097790000000002,13.14261,13.18797,13.23396,13.28058,13.32774,13.37544,13.423770000000001,13.47264,13.52196,13.57191,13.62222,13.67316,13.724549999999999,13.7763,13.82859,13.88133
11.941830000000001,11.821860000000001,11.70234,11.583450000000001,11.46546,11.348460000000001,11.23281,11.118599999999999,11.00628,10.895940000000001,10.787939999999999,10.68255,10.580129999999999,10.48104,10.385370000000002,10.293660000000001,10.20609,10.12302,10.04463,9.97119,9.90288,9.83997,9.78237,9.730260000000001,9.68364,9.642420000000001,9.60642,9.57555,9.54954,9.528030000000001,9.51084,9.49734,9.48735,9.48033,9.47583,9.4734,9.47259,9.472859999999999,9.47394,9.475290000000001,9.476460000000001,9.47727,9.47718,9.47601,9.47349,9.46926,9.46332,9.45531,9.44523,9.43299,9.4185,9.401670000000001,9.38277,9.36162,9.3384,9.31338,9.286560000000001,9.25821,9.22869,9.19818,9.16713,9.135810000000001,9.10458,9.07407,9.044550000000001,9.01656,8.990694000000001,8.967348000000001,8.947053,8.930295,8.917542,8.909217,8.905707,8.907336,8.914383,8.927028,8.945397,8.969535,8.999397,9.03492,9.07578,9.12195,9.17298,9.22851,9.28827,9.3519,9.41886,9.488790000000002,9.56133,9.63594,9.712349999999999,9.7902,9.86904,9.9486,10.02852,10.10862,10.18863,10.26819,10.3473,10.4256,10.503,10.57941,10.65456,10.72854,10.80108,10.87227,10.941840000000001,11.009970000000001,11.07639,11.14119,11.204369999999999,11.26575,11.32551,11.383560000000001,11.4399,11.494439999999999,11.54736,11.59857,11.64807,11.69586,11.74194,11.78649,11.82933,11.870550000000001,11.91015,11.948220000000001,11.98476,12.019680000000001,12.05316,12.08511,12.11562,12.14469,12.172320000000001,12.1986,12.22344,12.246929999999999,12.269070000000001,12.289950000000001,12.30957,12.32784,12.34494,12.36078,12.37545,12.38886,12.40119,12.41235,12.42234,12.43125,12.439079999999999,12.445829999999999,12.451590000000001,12.45627,12.45996,12.462660000000001,12.46428,12.46509,12.46482,12.46374,12.46167,12.4587,12.454920000000001,12.45024,12.44466,12.43836,12.43116,12.42315,12.41433,12.40479,12.39453,12.38346,12.37167,12.359070000000001,12.345930000000001,12.33198,12.317400000000001,12.302100000000001,12.28617,12.26961,12.252419999999999,12.2346,12.21624,12.19725,12.17763,12.15747,12.13677,12.115530000000001,12.09366,12.07134,12.04857,12.025170000000001,12.00132,11.977020000000001,11.95218,11.92689,11.90115,11.87496,11.84832,11.82123,11.79378,11.76579,11.737440000000001,11.70864,11.67939,11.64978,11.619720000000001,11.58921,11.55834,11.52711,11.49543,11.4633,11.430719999999999,11.39778,11.36439,11.33064,11.29635,11.2617,11.226510000000001,11.19096,11.154869999999999,11.11824,11.08125,11.04363,11.005560000000001,10.96686,10.92771,10.88793,10.84761,10.80666,10.76508,10.72287,10.68003,10.636560000000001,10.592369999999999,10.547460000000001,10.50183,10.455480000000001,10.40841,10.360619999999999,10.31202,10.2627,10.212570000000001,10.16172,10.110149999999999,10.05786,10.004850000000001,9.951120000000001,9.89676,9.84177,9.78624,9.73017,9.67374,9.616859999999999,9.559800000000001,9.502650000000001,9.4455,9.38844,9.331740000000002,9.275490000000001,9.21987,9.16524,9.111690000000001,9.05949,9.00891,8.960274,8.913807,8.869806,8.828567999999999,8.790372,8.755488,8.724186000000001,8.696691000000001,8.673237,8.653977,8.639073,8.628615000000002,8.622657,8.621199,8.624205,8.631594,8.643213,8.658900000000001,8.67843,8.701569,8.728029000000001,8.757531,8.789769000000001,8.824428,8.861184,8.899731000000001,8.939753999999999,8.980956,9.023040000000002,9.06579,9.1089,9.1521,9.195210000000001,9.23814,9.28053,9.3222,9.36315,9.4032,9.44217,9.479970000000002,9.5166,9.55179,9.58563,9.618030000000001,9.648810000000001,9.67806,9.70569,9.7317,9.756,9.77859,9.79938,9.81846,9.83583,9.85131,9.86508,9.87705,9.88722,9.8955,9.90207,9.90675,9.90963,9.910710000000002,9.9099,9.907290000000001,9.90297,9.89676,9.888750000000002,9.87894,9.867329999999999,9.85392,9.83871,9.8217,9.802980000000002,9.78255,9.76032,9.736379999999999,9.71082,9.68346,9.65457,9.62406,9.59193,9.55827,9.52317,9.48663,9.44874,9.40959,9.36927,9.32778,9.28539,9.2421,9.198,9.153360000000001,9.108360000000001,9.06309,9.01773,8.972595,8.927847,8.883756,8.840574,8.798589000000002,8.75808,8.719353,8.682714,8.648460000000002,8.616897,8.588313,8.562996,8.541207,8.523162,8.509077,8.499114,8.49339,8.491986,8.494938,8.502228,8.513793000000001,8.529525,8.549289,8.572896,8.600121,8.630748,8.664489,8.701092000000001,8.740269000000001,8.781732,8.825202,8.870391,8.917047,8.964909,9.013770000000001,9.06327,9.1134,9.16389,9.21447,9.26514,9.31563,9.36585,9.4158,9.46521,9.514170000000002,9.5625,9.6102,9.65718,9.70335,9.748800000000001,9.79353,9.83736,9.880379999999999,9.92259,9.963989999999999,10.00449,10.04418,10.08315,10.12122,10.158570000000001,10.19511,10.230929999999999,10.265939999999999,10.300320000000001,10.33389,10.36683,10.399140000000001,10.43073,10.46169,10.49211,10.52181,10.55106,10.57968,10.60767,10.63521,10.66221,10.68876,10.714770000000001,10.74033,10.76535,10.790009999999999,10.81413,10.83789,10.8612,10.884060000000002,10.906559999999999,10.928609999999999,10.9503,10.97163,10.992510000000001,11.01303,11.033190000000001,11.052990000000001,11.07243,11.09151,11.11023,11.12859,11.14659,11.16432,11.18169,11.1987,11.215349999999999,11.231729999999999,11.24784,11.26359,11.27898,11.2941,11.308950000000001,11.32353,11.33784,11.35179,11.36547,11.37897,11.392199999999999,11.40516,11.417850000000001,11.43036,11.44269,11.454749999999999,11.46663,11.47833,11.48985,11.50119,11.512440000000002,11.52351,11.53449,11.545380000000002,11.55618,11.566980000000001,11.5776,11.58831,11.598930000000001,11.60955,11.62026,11.63097,11.64177,11.65257,11.66355,11.67462,11.68587,11.6973,11.708820000000001,11.7207,11.73267,11.745000000000001,11.7576,11.770470000000001,11.783610000000001,11.7972,11.81115,11.82546,11.84013,11.85534,11.87091,11.887020000000001,11.90358,11.92068,11.93832,11.9565,11.97531,11.994660000000001,12.014550000000002,12.035160000000001,12.056400000000002,12.07827,12.10077,12.123990000000001,12.14793,12.172500000000001,12.197880000000001,12.22389,12.250620000000001,12.27816,12.306420000000001,12.3354,12.365100000000002,12.39561,12.42684,12.45879,12.49155,12.525030000000001,12.559230000000001,12.594240000000001,12.62997,12.66642,12.70368,12.74157,12.78027,12.8196,12.85965,12.90042,12.94191,12.98403,13.02678,13.070250000000001,13.11435,13.15908,13.20444,13.25043,13.29696,13.34412,13.39182,13.44006,13.48893,13.538250000000001,13.58811,13.63851,13.68936,13.74066,13.7925,13.8447,13.89744
11.868030000000001,11.74464,11.62152,11.49903,11.377350000000002,11.25666,11.137139999999999,11.01906,10.90278,10.78857,10.67679,10.56762,10.46151,10.35882,10.259820000000001,10.16496,10.07451,9.98892,9.90837,9.83322,9.76365,9.69993,9.64206,9.59031,9.544590000000001,9.504900000000001,9.471060000000001,9.442800000000002,9.42003,9.4023,9.38934,9.38061,9.375660000000002,9.37413,9.37539,9.37908,9.38448,9.39123,9.39888,9.40689,9.414900000000001,9.422460000000001,9.429210000000001,9.43488,9.43911,9.44172,9.44253,9.44136,9.438030000000001,9.43245,9.42462,9.414629999999999,9.4023,9.3879,9.37143,9.35298,9.33291,9.31122,9.288359999999999,9.26442,9.23994,9.215100000000001,9.190349999999999,9.16605,9.14274,9.12069,9.100439999999999,9.08253,9.06732,9.05517,9.04662,9.04203,9.04176,9.04608,9.05517,9.0693,9.088470000000001,9.112860000000001,9.142380000000001,9.17694,9.216450000000002,9.26064,9.309330000000001,9.36225,9.41895,9.47916,9.54261,9.60885,9.677520000000001,9.74826,9.82071,9.8946,9.969479999999999,10.04526,10.121400000000001,10.19781,10.274220000000001,10.35036,10.42614,10.501199999999999,10.57554,10.64907,10.72143,10.79271,10.862820000000001,10.93158,10.9989,11.06478,11.12922,11.19213,11.25342,11.313180000000001,11.37132,11.42784,11.48274,11.53602,11.58768,11.63763,11.686050000000002,11.73276,11.777940000000001,11.8215,11.863529999999999,11.90394,11.942820000000001,11.98017,12.01599,12.050370000000001,12.08322,12.11472,12.14469,12.17331,12.20049,12.22632,12.2508,12.27402,12.295800000000002,12.316410000000001,12.33576,12.35376,12.370590000000002,12.38625,12.40074,12.41397,12.426120000000001,12.437190000000001,12.44709,12.455910000000001,12.46365,12.47031,12.47598,12.48066,12.484259999999999,12.48687,12.48858,12.4893,12.48912,12.487950000000001,12.48597,12.482999999999999,12.47922,12.47463,12.46914,12.46275,12.45564,12.44772,12.43899,12.42945,12.41928,12.40821,12.39651,12.38409,12.37095,12.357090000000001,12.342600000000001,12.327390000000001,12.31155,12.295079999999999,12.27789,12.26016,12.24189,12.2229,12.203370000000001,12.183300000000001,12.1626,12.14145,12.119670000000001,12.09735,12.074580000000001,12.05127,12.02742,12.00303,11.978190000000001,11.952900000000001,11.92716,11.90088,11.87415,11.84697,11.81943,11.79135,11.762820000000001,11.733839999999999,11.704500000000001,11.67462,11.64438,11.61369,11.582550000000001,11.55096,11.51892,11.48652,11.45358,11.42019,11.38644,11.35215,11.31741,11.28213,11.246400000000001,11.21022,11.17341,11.13615,11.09835,11.06001,11.02104,10.981530000000001,10.94139,10.90071,10.859309999999999,10.81728,10.77453,10.731150000000001,10.68696,10.642140000000001,10.59651,10.55016,10.503,10.45503,10.40625,10.356660000000002,10.30617,10.25487,10.20276,10.149750000000001,10.095930000000001,10.041210000000001,9.98577,9.92952,9.87246,9.814680000000001,9.756269999999999,9.69714,9.637559999999999,9.577530000000001,9.517140000000001,9.456479999999999,9.39573,9.33507,9.2745,9.21447,9.15498,9.096390000000001,9.03888,8.982738,8.928252,8.875728,8.825481,8.777835,8.733122999999999,8.691651,8.653752,8.619723,8.589834,8.564346,8.543457,8.527347,8.516115000000001,8.509833,8.508519000000001,8.51211,8.520516,8.533566,8.551071,8.57277,8.598393,8.627616,8.660115000000001,8.69553,8.733519000000001,8.773713,8.815761,8.85933,8.904087,8.949708,8.995913999999999,9.042390000000001,9.08901,9.13536,9.18135,9.226709999999999,9.271350000000002,9.31509,9.357750000000001,9.39915,9.439380000000002,9.47817,9.51552,9.551340000000001,9.585540000000002,9.61812,9.64899,9.67815,9.70551,9.73107,9.75483,9.77679,9.79686,9.81504,9.831330000000001,9.84582,9.858419999999999,9.86904,9.87786,9.8847,9.88965,9.892800000000001,9.89397,9.89325,9.89064,9.886140000000001,9.87975,9.87147,9.861300000000002,9.84924,9.83529,9.81954,9.8019,9.78237,9.76104,9.737820000000001,9.71289,9.68607,9.657540000000001,9.62721,9.595260000000001,9.56151,9.52623,9.489329999999999,9.45081,9.41085,9.36954,9.326880000000001,9.283050000000001,9.23805,9.19206,9.14517,9.09765,9.04959,9.00117,8.952606000000001,8.90415,8.856036,8.808525000000001,8.761914,8.7165,8.672616000000001,8.630577,8.590734000000001,8.553429,8.519004,8.487792,8.460117,8.436267,8.416521,8.401113,8.390222999999999,8.384004,8.382546000000001,8.385876000000001,8.393994000000001,8.40681,8.424207,8.446014000000002,8.472014999999999,8.501958,8.535573,8.572554,8.612586,8.655354,8.700524999999999,8.747793000000001,8.796834,8.84736,8.899083,8.951742,9.00513,9.058950000000001,9.11304,9.16713,9.221219999999999,9.27513,9.32859,9.3816,9.43407,9.48591,9.536940000000001,9.58734,9.63684,9.68553,9.73332,9.78012,9.82611,9.8712,9.9153,9.95859,10.00089,10.04229,10.08279,10.12239,10.16118,10.19907,10.23615,10.27251,10.307970000000001,10.34271,10.37664,10.409939999999999,10.44252,10.47438,10.50552,10.53612,10.566,10.59534,10.62405,10.652220000000002,10.67985,10.70685,10.7334,10.75941,10.784880000000001,10.809899999999999,10.83438,10.8585,10.88208,10.90521,10.927980000000002,10.9503,10.97217,10.99359,11.01465,11.03535,11.0556,11.07549,11.09502,11.11419,11.132909999999999,11.15136,11.16936,11.18709,11.204369999999999,11.22138,11.23812,11.25441,11.270430000000001,11.286090000000002,11.30148,11.316510000000001,11.33127,11.34576,11.35989,11.373840000000001,11.38743,11.40075,11.41389,11.426670000000001,11.43936,11.451690000000001,11.463840000000001,11.47581,11.48751,11.49912,11.51055,11.5218,11.532869999999999,11.543849999999999,11.55465,11.56545,11.57607,11.58669,11.59722,11.607750000000001,11.61828,11.62881,11.63934,11.64996,11.660580000000001,11.67138,11.68218,11.69316,11.70432,11.715570000000001,11.727089999999999,11.7387,11.750670000000001,11.762910000000002,11.77533,11.78811,11.801250000000001,11.81466,11.82852,11.842740000000001,11.85732,11.87244,11.887920000000001,11.90394,11.920499999999999,11.93751,11.955060000000001,11.97315,11.991869999999999,12.011130000000001,12.03111,12.051630000000001,12.07278,12.09456,12.11706,12.14019,12.16404,12.18861,12.2139,12.23991,12.26664,12.29409,12.32226,12.351239999999999,12.38094,12.41136,12.442499999999999,12.474450000000001,12.50721,12.540690000000001,12.57489,12.60981,12.64554,12.68199,12.71916,12.75705,12.79566,12.834990000000001,12.87513,12.91581,12.9573,12.99942,13.04217,13.08564,13.12965,13.17438,13.21974,13.26573,13.31226,13.35942,13.40712,13.45536,13.50414,13.55355,13.60341,13.65372,13.70466,13.75596,13.8078,13.860000000000001,13.912740000000001
11.7936,11.66652,11.5398,11.41344,11.2878,11.16297,11.03931,10.91709,10.79658,10.678139999999999,10.56204,10.448730000000001,10.33848,10.23174,10.128960000000001,10.03059,9.936810000000001,9.84825,9.765179999999999,9.68787,9.61677,9.55197,9.49365,9.442079999999999,9.397170000000001,9.35892,9.32724,9.301770000000001,9.28242,9.268650000000001,9.26019,9.2565,9.25713,9.26136,9.268830000000001,9.278910000000002,9.29106,9.30465,9.31923,9.33426,9.34929,9.36396,9.37782,9.3906,9.401850000000001,9.411480000000001,9.41922,9.42489,9.428400000000002,9.42966,9.42867,9.42534,9.41967,9.41184,9.40194,9.39015,9.37656,9.36135,9.34497,9.32742,9.30924,9.290610000000001,9.27198,9.25371,9.23607,9.21969,9.20484,9.191970000000001,9.18144,9.1737,9.169110000000002,9.16803,9.17082,9.177570000000001,9.18864,9.204210000000002,9.22437,9.24912,9.27846,9.312389999999999,9.35073,9.3933,9.44001,9.4905,9.544590000000001,9.60192,9.66222,9.72513,9.79029,9.857520000000001,9.92646,9.99666,10.06803,10.14021,10.21284,10.285829999999999,10.35891,10.43181,10.50435,10.57653,10.6479,10.718639999999999,10.78839,10.85706,10.92474,10.99116,11.056320000000001,11.120130000000001,11.182590000000001,11.24361,11.30319,11.36124,11.417760000000001,11.47284,11.5263,11.57823,11.628630000000001,11.6775,11.72475,11.770470000000001,11.81466,11.85723,11.89836,11.93805,11.976120000000002,12.01275,12.04794,12.08169,12.114,12.144870000000001,12.17439,12.20247,12.22929,12.25467,12.27879,12.30156,12.32316,12.34341,12.362400000000001,12.380220000000001,12.39687,12.41226,12.42657,12.43962,12.451590000000001,12.462480000000001,12.472290000000001,12.480929999999999,12.48858,12.495239999999999,12.50082,12.50541,12.50892,12.51153,12.513240000000001,12.513869999999999,12.51369,12.51261,12.51054,12.50766,12.50388,12.4992,12.4938,12.4875,12.480390000000002,12.47247,12.46383,12.45438,12.44421,12.43323,12.42162,12.4092,12.39615,12.382380000000001,12.367890000000001,12.352770000000001,12.33702,12.32055,12.30354,12.2859,12.26754,12.24873,12.229199999999999,12.20913,12.18852,12.16737,12.14568,12.12336,12.10059,12.07728,12.05343,12.02904,12.004199999999999,11.97891,11.95308,11.92671,11.899980000000001,11.872710000000001,11.84499,11.81673,11.78811,11.75895,11.72943,11.69937,11.66886,11.6379,11.60649,11.574629999999999,11.54232,11.50947,11.476170000000002,11.44242,11.40822,11.37339,11.3382,11.30238,11.26611,11.22921,11.19186,11.153880000000001,11.11527,11.076120000000001,11.036340000000001,10.995930000000001,10.95489,10.91313,10.87074,10.82763,10.78371,10.73907,10.69371,10.647450000000001,10.60047,10.55259,10.50381,10.454220000000001,10.40373,10.35234,10.29996,10.24668,10.19241,10.13724,10.08117,10.02411,9.96606,9.9072,9.84735,9.78678,9.72531,9.663120000000001,9.6003,9.536850000000001,9.472949999999999,9.40869,9.34416,9.27954,9.215100000000001,9.15093,9.087299999999999,9.02448,8.96274,8.902323,8.843571,8.786835,8.732466,8.680824000000001,8.632278,8.587206,8.545977,8.508924,8.476389000000001,8.448651,8.425962,8.408511,8.396442,8.389845000000001,8.388711,8.392995,8.40258,8.417277,8.436852,8.461026,8.489457,8.521794,8.557641,8.596611000000001,8.638308,8.682309,8.728236,8.775693,8.824338,8.873811,8.923797,8.973999,9.02412,9.07398,9.1233,9.1719,9.2196,9.26622,9.31167,9.355770000000001,9.398430000000001,9.43965,9.47916,9.517050000000001,9.553139999999999,9.58752,9.6201,9.65079,9.679590000000001,9.7065,9.73143,9.754470000000001,9.775530000000002,9.794699999999999,9.8118,9.827010000000001,9.84024,9.8514,9.86067,9.86796,9.87318,9.876510000000001,9.877770000000002,9.87714,9.87444,9.86985,9.86328,9.85473,9.8442,9.83169,9.8172,9.80082,9.78246,9.76212,9.73989,9.71577,9.68967,9.66168,9.63189,9.60021,9.56664,9.53127,9.49419,9.455400000000001,9.414900000000001,9.37287,9.329220000000001,9.28413,9.237689999999999,9.18999,9.141210000000001,9.09135,9.04068,8.989362,8.937567000000001,8.885529,8.833482,8.781705,8.730468,8.680095000000001,8.630919,8.583291,8.537589,8.494173,8.453457,8.41581,8.381628000000001,8.351271,8.325081,8.303382000000001,8.286435,8.274474000000001,8.267652,8.266086,8.269821,8.278820999999999,8.293014000000001,8.312247000000001,8.336313,8.36496,8.397909,8.434827,8.475372,8.519175,8.565876000000001,8.615106,8.666496,8.719704,8.774406,8.830287,8.887059,8.944452,9.00225,9.060210000000001,9.11808,9.17577,9.2331,9.28998,9.34632,9.401850000000001,9.456660000000001,9.51066,9.56367,9.615870000000001,9.66699,9.717210000000001,9.76635,9.814499999999999,9.86157,9.90774,9.95283,9.99684,10.039950000000001,10.08207,10.123199999999999,10.16343,10.20276,10.24119,10.27872,10.315349999999999,10.351170000000002,10.38627,10.42047,10.45395,10.48671,10.51875,10.550070000000002,10.58076,10.61082,10.64016,10.66896,10.697040000000001,10.72467,10.75167,10.77813,10.80405,10.82943,10.85436,10.87875,10.902690000000002,10.92609,10.94904,10.97163,10.99368,11.01537,11.036520000000001,11.05731,11.07774,11.09772,11.11734,11.136510000000001,11.15532,11.173770000000001,11.19177,11.2095,11.22687,11.24379,11.26044,11.27673,11.29266,11.30832,11.32362,11.33856,11.35323,11.36763,11.38167,11.39544,11.408940000000001,11.42217,11.435130000000001,11.44782,11.46033,11.47257,11.48454,11.49633,11.50794,11.51937,11.53062,11.54169,11.552669999999999,11.56347,11.57418,11.5848,11.595329999999999,11.605770000000001,11.61621,11.62656,11.63691,11.64726,11.6577,11.668140000000001,11.67858,11.6892,11.699910000000001,11.71071,11.72169,11.732850000000001,11.74419,11.755799999999999,11.76759,11.77965,11.79198,11.804670000000002,11.81763,11.83095,11.84463,11.85876,11.87334,11.88828,11.90367,11.9196,11.93598,11.952900000000001,11.97045,11.98845,12.00708,12.026250000000001,12.04605,12.06648,12.08763,12.10932,12.13182,12.15486,12.17871,12.203190000000001,12.22839,12.25431,12.28104,12.3084,12.33657,12.36546,12.395159999999999,12.42558,12.45672,12.48867,12.52134,12.55482,12.58902,12.623940000000001,12.65958,12.69603,12.7332,12.77109,12.809790000000001,12.84912,12.889170000000002,12.92994,12.97134,13.01346,13.0563,13.09968,13.143780000000001,13.188600000000001,13.23396,13.27986,13.32648,13.37364,13.421339999999999,13.46967,13.51845,13.56786,13.61772,13.66812,13.71897,13.77036,13.8222,13.87449,13.92723
11.71863,11.587769999999999,11.45709,11.326680000000001,11.19681,11.06766,10.939589999999999,10.81278,10.68768,10.56456,10.44378,10.325790000000001,10.21095,10.0998,9.9927,9.89019,9.792720000000001,9.700740000000001,9.61461,9.534780000000001,9.4617,9.39555,9.3366,9.284939999999999,9.24075,9.20394,9.17442,9.151919999999999,9.13608,9.12663,9.12294,9.12465,9.13113,9.141660000000002,9.15579,9.17271,9.191970000000001,9.21276,9.23472,9.25722,9.279720000000001,9.301770000000001,9.3231,9.34317,9.36171,9.378540000000001,9.39339,9.406080000000001,9.41661,9.42471,9.430470000000001,9.4338,9.434790000000001,9.43362,9.4302,9.4248,9.4176,9.40878,9.39852,9.387270000000001,9.37512,9.36243,9.34965,9.33705,9.324990000000001,9.31383,9.30402,9.295919999999999,9.289890000000002,9.28629,9.28539,9.28764,9.29322,9.30249,9.31554,9.332460000000001,9.35361,9.37881,9.40806,9.441540000000002,9.47898,9.520199999999999,9.5652,9.613710000000001,9.66546,9.720180000000001,9.777690000000002,9.83763,9.89982,9.96381,10.02951,10.09647,10.164510000000002,10.233360000000001,10.30284,10.37259,10.44252,10.512360000000001,10.58202,10.65132,10.71999,10.787939999999999,10.85517,10.9215,10.98675,11.05101,11.11401,11.17584,11.236320000000001,11.295539999999999,11.35341,11.40984,11.46483,11.51838,11.57049,11.62107,11.670300000000001,11.71791,11.76408,11.80872,11.852010000000002,11.89368,11.933910000000001,11.972790000000002,12.01014,12.04605,12.08052,12.11364,12.14532,12.17565,12.204630000000002,12.23226,12.25863,12.28365,12.307319999999999,12.32982,12.35097,12.37095,12.389669999999999,12.40722,12.4236,12.43872,12.45285,12.46572,12.477509999999999,12.48822,12.49785,12.506490000000001,12.51396,12.52053,12.52602,12.530520000000001,12.534030000000001,12.536550000000002,12.538170000000001,12.53889,12.538620000000002,12.53745,12.53547,12.5325,12.52881,12.52413,12.518730000000001,12.51243,12.50541,12.497580000000001,12.48894,12.47949,12.469410000000002,12.45852,12.44691,12.43458,12.42153,12.407760000000001,12.39345,12.37833,12.362580000000001,12.34629,12.329279999999999,12.31164,12.29337,12.274560000000001,12.25512,12.23514,12.21453,12.19338,12.171690000000002,12.14946,12.1266,12.103290000000001,12.07944,12.055050000000001,12.03021,12.00483,11.97891,11.95254,11.92563,11.89827,11.87046,11.84211,11.81331,11.78397,11.75427,11.72403,11.69325,11.66211,11.63043,11.598210000000002,11.56554,11.532330000000002,11.49867,11.46447,11.42982,11.394540000000001,11.35881,11.322450000000002,11.28555,11.24811,11.210040000000001,11.171339999999999,11.1321,11.09214,11.05146,11.01024,10.96821,10.925460000000001,10.881990000000002,10.8378,10.79271,10.7469,10.70019,10.65267,10.60416,10.55484,10.504529999999999,10.45323,10.40103,10.347750000000001,10.29348,10.23813,10.181790000000001,10.12446,10.06596,10.00647,9.9459,9.88425,9.8217,9.75807,9.69354,9.628110000000001,9.56196,9.495000000000001,9.42741,9.35928,9.29088,9.22221,9.153540000000001,9.08505,9.01692,8.949591,8.883225000000001,8.818182,8.754813,8.693478,8.634591,8.578557,8.525799000000001,8.47674,8.431811999999999,8.391411000000002,8.355924,8.325675,8.300979,8.282052,8.269074000000002,8.262126,8.261244,8.266338000000001,8.277291,8.293878,8.315829,8.342802,8.374419,8.410257,8.449875,8.492823,8.538642,8.586864,8.637066,8.688816,8.741709,8.795376000000001,8.849466,8.903664000000001,8.957673000000002,9.01125,9.06417,9.11619,9.16713,9.21681,9.26523,9.31203,9.3573,9.40095,9.442800000000002,9.48276,9.52092,9.55719,9.59148,9.62379,9.654029999999999,9.68229,9.70857,9.73269,9.75483,9.7749,9.792810000000001,9.80874,9.8226,9.834389999999999,9.84411,9.85167,9.85725,9.86076,9.8622,9.86157,9.85887,9.85419,9.84735,9.83853,9.82764,9.814680000000001,9.799650000000002,9.78264,9.76356,9.7425,9.719280000000001,9.69417,9.66699,9.63774,9.6066,9.57339,9.53829,9.5013,9.46242,9.421650000000001,9.37908,9.334710000000001,9.28872,9.241109999999999,9.191970000000001,9.14139,9.089550000000001,9.03654,8.982576,8.927766,8.872353,8.816562,8.760636,8.704872,8.649576,8.595081,8.541765,8.490006,8.440218,8.392824000000001,8.348274,8.307009,8.26947,8.236071,8.207217,8.183277,8.164566,8.151345000000001,8.143811999999999,8.142093000000001,8.146233,8.156205,8.171919,8.193186,8.219763,8.251370999999999,8.287650000000001,8.328231,8.372709,8.42067,8.471682,8.52534,8.581239,8.638974000000001,8.698193999999999,8.758548,8.81973,8.881434,8.943426,9.00549,9.06732,9.12888,9.1899,9.25029,9.30996,9.368730000000001,9.42669,9.48357,9.53946,9.59427,9.648000000000001,9.70065,9.75213,9.80244,9.85167,9.899730000000002,9.94671,9.99261,10.03743,10.08117,10.12383,10.1655,10.20618,10.24587,10.28466,10.32255,10.35945,10.39554,10.43082,10.46529,10.49886,10.5318,10.56384,10.595250000000002,10.62603,10.656,10.68534,10.71414,10.742220000000001,10.76976,10.79667,10.822949999999999,10.84878,10.87407,10.89873,10.92294,10.9467,10.96992,10.99269,11.01492,11.03679,11.05812,11.07909,11.09952,11.11968,11.1393,11.158560000000001,11.17737,11.19582,11.21391,11.23164,11.24892,11.26584,11.28249,11.29869,11.31462,11.3301,11.34531,11.36025,11.374830000000001,11.389050000000001,11.403,11.41668,11.43,11.443140000000001,11.45592,11.468520000000002,11.48085,11.49291,11.50479,11.516399999999999,11.52783,11.53908,11.55024,11.56113,11.57193,11.582550000000001,11.59308,11.60352,11.61387,11.62413,11.63439,11.64456,11.65473,11.664900000000001,11.67516,11.68542,11.695770000000001,11.70621,11.71674,11.727360000000001,11.73816,11.74914,11.7603,11.771730000000002,11.783430000000001,11.79531,11.80746,11.81997,11.832840000000001,11.84598,11.859570000000001,11.873520000000001,11.887920000000001,11.90277,11.91807,11.93382,11.95011,11.96694,11.984309999999999,12.002220000000001,12.020760000000001,12.03984,12.05955,12.07998,12.10095,12.12264,12.144960000000001,12.168,12.19176,12.216149999999999,12.24135,12.26718,12.29382,12.321180000000002,12.349350000000001,12.37824,12.40785,12.43827,12.469410000000002,12.50127,12.533940000000001,12.56742,12.60162,12.63654,12.67227,12.70872,12.745890000000001,12.78378,12.82239,12.86181,12.901860000000001,12.94263,12.98412,13.02624,13.069080000000001,13.112639999999999,13.156740000000001,13.20156,13.24692,13.292910000000001,13.33953,13.38678,13.43457,13.4829,13.53177,13.58118,13.63113,13.68153,13.732470000000001,13.78395,13.835790000000001,13.88817,13.94091
11.64348,11.50857,11.37366,11.23893,11.104560000000001,10.97082,10.83789,10.70622,10.576080000000001,10.44792,10.32201,10.19889,10.07901,9.96282,9.850859999999999,9.74376,9.64188,9.54594,9.4563,9.3735,9.29799,9.230039999999999,9.1701,9.11826,9.07461,9.03924,9.01188,8.992404,8.980416,8.975475,8.97705,8.984538,8.997291,9.01458,9.03582,9.060120000000001,9.08694,9.11556,9.14535,9.17568,9.20601,9.235890000000001,9.26487,9.29259,9.31869,9.3429,9.36504,9.38493,9.40239,9.41751,9.43002,9.440100000000001,9.447750000000001,9.453059999999999,9.45612,9.45711,9.45612,9.45351,9.44937,9.44397,9.43767,9.43083,9.42354,9.41634,9.40959,9.40347,9.398430000000001,9.39483,9.39303,9.3933,9.39591,9.40131,9.40968,9.4212,9.43614,9.454590000000001,9.47664,9.50238,9.53181,9.56493,9.60165,9.64179,9.68535,9.732149999999999,9.781830000000001,9.8343,9.889380000000001,9.94671,10.006110000000001,10.06722,10.12995,10.19394,10.25892,10.3248,10.39122,10.45809,10.52505,10.5921,10.65897,10.72548,10.791630000000001,10.85706,10.92186,10.985850000000001,11.04885,11.110949999999999,11.17197,11.231819999999999,11.29041,11.34792,11.40399,11.45889,11.51235,11.56446,11.615219999999999,11.66454,11.71242,11.75895,11.80404,11.84769,11.8899,11.93076,11.97009,12.00816,12.044699999999999,12.07989,12.11373,12.14622,12.17727,12.20706,12.2355,12.26268,12.28851,12.313080000000001,12.336390000000002,12.35853,12.37932,12.39894,12.417390000000001,12.43467,12.45078,12.46572,12.47958,12.49227,12.50388,12.5145,12.52395,12.532409999999999,12.53979,12.546180000000001,12.55158,12.555990000000001,12.5595,12.56193,12.563550000000001,12.56418,12.56391,12.562740000000002,12.56067,12.5577,12.55401,12.54933,12.54393,12.53772,12.5307,12.522870000000001,12.51423,12.50487,12.49479,12.4839,12.472380000000001,12.46005,12.44709,12.43341,12.4191,12.404069999999999,12.38841,12.37203,12.35511,12.33756,12.31929,12.300569999999999,12.28113,12.26115,12.240540000000001,12.219479999999999,12.197790000000001,12.17547,12.152700000000001,12.12939,12.10545,12.08106,12.05613,12.03075,12.00474,11.978280000000002,11.95128,11.92383,11.89584,11.8674,11.838420000000001,11.80899,11.77902,11.748510000000001,11.717550000000001,11.68614,11.65419,11.6217,11.58867,11.555100000000001,11.52108,11.48643,11.451329999999999,11.4156,11.379330000000001,11.34243,11.30499,11.26683,11.22813,11.18871,11.14866,11.10798,11.06649,11.02437,10.98144,10.937700000000001,10.89315,10.84788,10.80162,10.75455,10.70658,10.657710000000002,10.60776,10.55691,10.50507,10.45215,10.39815,10.34307,10.28682,10.22949,10.17099,10.111320000000001,10.05048,9.98847,9.92529,9.86094,9.795420000000002,9.728819999999999,9.661140000000001,9.59238,9.522630000000001,9.45198,9.38061,9.308520000000001,9.235890000000001,9.162899999999999,9.08982,9.01665,8.943885,8.871669,8.800362000000002,8.730315000000001,8.661906,8.595567,8.531721,8.470854000000001,8.413434,8.359956,8.310915,8.26677,8.227971,8.194923000000001,8.167968,8.147403,8.133408,8.126100000000001,8.125515,8.131572,8.144109,8.162874,8.187534000000001,8.217693,8.252919,8.292717000000001,8.336574,8.383968,8.434386,8.487297,8.542215,8.598663,8.656209,8.714439,8.772975,8.831484000000001,8.889651,8.947206000000001,9.003960000000001,9.05958,9.11394,9.16695,9.21834,9.26811,9.316080000000001,9.36225,9.40653,9.44874,9.48897,9.52713,9.56322,9.597150000000001,9.62892,9.65862,9.68607,9.71145,9.734580000000001,9.755640000000001,9.77445,9.7911,9.80559,9.817919999999999,9.82809,9.8361,9.84204,9.84573,9.84726,9.84672,9.84402,9.83916,9.83214,9.82296,9.81171,9.798300000000001,9.78273,9.765089999999999,9.745289999999999,9.723329999999999,9.699209999999999,9.67302,9.64476,9.61425,9.581760000000001,9.547110000000002,9.510390000000001,9.471599999999999,9.43083,9.38799,9.343259999999999,9.29655,9.248130000000002,9.19782,9.145890000000001,9.09234,9.03726,8.980938,8.92341,8.864901,8.805609,8.745777,8.685666000000001,8.625582000000001,8.565858,8.506854,8.448975,8.392644,8.338329000000002,8.286498,8.237664,8.192313,8.150967,8.114112,8.082216,8.055702,8.034948000000002,8.020269,8.011890000000001,8.009955000000001,8.014527000000001,8.025579,8.042976000000001,8.06652,8.095914,8.130816000000001,8.170812,8.21547,8.264313,8.316863999999999,8.372637000000001,8.431155,8.491959000000001,8.554626,8.618733,8.683911,8.749808999999999,8.816130000000001,8.882595,8.948952,9.015030000000001,9.080549999999999,9.14544,9.20952,9.2727,9.33489,9.395999999999999,9.45594,9.51471,9.57231,9.62865,9.68373,9.73755,9.79011,9.8415,9.891630000000001,9.9405,9.9882,10.03473,10.08009,10.12428,10.167390000000001,10.20951,10.25055,10.29051,10.32957,10.367640000000002,10.404720000000001,10.440990000000001,10.47636,10.51083,10.544580000000002,10.577430000000001,10.60965,10.64097,10.671660000000001,10.701630000000002,10.73097,10.75959,10.78758,10.81494,10.84167,10.86786,10.89351,10.91853,10.94301,10.96704,10.990530000000001,11.01348,11.03598,11.05794,11.07945,11.10051,11.12112,11.141280000000002,11.16099,11.18034,11.19924,11.217690000000001,11.23578,11.25342,11.2707,11.28762,11.30418,11.32038,11.33613,11.35161,11.36673,11.381490000000001,11.39598,11.41011,11.42397,11.43747,11.450700000000001,11.463659999999999,11.47635,11.48877,11.50092,11.5128,11.5245,11.53593,11.54727,11.55834,11.56923,11.57994,11.59056,11.601,11.61135,11.62152,11.631689999999999,11.64177,11.651850000000001,11.66184,11.67183,11.68182,11.69181,11.70189,11.711969999999999,11.72223,11.732579999999999,11.743020000000001,11.75364,11.76444,11.77542,11.786669999999999,11.7981,11.809800000000001,11.821860000000001,11.834190000000001,11.84679,11.85984,11.87325,11.887020000000001,11.90124,11.916,11.93112,11.94678,11.96289,11.979540000000002,11.996820000000001,12.01464,12.033,12.05199,12.071610000000002,12.09186,12.11274,12.13434,12.15657,12.17952,12.203190000000001,12.22758,12.252690000000001,12.27852,12.30507,12.33243,12.36051,12.38931,12.41892,12.44934,12.48048,12.51234,12.545010000000001,12.57849,12.612689999999999,12.64761,12.68334,12.71988,12.75705,12.79503,12.833730000000001,12.87306,12.913200000000002,12.95406,12.995550000000001,13.03776,13.08069,13.12425,13.16844,13.21326,13.25871,13.304789999999999,13.351500000000001,13.39875,13.44663,13.49505,13.54401,13.59351,13.64355,13.694040000000001,13.74507,13.79655,13.84857,13.90095,13.95387
11.568150000000001,11.4291,11.28978,11.15046,11.01132,10.872630000000001,10.734570000000001,10.59759,10.46205,10.32831,10.19682,10.06803,9.94248,9.82071,9.70335,9.59094,9.484110000000001,9.38349,9.2898,9.2034,9.12492,9.0549,8.993547,8.941203000000002,8.897993999999999,8.863929,8.838882,8.822592,8.814672,8.814609,8.821809,8.835579000000001,8.855172,8.879796,8.908659,8.94096,8.975916000000002,9.012780000000001,9.05085,9.089459999999999,9.128070000000001,9.16614,9.20322,9.23886,9.2727,9.30456,9.33426,9.36144,9.3861,9.408150000000001,9.42759,9.444420000000001,9.45864,9.47043,9.479880000000001,9.48708,9.492210000000002,9.49563,9.49743,9.49779,9.497250000000001,9.49581,9.493920000000001,9.49194,9.49014,9.488790000000002,9.48834,9.48897,9.49113,9.495090000000001,9.50121,9.50958,9.52056,9.53433,9.55107,9.57087,9.594000000000001,9.62037,9.649980000000001,9.682920000000001,9.7191,9.75843,9.80073,9.846,9.89397,9.94455,9.99738,10.05237,10.10925,10.16784,10.227870000000001,10.28907,10.35135,10.41444,10.47807,10.54224,10.6065,10.670850000000002,10.735109999999999,10.799100000000001,10.862729999999999,10.92582,10.98828,11.05002,11.110949999999999,11.17098,11.23002,11.28798,11.34486,11.40057,11.455020000000001,11.5083,11.560319999999999,11.61108,11.6604,11.70846,11.75517,11.80053,11.84454,11.8872,11.928420000000001,11.96838,12.0069,12.044070000000001,12.07989,12.11436,12.14748,12.17934,12.20985,12.23901,12.267000000000001,12.29364,12.31902,12.343140000000002,12.366,12.38769,12.40821,12.42747,12.44565,12.462660000000001,12.47841,12.49317,12.50676,12.51927,12.5307,12.54105,12.550410000000001,12.55869,12.56598,12.572280000000001,12.577589999999999,12.58191,12.585239999999999,12.587670000000001,12.5892,12.58974,12.58947,12.58821,12.58614,12.583260000000001,12.57948,12.57489,12.5694,12.56319,12.55617,12.548340000000001,12.53979,12.53043,12.52035,12.50955,12.49803,12.485790000000001,12.47283,12.459240000000001,12.444930000000001,12.4299,12.41433,12.398040000000002,12.381120000000001,12.36357,12.34539,12.32658,12.30723,12.28725,12.26673,12.24558,12.22389,12.20166,12.1788,12.15549,12.13155,12.10707,12.08214,12.05658,12.03057,12.00402,11.976930000000001,11.949390000000001,11.92131,11.89269,11.863529999999999,11.833919999999999,11.80377,11.77308,11.74185,11.710080000000001,11.67786,11.645100000000001,11.61171,11.57787,11.5434,11.50839,11.472750000000001,11.43657,11.39976,11.36232,11.32425,11.28555,11.246129999999999,11.20608,11.165310000000002,11.12373,11.08152,11.03841,10.994580000000001,10.94985,10.90431,10.85787,10.81053,10.7622,10.71297,10.66266,10.61136,10.55898,10.50552,10.45098,10.39518,10.33821,10.28007,10.22067,10.16001,10.098090000000001,10.03491,9.97029,9.9045,9.83736,9.76887,9.69912,9.628110000000001,9.55593,9.482579999999999,9.408150000000001,9.33273,9.2565,9.17955,9.10206,9.02412,8.946126,8.868257999999999,8.79084,8.714205,8.638731,8.564850000000002,8.493021,8.423739,8.357526,8.29494,8.236539,8.182899,8.134551,8.092035,8.055828,8.026344,8.003916,7.988786999999999,7.981101,7.980894000000001,7.988066999999999,8.002431000000001,8.023689000000001,8.051463,8.085267,8.124588,8.168859000000001,8.217486000000001,8.269866,8.325405000000002,8.383509,8.443629,8.505252,8.567874,8.631072000000001,8.694423,8.757567,8.820189000000001,8.882010000000001,8.942760000000002,9.00225,9.0603,9.11664,9.17136,9.2241,9.27495,9.323730000000001,9.37044,9.41499,9.45738,9.49752,9.53541,9.57105,9.60444,9.635489999999999,9.66429,9.69084,9.71505,9.73701,9.75672,9.77409,9.7893,9.80217,9.81288,9.82125,9.82746,9.831330000000001,9.83304,9.832500000000001,9.8298,9.82476,9.81756,9.8082,9.7965,9.78264,9.76653,9.74817,9.72765,9.704880000000001,9.67986,9.65259,9.62307,9.59139,9.55737,9.52128,9.482850000000001,9.442350000000001,9.399600000000001,9.35469,9.30771,9.25857,9.207540000000002,9.15444,9.09954,9.04284,8.984502,8.924607,8.863335000000001,8.800884,8.737443,8.673273,8.608653,8.543889,8.479341,8.415405,8.352513000000002,8.291142,8.231796000000001,8.175015,8.121357000000001,8.071416,8.025759,7.984971,7.949592,7.920126000000001,7.8970139999999995,7.880625,7.871238,7.869024,7.874064000000001,7.886313,7.905609,7.931709000000001,7.964271,8.002872,8.047044,8.096247,8.14995,8.207595000000001,8.268615,8.33247,8.398647,8.466660000000001,8.536059,8.606439,8.677413,8.748657,8.819874,8.890821,8.961264,9.03105,9.099900000000002,9.167850000000001,9.234630000000001,9.30033,9.36477,9.42786,9.489600000000001,9.549990000000001,9.60903,9.666630000000001,9.72288,9.777690000000002,9.831150000000001,9.88335,9.93411,9.9837,10.03194,10.07892,10.12464,10.16928,10.21275,10.25505,10.296270000000002,10.3365,10.37565,10.41381,10.45107,10.48734,10.52271,10.55727,10.59093,10.62378,10.65582,10.68714,10.717740000000001,10.747620000000001,10.77669,10.80522,10.83303,10.86021,10.886759999999999,10.91277,10.93806,10.9629,10.9872,11.010869999999999,11.034,11.05668,11.07882,11.10051,11.12175,11.14245,11.162700000000001,11.182500000000001,11.20185,11.220749999999999,11.2392,11.257290000000001,11.27493,11.29221,11.30913,11.3256,11.34171,11.357370000000001,11.37276,11.38779,11.40246,11.41677,11.430810000000001,11.444490000000002,11.4579,11.47095,11.483730000000001,11.49624,11.50848,11.52054,11.53224,11.54376,11.555010000000001,11.566080000000001,11.576970000000001,11.58768,11.598210000000002,11.60856,11.618820000000001,11.6289,11.63898,11.64888,11.65869,11.6685,11.67831,11.688120000000001,11.697840000000001,11.70765,11.717459999999999,11.727360000000001,11.73735,11.74752,11.75778,11.76813,11.77875,11.78946,11.80044,11.81169,11.823210000000001,11.835,11.847150000000001,11.859570000000001,11.87244,11.885670000000001,11.89926,11.9133,11.92779,11.942730000000001,11.95821,11.97423,11.9907,12.007800000000001,12.02544,12.04371,12.062610000000001,12.08205,12.10221,12.123000000000001,12.14451,12.16665,12.18951,12.213090000000001,12.23739,12.262410000000001,12.288240000000002,12.31479,12.34206,12.37005,12.39894,12.428460000000001,12.45888,12.490020000000001,12.52188,12.55455,12.588030000000002,12.62223,12.65724,12.693060000000001,12.729510000000001,12.76677,12.80484,12.84354,12.88305,12.92319,12.96414,13.00572,13.04802,13.090950000000001,13.134599999999999,13.178880000000001,13.22379,13.26942,13.31559,13.36239,13.40973,13.457699999999999,13.50621,13.55526,13.60485,13.65498,13.70565,13.75677,13.80834,13.86045,13.91301,13.96593
11.49291,11.34954,11.20563,11.06145,10.91727,10.77327,10.62981,10.487160000000001,10.345680000000002,10.205910000000001,10.068299999999999,9.933209999999999,9.801449999999999,9.67347,9.549900000000001,9.43155,9.319139999999999,9.21321,9.11466,9.02412,8.94213,8.869356,8.806220999999999,8.753058,8.710065,8.677278000000001,8.654562,8.641656,8.638101,8.64333,8.656641,8.677242,8.704278,8.736839999999999,8.774019000000001,8.814906,8.858619000000001,8.904339,8.951283,8.998749,9.04608,9.092789999999999,9.138240000000001,9.182160000000001,9.2241,9.26379,9.30105,9.335790000000001,9.367650000000001,9.39681,9.42318,9.44676,9.467640000000001,9.48582,9.50157,9.514890000000001,9.52614,9.53532,9.54288,9.54891,9.55377,9.55773,9.560970000000001,9.56394,9.56691,9.57015,9.57402,9.578790000000001,9.58473,9.5922,9.60147,9.61272,9.62622,9.64215,9.66069,9.68193,9.70605,9.73305,9.76302,9.79596,9.83169,9.8703,9.9117,9.95571,10.00215,10.050930000000001,10.10187,10.15479,10.20942,10.26567,10.32327,10.38204,10.4418,10.50228,10.56348,10.62495,10.68678,10.7487,10.81044,10.87209,10.93338,10.99422,11.05452,11.1141,11.172960000000002,11.23101,11.288160000000001,11.34432,11.3994,11.45349,11.50641,11.558159999999999,11.60865,11.65797,11.70612,11.75292,11.79846,11.84265,11.885580000000001,11.927249999999999,11.96757,12.006540000000001,12.044160000000002,12.08052,12.11562,12.14937,12.18186,12.213000000000001,12.24288,12.27159,12.29895,12.32505,12.34998,12.37365,12.39615,12.417480000000001,12.43755,12.45654,12.47436,12.49101,12.506580000000001,12.52107,12.53439,12.54672,12.557970000000001,12.568140000000001,12.57732,12.585420000000001,12.59262,12.59874,12.60396,12.6081,12.61143,12.61377,12.61521,12.61575,12.61539,12.614130000000001,12.61197,12.60909,12.605220000000001,12.60063,12.59523,12.588930000000001,12.58191,12.57417,12.565620000000001,12.55626,12.546180000000001,12.53547,12.52395,12.511709999999999,12.49875,12.48516,12.47094,12.456,12.440339999999999,12.424140000000001,12.40722,12.389669999999999,12.37158,12.352770000000001,12.33342,12.31344,12.29292,12.271770000000002,12.25008,12.22785,12.20499,12.18159,12.15765,12.13317,12.10815,12.082590000000001,12.05649,12.02985,12.00267,11.97495,11.94669,11.917890000000002,11.88864,11.85876,11.828429999999999,11.79756,11.76606,11.734110000000001,11.70153,11.66841,11.63475,11.60046,11.56563,11.53017,11.49417,11.45745,11.4201,11.38221,11.34351,11.30418,11.264130000000002,11.22336,11.18187,11.13957,11.09646,11.05245,11.00772,10.962,10.91547,10.86795,10.81944,10.76994,10.71936,10.66779,10.61505,10.56114,10.506150000000002,10.449810000000001,10.3923,10.33353,10.27341,10.21194,10.14912,10.084859999999999,10.019250000000001,9.952110000000001,9.88353,9.81351,9.74205,9.66915,9.59472,9.51903,9.4419,9.3636,9.284040000000001,9.2034,9.121860000000002,9.0396,8.956692,8.873478,8.79021,8.707203000000002,8.624826,8.543484000000001,8.463645,8.385813,8.310537000000002,8.238420000000001,8.170092,8.106192,8.047377000000001,7.994304,7.947585,7.907796000000001,7.8754230000000005,7.8508890000000005,7.834491000000001,7.826391,7.826634,7.835112,7.851609,7.8757470000000005,7.907085,7.945056,7.989048,8.038386000000001,8.092386000000001,8.150355,8.2116,8.275464,8.341335,8.408619,8.476794,8.545373999999999,8.613918000000002,8.682057,8.749449,8.815797,8.880849000000001,8.944389,9.00621,9.06624,9.12429,9.18018,9.234,9.28548,9.3348,9.381689999999999,9.42624,9.46836,9.508140000000001,9.54558,9.5805,9.612990000000002,9.64314,9.670860000000001,9.69624,9.7191,9.73971,9.75789,9.77373,9.787230000000001,9.798300000000001,9.807120000000001,9.813600000000001,9.81774,9.81963,9.819090000000001,9.8163,9.81117,9.803790000000001,9.794070000000001,9.78201,9.7677,9.751050000000001,9.73206,9.71073,9.68706,9.661140000000001,9.63279,9.6021,9.569070000000002,9.5337,9.49599,9.45594,9.41355,9.368820000000001,9.32175,9.27243,9.22086,9.16713,9.11124,9.05319,8.993223,8.931357,8.867736,8.802503999999999,8.735859,8.668008,8.599203,8.529723,8.459901,8.390115,8.320788,8.252397,8.185445999999999,8.120511,8.058195,7.999137000000001,7.944003,7.893459,7.84818,7.808814000000001,7.775937,7.750089,7.731711000000001,7.721145000000001,7.71858,7.724124,7.737705,7.759152,7.78815,7.824294,7.86708,7.915940999999999,7.970256000000001,8.029386,8.092683000000001,8.159508,8.229239999999999,8.301294,8.375138999999999,8.450270999999999,8.52624,8.60265,8.67915,8.755424999999999,8.831205,8.906283,8.980452,9.05355,9.12546,9.196110000000001,9.265320000000001,9.33309,9.39942,9.464220000000001,9.52749,9.58923,9.64944,9.70812,9.765270000000001,9.82089,9.875070000000001,9.927810000000001,9.979199999999999,10.02915,10.07775,10.12509,10.17117,10.215990000000001,10.25955,10.30203,10.34343,10.38366,10.4229,10.46106,10.49832,10.5345,10.569870000000002,10.60434,10.637910000000002,10.67058,10.702530000000001,10.73367,10.764090000000001,10.79379,10.82268,10.85094,10.878570000000002,10.90548,10.93176,10.957500000000001,10.98261,11.00709,11.031030000000001,11.05443,11.07729,11.09961,11.121390000000002,11.14272,11.16351,11.183850000000001,11.20365,11.223090000000001,11.24199,11.26053,11.278530000000002,11.29617,11.31345,11.33028,11.34666,11.36268,11.37834,11.39364,11.40849,11.42307,11.43729,11.45115,11.46474,11.47797,11.49084,11.50344,11.51577,11.52783,11.53962,11.55123,11.56248,11.573550000000001,11.58444,11.59506,11.60559,11.61585,11.62602,11.63601,11.64591,11.65563,11.66535,11.674980000000001,11.68452,11.69406,11.7036,11.71305,11.72259,11.73222,11.74185,11.75166,11.761470000000001,11.77146,11.78163,11.79198,11.80242,11.81322,11.8242,11.83545,11.847059999999999,11.85894,11.87118,11.88378,11.896740000000001,11.91015,11.92401,11.93832,11.95308,11.96829,11.98413,12.00042,12.01734,12.03489,12.052980000000002,12.0717,12.091050000000001,12.11103,12.13173,12.15306,12.17511,12.197880000000001,12.22137,12.24558,12.2706,12.296339999999999,12.3228,12.35007,12.37806,12.40686,12.43638,12.466800000000001,12.49794,12.52989,12.56256,12.59604,12.63033,12.66534,12.70116,12.7377,12.77505,12.813120000000001,12.85191,12.89151,12.931830000000001,12.97278,13.01445,13.056840000000001,13.09995,13.143690000000001,13.18815,13.23315,13.278870000000001,13.32513,13.372110000000001,13.419540000000001,13.467690000000001,13.516290000000001,13.565520000000001,13.6152,13.66551,13.71627,13.767570000000001,13.81923,13.87152,13.92417,13.97727
11.41812,11.270159999999999,11.121390000000002,10.97217,10.82268,10.6731,10.52379,10.37502,10.22733,10.08099,9.93663,9.79479,9.65601,9.5211,9.390690000000001,9.26559,9.146700000000001,9.034650000000001,8.930511000000001,8.834967,8.748819000000001,8.672742000000001,8.607312,8.552952000000001,8.509932,8.478333000000001,8.458038,8.448723000000001,8.449902000000002,8.460891,8.480889,8.508978,8.54415,8.585370000000001,8.631594,8.681796,8.734968,8.790201,8.846631,8.903475,8.960049,9.01575,9.07002,9.122580000000001,9.1728,9.220680000000002,9.26577,9.30807,9.3474,9.383759999999999,9.417060000000001,9.4473,9.47475,9.49932,9.52128,9.54072,9.55782,9.57285,9.58599,9.59751,9.60768,9.61668,9.62496,9.6327,9.64026,9.64782,9.65583,9.664470000000001,9.674100000000001,9.684899999999999,9.69723,9.71118,9.72711,9.74511,9.765450000000001,9.78813,9.81324,9.841050000000001,9.87138,9.90432,9.93987,9.97794,10.01844,10.06137,10.10655,10.1538,10.20303,10.25415,10.3068,10.360890000000001,10.41633,10.47285,10.53027,10.588500000000002,10.647269999999999,10.7064,10.76589,10.82547,10.884960000000001,10.94436,11.003400000000001,11.06217,11.12031,11.17791,11.23479,11.29095,11.3463,11.40066,11.454120000000001,11.506590000000001,11.55798,11.6082,11.657340000000001,11.705400000000001,11.7522,11.79774,11.84211,11.88522,11.92716,11.96775,12.00708,12.04515,12.08205,12.117600000000001,12.15189,12.18492,12.21669,12.247200000000001,12.276539999999999,12.30453,12.331439999999999,12.357000000000001,12.38148,12.4047,12.42675,12.44772,12.46743,12.48606,12.50352,12.5199,12.535200000000001,12.54942,12.56256,12.57462,12.5856,12.595590000000001,12.60459,12.6126,12.61953,12.62556,12.630690000000001,12.63474,12.637979999999999,12.64023,12.641580000000001,12.64203,12.641580000000001,12.640320000000001,12.638160000000001,12.63519,12.63132,12.62673,12.62124,12.61503,12.60801,12.60018,12.59163,12.58236,12.572280000000001,12.561480000000001,12.55005,12.53781,12.52494,12.51135,12.49704,12.48219,12.466529999999999,12.450330000000001,12.4335,12.41595,12.39786,12.379050000000001,12.3597,12.33981,12.3192,12.29814,12.27636,12.25413,12.23127,12.20778,12.18384,12.159270000000001,12.13416,12.10851,12.08232,12.05559,12.02832,12.00051,11.97207,11.943180000000002,11.91366,11.883690000000001,11.85309,11.821950000000001,11.790270000000001,11.75805,11.725200000000001,11.69172,11.6577,11.623140000000001,11.587860000000001,11.55204,11.5155,11.47833,11.44053,11.40201,11.36277,11.32281,11.28213,11.24073,11.19843,11.15532,11.1114,11.06658,11.020950000000001,10.97424,10.926720000000001,10.87803,10.828439999999999,10.77777,10.72593,10.672920000000001,10.61883,10.56348,10.506780000000001,10.44891,10.389600000000002,10.32894,10.26684,10.2033,10.13832,10.07172,10.00368,9.93393,9.86265,9.78975,9.715140000000002,9.639000000000001,9.56124,9.48186,9.40086,9.31851,9.234630000000001,9.14949,9.063180000000001,8.975835,8.88768,8.798949,8.709921,8.620938,8.532378000000001,8.444673,8.358345000000002,8.273934,8.192061,8.113401,8.038665000000002,7.9685999999999995,7.903971,7.845542999999999,7.794045000000001,7.750161,7.714512000000001,7.687575000000001,7.669719000000001,7.661151,7.6619340000000005,7.671951000000001,7.690905000000001,7.718391,7.753833,7.796583,7.845894,7.900983,7.961049000000001,8.025282,8.092899000000001,8.163153,8.235351,8.308854,8.383068,8.457488999999999,8.53164,8.605125,8.677602,8.748765,8.818362,8.886177,8.95203,9.01575,9.07731,9.13653,9.19332,9.24768,9.299610000000001,9.348930000000001,9.39573,9.439919999999999,9.48159,9.52074,9.55728,9.5913,9.6228,9.65169,9.67815,9.70209,9.723510000000001,9.7425,9.75897,9.773010000000001,9.78462,9.7938,9.80064,9.80496,9.806939999999999,9.80649,9.803700000000001,9.79848,9.79083,9.78084,9.76842,9.753570000000002,9.736379999999999,9.71667,9.69462,9.67014,9.64314,9.613800000000001,9.58194,9.54756,9.510750000000002,9.47151,9.42966,9.385380000000001,9.33867,9.28944,9.237689999999999,9.1836,9.12708,9.06813,9.00702,8.943570000000001,8.878041,8.810505000000001,8.741106,8.670033,8.597484,8.52372,8.449029,8.373752999999999,8.298288,8.223075,8.148645,8.075547,8.004411,7.935911999999999,7.870779,7.809777000000001,7.75368,7.703262,7.659297,7.622496000000001,7.593470999999999,7.57278,7.5608010000000005,7.557813,7.563897,7.5789990000000005,7.602894000000001,7.635204000000001,7.675425,7.722963000000001,7.777125,7.837191000000001,7.902405,7.972002,8.045253,8.121456,8.199954,8.280144,8.361486000000001,8.443485,8.525718,8.607807000000001,8.689437,8.770329,8.850258,8.929044000000001,9.00648,9.08253,9.15714,9.230039999999999,9.30132,9.370890000000001,9.43884,9.50499,9.56952,9.63225,9.69336,9.752849999999999,9.810630000000002,9.86688,9.9216,9.97479,10.02645,10.07676,10.12554,10.17306,10.21932,10.26423,10.30788,10.35036,10.39176,10.43199,10.47114,10.50921,10.54629,10.58247,10.61766,10.65195,10.68534,10.71792,10.749600000000001,10.780560000000001,10.81071,10.840140000000002,10.86885,10.89675,10.92411,10.950750000000001,10.97676,11.00214,11.02689,11.05101,11.07459,11.09763,11.120130000000001,11.142000000000001,11.16342,11.18439,11.20473,11.22462,11.24406,11.26305,11.281500000000001,11.29959,11.31723,11.33442,11.35116,11.36745,11.38347,11.39895,11.414159999999999,11.42892,11.44332,11.45745,11.47113,11.48454,11.49759,11.510370000000002,11.52279,11.534939999999999,11.54673,11.55834,11.56968,11.58075,11.59164,11.602260000000001,11.61261,11.62287,11.63295,11.642850000000001,11.65257,11.6622,11.67174,11.681099999999999,11.69046,11.69982,11.709,11.71827,11.72754,11.73681,11.74608,11.75544,11.764890000000001,11.77452,11.78424,11.79405,11.80413,11.814390000000001,11.82483,11.835540000000002,11.84661,11.85786,11.86947,11.88144,11.89386,11.90655,11.91969,11.93328,11.947410000000001,11.9619,11.977020000000001,11.992590000000002,12.008700000000001,12.02544,12.042720000000001,12.060630000000002,12.079170000000001,12.09843,12.11823,12.138750000000002,12.15999,12.18195,12.204630000000002,12.22803,12.25215,12.27708,12.30273,12.32919,12.35637,12.384360000000001,12.413160000000001,12.442770000000001,12.4731,12.50424,12.53619,12.568950000000001,12.602430000000002,12.63681,12.67191,12.70773,12.74436,12.7818,12.81996,12.858929999999999,12.89862,12.93894,12.98007,13.02192,13.064400000000001,13.10769,13.15152,13.19607,13.24125,13.28715,13.33359,13.38066,13.42827,13.476510000000001,13.52538,13.5747,13.62456,13.67505,13.72599,13.777379999999999,13.82931,13.8816,13.934429999999999,13.98771
11.343960000000001,11.19123,11.03751,10.88298,10.72791,10.57239,10.41687,10.261709999999999,10.10718,9.95382,9.80217,9.65277,9.50643,9.36378,9.22563,9.092970000000001,8.966619000000001,8.847621,8.736939000000001,8.635545,8.544384,8.464275,8.395947,8.339949,8.296632,8.266122000000001,8.24832,8.242866,8.249193,8.266509000000001,8.293878,8.330202,8.374338,8.425061999999999,8.481177,8.541495000000001,8.604918,8.670384,8.736957,8.803791,8.870130000000001,8.935353,8.998893,9.0603,9.119250000000001,9.175410000000001,9.2286,9.27864,9.32544,9.369,9.409320000000001,9.4464,9.48033,9.511289999999999,9.53937,9.56475,9.5877,9.608310000000001,9.626940000000001,9.64377,9.65907,9.67302,9.68607,9.6984,9.710370000000001,9.72216,9.73404,9.74646,9.75951,9.77355,9.78876,9.80541,9.823680000000001,9.84366,9.86571,9.88974,9.91602,9.94455,9.975330000000001,10.00845,10.04382,10.08153,10.121400000000001,10.16343,10.20744,10.25343,10.30113,10.35054,10.401390000000001,10.45368,10.50714,10.561589999999999,10.61685,10.672920000000001,10.72953,10.7865,10.84383,10.901159999999999,10.95858,11.015820000000001,11.072880000000001,11.129579999999999,11.18574,11.24145,11.29653,11.3508,11.40444,11.457180000000001,11.50893,11.55987,11.609729999999999,11.658600000000002,11.706389999999999,11.75301,11.79855,11.84301,11.88621,11.92824,11.9691,12.008700000000001,12.047130000000001,12.0843,12.1203,12.15504,12.18861,12.22092,12.25206,12.28194,12.31056,12.3381,12.36438,12.38949,12.41343,12.43629,12.45789,12.47841,12.49776,12.51603,12.53322,12.549240000000001,12.56427,12.57813,12.591000000000001,12.60288,12.61368,12.62349,12.63231,12.64014,12.64698,12.65283,12.65778,12.66174,12.6648,12.666960000000001,12.66822,12.66867,12.66813,12.66678,12.66462,12.661560000000001,12.65769,12.65301,12.64761,12.64131,12.63429,12.626460000000002,12.61791,12.608640000000001,12.59856,12.58776,12.576329999999999,12.56409,12.55122,12.53772,12.52341,12.508560000000001,12.49299,12.4767,12.45987,12.44241,12.424230000000001,12.40551,12.38616,12.36618,12.34566,12.32451,12.30282,12.2805,12.25755,12.234060000000001,12.210030000000001,12.18546,12.160260000000001,12.13452,12.10824,12.08142,12.05406,12.026069999999999,11.99754,11.96847,11.93877,11.90862,11.877839999999999,11.84643,11.81448,11.78199,11.74887,11.71512,11.68074,11.64573,11.61018,11.57391,11.53692,11.4993,11.460960000000002,11.4219,11.38212,11.341529999999999,11.30022,11.2581,11.21508,11.17125,11.126520000000001,11.08089,11.034270000000001,10.98666,10.93806,10.88838,10.837620000000001,10.78569,10.73268,10.678320000000001,10.62279,10.56591,10.50777,10.44819,10.38717,10.32462,10.26063,10.19502,10.127790000000001,10.058940000000002,9.988380000000001,9.91602,9.841949999999999,9.76608,9.688410000000001,9.60894,9.52767,9.444510000000001,9.35964,9.273060000000001,9.18477,9.094949999999999,9.0036,8.911035,8.817336000000001,8.722773,8.627625,8.532243000000001,8.437032,8.342459999999999,8.249058000000002,8.157438,8.068293,7.982370000000001,7.900479,7.823484,7.752276,7.687755,7.630802999999999,7.5822389999999995,7.5427919999999995,7.513083000000001,7.493562000000001,7.484481000000001,7.485912,7.497711000000001,7.519554,7.550901,7.591095,7.639334999999999,7.69473,7.756362000000001,7.8232859999999995,7.894557,7.969284000000001,8.046621,8.125794,8.206092,8.286885,8.367615,8.447787000000002,8.527004999999999,8.604882000000002,8.681139,8.755524000000001,8.827821,8.897859,8.965512,9.03069,9.09324,9.153179999999999,9.210510000000001,9.26505,9.31689,9.36594,9.41229,9.455850000000002,9.4968,9.53496,9.57042,9.60327,9.63342,9.660960000000001,9.68589,9.70821,9.72792,9.74511,9.759689999999999,9.77184,9.78138,9.78849,9.79308,9.79515,9.79479,9.79191,9.7866,9.77877,9.76842,9.755640000000001,9.74034,9.72252,9.70227,9.679409999999999,9.654029999999999,9.62613,9.59562,9.56259,9.52695,9.48861,9.447750000000001,9.40419,9.35802,9.30924,9.257760000000001,9.20367,9.14688,9.087480000000001,9.02556,8.961057,8.894097,8.824752,8.75313,8.679357,8.603613000000001,8.526096,8.447049,8.366778,8.285634,8.204013,8.12241,8.041356,7.9614720000000005,7.883451,7.8080490000000005,7.736084999999999,7.6684410000000005,7.606008,7.549713,7.500465,7.459092,7.4263770000000005,7.402959,7.389333,7.385805,7.392510000000001,7.409349,7.436052000000001,7.472151000000001,7.5170520000000005,7.5700080000000005,7.6302,7.696764,7.7688,7.845444,7.925822999999999,8.009163000000001,8.094717000000001,8.181818999999999,8.269875,8.358354,8.446815,8.534853,8.622144,8.708418,8.793441000000001,8.877033,8.95905,9.03933,9.1179,9.19467,9.26946,9.34245,9.41346,9.48267,9.549900000000001,9.61533,9.678870000000002,9.7407,9.80073,9.85896,9.91557,9.97056,10.02402,10.07586,10.12626,10.17522,10.22274,10.26891,10.31382,10.357470000000001,10.39986,10.441080000000001,10.48122,10.52019,10.558169999999999,10.59507,10.630980000000001,10.66599,10.70001,10.733220000000001,10.765440000000002,10.796940000000001,10.82763,10.857420000000001,10.88658,10.914930000000002,10.94256,10.96956,10.99584,11.02149,11.04651,11.0709,11.094660000000001,11.11788,11.14047,11.162519999999999,11.18403,11.205,11.22543,11.24541,11.264850000000001,11.28384,11.30238,11.32038,11.33793,11.35503,11.371770000000001,11.38806,11.4039,11.41929,11.43441,11.44899,11.4633,11.47725,11.49075,11.50398,11.51685,11.529449999999999,11.54169,11.55357,11.565270000000002,11.57661,11.58768,11.59857,11.6091,11.61954,11.629710000000001,11.639610000000001,11.64942,11.65905,11.6685,11.67786,11.68713,11.69622,11.70531,11.714310000000001,11.723220000000001,11.73213,11.74113,11.75004,11.75904,11.76813,11.77731,11.78658,11.79594,11.805480000000001,11.815290000000001,11.82519,11.83536,11.8458,11.85651,11.86749,11.87883,11.89053,11.90259,11.915009999999999,11.92797,11.94129,11.955060000000001,11.969370000000001,11.98422,11.99952,12.015450000000001,12.03201,12.04911,12.066840000000001,12.0852,12.10419,12.1239,12.144240000000002,12.16539,12.18717,12.20976,12.23307,12.2571,12.28194,12.307500000000001,12.333870000000001,12.36105,12.38904,12.41784,12.44736,12.477780000000001,12.50892,12.54087,12.573720000000002,12.60729,12.641670000000001,12.67686,12.712769999999999,12.74958,12.78711,12.825360000000002,12.864419999999999,12.9042,12.9447,12.98601,13.02795,13.07061,13.11399,13.158090000000001,13.202820000000001,13.24818,13.294170000000001,13.34079,13.38804,13.435920000000001,13.48434,13.5333,13.58289,13.63293,13.6836,13.734630000000001,13.78629,13.8384,13.89096,13.94397,13.99734
11.27079,11.1132,10.95426,10.79424,10.63332,10.471589999999999,10.30959,10.14741,9.98568,9.82476,9.66519,9.5076,9.35289,9.201600000000001,9.0549,8.913618,8.778879,8.651799,8.533557,8.425296,8.328159000000001,8.243163000000001,8.171226,8.113032,8.069076,8.039538,8.024328,8.023050000000001,8.035038,8.059356000000001,8.094897,8.140374,8.194419,8.255619,8.322588,8.393958,8.468487000000001,8.544986999999999,8.622441,8.699904,8.776593,8.851815,8.925012,8.995725,9.06363,9.12834,9.189720000000001,9.24768,9.30204,9.35289,9.400229999999999,9.44406,9.48456,9.521730000000002,9.55593,9.587250000000001,9.615870000000001,9.64197,9.66591,9.68787,9.70812,9.726930000000001,9.74457,9.76131,9.77751,9.79326,9.809009999999999,9.824940000000002,9.84132,9.858419999999999,9.876420000000001,9.89559,9.91611,9.938160000000002,9.96183,9.9873,10.01457,10.04391,10.07523,10.10853,10.1439,10.18134,10.22067,10.261890000000001,10.305,10.349820000000001,10.39626,10.444139999999999,10.49346,10.54404,10.5957,10.64826,10.701630000000002,10.75572,10.81035,10.86534,10.9206,10.97595,11.0313,11.08665,11.14173,11.19645,11.25081,11.304630000000001,11.35791,11.41056,11.46249,11.51361,11.56383,11.613240000000001,11.66166,11.70918,11.75562,11.80098,11.84535,11.88855,11.93067,11.97162,12.01149,12.0501,12.08763,12.1239,12.159089999999999,12.19302,12.22587,12.25746,12.28788,12.31713,12.345210000000002,12.37212,12.39786,12.42243,12.44592,12.46824,12.48948,12.50955,12.528540000000001,12.54645,12.563279999999999,12.57903,12.5937,12.607380000000001,12.61998,12.631590000000001,12.64221,12.65175,12.66039,12.66804,12.6747,12.68037,12.68523,12.6891,12.69207,12.69405,12.695310000000001,12.69558,12.69504,12.6936,12.69135,12.68829,12.684330000000001,12.67965,12.67416,12.667860000000001,12.66084,12.65301,12.64446,12.6351,12.625110000000001,12.61431,12.60279,12.59064,12.577770000000001,12.56418,12.54996,12.53511,12.519540000000001,12.50334,12.486419999999999,12.468960000000001,12.45087,12.43206,12.41271,12.39273,12.37221,12.35106,12.329279999999999,12.30696,12.28401,12.26043,12.2364,12.21174,12.18645,12.16062,12.13425,12.10734,12.0798,12.051720000000001,12.023010000000001,11.99376,11.96397,11.93355,11.90259,11.871,11.83878,11.80602,11.772540000000001,11.73852,11.703780000000002,11.6685,11.6325,11.59578,11.558430000000001,11.52027,11.48148,11.441880000000001,11.40156,11.360430000000001,11.3184,11.27556,11.231910000000001,11.187270000000002,11.14173,11.09529,11.04777,10.99926,10.949580000000001,10.89891,10.84698,10.79397,10.73961,10.68399,10.62711,10.56879,10.509030000000001,10.447830000000002,10.3851,10.32075,10.25478,10.187100000000001,10.117709999999999,10.046429999999999,9.97344,9.898470000000001,9.8217,9.74286,9.66204,9.57924,9.49437,9.40743,9.31851,9.22761,9.13473,9.040049999999999,8.943570000000001,8.845488,8.745966,8.645247,8.543610000000001,8.441415000000001,8.339058,8.237052,8.135964000000001,8.036451,7.939278,7.845282,7.755390000000001,7.670583,7.591914000000001,7.520436,7.45722,7.403247,7.3594170000000005,7.326486,7.305021,7.295337000000001,7.297542000000001,7.311456,7.336665,7.372530000000001,7.418232000000001,7.472799,7.535187,7.604271,7.6789439999999995,7.758126,7.840782000000001,7.925967,8.012817000000002,8.10054,8.18847,8.276004,8.362638,8.447949,8.531568000000002,8.613189,8.692596,8.769563999999999,8.843958,8.915661,8.984565,9.05058,9.113760000000001,9.17397,9.2313,9.28566,9.33705,9.38547,9.431099999999999,9.47376,9.51354,9.55053,9.58473,9.61614,9.64476,9.67059,9.69381,9.71433,9.732149999999999,9.747359999999999,9.759960000000001,9.76995,9.77733,9.7821,9.78435,9.783990000000001,9.78111,9.77562,9.76761,9.756990000000002,9.74376,9.72801,9.709650000000002,9.68868,9.6651,9.63891,9.61002,9.578429999999999,9.54414,9.50715,9.467459999999999,9.424980000000001,9.379710000000001,9.33156,9.28071,9.226890000000001,9.17037,9.110880000000002,9.0486,8.98353,8.915652000000001,8.845029,8.771723999999999,8.695845,8.617509,8.53686,8.454096,8.36946,8.28324,8.195796,8.107542,8.018982,7.9306920000000005,7.843338,7.757676000000001,7.674561000000001,7.594911,7.519725,7.450074000000001,7.387020000000001,7.331643,7.284969,7.247934,7.221312000000001,7.205724000000001,7.201557,7.208946,7.227792,7.257753000000001,7.298253000000001,7.348535999999999,7.407711000000001,7.474779000000001,7.548714000000001,7.628445000000001,7.712955000000001,7.801272,7.8924780000000005,7.985763,8.08038,8.17569,8.271135,8.366229,8.460576,8.553843,8.645750999999999,8.736093,8.824679999999999,8.911386,8.996121,9.07884,9.15939,9.237870000000001,9.31419,9.38844,9.460619999999999,9.530640000000002,9.59868,9.66474,9.728819999999999,9.79101,9.8514,9.9099,9.96678,10.02186,10.075320000000001,10.12725,10.177560000000001,10.22643,10.27395,10.32003,10.36476,10.40823,10.45044,10.49148,10.53135,10.57014,10.60776,10.64448,10.68012,10.714770000000001,10.748520000000001,10.78137,10.81332,10.84446,10.87479,10.90431,10.93302,10.96101,10.98828,11.01492,11.040750000000001,11.066040000000001,11.090610000000002,11.114550000000001,11.13795,11.160630000000001,11.18286,11.204460000000001,11.22552,11.24604,11.26602,11.28546,11.30445,11.3229,11.340900000000001,11.35845,11.37555,11.39211,11.40831,11.42406,11.43936,11.4543,11.46879,11.482920000000002,11.496690000000001,11.5101,11.523060000000001,11.53575,11.54808,11.56014,11.57184,11.58327,11.594430000000001,11.60523,11.61585,11.626199999999999,11.63628,11.646180000000001,11.65581,11.66535,11.67471,11.683890000000002,11.69289,11.7018,11.710619999999999,11.71935,11.72799,11.73663,11.74527,11.753910000000001,11.76246,11.77119,11.77992,11.788739999999999,11.797649999999999,11.806740000000001,11.81592,11.825280000000001,11.83491,11.84472,11.854890000000001,11.86524,11.87595,11.886930000000001,11.89827,11.91006,11.92221,11.93481,11.94786,11.96136,11.975399999999999,11.989980000000001,12.00501,12.020669999999999,12.03696,12.053880000000001,12.07134,12.08952,12.10833,12.12786,12.148109999999999,12.169080000000001,12.190769999999999,12.21318,12.2364,12.260340000000001,12.28509,12.31065,12.33693,12.36411,12.39201,12.420810000000001,12.450330000000001,12.48075,12.511980000000001,12.54402,12.57687,12.610529999999999,12.645000000000001,12.68019,12.716280000000001,12.75318,12.7908,12.82923,12.86838,12.908339999999999,12.94902,12.99051,13.032630000000001,13.07547,13.11903,13.16331,13.20822,13.25376,13.30002,13.346820000000001,13.39434,13.442400000000001,13.491,13.540230000000001,13.59,13.640310000000001,13.691070000000002,13.74246,13.7943,13.846589999999999,13.89933,13.952520000000002,14.00625
11.198970000000001,11.036340000000001,10.87209,10.7064,10.53927,10.37115,10.20222,10.032750000000002,9.86328,9.69417,9.52614,9.359729999999999,9.19566,9.03501,8.878662,8.727723,8.583426000000001,8.447076000000001,8.32005,8.203725,8.099469,8.008569,7.93215,7.871121,7.826094,7.797375000000001,7.784883,7.788159000000001,7.806429,7.838577000000001,7.883262000000001,7.938954,8.004033000000002,8.076834,8.155746,8.239221,8.325819,8.414244,8.503352999999999,8.592147,8.679762,8.765505,8.848791,8.929152,9.00621,9.07974,9.14958,9.21555,9.277560000000001,9.335790000000001,9.39006,9.44064,9.48762,9.53109,9.57132,9.6084,9.642510000000001,9.674100000000001,9.70317,9.73017,9.75519,9.77868,9.80073,9.8217,9.841949999999999,9.86157,9.88092,9.900269999999999,9.91989,9.93987,9.960659999999999,9.98226,10.00494,10.02879,10.054170000000001,10.080900000000002,10.10934,10.13949,10.17135,10.205010000000001,10.24038,10.277640000000002,10.31652,10.357199999999999,10.3995,10.44333,10.4886,10.53522,10.5831,10.63215,10.6821,10.733039999999999,10.78461,10.8369,10.88964,10.94274,10.99611,11.049660000000001,11.10321,11.15658,11.209859999999999,11.262780000000001,11.31543,11.36754,11.419110000000002,11.47014,11.52045,11.56995,11.618730000000001,11.666699999999999,11.71377,11.75985,11.80503,11.84922,11.89233,11.93445,11.975399999999999,12.015360000000001,12.05415,12.091949999999999,12.128490000000001,12.16395,12.19824,12.23145,12.26349,12.29436,12.324150000000001,12.352770000000001,12.380220000000001,12.406500000000001,12.431790000000001,12.455820000000001,12.47886,12.500729999999999,12.521429999999999,12.54114,12.55977,12.57732,12.59379,12.60918,12.62358,12.63699,12.649320000000001,12.66066,12.67101,12.68046,12.68883,12.696299999999999,12.70278,12.70836,12.713040000000001,12.71673,12.71961,12.721589999999999,12.72258,12.72285,12.72222,12.720690000000001,12.718350000000001,12.71529,12.71133,12.70656,12.70098,12.69468,12.687660000000001,12.67974,12.671190000000001,12.66183,12.651840000000002,12.64104,12.62952,12.61737,12.604500000000002,12.590910000000001,12.576690000000001,12.56184,12.546270000000002,12.53007,12.51315,12.49569,12.4776,12.45879,12.439440000000001,12.41946,12.398850000000001,12.3777,12.35592,12.33351,12.31047,12.286980000000002,12.26277,12.23802,12.212729999999999,12.186810000000001,12.16035,12.133260000000002,12.10563,12.07746,12.04857,12.01923,11.989170000000001,11.95857,11.927430000000001,11.89557,11.86317,11.830050000000002,11.79639,11.76201,11.727,11.69127,11.65491,11.61783,11.57994,11.54142,11.502089999999999,11.46204,11.42109,11.379330000000001,11.33676,11.29329,11.24892,11.20356,11.157210000000001,11.10987,11.061539999999999,11.01204,10.961459999999999,10.90971,10.8567,10.802520000000001,10.74699,10.69011,10.63179,10.572030000000002,10.51074,10.44792,10.38348,10.31724,10.24938,10.179630000000001,10.10808,10.03455,9.95904,9.88155,9.8019,9.720180000000001,9.63621,9.549990000000001,9.46152,9.370709999999999,9.27774,9.18243,9.08487,8.985141,8.883315,8.779527,8.673921,8.56674,8.458245,8.348787,8.238789,8.128772999999999,8.019333000000001,7.911180000000001,7.80516,7.702191,7.6033170000000005,7.509689999999999,7.422524999999999,7.343082,7.272621000000001,7.212366,7.163424,7.126722000000001,7.102971,7.092603,7.095717,7.112124,7.141293,7.18245,7.2345690000000005,7.2964709999999995,7.366878000000001,7.444476,7.527932999999999,7.616007,7.7075190000000005,7.801389,7.896654000000001,7.992486,8.088129,8.182989,8.276517,8.368299,8.457966,8.54523,8.629866,8.711703,8.790606,8.866467,8.939214000000002,9.00882,9.07524,9.13851,9.19854,9.255419999999999,9.30915,9.359820000000001,9.407340000000001,9.4518,9.4932,9.53172,9.56718,9.59985,9.62955,9.65637,9.68049,9.70173,9.720270000000001,9.73602,9.74907,9.75942,9.76716,9.772110000000001,9.77445,9.774180000000001,9.77121,9.76563,9.75744,9.74646,9.73296,9.71676,9.69777,9.67617,9.65187,9.624780000000001,9.594899999999999,9.562230000000001,9.52677,9.48852,9.4473,9.4032,9.35613,9.30618,9.25317,9.197099999999999,9.13806,9.07587,9.01062,8.942346,8.870985000000001,8.7966,8.719227,8.638947,8.555859,8.47008,8.381817,8.291268,8.198730000000001,8.104554,8.009163000000001,7.913061,7.816878000000001,7.721307000000001,7.627194,7.535457000000001,7.447149,7.363422000000001,7.285500000000001,7.2146609999999995,7.152183,7.099308,7.057188,7.026786,7.008867,7.003908,7.012098,7.033284,7.067052,7.1126640000000005,7.169193,7.235550000000001,7.3105020000000005,7.392816000000001,7.481241000000001,7.57458,7.671708,7.771598999999999,7.873335000000001,7.976124,8.079255,8.182152,8.284310999999999,8.385327,8.484867000000001,8.58267,8.678529000000001,8.772282,8.86383,8.953074,9.03996,9.12456,9.20664,9.286470000000001,9.36396,9.43911,9.51192,9.582659999999999,9.65115,9.71757,9.781920000000001,9.84429,9.904770000000001,9.96336,10.02015,10.07514,10.1286,10.18035,10.23048,10.27917,10.32642,10.37232,10.41678,10.45998,10.50192,10.5426,10.5822,10.62063,10.65798,10.69425,10.729619999999999,10.76391,10.7973,10.82979,10.861379999999999,10.89207,10.92195,10.95111,10.979460000000001,11.007000000000001,11.03382,11.06001,11.08548,11.11023,11.13435,11.15784,11.18079,11.20302,11.22471,11.24586,11.26638,11.28645,11.30589,11.32488,11.34333,11.36124,11.3787,11.39571,11.412270000000001,11.42829,11.443950000000001,11.45916,11.47392,11.48832,11.502270000000001,11.515860000000002,11.529,11.54187,11.554290000000002,11.56644,11.57823,11.58975,11.60091,11.61171,11.62233,11.63268,11.642669999999999,11.65248,11.66211,11.67147,11.68065,11.68965,11.69856,11.70729,11.71584,11.7243,11.73267,11.74104,11.74932,11.75751,11.76579,11.77407,11.782350000000001,11.79072,11.799180000000002,11.80773,11.816460000000001,11.825280000000001,11.834280000000001,11.84355,11.853,11.86272,11.8728,11.88306,11.89377,11.90475,11.91618,11.92797,11.9403,11.95299,11.96622,11.9799,11.99421,12.00897,12.02445,12.04038,12.05703,12.07431,12.092310000000001,12.11094,12.1302,12.150269999999999,12.17106,12.19257,12.21489,12.23802,12.26187,12.28653,12.312,12.33828,12.36537,12.393270000000001,12.422070000000001,12.451680000000001,12.4821,12.513330000000002,12.54537,12.57831,12.612060000000001,12.64662,12.68199,12.71817,12.75516,12.792959999999999,12.831570000000001,12.8709,12.91104,12.9519,12.99357,13.03587,13.07898,13.122720000000001,13.16718,13.21236,13.25817,13.30461,13.35168,13.399379999999999,13.44771,13.49658,13.54599,13.59603,13.64661,13.69764,13.74921,13.80132,13.85388,13.90689,13.96035,14.01426
11.12886,10.9611,10.79136,10.61973,10.446390000000001,10.27152,10.0953,9.918270000000001,9.740520000000002,9.56286,9.38556,9.20952,9.03546,8.86437,8.697312,8.535528,8.380386000000001,8.233407,8.096184000000001,7.970382000000001,7.857666000000001,7.759629,7.677675,7.612992000000001,7.566399,7.53831,7.52868,7.537005,7.5623130000000005,7.603281000000001,7.658271,7.725447000000001,7.802865000000001,7.888590000000001,7.980705,8.077446,8.177184,8.278497,8.380107,8.480943,8.580114,8.676891000000001,8.77068,8.861022,8.947584,9.03015,9.10845,9.18252,9.252360000000001,9.317879999999999,9.37926,9.4365,9.48996,9.53955,9.58563,9.62838,9.66807,9.70479,9.73899,9.770760000000001,9.80055,9.82845,9.85482,9.87993,9.903960000000001,9.92727,9.95013,9.97281,9.9954,10.01826,10.04157,10.06551,10.090259999999999,10.11609,10.143,10.17108,10.2006,10.23156,10.264050000000001,10.29807,10.33362,10.3707,10.40931,10.44945,10.49103,10.53405,10.578330000000001,10.62378,10.6704,10.71801,10.76661,10.81593,10.86597,10.91655,10.96758,11.01897,11.070630000000001,11.12238,11.17413,11.22588,11.27736,11.328660000000001,11.37951,11.43,11.480039999999999,11.529449999999999,11.57823,11.626290000000001,11.673630000000001,11.72016,11.765880000000001,11.810699999999999,11.854619999999999,11.89755,11.93958,11.98053,12.02049,12.05946,12.09726,12.134070000000001,12.16971,12.20436,12.23784,12.27024,12.30156,12.331710000000001,12.36087,12.388770000000001,12.41568,12.44142,12.46608,12.48966,12.51216,12.53358,12.55392,12.57318,12.591450000000002,12.60855,12.62475,12.63987,12.653910000000002,12.666960000000001,12.67911,12.69018,12.70035,12.70944,12.717720000000002,12.724920000000001,12.731309999999999,12.73671,12.74121,12.74481,12.74751,12.749310000000001,12.7503,12.75039,12.74967,12.748140000000001,12.745709999999999,12.742560000000001,12.73851,12.733740000000001,12.72816,12.721770000000001,12.71466,12.70683,12.69819,12.68883,12.67875,12.66804,12.65652,12.64428,12.63141,12.61791,12.6036,12.588750000000001,12.57318,12.55698,12.54006,12.5226,12.504420000000001,12.4857,12.46626,12.44628,12.42567,12.40443,12.38265,12.360149999999999,12.337110000000001,12.31353,12.28932,12.26448,12.2391,12.213090000000001,12.186539999999999,12.159360000000001,12.13155,12.103200000000001,12.07422,12.044699999999999,12.014550000000002,11.983680000000001,11.95227,11.92023,11.887559999999999,11.85426,11.82024,11.785590000000001,11.75022,11.714220000000001,11.67741,11.63988,11.60172,11.562660000000001,11.52288,11.48229,11.4408,11.3985,11.355300000000002,11.3112,11.26611,11.22003,11.172960000000002,11.124810000000002,11.07558,11.02518,10.9737,10.92087,10.866869999999999,10.81152,10.75473,10.69659,10.63692,10.57581,10.51299,10.448550000000001,10.3824,10.31445,10.24461,10.172880000000001,10.099169999999999,10.023390000000001,9.94545,9.86535,9.78291,9.698220000000001,9.61101,9.52146,9.42939,9.334710000000001,9.23751,9.13779,9.03546,8.930583,8.82324,8.713539,8.601615,8.487666,8.371953000000001,8.254800000000001,8.136648000000001,8.01801,7.899525000000001,7.78194,7.666164,7.553214,7.444278000000001,7.34067,7.243803,7.15518,7.076322,7.008723,6.95376,6.912612,6.886161,6.8749649999999995,6.879177,6.898536,6.932403000000001,6.979779,7.039413000000001,7.109838,7.189515,7.276833,7.370271,7.468335,7.569702000000001,7.673166000000001,7.777673999999999,7.882299000000001,7.986276,8.088966000000001,8.189829,8.288442,8.384454,8.477604000000001,8.567694,8.654553,8.738082,8.818209,8.894889000000001,8.968095,9.0378,9.104130000000001,9.16695,9.22644,9.28251,9.33525,9.38475,9.43101,9.47403,9.51399,9.55089,9.58464,9.61551,9.643320000000001,9.66825,9.69021,9.70938,9.725760000000001,9.739260000000002,9.75006,9.75798,9.763200000000001,9.76572,9.765450000000001,9.762480000000002,9.75672,9.74826,9.737100000000002,9.72315,9.7065,9.68706,9.66474,9.63972,9.611730000000001,9.58095,9.5472,9.51057,9.470970000000001,9.42831,9.38259,9.333810000000001,9.281880000000001,9.2268,9.16848,9.10683,9.04194,8.973756000000002,8.902215,8.827326,8.749098,8.667549000000001,8.582733,8.494731,8.403633000000001,8.309610000000001,8.212860000000001,8.113644,8.012304,7.909262999999999,7.805034,7.700256,7.5956850000000005,7.492203,7.390853999999999,7.292808000000001,7.19937,7.1119710000000005,7.032132000000001,6.961374,6.9012270000000004,6.853104,6.818211,6.797502000000001,6.791589,6.800697,6.824655000000001,6.862896,6.91452,6.978357,7.053021,7.137054,7.228943999999999,7.327197,7.430427000000001,7.537356000000001,7.646805,7.757793000000001,7.869420000000001,7.980966,8.091819,8.201457000000001,8.309493,8.415602999999999,8.519535000000001,8.621109,8.72019,8.816688,8.910549000000001,9.00171,9.09027,9.17613,9.25938,9.340110000000001,9.418230000000001,9.493920000000001,9.56718,9.63819,9.706859999999999,9.77337,9.83772,9.90009,9.96048,10.018889999999999,10.0755,10.130310000000001,10.1835,10.23498,10.28484,10.333260000000001,10.38015,10.4256,10.469790000000001,10.51254,10.554120000000001,10.59444,10.633680000000002,10.671660000000001,10.70865,10.74456,10.779390000000001,10.81332,10.84626,10.8783,10.909440000000002,10.939680000000001,10.9692,10.997819999999999,11.02572,11.052810000000001,11.079180000000001,11.10483,11.129850000000001,11.15415,11.17773,11.20077,11.223090000000001,11.24487,11.26602,11.286629999999999,11.306700000000001,11.32614,11.345130000000001,11.363489999999999,11.381400000000001,11.39877,11.415690000000001,11.432160000000001,11.44809,11.463659999999999,11.47869,11.49327,11.507489999999999,11.52126,11.53467,11.54763,11.56023,11.57256,11.58444,11.59596,11.60721,11.6181,11.628630000000001,11.63898,11.64897,11.65869,11.668230000000001,11.6775,11.686589999999999,11.695409999999999,11.70414,11.7126,11.720970000000001,11.72916,11.73726,11.74527,11.75328,11.76111,11.76903,11.776860000000001,11.784780000000001,11.79261,11.80062,11.808629999999999,11.81682,11.825099999999999,11.83356,11.8422,11.85102,11.860109999999999,11.86947,11.8791,11.889000000000001,11.89926,11.90997,11.92095,11.93247,11.94435,11.95668,11.96955,11.98296,11.99691,12.0114,12.02652,12.04227,12.05865,12.075660000000001,12.09339,12.11175,12.13092,12.15072,12.17133,12.19275,12.21489,12.23784,12.261600000000001,12.28617,12.31164,12.33783,12.36492,12.39282,12.42162,12.45114,12.48165,12.51297,12.5451,12.57813,12.61197,12.64662,12.682170000000001,12.718530000000001,12.75561,12.79359,12.83238,12.87189,12.91221,12.95334,12.995190000000001,13.03776,13.08105,13.12506,13.16979,13.215150000000001,13.261230000000001,13.30794,13.35528,13.40325,13.45185,13.50099,13.55076,13.60107,13.65183,13.70322,13.75506,13.80744,13.86027,13.91355,13.96728,14.02146
11.06091,10.88793,10.712610000000002,10.53495,10.355129999999999,10.17324,9.989640000000001,9.80451,9.61821,9.431280000000001,9.24426,9.05778,8.872839,8.690301,8.51139,8.337456,8.170038,8.010873,7.861841999999999,7.724916,7.602129,7.495451999999999,7.406694000000001,7.337367,7.288569,7.260885000000001,7.254306000000001,7.268247,7.301538,7.3525409999999995,7.419249000000001,7.499439000000001,7.590762,7.690905000000001,7.797654,7.908975000000001,8.023041000000001,8.138250000000001,8.253243000000001,8.366886000000001,8.478234,8.586549,8.691255,8.791902,8.888193,8.979903,9.066960000000002,9.149220000000001,9.2268,9.2997,9.36801,9.432,9.491760000000001,9.54738,9.599310000000001,9.64764,9.69255,9.734490000000001,9.77355,9.81009,9.84429,9.876510000000001,9.90702,9.936,9.9639,9.99072,10.01691,10.04274,10.06821,10.093860000000001,10.1196,10.14579,10.172609999999999,10.20015,10.22859,10.25811,10.28871,10.32048,10.3536,10.387979999999999,10.42371,10.460790000000001,10.499220000000001,10.53891,10.57995,10.622160000000001,10.66554,10.71,10.75554,10.80189,10.84914,10.89702,10.94562,10.994670000000001,11.044170000000001,11.09394,11.143979999999999,11.19411,11.244240000000001,11.29428,11.34423,11.39391,11.443230000000002,11.49219,11.540610000000001,11.58858,11.63583,11.682540000000001,11.728530000000001,11.77371,11.81808,11.861730000000001,11.904390000000001,11.946150000000001,11.98701,12.02697,12.06585,12.10374,12.14064,12.17655,12.21138,12.245130000000001,12.2778,12.309479999999999,12.33999,12.36951,12.39795,12.42531,12.451590000000001,12.4767,12.500910000000001,12.52395,12.54591,12.566880000000001,12.586770000000001,12.60567,12.62349,12.64023,12.656070000000001,12.67083,12.6846,12.69738,12.70926,12.72006,12.72996,12.73887,12.74688,12.75399,12.76011,12.76533,12.769739999999999,12.773159999999999,12.77577,12.77748,12.77829,12.77829,12.77748,12.77586,12.773340000000001,12.770100000000001,12.76605,12.761190000000001,12.75552,12.74913,12.74202,12.7341,12.72546,12.716099999999999,12.70602,12.69522,12.6837,12.67146,12.65859,12.645000000000001,12.63078,12.61584,12.60027,12.58407,12.56715,12.549600000000002,12.53151,12.5127,12.49326,12.473279999999999,12.45258,12.43134,12.40947,12.38697,12.36393,12.340259999999999,12.31596,12.291120000000001,12.265559999999999,12.239550000000001,12.21282,12.185550000000001,12.15765,12.12912,12.10005,12.070260000000001,12.039930000000002,12.00897,11.97729,11.94507,11.91213,11.87856,11.84427,11.80926,11.77362,11.73726,11.70009,11.6622,11.62359,11.58408,11.543849999999999,11.50272,11.46078,11.417850000000001,11.37402,11.32929,11.283570000000001,11.23677,11.18898,11.140020000000002,11.08998,11.038680000000001,10.98621,10.93248,10.8774,10.82097,10.76301,10.70361,10.64268,10.580129999999999,10.515870000000001,10.449900000000001,10.38204,10.31238,10.24074,10.16694,10.09116,10.01304,9.93276,9.85005,9.76491,9.677249999999999,9.58689,9.493920000000001,9.39825,9.2997,9.19836,9.09405,8.986851000000001,8.876745,8.763768,8.647992,8.529516000000001,8.408529,8.285247,8.159994000000001,8.033175000000002,7.905312,7.777053,7.6491810000000005,7.522668,7.398648000000001,7.278426,7.163496,7.055532,6.956289,6.867639,6.7914,6.729309,6.682842,6.653160000000001,6.640974000000001,6.646491,6.669387,6.7088339999999995,6.763599,6.832071,6.912459,7.002846,7.101324,7.206066000000001,7.315371,7.427709,7.541739,7.656318000000001,7.770474,7.883397,7.994421,8.103042,8.208836999999999,8.311473000000001,8.410734,8.50644,8.598455999999999,8.686719000000002,8.771193,8.851851,8.928711,9.001800000000001,9.071100000000001,9.1368,9.198720000000002,9.25722,9.31203,9.36351,9.411480000000001,9.45621,9.49761,9.53577,9.570780000000001,9.602640000000001,9.63144,9.65718,9.67995,9.69975,9.71658,9.73062,9.74169,9.74997,9.75537,9.75798,9.757800000000001,9.75474,9.748980000000001,9.74025,9.728819999999999,9.71451,9.697410000000001,9.677430000000001,9.65448,9.62865,9.59994,9.56817,9.533430000000001,9.49563,9.45468,9.410670000000001,9.363330000000001,9.31284,9.25893,9.20178,9.14112,9.07704,9.009450000000001,8.938206000000001,8.863398,8.784936,8.702811,8.617014000000001,8.527563,8.434503,8.337915,8.237925,8.134686,8.028459,7.919532000000001,7.808337,7.695378000000001,7.581285,7.466868,7.353063000000001,7.241004,7.1319870000000005,7.0275240000000005,6.929253,6.838965,6.758532,6.689799,6.634539,6.594264,6.570207,6.5631330000000005,6.573339,6.6005910000000005,6.644159999999999,6.702894,6.775308000000001,6.859674,6.954201,7.057035,7.1664390000000004,7.280766000000001,7.398567,7.518546,7.639596000000001,7.760790000000001,7.881345,8.00064,8.11818,8.233569000000001,8.346519,8.456796,8.564247,8.668773000000002,8.77032,8.868852,8.964378,9.05697,9.14652,9.23328,9.31716,9.39825,9.47673,9.55269,9.626040000000001,9.69696,9.76563,9.83196,9.89613,9.95823,10.01826,10.0764,10.13265,10.187100000000001,10.23984,10.29096,10.34046,10.388340000000001,10.43487,10.47987,10.52361,10.56591,10.607040000000001,10.64691,10.68561,10.72314,10.75959,10.79505,10.82943,10.862820000000001,10.89531,10.92681,10.957500000000001,10.98729,11.01627,11.04435,11.07171,11.09835,11.12418,11.149379999999999,11.173770000000001,11.19753,11.22066,11.243070000000001,11.264940000000001,11.28618,11.306790000000001,11.32677,11.3463,11.3652,11.383560000000001,11.401380000000001,11.418660000000001,11.43549,11.45187,11.46771,11.48301,11.49795,11.512440000000002,11.526390000000001,11.53998,11.55321,11.565990000000001,11.578320000000001,11.59038,11.60199,11.613240000000001,11.624220000000001,11.63484,11.645100000000001,11.655090000000001,11.664810000000001,11.67426,11.683440000000001,11.692350000000001,11.701080000000001,11.70963,11.71791,11.72601,11.734020000000001,11.74185,11.74959,11.75715,11.76471,11.77218,11.77965,11.78712,11.794500000000001,11.80206,11.80953,11.81718,11.82492,11.83275,11.84076,11.84895,11.85741,11.86605,11.87496,11.88414,11.89368,11.903490000000001,11.91375,11.92437,11.93544,11.94696,11.958929999999999,11.971440000000001,11.984490000000001,11.998080000000002,12.0123,12.02706,12.042539999999999,12.05856,12.0753,12.09276,12.11094,12.129840000000002,12.14946,12.16989,12.191130000000001,12.21318,12.235949999999999,12.25962,12.284099999999999,12.309479999999999,12.33558,12.36267,12.39057,12.41937,12.44898,12.47949,12.510810000000001,12.54312,12.57615,12.61017,12.645000000000001,12.68064,12.71718,12.75444,12.7926,12.831570000000001,12.871350000000001,12.911940000000001,12.95325,12.99537,13.038210000000001,13.08177,13.126050000000001,13.17105,13.21668,13.26303,13.3101,13.35771,13.40604,13.45491,13.50432,13.554359999999999,13.604940000000001,13.65615,13.70781,13.759920000000001,13.812570000000001,13.86567,13.91931,13.97331,14.027759999999999
10.99539,10.81728,10.636289999999999,10.45251,10.26612,10.07712,9.88578,9.69228,9.496979999999999,9.30033,9.10296,8.905437000000001,8.708652,8.51364,8.321652,8.134164,7.952895000000001,7.779798,7.617077999999999,7.467093,7.332309,7.215192000000001,7.118037,7.042824,6.991020000000001,6.963444,6.960159,6.980472,7.0229159999999995,7.085466,7.1656200000000005,7.260642,7.367688,7.484004,7.607007,7.7343660000000005,7.86402,7.994223,8.123517,8.250714,8.374851,8.495190000000001,8.611182000000001,8.722422,8.82864,8.929674,9.02547,9.11601,9.201329999999999,9.28152,9.35685,9.42741,9.49338,9.55503,9.61263,9.66636,9.71649,9.763290000000001,9.807120000000001,9.84825,9.88677,9.92322,9.95769,9.990450000000001,10.02186,10.052190000000001,10.08153,10.110330000000001,10.13868,10.16685,10.19502,10.22337,10.25217,10.28142,10.311390000000001,10.342170000000001,10.373850000000001,10.40643,10.44018,10.47501,10.51092,10.54809,10.586340000000002,10.62576,10.66626,10.707930000000001,10.7505,10.79406,10.83852,10.88388,10.92987,10.97649,11.02374,11.07135,11.11941,11.16774,11.21625,11.264850000000001,11.31345,11.36205,11.41038,11.45853,11.50641,11.553840000000001,11.60091,11.64735,11.69334,11.73861,11.783249999999999,11.827169999999999,11.87037,11.91276,11.95425,11.99493,12.03471,12.073590000000001,12.11148,12.148380000000001,12.18438,12.2193,12.25332,12.28626,12.31812,12.34899,12.378870000000001,12.407670000000001,12.43548,12.46212,12.487860000000001,12.51243,12.536010000000001,12.5586,12.58011,12.60063,12.62007,12.63852,12.65589,12.67236,12.68784,12.70224,12.71574,12.728250000000001,12.73977,12.7503,12.760019999999999,12.76866,12.776489999999999,12.78333,12.78927,12.7944,12.79854,12.80187,12.804300000000001,12.80592,12.80664,12.80655,12.805560000000002,12.80385,12.80133,12.798,12.79386,12.78891,12.78324,12.776760000000001,12.76956,12.761640000000002,12.753,12.743549999999999,12.73347,12.72258,12.71106,12.69882,12.68595,12.67236,12.658050000000001,12.64311,12.62754,12.61134,12.594420000000001,12.57687,12.55869,12.53988,12.52044,12.50037,12.47967,12.458430000000002,12.436470000000002,12.41397,12.39084,12.36708,12.342690000000001,12.317760000000002,12.2922,12.26601,12.23928,12.21183,12.18384,12.15513,12.12588,12.096,12.06549,12.03426,12.00249,11.97,11.93679,11.90295,11.86839,11.83311,11.7972,11.76048,11.722949999999999,11.684700000000001,11.64564,11.605770000000001,11.565,11.523420000000002,11.48094,11.43747,11.3931,11.34774,11.30139,11.253870000000001,11.20536,11.15568,11.10474,11.05263,10.99926,10.94454,10.88847,10.83096,10.77192,10.711260000000001,10.64907,10.58517,10.51947,10.451970000000001,10.382579999999999,10.311119999999999,10.23768,10.161990000000001,10.08405,10.00377,9.92106,9.83583,9.74799,9.657449999999999,9.56403,9.467730000000001,9.36837,9.26595,9.16038,9.05157,8.939475,8.824077,8.705367,8.583372,8.458173,8.329896,8.198748,8.06499,7.929018,7.7913179999999995,7.652556000000001,7.513523999999999,7.375248,7.238943,7.1060669999999995,6.978312,6.857604,6.746058,6.6459150000000005,6.559443,6.488829,6.4359720000000005,6.402375,6.388974,6.396057,6.4232190000000005,6.46938,6.532947,6.611886,6.703947,6.806763,6.918048000000001,7.035624,7.157529,7.282044000000001,7.407693,7.533234,7.657641,7.780104000000001,7.899966,8.016732,8.130015,8.239527,8.345079,8.446527000000001,8.543817,8.636885999999999,8.725743000000001,8.810406,8.89092,8.96733,9.03969,9.10809,9.17262,9.23337,9.29034,9.34371,9.39348,9.43974,9.482579999999999,9.522,9.55818,9.59112,9.62082,9.64737,9.670860000000001,9.69129,9.70866,9.72315,9.734580000000001,9.743129999999999,9.748800000000001,9.751500000000002,9.75132,9.74826,9.74232,9.7335,9.72171,9.707040000000001,9.68949,9.66897,9.645480000000001,9.61893,9.589409999999999,9.556740000000001,9.52092,9.481950000000001,9.43983,9.39429,9.34551,9.29322,9.23751,9.17829,9.11538,9.04878,8.978418,8.90424,8.826147,8.744102999999999,8.658054,8.567964,8.473806000000002,8.375598,8.273376,8.16723,8.057268,7.943715,7.826823,7.706987999999999,7.584687,7.460567999999999,7.335432,7.210278,7.086312,6.964983,6.847983,6.737211,6.634791000000001,6.542982,6.464061,6.400251,6.353496000000001,6.3253710000000005,6.316884000000001,6.328404,6.359634,6.4096020000000005,6.476832,6.559389,6.655139999999999,6.761817000000001,6.8772150000000005,6.999255000000001,7.126029,7.255889999999999,7.3874070000000005,7.519392,7.650855,7.781013,7.909236000000001,8.035056,8.158104,8.278119,8.394912000000001,8.508375,8.618445000000001,8.725104,8.828351999999999,8.928225,9.024750000000001,9.11808,9.208260000000001,9.295380000000002,9.37944,9.46071,9.539100000000001,9.61488,9.68805,9.758700000000001,9.827010000000001,9.892980000000001,9.95679,10.01844,10.07802,10.13562,10.19142,10.24533,10.29762,10.34811,10.397070000000001,10.444500000000001,10.490400000000001,10.53495,10.578059999999999,10.619909999999999,10.66041,10.69974,10.7379,10.77489,10.81089,10.84572,10.87956,10.912410000000001,10.94436,10.975320000000002,11.00547,11.03472,11.06307,11.0907,11.11752,11.14353,11.16882,11.193389999999999,11.21733,11.24046,11.26305,11.28492,11.30616,11.32677,11.34684,11.366280000000001,11.38509,11.403450000000001,11.421180000000001,11.438460000000001,11.45511,11.47131,11.487060000000001,11.502270000000001,11.51694,11.53125,11.54511,11.558430000000001,11.571390000000001,11.58399,11.59614,11.607840000000001,11.61918,11.63025,11.640870000000001,11.65122,11.661209999999999,11.67084,11.6802,11.68929,11.69811,11.706750000000001,11.71503,11.723130000000001,11.73105,11.738790000000002,11.746350000000001,11.75382,11.76111,11.768310000000001,11.77542,11.78244,11.78946,11.79648,11.803410000000001,11.81043,11.81754,11.82474,11.83194,11.83932,11.84688,11.854619999999999,11.862540000000001,11.87073,11.87919,11.887920000000001,11.89701,11.90637,11.91618,11.92644,11.93706,11.94813,11.95974,11.9718,11.984490000000001,11.997720000000001,12.01158,12.02598,12.0411,12.05685,12.07332,12.09042,12.10833,12.12705,12.14649,12.16665,12.187710000000001,12.20958,12.23226,12.25584,12.280230000000001,12.305430000000001,12.331620000000001,12.35862,12.38652,12.415320000000001,12.444930000000001,12.475530000000001,12.50694,12.539340000000001,12.57255,12.606660000000002,12.641580000000001,12.6774,12.71412,12.75165,12.78999,12.82923,12.86919,12.91005,12.951630000000002,12.994019999999999,13.03713,13.08105,13.1256,13.17087,13.216949999999999,13.26357,13.31091,13.35888,13.40748,13.456710000000001,13.50648,13.55688,13.60782,13.6593,13.71132,13.76379,13.8168,13.87026,13.92417,13.978530000000001,14.033339999999999
10.93302,10.749600000000001,10.563030000000001,10.373130000000002,10.17999,9.9837,9.784440000000002,9.58239,9.37782,9.17109,8.96274,8.753418,8.543979,8.33544,8.129124000000001,7.926597,7.72974,7.540767,7.362216,7.196886,7.047801000000001,6.9180209999999995,6.810507,6.727842000000001,6.672015,6.644178,6.644502,6.672123,6.725223000000001,6.801201,6.896916,7.008966,7.133886,7.268390999999999,7.409466,7.554438,7.701039000000001,7.847361000000001,7.9918830000000005,8.133354,8.270847000000002,8.40366,8.531262,8.65332,8.769618000000001,8.880066000000001,8.984637,9.083430000000002,9.17649,9.26397,9.34614,9.42309,9.49527,9.56268,9.62586,9.68481,9.739980000000001,9.791640000000001,9.840060000000001,9.88551,9.92835,9.96867,10.007010000000001,10.04337,10.07829,10.11177,10.144260000000001,10.17585,10.2069,10.23759,10.26801,10.29852,10.329120000000001,10.36008,10.39149,10.42353,10.4562,10.48977,10.52415,10.559429999999999,10.59561,10.63287,10.67103,10.71018,10.75032,10.79136,10.833300000000001,10.87614,10.919699999999999,10.96398,11.008890000000001,11.05434,11.100330000000001,11.146770000000002,11.193480000000001,11.24037,11.28753,11.33469,11.38185,11.42901,11.47599,11.5227,11.569139999999999,11.615219999999999,11.66085,11.70594,11.750580000000001,11.794590000000001,11.83797,11.88063,11.92266,11.963790000000001,12.004199999999999,12.0438,12.082500000000001,12.1203,12.157290000000001,12.19329,12.2283,12.262410000000001,12.29553,12.32766,12.3588,12.38895,12.41811,12.446190000000001,12.473279999999999,12.49938,12.52449,12.54852,12.571560000000002,12.59361,12.61467,12.63465,12.65373,12.67173,12.68874,12.70485,12.71997,12.73401,12.747240000000001,12.75939,12.77064,12.780990000000001,12.79035,12.798810000000001,12.806370000000001,12.813030000000001,12.81888,12.82374,12.8277,12.830850000000002,12.83319,12.83463,12.83526,12.835080000000001,12.834,12.8322,12.829500000000001,12.826080000000001,12.82185,12.8169,12.81114,12.80466,12.79737,12.78945,12.780719999999999,12.771270000000001,12.7611,12.750210000000001,12.73869,12.72645,12.71349,12.699900000000001,12.685590000000001,12.67065,12.65499,12.63879,12.621870000000001,12.60432,12.58605,12.56724,12.5478,12.527640000000002,12.50694,12.48561,12.46365,12.44106,12.41793,12.39408,12.36969,12.34458,12.31893,12.29265,12.265830000000001,12.238290000000001,12.210120000000002,12.181320000000001,12.15198,12.12192,12.09114,12.05982,12.02778,11.99502,11.96163,11.927520000000001,11.89278,11.85723,11.82087,11.78388,11.74599,11.70738,11.667959999999999,11.627640000000001,11.58642,11.54439,11.50137,11.45745,11.41245,11.36655,11.31948,11.271419999999999,11.2221,11.171700000000001,11.120040000000001,11.06712,11.01285,10.95723,10.90008,10.84158,10.78137,10.71963,10.656179999999999,10.59102,10.52397,10.45494,10.38393,10.31085,10.23561,10.15803,10.07811,9.995669999999999,9.910710000000002,9.82305,9.732510000000001,9.639090000000001,9.54261,9.44298,9.340110000000001,9.23382,9.12411,9.010800000000001,8.893764,8.773038000000001,8.648541,8.520246,8.38818,8.252433000000002,8.113149,7.970543999999999,7.82496,7.676865,7.526871,7.375788000000001,7.22466,7.074792,6.927759,6.785469,6.650136,6.524262,6.410574,6.311897999999999,6.231006,6.1703730000000006,6.13197,6.117075000000001,6.126066,6.158412,6.212709,6.286869,6.378273,6.484077,6.601365,6.727347,6.8594669999999995,6.995484,7.133463,7.271802,7.409187000000001,7.544574000000001,7.677153000000001,7.806303,7.931556,8.052588,8.169165000000001,8.281143,8.388441,8.491041000000001,8.588951999999999,8.682201000000001,8.77086,8.85501,8.934732,9.01008,9.08127,9.14832,9.21132,9.27036,9.32553,9.37701,9.4248,9.468990000000002,9.50976,9.54702,9.58095,9.611550000000001,9.63891,9.663120000000001,9.68409,9.70209,9.71694,9.72873,9.73755,9.743310000000001,9.74619,9.746010000000002,9.74295,9.73692,9.72792,9.715860000000001,9.70092,9.682920000000001,9.66186,9.63774,9.61056,9.58014,9.546660000000001,9.50985,9.469800000000001,9.42633,9.379529999999999,9.329220000000001,9.27531,9.21771,9.15642,9.09126,9.02223,8.949231000000001,8.872092,8.790759,8.705151,8.615187,8.520777,8.421894,8.318475,8.210529,8.098083,7.981209,7.860068999999999,7.734870000000001,7.605945,7.473744,7.338879,7.202151000000001,7.064577,6.927435,6.7923,6.661062,6.535908,6.419358,6.314121,6.223041,6.148917,6.094287,6.061176,6.050952,6.064074000000001,6.100155,6.157908000000001,6.235353,6.330015,6.439167,6.559992,6.689817000000001,6.826167,6.966873,7.110054,7.25418,7.397964000000001,7.540407,7.680726000000001,7.818327,7.95276,8.083719,8.210988,8.334432,8.453997000000001,8.569656,8.681445,8.7894,8.893611,8.994168,9.09117,9.18468,9.27495,9.36198,9.44586,9.52677,9.604890000000001,9.68022,9.75294,9.82305,9.890820000000001,9.95616,10.01934,10.08036,10.1394,10.19637,10.25154,10.30482,10.35639,10.40634,10.45458,10.501380000000001,10.546650000000001,10.590570000000001,10.63305,10.67427,10.71423,10.75293,10.79046,10.82691,10.86219,10.89648,10.92978,10.962,10.99332,11.02374,11.05326,11.08188,11.109689999999999,11.13669,11.16288,11.18835,11.2131,11.23704,11.26035,11.28294,11.30481,11.32605,11.34675,11.36673,11.38608,11.40489,11.42316,11.4408,11.45799,11.474549999999999,11.49057,11.50614,11.52117,11.53575,11.54988,11.56347,11.57661,11.58939,11.60163,11.61351,11.62503,11.6361,11.64681,11.657160000000001,11.66715,11.67678,11.68614,11.69514,11.70387,11.71233,11.72052,11.728439999999999,11.736180000000001,11.74365,11.75094,11.758140000000001,11.76507,11.77191,11.77866,11.78532,11.79189,11.79846,11.80494,11.81142,11.81799,11.824560000000002,11.83122,11.83797,11.844899999999999,11.85192,11.85912,11.86659,11.87424,11.88225,11.890440000000002,11.89908,11.90799,11.91726,11.92698,11.93715,11.94786,11.95902,11.970630000000002,11.98287,11.99574,12.00915,12.02319,12.03795,12.05334,12.06954,12.08637,12.10401,12.12246,12.141630000000001,12.16161,12.18249,12.204180000000001,12.22668,12.25008,12.274379999999999,12.29958,12.32568,12.35268,12.38058,12.40938,12.439079999999999,12.46977,12.50127,12.53376,12.56706,12.60135,12.63645,12.672540000000001,12.70944,12.747150000000001,12.78576,12.82527,12.8655,12.90663,12.94848,12.99114,13.03461,13.078800000000001,13.123800000000001,13.16943,13.21578,13.26276,13.31046,13.35879,13.40784,13.45743,13.50756,13.55832,13.609620000000001,13.66146,13.713840000000001,13.766670000000001,13.82004,13.87386,13.92813,13.982850000000001,14.03802
10.87407,10.68552,10.49328,10.29726,10.09746,9.89388,9.68661,9.47583,9.26163,9.04446,8.824761,8.603037,8.380125,8.15706,7.935147,7.716033,7.501742999999999,7.294743000000001,7.0979220000000005,6.914592,6.748416,6.603255,6.4828980000000005,6.390783,6.329628,6.3010530000000005,6.305391,6.341562,6.407217,6.49899,6.612885,6.7446090000000005,6.889932,7.0449209999999995,7.206066000000001,7.370361,7.535304,7.698888000000001,7.859502,8.015949,8.167311,8.31294,8.452404,8.585433,8.711901000000001,8.831771999999999,8.945109,9.05202,9.15273,9.24741,9.33624,9.419580000000002,9.497700000000002,9.57087,9.63936,9.703439999999999,9.76347,9.81981,9.87264,9.922320000000001,9.96912,10.01331,10.05525,10.09512,10.133280000000001,10.16991,10.20528,10.23966,10.27323,10.30626,10.338930000000001,10.37142,10.40382,10.4364,10.46925,10.50246,10.536209999999999,10.570590000000001,10.6056,10.64133,10.67787,10.71522,10.75338,10.79235,10.83222,10.87281,10.91412,10.956240000000001,10.998990000000001,11.04237,11.08629,11.13075,11.175569999999999,11.220749999999999,11.266290000000001,11.31192,11.35773,11.40363,11.449440000000001,11.49525,11.54088,11.58624,11.63133,11.67606,11.72043,11.76426,11.807640000000001,11.850389999999999,11.8926,11.93409,11.974860000000001,12.015,12.05424,12.09276,12.13047,12.16728,12.203280000000001,12.238380000000001,12.272490000000001,12.3057,12.33801,12.36942,12.399750000000001,12.42918,12.45762,12.48507,12.51153,12.537,12.561480000000001,12.58497,12.60756,12.62907,12.64959,12.66921,12.687750000000001,12.705390000000001,12.72204,12.7377,12.75246,12.76623,12.77901,12.79098,12.80187,12.81195,12.82113,12.82932,12.8367,12.84318,12.84867,12.853439999999999,12.85722,12.86028,12.862440000000001,12.8637,12.86415,12.86388,12.86271,12.86082,12.85803,12.85452,12.850200000000001,12.84516,12.8394,12.83283,12.82554,12.81744,12.80871,12.79926,12.789000000000001,12.778110000000002,12.7665,12.75426,12.7413,12.72762,12.71331,12.698369999999999,12.68271,12.66642,12.6495,12.63186,12.61368,12.59478,12.57525,12.55518,12.53439,12.51297,12.49101,12.46833,12.44511,12.42126,12.396690000000001,12.37158,12.345839999999999,12.31947,12.292470000000002,12.26484,12.23658,12.20769,12.17808,12.14793,12.11706,12.08547,12.05325,12.02031,11.986650000000001,11.95236,11.91726,11.88144,11.84481,11.80746,11.7693,11.73033,11.69046,11.64978,11.6082,11.56563,11.522160000000001,11.4777,11.432250000000002,11.385720000000001,11.33802,11.28933,11.23938,11.18826,11.135790000000002,11.08206,11.02698,10.97046,10.912410000000001,10.85283,10.791630000000001,10.72881,10.664100000000001,10.59768,10.52928,10.4589,10.38636,10.31166,10.23471,10.15533,10.07343,9.98901,9.90171,9.81162,9.718560000000002,9.622349999999999,9.5229,9.42003,9.31374,9.20367,9.08982,8.972019,8.850168,8.724141000000001,8.593848,8.459217,8.320221,8.176878,8.02926,7.877529,7.721955,7.562933999999999,7.401032999999999,7.237026,7.071957,6.907176000000001,6.744366,6.5856330000000005,6.433506,6.290928,6.161202,6.047874,5.954472,5.884263000000001,5.839911,5.823126,5.834448,5.873184,5.937444,6.024456,6.130809,6.252858,6.387003,6.52986,6.678432000000001,6.830181,6.982965,7.135074,7.285176,7.432218000000001,7.575426,7.714242,7.848261000000001,7.97724,8.101008,8.219484,8.332677,8.440596,8.543322,8.640936,8.733555,8.821287,8.904258,8.982594,9.05643,9.125910000000001,9.191070000000002,9.252089999999999,9.30915,9.36225,9.411480000000001,9.45711,9.49896,9.53739,9.57222,9.603720000000001,9.63189,9.65673,9.67833,9.69678,9.71199,9.72414,9.73323,9.739260000000002,9.742140000000001,9.74205,9.7389,9.73278,9.723600000000001,9.71136,9.69597,9.677610000000001,9.6561,9.63135,9.60354,9.5724,9.53802,9.500309999999999,9.45918,9.41454,9.36639,9.31455,9.259020000000001,9.19971,9.13644,9.06912,8.997732,8.922069,8.842032,8.757522,8.668395,8.574551999999999,8.475867000000001,8.372259,8.263629,8.149914,8.031096,7.907184,7.778259,7.644465,7.5060720000000005,7.3634580000000005,7.217181,7.067997,6.916932,6.765282,6.614739,6.467373,6.325704,6.192639,6.071499,5.965812000000001,5.879142,5.814819,5.775552,5.76315,5.7782789999999995,5.8203629999999995,5.887665,5.977539,6.086736,6.211746,6.349077,6.495471,6.6480120000000005,6.804234,6.962076000000001,7.119873,7.27632,7.430409,7.581402000000001,7.728750000000001,7.872075000000001,8.011134,8.145774000000001,8.275941,8.401635,8.522883,8.639775,8.75241,8.860905,8.965386,9.06597,9.162899999999999,9.25614,9.34596,9.432540000000001,9.515880000000001,9.59625,9.67365,9.74826,9.820170000000001,9.88965,9.956610000000001,10.021230000000001,10.0836,10.1439,10.20213,10.258379999999999,10.312740000000002,10.3653,10.41615,10.46529,10.5129,10.55898,10.603530000000001,10.646730000000002,10.68849,10.72899,10.768320000000001,10.8063,10.8432,10.87893,10.913670000000002,10.94724,10.97982,11.0115,11.04219,11.07189,11.10078,11.12877,11.15595,11.182319999999999,11.207880000000001,11.23272,11.25675,11.28015,11.30274,11.3247,11.34594,11.36655,11.38653,11.40588,11.424600000000002,11.44278,11.46033,11.47734,11.49381,11.50974,11.52513,11.53998,11.55438,11.568240000000001,11.58165,11.59452,11.60703,11.61909,11.630700000000001,11.64186,11.652660000000001,11.66301,11.673,11.68272,11.69199,11.70099,11.70963,11.71791,11.72601,11.73375,11.74131,11.7486,11.75562,11.76255,11.769210000000001,11.775689999999999,11.78208,11.78829,11.794500000000001,11.80053,11.80656,11.81259,11.81853,11.824560000000002,11.830589999999999,11.83671,11.84301,11.849310000000001,11.85579,11.862540000000001,11.86938,11.876579999999999,11.88396,11.8917,11.89971,11.90817,11.91699,11.92617,11.93589,11.94597,11.95668,11.96793,11.97972,11.99205,12.0051,12.018780000000001,12.033090000000001,12.048210000000001,12.063960000000002,12.08052,12.09789,12.11598,12.134970000000001,12.15468,12.17538,12.19689,12.2193,12.24252,12.26673,12.29184,12.31794,12.344850000000001,12.37275,12.40164,12.43134,12.46212,12.49371,12.526290000000001,12.559859999999999,12.594240000000001,12.62961,12.665790000000001,12.702960000000001,12.74094,12.77982,12.8196,12.86019,12.90159,12.9438,12.98682,13.030650000000001,13.0752,13.120470000000001,13.16655,13.21326,13.26069,13.30875,13.35753,13.40685,13.45689,13.50747,13.558589999999999,13.61034,13.66254,13.71537,13.768650000000001,13.82238,13.87656,13.931280000000001,13.98636,14.04189
10.819080000000001,10.625580000000001,10.42776,10.225710000000001,10.01934,9.808470000000002,9.59319,9.37359,9.14976,8.921889,8.6904,8.455770000000001,8.218701000000001,7.9801649999999995,7.74144,7.504191,7.270551000000001,7.043184,6.825357,6.62094,6.434343,6.270417,6.134076,6.029928,5.961708,5.931774,5.940666,5.987025000000001,6.067719,6.17832,6.313626,6.46821,6.636879,6.814935,6.998328,7.183719,7.368417,7.550325000000001,7.7278590000000005,7.899849,8.065476,8.224182,8.375651999999999,8.519706000000001,8.656326,8.785557,8.907561,9.0225,9.130680000000002,9.232380000000001,9.32778,9.41724,9.50121,9.57978,9.653490000000001,9.72252,9.787230000000001,9.84798,9.90504,9.958770000000001,10.00935,10.05723,10.10268,10.14588,10.187100000000001,10.22679,10.26495,10.30194,10.33794,10.37322,10.40796,10.442340000000002,10.47645,10.51056,10.54485,10.57923,10.61397,10.64916,10.68489,10.721070000000001,10.75797,10.795499999999999,10.83366,10.87254,10.912049999999999,10.95228,10.99314,11.03454,11.07657,11.11914,11.16216,11.20563,11.24946,11.293560000000001,11.33793,11.382390000000001,11.42703,11.47167,11.51631,11.56077,11.60514,11.64924,11.69307,11.73654,11.77965,11.82231,11.86443,11.90601,11.94705,11.98737,12.02715,12.066120000000002,12.10437,12.14181,12.17853,12.21444,12.24945,12.28365,12.31695,12.349350000000001,12.38085,12.41136,12.44097,12.46968,12.49749,12.524220000000001,12.55005,12.574980000000002,12.59892,12.621870000000001,12.643830000000001,12.6648,12.68487,12.70404,12.72213,12.73932,12.75561,12.77091,12.78531,12.798720000000001,12.81123,12.822840000000001,12.833549999999999,12.84327,12.85218,12.86019,12.8673,12.873510000000001,12.878910000000001,12.88341,12.8871,12.889890000000001,12.891960000000001,12.89313,12.89349,12.89295,12.89169,12.88971,12.88683,12.883230000000001,12.878910000000001,12.87378,12.86784,12.861270000000001,12.85389,12.84579,12.836969999999999,12.827430000000001,12.81717,12.806280000000001,12.794580000000002,12.782340000000001,12.76929,12.75561,12.7413,12.72627,12.710609999999999,12.69423,12.67731,12.65967,12.641399999999999,12.6225,12.60297,12.58281,12.56202,12.54051,12.51846,12.49578,12.47247,12.44853,12.42396,12.398760000000001,12.37293,12.34647,12.31938,12.29166,12.26322,12.234150000000001,12.20445,12.17412,12.14307,12.111300000000002,12.078899999999999,12.04578,12.011940000000001,11.97738,11.94201,11.90592,11.869019999999999,11.8314,11.79288,11.75355,11.71332,11.672189999999999,11.63016,11.587230000000002,11.543310000000002,11.49831,11.45232,11.40525,11.3571,11.307690000000001,11.257109999999999,11.20527,11.15217,11.09763,11.041739999999999,10.98432,10.925460000000001,10.86489,10.8027,10.738800000000001,10.67301,10.60533,10.535670000000001,10.46385,10.38996,10.31373,10.23516,10.15398,10.07028,9.98379,9.89442,9.80199,9.70641,9.60759,9.505260000000002,9.39924,9.289530000000001,9.17577,9.05796,8.935776,8.809155,8.677908,8.541882000000001,8.400960000000001,8.255034,8.104041,7.94799,7.786944,7.621083,7.450704000000001,7.276302,7.098579,6.918507,6.737445,6.557148000000001,6.379893,6.208515,6.046443000000001,5.897664,5.766597,5.657832,5.575698,5.523831,5.504625,5.518863,5.5655730000000005,5.64219,5.744934,5.869323,6.010659,6.164442,6.326631,6.493743,6.662916,6.831855,6.998805,7.162407000000001,7.321689000000001,7.475958,7.624728000000001,7.767710999999999,7.904736,8.03574,8.160732,8.279775,8.392968,8.500437,8.602335,8.698824,8.790039,8.876169,8.957367,9.03375,9.10557,9.17289,9.235890000000001,9.29466,9.34929,9.39996,9.44685,9.48987,9.529290000000001,9.56511,9.59742,9.62631,9.65178,9.673919999999999,9.692820000000001,9.70848,9.7209,9.730260000000001,9.736379999999999,9.73944,9.73944,9.7362,9.72999,9.720630000000002,9.70812,9.692459999999999,9.67365,9.65169,9.62649,9.59796,9.5661,9.53091,9.4923,9.45009,9.40437,9.35496,9.301770000000001,9.244710000000001,9.1836,9.118440000000001,9.049140000000001,8.975376,8.897175,8.814339,8.726724,8.634177,8.536536,8.433657,8.325387,8.211591,8.092134000000001,7.966944,7.835931,7.6991130000000005,7.556553,7.4083950000000005,7.254954,7.096671,6.934248,6.76863,6.6011310000000005,6.433497,6.26796,6.107319,5.954985,5.814927,5.691573,5.589504,5.513121,5.4661230000000005,5.450994,5.468652,5.5182780000000005,5.597469,5.7026069999999995,5.829381,5.9732460000000005,6.129837,6.295221000000001,6.4660139999999995,6.639435000000001,6.81327,6.985782,7.155684,7.322004,7.484085,7.641468000000001,7.793865,7.941123,8.083188,8.220077999999999,8.351856,8.478639,8.600571,8.717787,8.830466999999999,8.938773,9.04293,9.14301,9.239220000000001,9.33183,9.42084,9.50652,9.58905,9.668429999999999,9.74493,9.81864,9.88965,9.95814,10.02411,10.08783,10.14939,10.2087,10.26603,10.32138,10.37484,10.426590000000001,10.47663,10.52496,10.57167,10.61694,10.66077,10.70316,10.744200000000001,10.783980000000001,10.8225,10.85985,10.895940000000001,10.93104,10.96497,10.997910000000001,11.029770000000001,11.06073,11.0907,11.11977,11.14803,11.1753,11.20185,11.2275,11.25243,11.27655,11.29986,11.32254,11.3445,11.36574,11.38635,11.40624,11.42559,11.44422,11.46231,11.47977,11.496599999999999,11.51289,11.52864,11.543849999999999,11.558520000000001,11.57274,11.58633,11.59956,11.612160000000001,11.624400000000001,11.636190000000001,11.64744,11.65833,11.66886,11.67885,11.68857,11.697840000000001,11.706750000000001,11.71539,11.72358,11.7315,11.73915,11.74653,11.75355,11.760390000000001,11.767050000000001,11.77344,11.77956,11.785590000000001,11.79144,11.7972,11.80287,11.80836,11.81385,11.81934,11.82474,11.83023,11.83572,11.84121,11.84688,11.852640000000001,11.85858,11.864700000000001,11.871,11.87757,11.88441,11.89161,11.89908,11.906910000000002,11.91519,11.92383,11.933010000000001,11.94264,11.952810000000001,11.96352,11.974860000000001,11.986740000000001,11.99934,12.01257,12.02652,12.04119,12.05658,12.07278,12.08979,12.1077,12.12633,12.14586,12.16629,12.18762,12.20985,12.23298,12.2571,12.28212,12.30813,12.335130000000001,12.36303,12.39192,12.421710000000001,12.45258,12.484259999999999,12.51702,12.55068,12.58533,12.62088,12.657330000000002,12.69477,12.73302,12.77226,12.812310000000002,12.85317,12.89493,12.9375,12.980879999999999,13.025070000000001,13.07007,13.11579,13.162230000000001,13.209389999999999,13.25718,13.30569,13.354920000000002,13.40469,13.45518,13.50621,13.55778,13.60989,13.66263,13.71582,13.76955,13.823730000000001,13.87836,13.933440000000001,13.98897,14.04495
10.76859,10.57023,10.3671,10.1592,9.946259999999999,9.728280000000002,9.50517,9.27675,9.0432,8.804628000000001,8.561196,8.313317999999999,8.061561000000001,7.806780000000001,7.550154000000001,7.293303,7.038387,6.788214,6.546375,6.317316,6.106329000000001,5.919453,5.763096,5.643504,5.565915,5.533758000000001,5.54796,5.6067029999999995,5.70573,5.839056,5.999805,6.181074000000001,6.376455,6.580404000000001,6.788340000000001,6.9965910000000004,7.202367,7.403562,7.598673000000001,7.786638000000001,7.966773,8.138673,8.302149,8.457165000000002,8.603802,8.742249,8.872731,8.995536,9.11097,9.219420000000001,9.32112,9.41661,9.506070000000001,9.58995,9.668520000000001,9.74232,9.81153,9.876510000000001,9.93762,9.995130000000001,10.04949,10.10079,10.14957,10.19592,10.240110000000001,10.28259,10.32336,10.362870000000001,10.40121,10.438649999999999,10.47537,10.511550000000002,10.54737,10.582920000000001,10.61847,10.65402,10.68975,10.725750000000001,10.76211,10.79883,10.836,10.873709999999999,10.91196,10.950750000000001,10.99008,11.02995,11.07036,11.111220000000001,11.15262,11.19447,11.236680000000002,11.279250000000001,11.32209,11.3652,11.40849,11.45196,11.49543,11.5389,11.582370000000001,11.625660000000002,11.66877,11.7117,11.75436,11.796660000000001,11.8386,11.880090000000001,11.92104,11.96154,12.00141,12.040650000000001,12.07926,12.11724,12.1545,12.19095,12.22677,12.26169,12.295800000000002,12.3291,12.36159,12.393089999999999,12.423869999999999,12.453660000000001,12.48255,12.51054,12.53763,12.56373,12.588930000000001,12.61323,12.63654,12.65895,12.68046,12.70098,12.720600000000001,12.739230000000001,12.756960000000001,12.7737,12.78954,12.80448,12.818520000000001,12.831570000000001,12.84381,12.85506,12.8655,12.87504,12.88359,12.89142,12.89826,12.904290000000001,12.90942,12.913829999999999,12.91725,12.91995,12.92175,12.922830000000001,12.92301,12.92238,12.92103,12.91887,12.91599,12.91221,12.9078,12.90258,12.89664,12.889890000000001,12.88251,12.87432,12.86541,12.85587,12.84561,12.83463,12.82293,12.8106,12.797550000000001,12.78378,12.76947,12.75435,12.73869,12.72231,12.705300000000001,12.687660000000001,12.66939,12.6504,12.63087,12.610619999999999,12.58974,12.56832,12.546180000000001,12.52341,12.50001,12.47607,12.45141,12.426120000000001,12.4002,12.37365,12.34647,12.318570000000001,12.29004,12.26088,12.231,12.20049,12.16935,12.137400000000001,12.10482,12.07143,12.037410000000001,12.00258,11.96703,11.93067,11.8935,11.85552,11.81673,11.77704,11.73645,11.69505,11.65257,11.609190000000002,11.564820000000001,11.51937,11.47293,11.425320000000001,11.37654,11.326590000000001,11.27538,11.22291,11.16909,11.11383,11.057220000000001,10.998990000000001,10.93923,10.87776,10.81458,10.749690000000001,10.68282,10.61397,10.543140000000001,10.47006,10.39473,10.31706,10.23696,10.154160000000001,10.068660000000001,9.98019,9.88884,9.79425,9.69633,9.594899999999999,9.48978,9.38079,9.26784,9.15057,9.02889,8.902476,8.771229,8.634897,8.493273,8.346168,8.193393,8.034813,7.870329,7.699905,7.523595,7.341579000000001,7.154217,6.962085,6.766056,6.5674079999999995,6.367905,6.169923000000001,5.976567,5.791761,5.620284000000001,5.467635,5.339772000000001,5.242581,5.181084,5.158728,5.1766380000000005,5.233473,5.325615,5.447826,5.594112,5.75838,5.93505,6.119289,6.3071280000000005,6.4954350000000005,6.681834,6.864561,7.042347,7.214328,7.3799280000000005,7.538823,7.690824000000001,7.835904,7.974099000000001,8.105508,8.230302000000002,8.348643000000001,8.460738,8.566794000000002,8.667009,8.761599,8.850753000000001,8.934687,9.01359,9.087570000000001,9.15696,9.22176,9.28215,9.33831,9.39033,9.43839,9.482579999999999,9.5229,9.55962,9.592740000000001,9.62226,9.64836,9.67104,9.6903,9.70641,9.7191,9.72864,9.735030000000002,9.73818,9.73809,9.73494,9.72855,9.71901,9.706320000000002,9.690389999999999,9.67122,9.648810000000001,9.62307,9.594000000000001,9.56142,9.52551,9.485999999999999,9.44289,9.395999999999999,9.34542,9.29088,9.23229,9.169649999999999,9.10269,9.031320000000001,8.955432,8.874801,8.789274,8.698680000000001,8.60283,8.501526,8.39457,8.281773,8.162919,8.037837,7.906338,7.768287,7.623576,7.472160000000001,7.314084000000001,7.149519,6.97878,6.802443,6.6213359999999994,6.436701,6.250266000000001,6.064371,5.882067,5.707250999999999,5.544675000000001,5.399811,5.278644000000001,5.187069,5.130207,5.111586,5.132502,5.1917670000000005,5.285961,5.4100530000000004,5.558211,5.7245490000000006,5.903595,6.090669,6.281892,6.474222,6.665328000000001,6.853509,7.037523,7.216533000000001,7.38999,7.55757,7.7191019999999995,7.8745590000000005,8.023995,8.167509,8.305272,8.437464,8.564283,8.685945,8.802666,8.914671,9.02214,9.12537,9.22446,9.31959,9.41103,9.49896,9.58347,9.66483,9.74304,9.81837,9.89091,9.960840000000001,10.02816,10.093140000000002,10.15578,10.21626,10.27458,10.33083,10.38528,10.437750000000001,10.48851,10.537650000000001,10.585080000000001,10.630980000000001,10.67535,10.71828,10.75986,10.80009,10.83906,10.87677,10.91331,10.948680000000001,10.98297,11.01618,11.04831,11.079540000000001,11.109689999999999,11.13894,11.16729,11.19474,11.22138,11.24712,11.27214,11.29635,11.31975,11.34243,11.3643,11.38554,11.40615,11.42595,11.445210000000001,11.463750000000001,11.481660000000002,11.49903,11.51577,11.531880000000001,11.547450000000001,11.56248,11.576970000000001,11.59092,11.604330000000001,11.6172,11.62962,11.6415,11.653020000000001,11.664000000000001,11.67453,11.684700000000001,11.694420000000001,11.70369,11.7126,11.72115,11.72934,11.73717,11.74464,11.751840000000001,11.758680000000002,11.76534,11.77164,11.777759999999999,11.783610000000001,11.78937,11.79486,11.80017,11.8053,11.81043,11.81538,11.82033,11.82519,11.830050000000002,11.83491,11.839770000000001,11.84472,11.84976,11.854890000000001,11.8602,11.86569,11.871450000000001,11.87739,11.883600000000001,11.89017,11.89701,11.904300000000001,11.911950000000001,11.92005,11.9286,11.93769,11.947320000000001,11.95749,11.96829,11.97972,11.99178,12.00456,12.01806,12.03237,12.0474,12.06324,12.07989,12.097439999999999,12.1158,12.13506,12.15531,12.17637,12.19851,12.22146,12.24549,12.270420000000001,12.296429999999999,12.32334,12.351239999999999,12.380220000000001,12.4101,12.44106,12.47292,12.50586,12.5397,12.574530000000001,12.61035,12.647070000000001,12.68469,12.7233,12.76281,12.80322,12.844529999999999,12.886650000000001,12.929670000000002,12.97341,13.018049999999999,13.063410000000001,13.109580000000001,13.15647,13.204080000000001,13.25241,13.30137,13.35105,13.40127,13.45221,13.503689999999999,13.5558,13.60845,13.661550000000002,13.71528,13.76946,13.82409,13.87926,13.934790000000001,13.99077,14.0472
10.72314,10.520100000000001,10.31193,10.09836,9.8793,9.654390000000001,9.42354,9.18657,8.943515999999999,8.694252,8.438886,8.177625,7.910883000000001,7.639308000000001,7.363935000000001,7.086204,6.808203,6.5327850000000005,6.263757000000001,6.006087,5.766012,5.550993,5.369409,5.229783,5.13963,5.10408,5.124645,5.198832,5.320638,5.4817290000000005,5.672943,5.885406000000001,6.111297,6.344154,6.578892,6.811659,7.039656,7.2608760000000006,7.473978000000001,7.6781250000000005,7.872804,8.057826,8.233146,8.398908,8.555328,8.702703,8.841375000000001,8.971731,9.09414,9.20907,9.31689,9.417959999999999,9.51273,9.60165,9.68499,9.763200000000001,9.836640000000001,9.90567,9.97056,10.03176,10.08954,10.144260000000001,10.196100000000001,10.245420000000001,10.29249,10.33758,10.38087,10.42272,10.46331,10.502730000000001,10.54134,10.57923,10.616670000000001,10.65366,10.69038,10.7271,10.76373,10.80054,10.837530000000001,10.87479,10.912320000000001,10.95021,10.98855,11.02725,11.0664,11.106,11.14596,11.18637,11.22723,11.268360000000001,11.309849999999999,11.35161,11.39355,11.43576,11.47806,11.52045,11.56293,11.60532,11.647620000000002,11.68983,11.73186,11.77371,11.8152,11.85633,11.89719,11.93751,11.97738,12.0168,12.05559,12.09384,12.13146,12.16836,12.204630000000002,12.240179999999999,12.27501,12.30903,12.34233,12.374730000000001,12.406320000000001,12.437100000000001,12.46707,12.49614,12.524310000000002,12.551670000000001,12.57804,12.60351,12.62817,12.651840000000002,12.674610000000001,12.696480000000001,12.71745,12.73743,12.75651,12.77478,12.792060000000001,12.80835,12.82383,12.838410000000001,12.852089999999999,12.86487,12.87675,12.88773,12.89781,12.90708,12.915360000000002,12.922920000000001,12.92958,12.93534,12.940290000000001,12.94443,12.94776,12.950280000000001,12.9519,12.9528,12.95289,12.952169999999999,12.95064,12.94839,12.94533,12.941550000000001,12.93696,12.93165,12.92562,12.91887,12.91131,12.903120000000001,12.894210000000001,12.88458,12.87423,12.86316,12.851460000000001,12.839039999999999,12.82599,12.81222,12.79782,12.7827,12.767040000000001,12.75057,12.73356,12.71583,12.69756,12.67857,12.65895,12.63861,12.61773,12.596219999999999,12.57408,12.55122,12.52782,12.5037,12.479040000000001,12.453660000000001,12.42765,12.401010000000001,12.37365,12.345749999999999,12.31704,12.287790000000001,12.25782,12.227129999999999,12.19581,12.163680000000001,12.13092,12.09735,12.06306,12.02805,11.992230000000001,11.95569,11.91825,11.879999999999999,11.84085,11.80089,11.75994,11.71818,11.67534,11.6316,11.586780000000001,11.54088,11.493900000000002,11.445839999999999,11.39652,11.34603,11.29428,11.24118,11.18673,11.13075,11.07342,11.014380000000001,10.95381,10.89153,10.82745,10.76157,10.69371,10.62378,10.55178,10.47753,10.40094,10.32192,10.24029,10.15587,10.06875,9.97848,9.88515,9.78849,9.68832,9.58455,9.47682,9.36504,9.248940000000001,9.12834,9.00297,8.872569,8.736903,8.595684,8.448668999999999,8.29557,8.136144,7.970148,7.797366000000001,7.617636000000001,7.430885999999999,7.237125,7.036533,6.829515000000001,6.616764,6.399395999999999,6.179049,5.958108,5.739858000000001,5.528655,5.330115,5.15106,4.999257,4.882715999999999,4.8086459999999995,4.782078,4.804758,4.874697,4.986648000000001,5.1332130000000005,5.306211,5.497767,5.700969000000001,5.910165,6.120945,6.330015,6.535008,6.734268,6.926706,7.111638,7.288686,7.457688,7.618634999999999,7.771635,7.91685,8.054505,8.184852,8.308152,8.424675,8.534690999999999,8.63847,8.736246,8.828280000000001,8.914797,8.996022,9.07218,9.14337,9.20988,9.2718,9.3294,9.38268,9.43191,9.477089999999999,9.518400000000002,9.55584,9.589680000000001,9.61983,9.646469999999999,9.6696,9.689400000000001,9.70578,9.71883,9.72855,9.735030000000002,9.73827,9.73827,9.735030000000002,9.72855,9.71892,9.70596,9.689760000000001,9.67023,9.64746,9.62118,9.591569999999999,9.55845,9.521730000000002,9.48141,9.4374,9.389610000000001,9.337860000000001,9.28206,9.22212,9.15795,9.08928,9.01611,8.938098,8.855172,8.767107,8.673687000000001,8.574705,8.469909,8.359065000000001,8.241921000000001,8.118207,7.987671,7.850052,7.705107,7.552629,7.392438,7.224444,7.0486379999999995,6.865190999999999,6.674463,6.477111,6.274215,6.0673770000000005,5.85891,5.652063,5.451138,5.261706,5.090553000000001,4.945437,4.834404,4.764717,4.741533,4.7667600000000006,4.838607,4.952043000000001,5.099913,5.274243,5.4673560000000005,5.672502000000001,5.884146,6.097995,6.3108450000000005,6.520365,6.724962,6.9235739999999995,7.115526,7.300467,7.478235000000001,7.648821,7.812351,7.968987000000001,8.118954,8.262495000000001,8.399898,8.531415,8.657325,8.777907,8.893413,9.00414,9.11025,9.21195,9.3096,9.40329,9.49329,9.57978,9.66285,9.74277,9.81963,9.89361,9.96489,10.033470000000001,10.09962,10.16334,10.22472,10.284030000000001,10.34118,10.39644,10.44972,10.501199999999999,10.55097,10.59903,10.645470000000001,10.69047,10.73394,10.775970000000001,10.81665,10.85598,10.89405,10.930950000000001,10.96668,11.00124,11.03472,11.06712,11.09844,11.12886,11.15829,11.18673,11.214360000000001,11.24109,11.26692,11.29194,11.31615,11.339550000000001,11.36223,11.38419,11.405339999999999,11.42586,11.44566,11.46474,11.48319,11.50101,11.5182,11.53476,11.55078,11.56617,11.58093,11.59515,11.60883,11.62206,11.63466,11.64681,11.65842,11.669580000000002,11.6802,11.69046,11.70018,11.70954,11.71845,11.727,11.7351,11.74284,11.75022,11.75724,11.76399,11.770380000000001,11.7765,11.782350000000001,11.78793,11.79324,11.79837,11.803320000000001,11.808090000000002,11.81268,11.81718,11.82159,11.82591,11.83014,11.83437,11.8386,11.84283,11.847150000000001,11.851560000000001,11.856060000000001,11.86074,11.86551,11.870550000000001,11.87586,11.88144,11.88738,11.89359,11.900160000000001,11.90718,11.91474,11.92266,11.93112,11.94021,11.94975,11.96001,11.9709,11.982510000000001,11.994750000000002,12.007800000000001,12.02166,12.03624,12.051720000000001,12.06801,12.0852,12.103290000000001,12.122280000000002,12.14226,12.16314,12.1851,12.20796,12.23181,12.25674,12.28266,12.30957,12.33747,12.36645,12.39651,12.427560000000001,12.4596,12.49263,12.52674,12.56184,12.59784,12.634920000000001,12.6729,12.71187,12.75174,12.79251,12.83418,12.87675,12.92013,12.96432,13.00941,13.05531,13.101930000000001,13.149270000000001,13.197420000000001,13.2462,13.2957,13.34583,13.39668,13.44807,13.50009,13.55265,13.60584,13.65948,13.713659999999999,13.76838,13.823550000000001,13.87917,13.93524,13.991670000000001,14.04855
10.68318,10.475819999999999,10.262880000000001,10.044,9.819,9.58752,9.34938,9.10431,8.852003999999999,8.592381000000001,8.325315,8.050833,7.769106,7.480557000000001,7.1859150000000005,6.886386,6.5838149999999995,6.280902,5.981499,5.690943,5.416362,5.166828,4.953213,4.787289,4.6800630000000005,4.63941,4.667895000000001,4.761891,4.912551,5.10804,5.335893,5.584761,5.845239,6.1100010000000005,6.373629,6.632262,6.883254,7.124886,7.356105000000001,7.576326,7.785342,7.983162,8.169975,8.346096000000001,8.511894000000002,8.667810000000001,8.814294,8.951823,9.080910000000001,9.20196,9.31545,9.42183,9.52164,9.61524,9.70308,9.78552,9.86292,9.93573,10.00431,10.06893,10.12995,10.18773,10.24254,10.294649999999999,10.344420000000001,10.39194,10.437660000000001,10.48176,10.52433,10.56573,10.60614,10.64565,10.68453,10.72287,10.76085,10.79856,10.83618,10.873709999999999,10.91124,10.94904,10.986930000000001,11.025,11.06343,11.102129999999999,11.14119,11.180520000000001,11.22012,11.26008,11.3004,11.340900000000001,11.38176,11.42271,11.463930000000001,11.50524,11.54664,11.58813,11.629529999999999,11.67093,11.712240000000001,11.75346,11.794410000000001,11.835090000000001,11.87559,11.91564,11.95542,11.994660000000001,12.03354,12.07188,12.109679999999999,12.14694,12.183480000000001,12.219479999999999,12.254850000000001,12.28941,12.32334,12.35655,12.38895,12.420539999999999,12.451319999999999,12.48138,12.51054,12.53889,12.56634,12.59298,12.61872,12.643650000000001,12.66759,12.69072,12.712950000000001,12.73428,12.754710000000001,12.77424,12.79287,12.8106,12.827430000000001,12.84345,12.85848,12.872700000000002,12.88593,12.89835,12.90996,12.92058,12.930480000000001,12.939390000000001,12.94749,12.95478,12.961170000000001,12.966750000000001,12.971520000000002,12.97548,12.97854,12.980879999999999,12.98241,12.983130000000001,12.983039999999999,12.98214,12.98052,12.97818,12.97503,12.971070000000001,12.96639,12.96099,12.95487,12.94803,12.94047,12.93219,12.92319,12.91347,12.903120000000001,12.892050000000001,12.880260000000002,12.86784,12.8547,12.84084,12.82644,12.81132,12.79548,12.7791,12.762,12.74427,12.72591,12.70683,12.68721,12.66687,12.645900000000001,12.624390000000002,12.60216,12.5793,12.555719999999999,12.5316,12.50685,12.48138,12.45528,12.42855,12.4011,12.37302,12.34431,12.31488,12.284820000000002,12.253950000000001,12.22245,12.190230000000001,12.157290000000001,12.12354,12.08907,12.053790000000001,12.01779,11.98098,11.94327,11.90475,11.86533,11.825099999999999,11.78388,11.741670000000001,11.69856,11.65437,11.609190000000002,11.56293,11.5155,11.4669,11.41713,11.3661,11.31381,11.26008,11.205,11.148480000000001,11.09034,11.03067,10.969380000000001,10.90629,10.84131,10.77453,10.705770000000001,10.63485,10.561770000000001,10.48635,10.40859,10.32822,10.245239999999999,10.15947,10.070640000000001,9.97884,9.88371,9.78507,9.68283,9.57681,9.46665,9.35217,9.23328,9.109530000000001,8.980677,8.846496,8.706663,8.560845,8.408718,8.249931,8.084151,7.911035999999999,7.730244,7.541478,7.344486,7.139106,6.925293,6.703209,6.473268,6.236316,5.993757,5.747796,5.501691,5.2601130000000005,5.029443,4.817978999999999,4.63581,4.494015,4.403124,4.370805,4.399812,4.48713,4.624812,4.8021389999999995,5.007852000000001,5.231745,5.465457,5.702535,5.938299000000001,6.169491,6.393905999999999,6.610158,6.817428,7.015311,7.203672,7.382583000000001,7.5522149999999995,7.7128559999999995,7.864803000000001,8.008407,8.144028,8.272017,8.392707,8.506449,8.61354,8.714304,8.809011,8.897931,8.981316000000001,9.0594,9.132390000000001,9.20043,9.26388,9.32274,9.37719,9.42741,9.47349,9.51561,9.55386,9.588330000000001,9.619110000000001,9.64629,9.669870000000001,9.68994,9.70668,9.72,9.7299,9.73656,9.739799999999999,9.73989,9.736650000000001,9.73008,9.720270000000001,9.707130000000001,9.690660000000001,9.670860000000001,9.64764,9.621,9.59085,9.5571,9.51975,9.478710000000001,9.433890000000002,9.38511,9.332370000000001,9.2754,9.2142,9.14859,9.07839,9.00351,8.923581,8.838531,8.748099,8.65206,8.550144,8.442081,8.327592,8.206353,8.07804,7.942329,7.798877999999999,7.647327000000001,7.487343,7.318629,7.140906,6.953994,6.75783,6.552522,6.338466,6.116463,5.887863,5.654799,5.420475000000001,5.1894990000000005,4.96818,4.7647710000000005,4.589334,4.4529570000000005,4.366206000000001,4.336902,4.367961,4.456611,4.595166,4.773186,4.979655,5.204574,5.4397530000000005,5.678901000000001,5.9174370000000005,6.152157,6.380937,6.602409,6.815799,7.020702,7.216991999999999,7.404741,7.584147000000001,7.755462,7.919001000000001,8.075124,8.224164,8.366481,8.502435,8.632341,8.756541,8.875332,8.989002000000001,9.09783,9.20214,9.30204,9.39789,9.48978,9.57807,9.66285,9.7443,9.8226,9.89784,9.97029,10.04004,10.10727,10.17198,10.23435,10.29447,10.35252,10.4085,10.4625,10.5147,10.56501,10.6137,10.660680000000001,10.70613,10.75005,10.79253,10.83366,10.87335,10.91178,10.94895,10.984950000000001,11.019779999999999,11.05353,11.08611,11.1177,11.14821,11.17782,11.206439999999999,11.234070000000001,11.26089,11.286810000000001,11.31183,11.336039999999999,11.359530000000001,11.38212,11.40408,11.425139999999999,11.44557,11.46528,11.48427,11.50263,11.52027,11.53728,11.55375,11.569500000000001,11.584620000000001,11.5992,11.613240000000001,11.62665,11.639610000000001,11.65194,11.66373,11.675070000000002,11.68587,11.69622,11.70603,11.71539,11.724390000000001,11.732850000000001,11.740950000000002,11.74869,11.755980000000001,11.762910000000002,11.76948,11.775689999999999,11.78154,11.78712,11.792430000000001,11.79747,11.80224,11.806830000000001,11.81115,11.815290000000001,11.81934,11.823210000000001,11.8269,11.830589999999999,11.834190000000001,11.83779,11.8413,11.844899999999999,11.8485,11.85219,11.856060000000001,11.86002,11.86416,11.868480000000002,11.87307,11.87793,11.88315,11.88873,11.894580000000001,11.900970000000001,11.90781,11.9151,11.922930000000001,11.9313,11.940389999999999,11.95002,11.96028,11.971350000000001,11.98314,11.99565,12.00897,12.02319,12.03822,12.05406,12.07089,12.08871,12.10743,12.12714,12.14784,12.16953,12.192300000000001,12.21606,12.24081,12.26673,12.29364,12.32163,12.350700000000002,12.38085,12.411990000000001,12.44421,12.477509999999999,12.5118,12.54717,12.583440000000001,12.62088,12.65922,12.69846,12.73878,12.77991,12.822030000000002,12.86505,12.90897,12.953700000000001,12.99924,13.04559,13.09275,13.14063,13.18923,13.23864,13.288680000000001,13.339350000000001,13.390740000000001,13.44267,13.49532,13.54842,13.60215,13.65633,13.71105,13.76631,13.82202,13.87818,13.934700000000001,13.991760000000001,14.04909
10.64916,10.43793,10.22058,9.99684,9.76635,9.52884,9.28386,9.03105,8.770131000000001,8.500698000000002,8.222472,7.935246000000001,7.638939,7.333641000000001,7.019739,6.698043,6.369957,6.037803,5.70519,5.377473,5.0624009999999995,4.770675,4.516155,4.315185,4.184253,4.13595,4.1747309999999995,4.29498,4.4830440000000005,4.721562,4.993524,5.284566,5.583699,5.883021,6.177114,6.462396,6.7366530000000004,6.998598,7.247592,7.483437,7.706241,7.916292,8.114013,8.299917,8.474544,8.63847,8.792262000000001,8.936496,9.07173,9.19854,9.317340000000002,9.42876,9.533249999999999,9.63126,9.72315,9.80955,9.89073,9.96705,10.038960000000001,10.106819999999999,10.1709,10.23156,10.289159999999999,10.34388,10.39608,10.44603,10.493910000000001,10.54008,10.58463,10.62783,10.66986,10.71099,10.75122,10.79082,10.829970000000001,10.86867,10.9071,10.945350000000001,10.983600000000001,11.02176,11.06001,11.09835,11.13687,11.175569999999999,11.21445,11.2536,11.29293,11.33253,11.37231,11.412360000000001,11.4525,11.49282,11.53323,11.573730000000001,11.61432,11.65491,11.695409999999999,11.73591,11.77623,11.816370000000001,11.85642,11.89611,11.93553,11.97459,12.013290000000001,12.051630000000001,12.08943,12.12678,12.163590000000001,12.199860000000001,12.2355,12.2706,12.30498,12.33873,12.37176,12.404069999999999,12.43566,12.46644,12.4965,12.52575,12.55419,12.581819999999999,12.608640000000001,12.63456,12.65967,12.68397,12.707370000000001,12.72987,12.75156,12.77235,12.79224,12.81132,12.829500000000001,12.84678,12.86325,12.87873,12.893400000000002,12.90726,12.92022,12.93228,12.94353,12.95388,12.963420000000001,12.972059999999999,12.979890000000001,12.98691,12.99312,12.99843,13.003020000000001,13.00671,13.00968,13.01184,13.0131,13.01373,13.01346,13.01247,13.010760000000001,13.00824,13.00491,13.00095,12.99618,12.99069,12.98448,12.977549999999999,12.969899999999999,12.96153,12.952440000000001,12.942720000000001,12.93219,12.92112,12.90924,12.896730000000002,12.88359,12.86973,12.85524,12.84012,12.82428,12.80781,12.79062,12.77289,12.75444,12.73536,12.71565,12.695310000000001,12.674339999999999,12.652650000000001,12.630419999999999,12.607470000000001,12.58389,12.55968,12.53484,12.50928,12.48318,12.45627,12.42882,12.400649999999999,12.37176,12.34224,12.312,12.28104,12.249360000000001,12.21696,12.18384,12.15,12.11535,12.07989,12.04362,12.006540000000001,11.96865,11.92986,11.89026,11.84967,11.808090000000002,11.76561,11.72214,11.677679999999999,11.63205,11.58534,11.53755,11.48859,11.438279999999999,11.3868,11.333969999999999,11.2797,11.22408,11.16693,11.10816,11.04786,10.98576,10.92195,10.856250000000001,10.78866,10.718910000000001,10.64709,10.57302,10.49661,10.41768,10.33623,10.25199,10.16478,10.0746,9.98127,9.88443,9.78408,9.67995,9.57177,9.45945,9.34254,9.22095,9.09432,8.962353,8.824689000000001,8.681013,8.530929,8.374068000000001,8.209998,8.038287,7.858485,7.670142,7.472799,7.266024,7.049439,6.822738,6.585777,6.338628,6.081741,5.816079,5.543451,5.266827,4.990824,4.722363,4.471191,4.250196,4.074804,3.960756,3.92031,3.958047,4.069062000000001,4.240827,4.457358,4.703067,4.96494,5.233167,5.5007909999999995,5.763168,6.017337,6.261534,6.494787,6.7166820000000005,6.927182999999999,7.1264520000000005,7.314813000000001,7.492680000000001,7.660512000000001,7.818759,7.967916,8.108424,8.240733,8.365266,8.482419,8.59257,8.696052000000002,8.793207,8.884314000000002,8.96967,9.0495,9.12411,9.19359,9.2583,9.31833,9.37386,9.424980000000001,9.471960000000001,9.514890000000001,9.55377,9.58887,9.6201,9.64773,9.671759999999999,9.69219,9.709200000000001,9.722700000000001,9.73278,9.73953,9.74295,9.74295,9.73971,9.73305,9.72315,9.70983,9.693180000000002,9.67302,9.64953,9.62244,9.591840000000001,9.557640000000001,9.519660000000002,9.47799,9.43236,9.38277,9.32904,9.27108,9.20871,9.14184,9.07029,8.993727,8.912079,8.825094,8.732511,8.634069,8.529471000000001,8.41842,8.300574000000001,8.175564,8.043003,7.902495,7.7535989999999995,7.595856,7.428825000000001,7.252020000000001,7.065009,6.867387,6.6588210000000005,6.439131,6.208353000000001,5.966883,5.715639,5.456349,5.191911,4.92687,4.668057,4.425147,4.210974,4.040928,3.9308220000000005,3.8930040000000004,3.9322800000000004,4.044015000000001,4.216005,4.432572,4.678425,4.940784000000001,5.210019,5.479326,5.74416,6.001641,6.250032000000001,6.488415,6.716385,6.933906,7.141149,7.3384469999999995,7.526205000000001,7.704855,7.874883,8.036739,8.190891,8.33778,8.477820000000001,8.611416,8.738937,8.860743,8.977158,9.088470000000001,9.19503,9.29709,9.39483,9.48852,9.578429999999999,9.66474,9.74754,9.82719,9.90369,9.977310000000001,10.04805,10.11627,10.18188,10.24515,10.30608,10.36485,10.42146,10.476180000000001,10.528920000000001,10.57986,10.62909,10.67661,10.72251,10.76679,10.80972,10.851120000000002,10.89117,10.92996,10.9674,11.00367,11.03877,11.07261,11.105459999999999,11.137139999999999,11.16783,11.19753,11.226239999999999,11.253960000000001,11.28087,11.306790000000001,11.3319,11.356110000000001,11.37951,11.4021,11.42397,11.44503,11.46537,11.4849,11.5038,11.52198,11.539530000000001,11.556360000000002,11.57256,11.58813,11.60307,11.61738,11.631150000000002,11.64438,11.656979999999999,11.66895,11.680470000000001,11.691450000000001,11.70189,11.711879999999999,11.72133,11.73033,11.73888,11.746979999999999,11.75463,11.76183,11.76867,11.77506,11.781179999999999,11.786850000000001,11.792159999999999,11.7972,11.80197,11.80647,11.81061,11.81457,11.81826,11.821860000000001,11.82519,11.82834,11.83149,11.83446,11.83734,11.84022,11.84301,11.84589,11.84877,11.85174,11.854890000000001,11.858039999999999,11.86146,11.865060000000001,11.86893,11.87307,11.87748,11.882340000000001,11.887559999999999,11.89314,11.89926,11.90592,11.913030000000001,11.920770000000001,11.92914,11.93814,11.94786,11.958300000000001,11.96955,11.98152,11.9943,12.00807,12.02265,12.03813,12.0546,12.07197,12.09042,12.10986,12.13029,12.15189,12.17439,12.19806,12.22281,12.24864,12.27564,12.30363,12.33279,12.36303,12.39435,12.42675,12.46023,12.49479,12.53043,12.56715,12.60486,12.64356,12.68325,12.723930000000001,12.7656,12.808169999999999,12.85164,12.8961,12.94128,12.98736,13.03434,13.082040000000001,13.13046,13.17969,13.22964,13.28031,13.331610000000001,13.38354,13.4361,13.48929,13.54302,13.597290000000001,13.6521,13.70745,13.763250000000001,13.819500000000001,13.876199999999999,13.93335,13.990950000000002,14.048820000000001
10.62162,10.40679,10.18548,9.95742,9.72207,9.47907,9.22797,8.968203,8.699355,8.420895,8.132355,7.833258000000001,7.523217000000001,7.201980000000001,6.8694749999999996,6.525981,6.1723170000000005,5.810121,5.4422999999999995,5.073732000000001,4.712166,4.3694370000000005,4.0626180000000005,3.8141640000000003,3.649338,3.589335,3.642246,3.7987020000000005,4.036365,4.329072,4.653684,4.992678,5.333958,5.669649000000001,5.994864000000001,6.306741,6.603768,6.885288,7.151193,7.401753000000001,7.637427,7.858836,8.066646,8.261559,8.444304,8.615565,8.776053000000001,8.926425,9.06732,9.19935,9.32301,9.439020000000001,9.547830000000001,9.649799999999999,9.74565,9.835560000000001,9.92016,9.999810000000002,10.07487,10.1457,10.212570000000001,10.27593,10.33605,10.39329,10.44774,10.49994,10.54989,10.597949999999999,10.6443,10.68921,10.73286,10.77534,10.816920000000001,10.85778,10.897920000000001,10.937610000000001,10.97685,11.015820000000001,11.05452,11.093219999999999,11.13174,11.170350000000001,11.20896,11.247660000000002,11.28654,11.325420000000001,11.36457,11.40372,11.443140000000001,11.48256,11.522160000000001,11.561850000000002,11.60163,11.64141,11.68119,11.72088,11.76057,11.80017,11.83959,11.87883,11.917800000000002,11.95659,11.99502,12.033180000000002,12.07089,12.10824,12.14514,12.1815,12.21741,12.252690000000001,12.287519999999999,12.32163,12.3552,12.38805,12.42018,12.451680000000001,12.482460000000001,12.51252,12.54177,12.570300000000001,12.59802,12.624929999999999,12.65112,12.676409999999999,12.70089,12.72456,12.74733,12.76929,12.79044,12.81069,12.830129999999999,12.84876,12.8664,12.88332,12.89925,12.91446,12.92868,12.94218,12.95478,12.96648,12.97737,12.98745,12.99672,13.005090000000001,13.01265,13.0194,13.02534,13.030470000000001,13.034790000000001,13.0383,13.04109,13.04307,13.04424,13.0446,13.04424,13.04307,13.04118,13.03857,13.03515,13.03101,13.02615,13.02057,13.01427,13.00725,12.999509999999999,12.99105,12.98196,12.972150000000001,12.96162,12.950370000000001,12.93849,12.92598,12.91275,12.898890000000002,12.88431,12.8691,12.85326,12.8367,12.819510000000001,12.80169,12.78324,12.76416,12.74436,12.724020000000001,12.702960000000001,12.68127,12.65895,12.635909999999999,12.61233,12.588030000000002,12.5631,12.53745,12.51126,12.48435,12.45672,12.428460000000001,12.39948,12.36978,12.33945,12.3084,12.276539999999999,12.24405,12.21075,12.176730000000001,12.1419,12.10626,12.06981,12.03255,11.99439,11.95533,11.91546,11.874600000000001,11.832840000000001,11.79,11.74626,11.70135,11.65545,11.60838,11.56023,11.51082,11.46015,11.408130000000002,11.35485,11.30013,11.24388,11.18619,11.126880000000002,11.06595,11.00322,10.93878,10.872359999999999,10.80396,10.7334,10.66077,10.5858,10.5084,10.42848,10.34595,10.26054,10.17216,10.08072,9.985949999999999,9.88767,9.7857,9.67986,9.569790000000001,9.455490000000001,9.33642,9.2124,9.08316,8.948358,8.807562,8.660412,8.506494,8.345349,8.176482,7.999389000000001,7.813503000000001,7.618239,7.413003000000001,7.197174,6.970122,6.7312710000000004,6.480126,6.216327,5.939811,5.650947,5.350842,5.041764000000001,4.7278080000000005,4.4157779999999995,4.1164380000000005,3.845637,3.624624,3.477618,3.425193,3.4755030000000002,3.6200249999999996,3.8378700000000006,4.104567,4.398696,4.704291,5.010534,5.310585,5.600366999999999,5.877621,6.141267,6.390954000000001,6.626799,6.849171,7.058610000000001,7.255718999999999,7.441155000000001,7.615539,7.7795190000000005,7.933689,8.078607,8.214804,8.342784,8.462997000000001,8.575866000000001,8.681778000000001,8.781101999999999,8.874162,8.961255000000001,9.04266,9.11871,9.18945,9.25533,9.31635,9.372779999999999,9.4248,9.4725,9.51606,9.555570000000001,9.59121,9.62289,9.650970000000001,9.67527,9.696060000000001,9.71325,9.727020000000001,9.73728,9.74412,9.74754,9.747630000000001,9.74439,9.737639999999999,9.72765,9.71415,9.69723,9.67689,9.65304,9.625680000000001,9.59463,9.55998,9.52146,9.47916,9.4329,9.3825,9.32805,9.2691,9.20574,9.13779,9.06489,8.986968,8.903781,8.815068,8.720568,8.619993,8.51301,8.399286,8.278425,8.15004,8.013663000000001,7.868826,7.714998,7.551639000000001,7.3781550000000005,7.193925,6.9983189999999995,6.790698,6.5704590000000005,6.337053,6.090093,5.8294619999999995,5.555466,5.2691490000000005,4.972689000000001,4.670082,4.368051,4.077224999999999,3.81339,3.597741,3.454488,3.404322,3.45564,3.6002430000000003,3.817611,4.083669,4.37733,4.682862,4.989663,5.291037,5.582997000000001,5.863347,6.131052,6.385788,6.6276720000000005,6.8570910000000005,7.074567,7.280703,7.476147,7.66152,7.837443,8.00451,8.163288000000001,8.31429,8.458020000000001,8.594928000000001,8.725446000000002,8.849961,8.968833,9.08244,9.19098,9.29493,9.39438,9.489690000000001,9.58113,9.668700000000001,9.752849999999999,9.83358,9.911249999999999,9.98586,10.057590000000001,10.126619999999999,10.19313,10.25712,10.318769999999999,10.37817,10.435500000000001,10.49076,10.54404,10.59552,10.645199999999999,10.69317,10.73943,10.78416,10.82745,10.86921,10.90953,10.948590000000001,10.986300000000002,11.02275,11.05803,11.09214,11.12508,11.15694,11.18772,11.21751,11.246310000000001,11.27412,11.30094,11.32695,11.35206,11.37627,11.39958,11.42217,11.443950000000001,11.46492,11.48508,11.50461,11.52333,11.54133,11.5587,11.57535,11.591370000000001,11.606670000000001,11.62143,11.63547,11.64897,11.66184,11.67417,11.68587,11.697030000000002,11.70765,11.717730000000001,11.727360000000001,11.73636,11.745000000000001,11.7531,11.76066,11.76786,11.774610000000001,11.78091,11.786850000000001,11.792340000000001,11.79756,11.80233,11.806830000000001,11.810970000000001,11.81475,11.81835,11.821679999999999,11.82474,11.82762,11.83023,11.83275,11.83518,11.83743,11.83959,11.841660000000001,11.843820000000001,11.84589,11.84805,11.85021,11.852549999999999,11.854980000000001,11.85759,11.860380000000001,11.86344,11.86677,11.87046,11.874509999999999,11.87892,11.88378,11.889090000000001,11.89503,11.901420000000002,11.90844,11.91609,11.92446,11.93355,11.94336,11.95398,11.96541,11.97765,11.99088,12.00501,12.020040000000002,12.03606,12.05316,12.07125,12.09042,12.11058,12.131910000000001,12.15432,12.177900000000001,12.20256,12.22839,12.255300000000002,12.28338,12.31263,12.34305,12.37455,12.40713,12.44088,12.4758,12.511709999999999,12.5487,12.58686,12.62592,12.66615,12.707279999999999,12.749400000000001,12.79251,12.83652,12.88143,12.92724,12.97395,13.021469999999999,13.0698,13.11885,13.16871,13.21929,13.2705,13.32243,13.37508,13.42827,13.482090000000001,13.53645,13.59135,13.646790000000001,13.702770000000001,13.7592,13.816080000000001,13.87341,13.931099999999999,13.98924,14.04774
10.60092,10.38303,10.15839,9.92646,9.68688,9.4392,9.1827,8.916822,8.641035,8.354637,8.056935,7.747236000000001,7.424838,7.089084,6.739434,6.375546,5.997447,5.605812,5.2024230000000005,4.790898,4.377924,3.975192,3.6020969999999997,3.288384,3.073239,2.9945160000000004,3.068307,3.277125,3.581883,3.9424499999999996,4.328450999999999,4.7200679999999995,5.1053939999999995,5.477652000000001,5.833233,6.170463,6.488793,6.788358000000001,7.069698,7.333569000000001,7.580826,7.812405000000001,8.029215,8.232165,8.422128,8.599941000000001,8.766396,8.92224,9.06822,9.204930000000001,9.333,9.45315,9.56574,9.6714,9.770669999999999,9.864,9.95166,10.03428,10.112219999999999,10.18575,10.255230000000001,10.321110000000001,10.38357,10.44297,10.49967,10.55376,10.605690000000001,10.65555,10.70361,10.75005,10.79514,10.83897,10.88181,10.92375,10.964879999999999,11.005379999999999,11.045430000000001,11.085030000000001,11.124360000000001,11.16342,11.2023,11.24109,11.27988,11.31858,11.357370000000001,11.39616,11.43495,11.47383,11.5128,11.55186,11.59092,11.62998,11.66904,11.7081,11.747160000000001,11.786130000000002,11.82501,11.863710000000001,11.90232,11.940660000000001,11.978819999999999,12.016620000000001,12.05424,12.091410000000002,12.12822,12.16467,12.20058,12.23604,12.271049999999999,12.305520000000001,12.339360000000001,12.372660000000002,12.40533,12.43737,12.46878,12.499469999999999,12.52944,12.55869,12.58722,12.61503,12.64203,12.668310000000002,12.69378,12.718440000000001,12.742289999999999,12.76542,12.787650000000001,12.80907,12.829590000000001,12.849390000000001,12.86829,12.886379999999999,12.90366,12.92004,12.93561,12.950370000000001,12.96432,12.97737,12.98961,13.001040000000001,13.01157,13.02138,13.030289999999999,13.03839,13.04568,13.052249999999999,13.057920000000001,13.06278,13.066920000000001,13.070250000000001,13.07277,13.074570000000001,13.07556,13.075740000000001,13.07529,13.07394,13.07196,13.06917,13.065660000000001,13.061430000000001,13.056479999999999,13.05072,13.04433,13.03722,13.029390000000001,13.020930000000002,13.01175,13.001850000000001,12.99123,12.979980000000001,12.96801,12.95541,12.94218,12.92823,12.91365,12.89835,12.882420000000002,12.865860000000001,12.84867,12.83076,12.812310000000002,12.793140000000001,12.773340000000001,12.75282,12.73176,12.70998,12.687660000000001,12.66462,12.640860000000002,12.61656,12.59154,12.56589,12.539520000000001,12.51252,12.48489,12.45645,12.42747,12.39768,12.367170000000002,12.33603,12.30408,12.27141,12.23793,12.20373,12.16872,12.1329,12.09627,12.05883,12.02049,11.981250000000001,11.94111,11.899980000000001,11.85795,11.81484,11.77083,11.72565,11.67939,11.631960000000001,11.583450000000001,11.53368,11.48256,11.43018,11.37645,11.32128,11.26458,11.20635,11.14659,11.085030000000001,11.02176,10.9566,10.889550000000002,10.82043,10.74924,10.6758,10.600019999999999,10.52181,10.440990000000001,10.357470000000001,10.27107,10.181610000000001,10.089,9.992970000000001,9.89343,9.79002,9.68265,9.57105,9.45486,9.3339,9.2079,9.076319999999999,8.939016,8.795484,8.64531,8.488035,8.323146,8.150094,7.968276,7.777035,7.575686999999999,7.363467,7.139565,6.903153,6.6533310000000006,6.389253,6.110081999999999,5.815152,5.504058,5.17698,4.8350159999999995,4.481001,4.120605,3.764313,3.430107,3.146157,2.950155,2.878974,2.948616,3.142647,3.423852,3.754269,4.105548000000001,4.459626,4.8059639999999995,5.138865,5.45553,5.754861,6.036741,6.3015929999999996,6.550128,6.783201,7.001721000000001,7.206588,7.398693,7.578846,7.74783,7.906365000000001,8.055108,8.19468,8.325639,8.448489,8.563707,8.671725,8.772921,8.867655000000001,8.95626,9.039060000000001,9.116280000000001,9.18819,9.25497,9.31689,9.37413,9.42687,9.475200000000001,9.5193,9.55935,9.59544,9.62757,9.65592,9.68058,9.701640000000001,9.71901,9.73296,9.743310000000001,9.75033,9.75384,9.75393,9.7506,9.74385,9.733680000000001,9.72009,9.70299,9.68247,9.65835,9.63063,9.599310000000001,9.564119999999999,9.52524,9.4824,9.4356,9.38457,9.32931,9.26964,9.205470000000002,9.13644,9.06246,8.983368,8.898849,8.808651000000001,8.712495,8.610075,8.501031,8.384994,8.261550000000002,8.130231,7.9905420000000005,7.841943,7.683822,7.515549,7.336404,7.145622,6.942393,6.725844,6.495066,6.249168,5.987286,5.708682,5.4129059999999996,5.100048,4.771134,4.428872999999999,4.078836000000001,3.731382,3.404358,3.125835,2.933469,2.864214,2.934315,3.1277610000000005,3.4077870000000003,3.73689,4.087089000000001,4.4405909999999995,4.787064,5.1209549999999995,5.4395549999999995,5.741811,6.027642,6.29748,6.552054,6.79221,7.018839,7.232831999999999,7.435071,7.626357,7.807464,7.979094,8.141904,8.296505999999999,8.443458,8.583255,8.716374,8.843247,8.964279,9.07983,9.19017,9.29574,9.39672,9.49347,9.586079999999999,9.675,9.76014,9.841949999999999,9.92052,9.996030000000001,10.068660000000001,10.1385,10.20564,10.27035,10.33263,10.39266,10.45053,10.50633,10.56015,10.61199,10.66212,10.71045,10.75716,10.802249999999999,10.84572,10.88784,10.92843,10.96767,11.005650000000001,11.04228,11.07774,11.11194,11.14506,11.177010000000001,11.207880000000001,11.23776,11.26656,11.29446,11.32128,11.347290000000001,11.37231,11.39652,11.419830000000001,11.44233,11.463930000000001,11.48481,11.50497,11.524230000000001,11.542860000000001,11.56068,11.57787,11.59434,11.61009,11.625210000000001,11.639610000000001,11.65347,11.66661,11.679210000000001,11.69118,11.70261,11.713410000000001,11.72367,11.733300000000002,11.74248,11.75112,11.75931,11.766960000000001,11.77407,11.78082,11.78703,11.79279,11.79819,11.803139999999999,11.80773,11.81196,11.81583,11.81934,11.82258,11.82546,11.82807,11.8305,11.832659999999999,11.83464,11.836350000000001,11.83797,11.8395,11.84094,11.8422,11.84355,11.84481,11.84616,11.84751,11.84895,11.85057,11.85237,11.85435,11.8566,11.85912,11.86191,11.86515,11.86875,11.8728,11.8773,11.882430000000001,11.88801,11.894309999999999,11.90124,11.908890000000001,11.91726,11.926350000000001,11.936340000000001,11.94714,11.958929999999999,11.971530000000001,11.98512,11.99979,12.015360000000001,12.03201,12.04983,12.06864,12.08862,12.10977,12.132000000000001,12.1554,12.180060000000001,12.2058,12.232800000000001,12.26088,12.29022,12.32082,12.3525,12.38535,12.41937,12.45456,12.49083,12.52827,12.566790000000001,12.60639,12.64698,12.688649999999999,12.731309999999999,12.77496,12.8196,12.86514,12.91158,12.95883,13.00698,13.055940000000001,13.10571,13.1562,13.20741,13.25943,13.31199,13.36527,13.41918,13.473630000000002,13.52871,13.58433,13.640400000000001,13.69701,13.75407,13.81167,13.86963,13.927950000000001,13.986720000000002,14.045850000000002
10.58733,10.36701,10.13949,9.90459,9.6615,9.40986,9.14886,8.878014,8.596458,8.303436,7.998074999999999,7.679448,7.346574,6.998427,6.633963,6.252219,5.852349,5.433876,4.997052,4.543461,4.077342,3.607884,3.153708,2.750184,2.4566310000000002,2.345643,2.4535440000000004,2.742471,3.138525,3.5814600000000003,4.035285,4.481037000000001,4.90932,5.315859,5.6991060000000004,6.0589260000000005,6.395949,6.711183,7.005815999999999,7.281081,7.538238,7.778484000000001,8.002971,8.212779000000001,8.408925,8.592354,8.763948,8.924535,9.07488,9.215729999999999,9.34767,9.47133,9.58743,9.69633,9.79866,9.894870000000001,9.985410000000002,10.070730000000001,10.15119,10.22715,10.29906,10.36719,10.43181,10.49328,10.55187,10.607850000000001,10.66149,10.71306,10.76265,10.81053,10.85697,10.90206,10.94598,10.989,11.031030000000001,11.07243,11.113109999999999,11.15334,11.19312,11.23263,11.27187,11.31084,11.34972,11.38842,11.42712,11.465729999999999,11.504340000000001,11.54295,11.58156,11.62008,11.65869,11.69721,11.73573,11.77416,11.8125,11.850660000000001,11.888819999999999,11.92671,11.96451,12.00204,12.0393,12.07629,12.113010000000001,12.149280000000001,12.18519,12.22074,12.25584,12.29049,12.3246,12.35817,12.391200000000001,12.4236,12.45546,12.486690000000001,12.51729,12.54726,12.57642,12.60495,12.632760000000001,12.65985,12.68622,12.71187,12.73662,12.76074,12.78396,12.80646,12.82815,12.84903,12.8691,12.88827,12.90672,12.92436,12.941189999999999,12.957120000000002,12.972330000000001,12.986640000000001,13.00014,13.012830000000001,13.02471,13.035779999999999,13.04604,13.05549,13.06413,13.07205,13.07907,13.08528,13.09077,13.09545,13.09932,13.10247,13.10481,13.10634,13.107149999999999,13.10724,13.106610000000002,13.10517,13.10301,13.10004,13.096440000000001,13.09203,13.08699,13.081230000000001,13.07466,13.067459999999999,13.05963,13.050989999999999,13.04172,13.03173,13.02111,13.00977,12.9978,12.985109999999999,12.97179,12.95775,12.94317,12.92787,12.911850000000001,12.89529,12.87801,12.8601,12.84156,12.8223,12.8025,12.781979999999999,12.76083,12.73905,12.71655,12.69351,12.66975,12.64536,12.62025,12.59451,12.568140000000001,12.54105,12.513240000000001,12.4848,12.45564,12.42576,12.395159999999999,12.363840000000001,12.3318,12.29904,12.26547,12.23109,12.1959,12.15999,12.12318,12.08547,12.04695,12.00753,11.96712,11.92581,11.883510000000001,11.84022,11.795850000000002,11.750399999999999,11.70387,11.65617,11.6073,11.557170000000001,11.505690000000001,11.452950000000001,11.39886,11.34324,11.286090000000002,11.2275,11.16711,11.1051,11.04129,10.97568,10.908,10.83834,10.76643,10.69236,10.615860000000001,10.53684,10.455300000000001,10.37088,10.28358,10.19322,10.09962,10.00251,9.901800000000001,9.79722,9.688590000000001,9.57555,9.457920000000001,9.33534,9.207540000000002,9.07407,8.934642,8.788806000000001,8.636103,8.476011,8.30799,8.131437,7.9456679999999995,7.749972,7.543521000000001,7.325442,7.094772,6.85044,6.591303,6.316146000000001,6.023673,5.712579000000001,5.381649,5.029902,4.656942,4.263552000000001,3.8529449999999996,3.433023,3.0207960000000003,2.6497260000000002,2.377098,2.273895,2.37609,2.647215,3.015891,3.424572,3.8396429999999997,4.243995000000001,4.62969,4.993533,5.334759,5.653791000000001,5.951646,6.229593,6.488964,6.731109,6.95727,7.168635,7.366284000000001,7.5512250000000005,7.7243580000000005,7.8865110000000005,8.038422,8.180775,8.314191000000001,8.439219000000001,8.556372,8.666108999999999,8.768853,8.864973,8.95482,9.0387,9.116909999999999,9.189720000000001,9.2574,9.32004,9.37791,9.431280000000001,9.48015,9.52479,9.5652,9.60165,9.63414,9.66276,9.68769,9.708929999999999,9.72657,9.74061,9.751050000000001,9.75807,9.76167,9.761759999999999,9.75843,9.75168,9.74142,9.72765,9.710460000000001,9.689760000000001,9.665370000000001,9.63747,9.60579,9.57033,9.531,9.4878,9.44046,9.38898,9.33309,9.27279,9.20781,9.13797,9.063180000000001,8.983053,8.897427,8.806005,8.70849,8.604540000000002,8.493803999999999,8.375859,8.250264,8.116533,7.974108,7.822404000000001,7.660737,7.488387,7.304544000000001,7.108299,6.898689,6.674616,6.434928,6.1783470000000005,5.9035590000000004,5.609205,5.293989,4.956876,4.597353,4.216122,3.816261,3.405519,3.000753,2.635272,2.366244,2.26467,2.366802,2.636667,3.0034710000000002,3.41019,3.8236139999999996,4.22694,4.612419,4.9769820000000005,5.319936,5.641758,5.943492,6.226407,6.491844,6.7411080000000005,6.975468,7.196067,7.403994000000001,7.60023,7.785657,7.961085,8.127270000000001,8.284869,8.434494,8.576712,8.712009,8.840862000000001,8.963694,9.080910000000001,9.19278,9.2997,9.40203,9.49986,9.593639999999999,9.68346,9.769680000000001,9.852390000000002,9.93177,10.008,10.08135,10.15182,10.21968,10.28493,10.347750000000001,10.40832,10.46664,10.52289,10.57716,10.62945,10.67985,10.72854,10.77552,10.820879999999999,10.86471,10.90701,10.947870000000002,10.98729,11.025450000000001,11.06226,11.09781,11.13219,11.1654,11.19744,11.2284,11.258280000000001,11.28708,11.31498,11.341890000000001,11.36781,11.39283,11.41695,11.44017,11.46258,11.48409,11.504880000000002,11.52477,11.54394,11.562389999999999,11.58003,11.59704,11.613240000000001,11.62872,11.64357,11.65779,11.67129,11.68416,11.69649,11.7081,11.71908,11.72952,11.739419999999999,11.74869,11.757420000000002,11.7657,11.77335,11.78055,11.78721,11.793330000000001,11.79909,11.804310000000001,11.80917,11.81349,11.81754,11.82105,11.82429,11.827169999999999,11.82969,11.83194,11.833919999999999,11.835540000000002,11.83698,11.838149999999999,11.83914,11.84004,11.84067,11.8413,11.841840000000001,11.84229,11.842740000000001,11.84319,11.843639999999999,11.84427,11.84499,11.84589,11.84697,11.84832,11.84994,11.85192,11.85417,11.85696,11.860109999999999,11.863800000000001,11.868030000000001,11.87289,11.87829,11.884500000000001,11.89134,11.89899,11.90736,11.916630000000001,11.92689,11.93796,11.95002,11.96307,11.9772,11.99241,12.008610000000001,12.026069999999999,12.04461,12.06432,12.0852,12.10725,12.130560000000001,12.15513,12.18087,12.20787,12.236130000000001,12.265559999999999,12.29625,12.3282,12.361320000000001,12.39561,12.43116,12.467789999999999,12.505680000000002,12.544649999999999,12.584700000000002,12.62583,12.66804,12.71133,12.75561,12.800790000000001,12.846960000000001,12.89403,12.942,12.990870000000001,13.04055,13.091040000000001,13.142249999999999,13.19418,13.246830000000001,13.3002,13.354199999999999,13.40883,13.464,13.5198,13.57614,13.63293,13.69026,13.748040000000001,13.80627,13.86495,13.92399,13.98339,14.04315
10.5813,10.359,10.1295,9.89208,9.64638,9.391680000000001,9.127350000000002,8.852661,8.566704000000001,8.268606,7.957368,7.631883,7.2909180000000005,6.93315,6.557112,6.161247,5.743944,5.303574,4.838724,4.348575,3.833703,3.298068,2.753568,2.231739,1.810305,1.6358670000000002,1.808658,2.226762,2.7422280000000003,3.2764230000000003,3.7972710000000003,4.292532,4.758111,5.193405,5.599287,5.977305,6.329223,6.656868,6.961995,7.246278,7.511265000000001,7.758405,7.989021,8.204346000000001,8.405487,8.593497000000001,8.769312,8.933814,9.08784,9.23211,9.367289999999999,9.4941,9.61308,9.724860000000001,9.82989,9.92862,10.02168,10.10934,10.19205,10.27026,10.344240000000001,10.41435,10.48095,10.54422,10.60461,10.6623,10.71756,10.77057,10.8216,10.87083,10.91844,10.9647,11.0097,11.05362,11.09655,11.138580000000001,11.17998,11.220749999999999,11.26107,11.30094,11.34036,11.3796,11.41857,11.45736,11.495970000000002,11.534400000000002,11.572830000000002,11.611170000000001,11.64942,11.68758,11.72565,11.763630000000001,11.80152,11.839409999999999,11.87703,11.91465,11.952,11.989170000000001,12.026159999999999,12.06288,12.09942,12.13551,12.17142,12.20688,12.24198,12.27663,12.310920000000001,12.34467,12.37797,12.410730000000001,12.44295,12.47454,12.50559,12.536100000000001,12.56589,12.59505,12.62358,12.651390000000001,12.67848,12.70494,12.73059,12.75552,12.77973,12.80313,12.82581,12.84777,12.86883,12.889170000000002,12.90879,12.92751,12.94542,12.962610000000002,12.97899,12.99447,13.00923,13.02318,13.03632,13.04865,13.060170000000001,13.07097,13.08087,13.09005,13.098329999999999,13.105889999999999,13.112729999999999,13.11867,13.123890000000001,13.12839,13.131990000000002,13.134960000000001,13.13712,13.13847,13.139100000000001,13.13901,13.138200000000001,13.13658,13.13424,13.131269999999999,13.12749,13.12299,13.11777,13.11192,13.105350000000001,13.09806,13.09005,13.081320000000002,13.07196,13.061969999999999,13.051260000000001,13.03983,13.02777,13.01508,13.00167,12.98763,12.97287,12.95757,12.941550000000001,12.924900000000001,12.90753,12.88962,12.87099,12.85173,12.83184,12.81132,12.79008,12.76821,12.745800000000001,12.72258,12.69882,12.674339999999999,12.649230000000001,12.6234,12.596940000000002,12.56976,12.54186,12.513330000000002,12.48408,12.45411,12.42351,12.39201,12.35988,12.32694,12.293280000000001,12.25872,12.22344,12.18735,12.150360000000001,12.11256,12.07386,12.03417,11.99367,11.95209,11.90961,11.86605,11.82141,11.77578,11.72898,11.68101,11.631780000000001,11.58138,11.529630000000001,11.47653,11.421990000000001,11.36601,11.308589999999999,11.24946,11.1888,11.12634,11.06199,10.99584,10.92771,10.857510000000001,10.78506,10.71036,10.63332,10.55367,10.47141,10.38627,10.298250000000001,10.207080000000001,10.11267,10.01466,9.91305,9.80748,9.69768,9.58356,9.46467,9.34074,9.2115,9.076590000000001,8.935479,8.787816,8.633097000000001,8.4708,8.300331,8.121042,7.932213000000001,7.7330429999999994,7.52265,7.300044,7.0641359999999995,6.813675000000001,6.54732,6.2635320000000005,5.960619,5.636736,5.289885,4.917969,4.518963,4.091247,3.6344160000000003,3.151089,2.651481,2.164959,1.76661,1.600524,1.766043,2.1632670000000003,2.647665,3.143898,3.6224549999999995,4.0730580000000005,4.493043,4.88286,5.244129,5.578938000000001,5.889411000000001,6.1775910000000005,6.445386,6.694515,6.926544,7.142886,7.344792000000001,7.533396000000001,7.709697000000001,7.874604000000001,8.028936,8.173422,8.308719,8.435421,8.554068,8.665128,8.76906,8.866251,8.957061,9.04185,9.12078,9.19431,9.26262,9.325800000000001,9.3843,9.438030000000001,9.48735,9.532350000000001,9.57312,9.60984,9.6426,9.67149,9.6966,9.718020000000001,9.735750000000001,9.74988,9.7605,9.76761,9.77121,9.7713,9.76788,9.761130000000001,9.750779999999999,9.73701,9.71964,9.69876,9.67428,9.64611,9.61416,9.57852,9.538920000000001,9.49527,9.447569999999999,9.39564,9.33939,9.278550000000001,9.213030000000002,9.142560000000001,9.06705,8.986122,8.899640999999999,8.807265000000001,8.708697,8.603577000000001,8.491527,8.372115,8.244882,8.109297,7.964775,7.8106860000000005,7.646310000000001,7.470846000000001,7.283403,7.082982,6.868476,6.638625,6.3920520000000005,6.127191000000001,5.842314,5.535513,5.204727,4.847787,4.462578000000001,4.047381000000001,3.6016380000000003,3.127824,2.635992,2.1552840000000004,1.760598,1.595952,1.760913,2.156229,2.638116,3.131838,3.608298,4.057506,4.477005,4.867344,5.230215,5.567742,5.882058,6.175224,6.449112,6.70545,6.9457770000000005,7.171479,7.383798,7.583850000000001,7.772616000000001,7.950996000000001,8.1198,8.279739,8.43147,8.575578,8.712594,8.843022000000001,8.967276,9.08577,9.1989,9.30699,9.41031,9.50913,9.60381,9.69444,9.78138,9.86481,9.94491,10.02186,10.095749999999999,10.16676,10.23516,10.30086,10.364220000000001,10.42515,10.48392,10.54053,10.59507,10.64772,10.69848,10.74744,10.79469,10.84032,10.88433,10.92681,10.96785,11.00745,11.04579,11.08269,11.11833,11.1528,11.1861,11.218140000000002,11.24919,11.279069999999999,11.30796,11.33577,11.36268,11.38851,11.41344,11.43747,11.46069,11.482920000000002,11.504340000000001,11.52495,11.54475,11.56374,11.58201,11.59947,11.61612,11.63214,11.64744,11.66202,11.675880000000001,11.68911,11.70162,11.71359,11.72484,11.73555,11.74554,11.75499,11.7639,11.77218,11.77992,11.78712,11.79378,11.799900000000001,11.805570000000001,11.810699999999999,11.81547,11.819609999999999,11.82339,11.82681,11.82969,11.8323,11.83446,11.836260000000001,11.83779,11.83896,11.83995,11.840580000000001,11.84094,11.84112,11.84121,11.841030000000002,11.84076,11.8404,11.83995,11.8395,11.83905,11.83869,11.838330000000001,11.838149999999999,11.83806,11.83824,11.8386,11.83932,11.84031,11.841660000000001,11.84346,11.8458,11.8485,11.85183,11.85579,11.860380000000001,11.86569,11.87172,11.87856,11.8863,11.89485,11.904300000000001,11.91474,11.926260000000001,11.93877,11.95236,11.96703,11.98287,11.99988,12.01806,12.0375,12.0582,12.080070000000001,12.103290000000001,12.127770000000002,12.15351,12.18051,12.208860000000001,12.23847,12.26934,12.30147,12.334950000000001,12.3696,12.40551,12.442590000000001,12.48084,12.52035,12.56094,12.6027,12.64545,12.68937,12.73428,12.780180000000001,12.82698,12.87486,12.92355,12.97314,13.023539999999999,13.07475,13.12677,13.17951,13.232880000000002,13.28706,13.34178,13.39722,13.4532,13.50972,13.56678,13.62438,13.68243,13.741019999999999,13.79997,13.85928,13.91904,13.97916,14.03964
10.583010000000002,10.35945,10.12842,9.889470000000001,9.64206,9.385380000000001,9.1188,8.841492,8.552628,8.251199999999999,7.936101000000001,7.6061250000000005,7.259877,6.895809000000001,6.512202,6.107076,5.678235,5.223231,4.739345999999999,4.223664,3.673287,3.0859560000000004,2.46204,1.811772,1.189116,0.8571627,1.188423,1.8085590000000002,2.453157,3.067389,3.6405090000000007,4.17186,4.663565999999999,5.118525,5.539707000000001,5.929965,6.291927,6.627969,6.940251,7.2307440000000005,7.501202999999999,7.753221,7.988256000000001,8.207595000000001,8.412453000000001,8.60391,8.782956,8.950509,9.107370000000001,9.254430000000001,9.39222,9.52155,9.643049999999999,9.75708,9.86445,9.96543,10.06056,10.15029,10.23498,10.31508,10.39095,10.462860000000001,10.53117,10.59615,10.65807,10.71729,10.773900000000001,10.82826,10.880640000000001,10.93104,10.97982,11.02707,11.07297,11.1177,11.16144,11.20419,11.24622,11.28753,11.32821,11.368350000000001,11.408130000000002,11.447460000000001,11.48652,11.52531,11.563920000000001,11.602260000000001,11.64042,11.67849,11.716380000000001,11.75418,11.7918,11.82933,11.86668,11.90394,11.94102,11.97792,12.01464,12.05109,12.08736,12.12336,12.159,12.194460000000001,12.229470000000001,12.26412,12.29841,12.33234,12.36573,12.398760000000001,12.43116,12.4632,12.49461,12.52548,12.555719999999999,12.585420000000001,12.61449,12.642930000000002,12.67074,12.697830000000002,12.72429,12.75003,12.77505,12.79935,12.82293,12.84579,12.867930000000001,12.88926,12.909870000000002,12.929670000000002,12.94866,12.96693,12.98439,13.00113,13.01706,13.03218,13.04649,13.05999,13.07277,13.08474,13.0959,13.10634,13.11597,13.12479,13.13289,13.140179999999999,13.14666,13.15242,13.15737,13.1616,13.16502,13.167720000000001,13.169699999999999,13.17087,13.17132,13.17105,13.17006,13.16835,13.16583,13.16268,13.15881,13.15422,13.14891,13.14288,13.136220000000002,13.12884,13.12074,13.11192,13.10247,13.09239,13.08159,13.07016,13.058010000000001,13.04523,13.03182,13.01769,13.00293,12.987540000000001,12.97143,12.95469,12.93741,12.919410000000001,12.900689999999999,12.88143,12.86145,12.84084,12.8196,12.79773,12.77514,12.75201,12.72807,12.70359,12.67839,12.652560000000001,12.62601,12.59874,12.570839999999999,12.54222,12.512880000000001,12.48282,12.45204,12.420539999999999,12.38823,12.3552,12.32136,12.2868,12.25134,12.21507,12.177990000000001,12.14001,12.101130000000001,12.061350000000001,12.020579999999999,11.978819999999999,11.93616,11.892420000000001,11.8476,11.8017,11.75463,11.706389999999999,11.656979999999999,11.60622,11.5542,11.50083,11.44602,11.38977,11.3319,11.2725,11.211390000000002,11.14857,11.083860000000001,11.01726,10.948680000000001,10.87803,10.80522,10.729980000000001,10.6524,10.57221,10.48941,10.40373,10.31508,10.223279999999999,10.128150000000002,10.02951,9.92709,9.82071,9.710189999999999,9.595170000000001,9.475290000000001,9.35046,9.22014,9.084060000000001,8.941716000000001,8.792739000000001,8.636588999999999,8.472717000000001,8.300529000000001,8.119332,7.928388,7.726851000000001,7.513794000000001,7.288145999999999,7.048737,6.794226,6.523092,6.233625,5.923854,5.591547,5.234139,4.848723000000001,4.431996,3.980277,3.489696,2.956698,2.3799420000000002,1.7674020000000001,1.170054,0.847323,1.169802,1.766259,2.376837,2.950308,3.4785719999999998,3.962898,4.406841,4.8142890000000005,5.188941,5.534163,5.852898,6.147756,6.421032,6.674715000000001,6.910587,7.130178,7.334874,7.52589,7.704288000000001,7.871031,8.026983,8.172891,8.309466,8.437301999999999,8.556957,8.668935,8.773686,8.871615,8.963091,9.04842,9.12798,9.20196,9.27072,9.334349999999999,9.39312,9.4473,9.49689,9.542159999999999,9.5832,9.6201,9.65304,9.68211,9.70731,9.72891,9.746730000000001,9.76095,9.77157,9.77877,9.78237,9.78246,9.77913,9.772200000000002,9.76185,9.74799,9.73062,9.70956,9.68499,9.65664,9.624600000000001,9.58869,9.54891,9.50499,9.45702,9.40482,9.348210000000002,9.28701,9.22104,9.150120000000001,9.07407,8.992674000000001,8.90559,8.812557,8.71326,8.607330000000001,8.49438,8.373969,8.245611,8.108775000000001,7.962848999999999,7.807167000000001,7.6409910000000005,7.463457000000001,7.273647,7.070481,6.852771,6.619158,6.368094,6.097842,5.806377,5.491422,5.150358,4.780188000000001,4.3775189999999995,3.9385890000000003,3.459357,2.936142,2.367423,1.760931,1.167408,0.8460387,1.167552,1.76157,2.3691690000000003,2.9397330000000004,3.465603,3.9483270000000004,4.391622,4.7994840000000005,5.175693,5.5236149999999995,5.84622,6.1461,6.42555,6.686541,6.9308190000000005,7.159905,7.375167,7.577784,7.768827000000001,7.949232,8.119836000000001,8.281404,8.434611,8.580069,8.718318,8.849871,8.975178,9.09468,9.20862,9.31752,9.421650000000001,9.52119,9.61659,9.70794,9.795420000000002,9.879480000000001,9.960030000000001,10.03743,10.11186,10.18332,10.25208,10.31832,10.381950000000002,10.443240000000001,10.50237,10.55925,10.61415,10.66698,10.71801,10.76724,10.81467,10.86048,10.904670000000001,10.947330000000001,10.98846,11.02824,11.06658,11.103660000000001,11.13939,11.17386,11.207160000000002,11.23929,11.270340000000001,11.30022,11.32902,11.35683,11.383650000000001,11.40948,11.434320000000001,11.458260000000001,11.4813,11.50344,11.52477,11.5452,11.564820000000001,11.58363,11.60163,11.618820000000001,11.635290000000001,11.65104,11.666070000000001,11.68038,11.69388,11.70684,11.718990000000002,11.7306,11.741489999999999,11.75175,11.761379999999999,11.770470000000001,11.77884,11.786669999999999,11.79396,11.80062,11.806830000000001,11.81241,11.81754,11.822040000000001,11.82618,11.82978,11.832930000000001,11.83563,11.83788,11.839770000000001,11.84121,11.84229,11.84301,11.84346,11.84355,11.84346,11.84301,11.84238,11.84148,11.84049,11.83932,11.83797,11.83662,11.83527,11.83383,11.83248,11.83122,11.82996,11.82897,11.82807,11.827530000000001,11.827169999999999,11.827169999999999,11.827530000000001,11.82834,11.82969,11.83149,11.83383,11.83689,11.840580000000001,11.84499,11.85012,11.856150000000001,11.862990000000002,11.87082,11.87955,11.88936,11.900160000000001,11.91204,11.925,11.93922,11.95461,11.971169999999999,11.98908,12.00816,12.02859,12.050370000000001,12.073409999999999,12.097800000000001,12.12354,12.15063,12.17907,12.208860000000001,12.24,12.2724,12.30615,12.34116,12.37752,12.415049999999999,12.45384,12.49389,12.53502,12.57741,12.62088,12.66534,12.710970000000001,12.75759,12.8052,12.8538,12.9033,12.95361,13.00482,13.05693,13.10967,13.16331,13.21758,13.27248,13.3281,13.38435,13.44114,13.498470000000001,13.55634,13.614749999999999,13.67361,13.732920000000002,13.79268,13.8528,13.91328,13.97412,14.03532
10.592730000000001,10.368450000000001,10.13679,9.89703,9.64872,9.39105,9.12348,8.844984,8.554815,8.251911,7.935147,7.603254,7.2548010000000005,6.888159,6.501510000000001,6.09273,5.659425,5.198823,4.707711,4.1823630000000005,3.6183959999999997,3.0106710000000003,2.353059,1.6382700000000001,0.8574921,0.0,0.8571393,1.635696,2.345112,2.993355,3.587238,4.132593000000001,4.634451,5.097177,5.5245869999999995,5.919993,6.2863560000000005,6.62625,6.941988,7.235622000000001,7.508988,7.763724,8.001315,8.223102,8.4303,8.624025,8.805267,8.974953000000001,9.13392,9.28296,9.42282,9.55413,9.677430000000001,9.79344,9.90252,10.005300000000002,10.10223,10.193670000000001,10.28016,10.36188,10.43928,10.51272,10.58256,10.64898,10.71234,10.77282,10.83078,10.88631,10.939770000000001,10.991340000000001,11.04102,11.089260000000001,11.13606,11.18151,11.22597,11.26935,11.31183,11.35359,11.39472,11.435130000000001,11.47518,11.51469,11.55375,11.59254,11.631060000000002,11.66931,11.70729,11.745090000000001,11.782710000000002,11.82006,11.85732,11.8944,11.93121,11.96793,12.004380000000001,12.040650000000001,12.07674,12.11256,12.148109999999999,12.183300000000001,12.21831,12.25296,12.28725,12.321180000000002,12.354659999999999,12.387780000000001,12.42045,12.45267,12.48435,12.51558,12.546180000000001,12.576329999999999,12.60585,12.634830000000001,12.66318,12.690900000000001,12.71799,12.74445,12.77019,12.795300000000001,12.81969,12.84345,12.8664,12.888630000000001,12.91014,12.93093,12.951,12.970260000000001,12.988800000000001,13.00662,13.02363,13.03983,13.05531,13.07007,13.083929999999999,13.09716,13.109490000000001,13.1211,13.131990000000002,13.14207,13.151340000000001,13.15989,13.167629999999999,13.174650000000002,13.180860000000001,13.186350000000001,13.191120000000002,13.195079999999999,13.19832,13.200750000000001,13.20255,13.20354,13.20381,13.203360000000002,13.20219,13.2003,13.19769,13.194450000000002,13.1904,13.185630000000002,13.18023,13.17411,13.16736,13.1598,13.1517,13.14279,13.13325,13.123080000000002,13.11219,13.100670000000001,13.08852,13.07565,13.06215,13.04802,13.03317,13.01769,13.001579999999999,12.98484,12.96747,12.94938,12.93066,12.91131,12.89133,12.87072,12.849390000000001,12.827430000000001,12.80484,12.78162,12.75768,12.73311,12.70782,12.681899999999999,12.65535,12.62799,12.6,12.57138,12.54195,12.5118,12.480929999999999,12.44934,12.41694,12.38382,12.34989,12.315150000000001,12.2796,12.24324,12.20598,12.167910000000001,12.12885,12.088890000000001,12.048029999999999,12.00609,11.96325,11.91933,11.87433,11.82816,11.78091,11.73249,11.68281,11.631870000000001,11.57958,11.52594,11.47086,11.414340000000001,11.356200000000001,11.29653,11.23506,11.17188,11.1069,11.04003,10.97109,10.89999,10.82682,10.75122,10.67319,10.592640000000001,10.50939,10.42326,10.33416,10.24182,10.14624,10.04706,9.9441,9.83718,9.72603,9.610380000000001,9.48996,9.36441,9.23346,9.09657,8.953524,8.803737,8.646741,8.481978,8.308827,8.126604,7.934553,7.731809999999999,7.517430000000001,7.290333,7.049313,6.792984000000001,6.519789,6.227937,5.915367000000001,5.579703,5.218191000000001,4.827609000000001,4.404159,3.943377,3.439908,2.8873170000000004,2.27781,1.60182,0.8475057,0.0,0.8473733999999999,1.600875,2.274948,2.881179,3.429009,3.926178,4.379121,4.793184,5.172903000000001,5.522094,5.844042,6.141546000000001,6.417027,6.672591000000001,6.910074,7.131069,7.336989,7.529085,7.708446,7.876053000000001,8.032770000000001,8.17938,8.316585,8.444988,8.565173999999999,8.677629,8.782812,8.881136999999999,8.972982,9.05868,9.13851,9.21285,9.28179,9.345690000000001,9.40464,9.459,9.50877,9.55413,9.59535,9.632430000000001,9.66546,9.69462,9.72,9.74151,9.75942,9.77373,9.784440000000002,9.79155,9.79524,9.79533,9.792000000000002,9.78507,9.77472,9.76077,9.743310000000001,9.72225,9.6975,9.66915,9.636930000000001,9.60093,9.560970000000001,9.516960000000001,9.46881,9.41643,9.35955,9.29817,9.23202,9.160829999999999,9.08451,9.002790000000001,8.915355000000002,8.821962000000001,8.72226,8.615898,8.502471000000002,8.381547,8.252622,8.115165,7.968546,7.812108,7.645077,7.466598,7.275717,7.071345,6.852258,6.6170610000000005,6.364152,6.091722,5.797656,5.479533,5.134545,4.75938,4.3501590000000006,3.902301,3.410334,2.867661,2.266308,1.596501,0.846117,0.0,0.8461926,1.597032,2.267937,2.871135,3.416481,3.912003,4.3642710000000005,4.778766,5.160069,5.512023,5.837913,6.140529,6.4222920000000006,6.685281,6.931305,7.161938999999999,7.378578000000001,7.582446,7.774623,7.956063000000001,8.12763,8.290089,8.444115,8.590347,8.729325,8.861562000000001,8.987508,9.10755,9.22221,9.33165,9.43623,9.53631,9.632069999999999,9.72387,9.811890000000002,9.89622,9.97722,10.05498,10.12977,10.201590000000001,10.27062,10.33713,10.40103,10.46268,10.52199,10.57914,10.63422,10.687320000000001,10.73844,10.78785,10.835460000000001,10.88136,10.92573,10.968480000000001,11.0097,11.049570000000001,11.088000000000001,11.12508,11.16081,11.19537,11.228670000000001,11.260800000000001,11.29176,11.32164,11.350439999999999,11.37825,11.40498,11.430629999999999,11.455470000000002,11.47923,11.502180000000001,11.524140000000001,11.54529,11.56554,11.58489,11.60352,11.62134,11.63826,11.65455,11.66994,11.684700000000001,11.69865,11.711969999999999,11.724480000000002,11.73636,11.74752,11.75805,11.76786,11.77713,11.785680000000001,11.7936,11.80098,11.80773,11.81394,11.81952,11.824560000000002,11.82906,11.83311,11.83653,11.8395,11.84193,11.844000000000001,11.84553,11.8467,11.84742,11.84778,11.84769,11.847330000000001,11.84661,11.84553,11.84427,11.842740000000001,11.84094,11.83905,11.83689,11.83464,11.8323,11.82996,11.827530000000001,11.825099999999999,11.82276,11.82051,11.81844,11.816550000000001,11.81493,11.81349,11.8125,11.81178,11.8116,11.81178,11.81259,11.81394,11.81601,11.81871,11.82213,11.82636,11.83149,11.83752,11.84445,11.85246,11.86146,11.87163,11.88288,11.8953,11.908890000000001,11.92383,11.93994,11.95749,11.9763,11.99646,12.01806,12.04101,12.06531,12.091050000000001,12.11823,12.14676,12.176730000000001,12.20805,12.24081,12.27492,12.31029,12.3471,12.38517,12.4245,12.46509,12.50694,12.54996,12.594059999999999,12.63933,12.68568,12.73311,12.78153,12.83094,12.88125,12.93246,12.984570000000001,13.03749,13.09113,13.145579999999999,13.200750000000001,13.25655,13.31307,13.370130000000001,13.42782,13.48605,13.54482,13.604040000000001,13.66371,13.72392,13.784400000000002,13.845329999999999,13.90662,13.96827,14.030190000000001
10.610370000000001,10.386180000000001,10.15443,9.914760000000001,9.666540000000001,9.40905,9.14157,8.863380000000001,8.573535,8.271072,7.954884000000001,7.623738,7.276266000000001,6.910929,6.525972,6.11946,5.689188000000001,5.232708,4.74732,4.230144,3.6782999999999997,3.089574,2.464398,1.8130770000000003,1.189692,0.8574696,1.189026,1.80999,2.455857,3.071718,3.6467549999999997,4.180266,4.67433,5.131818,5.555664,5.948712,6.3135449999999995,6.652557,6.967881,7.2614790000000005,7.535088,7.7903009999999995,8.028566999999999,8.251182,8.459325,8.654094,8.83647,9.007380000000001,9.16758,9.31797,9.45909,9.591750000000001,9.71649,9.833850000000002,9.944460000000001,10.04859,10.14696,10.239749999999999,10.327589999999999,10.41066,10.4895,10.5642,10.6353,10.70298,10.767510000000001,10.829160000000002,10.888200000000001,10.9449,10.99926,11.051730000000001,11.102400000000001,11.15136,11.198879999999999,11.245140000000001,11.290140000000001,11.334060000000001,11.37708,11.4192,11.4606,11.50137,11.54151,11.5812,11.62035,11.659139999999999,11.697569999999999,11.73564,11.77344,11.810970000000001,11.84832,11.88531,11.92221,11.95875,11.9952,12.03129,12.0672,12.102929999999999,12.13839,12.17349,12.20841,12.242970000000001,12.277260000000002,12.3111,12.34467,12.37788,12.41064,12.44304,12.474900000000002,12.506400000000001,12.537360000000001,12.56778,12.597750000000001,12.627180000000001,12.655980000000001,12.68424,12.71187,12.73896,12.76533,12.791160000000001,12.81627,12.84075,12.864510000000001,12.88755,12.90996,12.93165,12.95262,12.97287,12.9924,13.01121,13.02921,13.04649,13.06305,13.07889,13.09392,13.10823,13.121730000000001,13.13451,13.14648,13.15773,13.16826,13.177980000000002,13.18698,13.195170000000001,13.20264,13.209389999999999,13.21542,13.220640000000001,13.22514,13.22883,13.23189,13.23414,13.23567,13.23648,13.23657,13.23603,13.234679999999999,13.23261,13.22982,13.2264,13.22226,13.2174,13.21191,13.20561,13.19877,13.191120000000002,13.18284,13.17393,13.1643,13.15404,13.14306,13.131540000000001,13.11921,13.10634,13.09275,13.07853,13.06368,13.04811,13.032,13.01517,12.997710000000001,12.979619999999999,12.9609,12.941460000000001,12.92148,12.90078,12.87945,12.8574,12.83481,12.8115,12.787469999999999,12.7629,12.73761,12.7116,12.68496,12.6576,12.62952,12.60072,12.57129,12.54105,12.51018,12.47841,12.446010000000001,12.4128,12.37878,12.343950000000001,12.30831,12.271770000000002,12.23442,12.19617,12.15702,12.11697,12.07593,12.033900000000001,11.99088,11.94678,11.9016,11.85534,11.80782,11.75922,11.70936,11.65824,11.605770000000001,11.55186,11.496599999999999,11.439810000000001,11.381490000000001,11.32155,11.25981,11.19645,11.1312,11.063970000000001,10.994760000000001,10.92348,10.84995,10.77408,10.695780000000001,10.61487,10.53126,10.44486,10.355400000000001,10.26279,10.16685,10.06731,9.96408,9.8568,9.74538,9.62937,9.50859,9.38277,9.251460000000002,9.1143,8.970975000000001,8.820917999999999,8.663679,8.498691,8.325360000000002,8.143002,7.950861,7.7481089999999995,7.533810000000001,7.306901999999999,7.066197,6.8103810000000005,6.537915000000001,6.247107,5.935968,5.602293,5.243517,4.856733,4.438656,3.985623,3.493782,2.959614,2.381823,1.768437,1.170504,0.8475588000000001,1.170252,1.767276,2.378664,2.953116,3.482451,3.9679200000000003,4.413024,4.821633,5.197446,5.543793,5.863626,6.159546,6.433839000000001,6.688503000000001,6.925311000000001,7.145793,7.351344,7.543152,7.722314999999999,7.889787,8.046422999999999,8.192988,8.330166,8.458578,8.578773,8.691264,8.796492,8.894871,8.98677,9.07254,9.15246,9.2268,9.29583,9.359729999999999,9.41886,9.473220000000001,9.52299,9.56844,9.60966,9.64683,9.67995,9.70911,9.734490000000001,9.75609,9.774,9.78831,9.79902,9.80613,9.80982,9.80991,9.80649,9.799650000000002,9.789209999999999,9.77526,9.757800000000001,9.736740000000001,9.71199,9.68355,9.65133,9.61524,9.57519,9.531179999999999,9.48303,9.430470000000001,9.37359,9.31212,9.24588,9.17469,9.098279999999999,9.01647,8.928972,8.835516,8.73576,8.629344,8.515881,8.39493,8.265996000000001,8.128548,7.981983,7.825626000000001,7.658721000000001,7.480440000000001,7.289829,7.085826,6.867243,6.632703,6.380685,6.109425,5.816925,5.50089,5.1587190000000005,4.787424,4.383612,3.943539,3.4631909999999997,2.938923,2.3692320000000002,1.7619390000000001,1.167858,0.8462727,1.168002,1.762596,2.371023,2.9426039999999998,3.469617,3.953556,4.3981200000000005,4.807287,5.184801,5.5340370000000005,5.857938,6.159114000000001,6.439824,6.702057,6.947550000000001,7.177833,7.394256,7.598016,7.790166,7.971641999999999,8.143298999999999,8.305883999999999,8.460081,8.606502,8.745687,8.878149,9.00432,9.12465,9.23949,9.3492,9.45405,9.5544,9.65043,9.74241,9.8307,9.9153,9.99648,10.07451,10.14948,10.221480000000001,10.290780000000002,10.357380000000001,10.42155,10.48329,10.54278,10.60011,10.65528,10.70856,10.75986,10.809360000000002,10.85706,10.90305,10.947420000000001,10.99026,11.03166,11.07144,11.109960000000001,11.14704,11.18286,11.21733,11.250630000000001,11.282760000000001,11.31363,11.34351,11.37222,11.399849999999999,11.42649,11.45214,11.476709999999999,11.50038,11.52315,11.545020000000001,11.565900000000001,11.585970000000001,11.60514,11.62359,11.64105,11.65779,11.673720000000001,11.688930000000001,11.703330000000001,11.71701,11.729880000000001,11.74212,11.75355,11.76435,11.77452,11.78388,11.7927,11.8008,11.80827,11.81511,11.82132,11.82699,11.83203,11.83644,11.8404,11.84373,11.846520000000002,11.84886,11.850660000000001,11.85192,11.852730000000001,11.85309,11.85309,11.852640000000001,11.85174,11.85048,11.84895,11.84697,11.84481,11.84229,11.83959,11.83662,11.83356,11.83032,11.8269,11.82348,11.82006,11.816550000000001,11.813130000000001,11.809800000000001,11.80656,11.80359,11.8008,11.79828,11.79612,11.794319999999999,11.79297,11.792159999999999,11.7918,11.792159999999999,11.79306,11.79477,11.7972,11.80044,11.80458,11.80971,11.81583,11.82294,11.83113,11.840580000000001,11.85111,11.8629,11.87595,11.89035,11.9061,11.9232,11.94165,11.96163,11.98296,12.00582,12.03012,12.055860000000001,12.08304,12.11175,12.1419,12.17358,12.206610000000001,12.24108,12.27699,12.31425,12.352860000000002,12.39282,12.43404,12.47652,12.52026,12.56517,12.61125,12.65841,12.70665,12.75597,12.80619,12.8574,12.90951,12.96252,13.01643,13.071060000000001,13.12641,13.18248,13.239270000000001,13.296690000000002,13.35474,13.41333,13.47246,13.53213,13.59225,13.65282,13.713840000000001,13.77522,13.83705,13.89915,13.96161,14.02434
10.63611,10.41255,10.181610000000001,9.94284,9.69561,9.43929,9.173250000000001,8.896662000000001,8.608761,8.308611,7.995203999999999,7.6674240000000005,7.324056000000001,6.963768,6.585102,6.18651,5.76639,5.32314,4.855383,4.3623270000000005,3.844638,3.306348,2.759472,2.235717,1.812978,1.638108,1.8114569999999999,2.231109,2.748978,3.2863140000000004,3.8108880000000003,4.31037,4.780584,5.220837,5.631984,6.015510000000001,6.373134,6.706665,7.017822,7.30827,7.57953,7.8330329999999995,8.070093,8.291916,8.499627,8.694234,8.876682,9.047880000000001,9.20853,9.35946,9.5013,9.63477,9.76032,9.878580000000001,9.99009,10.09539,10.19466,10.288620000000002,10.37745,10.46169,10.54152,10.61739,10.68948,10.75824,10.82376,10.8864,10.94643,11.00394,11.0592,11.112480000000001,11.16387,11.21364,11.26179,11.308589999999999,11.354130000000001,11.39859,11.441970000000001,11.48445,11.52612,11.56716,11.60739,11.647170000000001,11.68641,11.72511,11.763449999999999,11.80143,11.83905,11.87631,11.9133,11.95002,11.98647,12.02265,12.05856,12.0942,12.12957,12.16467,12.1995,12.234060000000001,12.268350000000002,12.302190000000001,12.33585,12.36906,12.401909999999999,12.4344,12.46644,12.49812,12.52926,12.56004,12.59028,12.61998,12.649230000000001,12.677940000000001,12.70602,12.73365,12.76065,12.78702,12.81276,12.83787,12.86235,12.8862,12.90942,12.93192,12.953700000000001,12.97485,12.99528,13.014990000000001,13.033980000000001,13.052249999999999,13.0698,13.08663,13.10274,13.118129999999999,13.132710000000001,13.14657,13.15971,13.172130000000001,13.18374,13.19463,13.2048,13.21425,13.22289,13.230810000000002,13.238010000000001,13.24449,13.250160000000001,13.25511,13.25943,13.26294,13.26573,13.267800000000001,13.26915,13.269779999999999,13.26969,13.26888,13.26735,13.26519,13.26222,13.25871,13.25439,13.24944,13.24377,13.23738,13.230360000000001,13.222710000000001,13.214340000000002,13.20534,13.19562,13.18527,13.1742,13.16259,13.15026,13.13721,13.123619999999999,13.109309999999999,13.09446,13.07889,13.0626,13.045770000000001,13.02831,13.01013,12.99132,12.97188,12.95181,12.93111,12.90969,12.88764,12.86496,12.84165,12.81762,12.792959999999999,12.76758,12.74157,12.714839999999999,12.687389999999999,12.65931,12.63051,12.60099,12.57066,12.5397,12.50793,12.47535,12.44205,12.40794,12.37302,12.33729,12.30075,12.26331,12.22488,12.185640000000001,12.1455,12.10428,12.06216,12.01896,11.974770000000001,11.9295,11.88306,11.83545,11.786669999999999,11.73663,11.68533,11.63268,11.57868,11.52324,11.46627,11.407680000000001,11.34756,11.285730000000001,11.2221,11.15667,11.089260000000001,11.019870000000001,10.94832,10.87461,10.79856,10.72008,10.63899,10.5552,10.46862,10.37898,10.28619,10.19007,10.090440000000001,9.98703,9.87975,9.76815,9.652140000000001,9.531360000000001,9.40554,9.274320000000001,9.13725,8.994105,8.844308999999999,8.687421,8.522892,8.350155,8.168535,7.977339,7.775748000000001,7.562889,7.3377810000000006,7.099308,6.846255,6.577263,6.290811000000001,5.985216,5.658633,5.309073000000001,4.934475,4.532832,4.1025599999999995,3.6432990000000003,3.157731,2.65617,2.168073,1.768671,1.602207,1.768086,2.166309,2.6522099999999997,3.150279,3.630897,4.083678,4.5059130000000005,4.897998,5.261526,5.598549,5.911173,6.201441,6.471252,6.722307,6.95619,7.174296,7.377885,7.5680819999999995,7.745895000000001,7.912242,8.067933,8.213706,8.350218,8.478063,8.597790000000002,8.709867000000001,8.814753,8.912835000000001,9.0045,9.09,9.16974,9.243900000000002,9.31284,9.37665,9.4356,9.48987,9.53964,9.585090000000001,9.62622,9.6633,9.69633,9.72549,9.75087,9.77247,9.79038,9.8046,9.81531,9.82251,9.82611,9.8262,9.82278,9.81594,9.8055,9.79155,9.77409,9.75303,9.728280000000002,9.69984,9.66762,9.63162,9.591660000000001,9.547649999999999,9.4995,9.44712,9.39024,9.328859999999999,9.26271,9.191609999999999,9.11538,9.03375,8.946459,8.853246,8.753769,8.647686,8.534619000000001,8.414127,8.285751000000001,8.148951,8.003151,7.8477120000000005,7.681914000000001,7.504947,7.315929,7.1138520000000005,6.897609,6.6659489999999995,6.417477000000001,6.150636,5.863716,5.5548,5.221836,4.862691,4.475259,4.057848000000001,3.6099539999999997,3.134124,2.640483,2.158299,1.762623,1.597617,1.762956,2.159298,2.642733,3.1383720000000004,3.6170100000000005,4.068585,4.49055,4.883418000000001,5.248863,5.588964,5.905845,6.2015400000000005,6.477939,6.736734,6.9794730000000005,7.207542000000001,7.422174,7.6244760000000005,7.815447000000001,7.995978000000001,8.166860999999999,8.328825,8.482527,8.628552,8.76744,8.899668,9.025649999999999,9.145890000000001,9.26064,9.37026,9.47511,9.57546,9.67158,9.76365,9.85194,9.93663,10.017900000000001,10.096020000000001,10.17099,10.24317,10.31247,10.37925,10.44351,10.50534,10.564919999999999,10.622250000000001,10.67751,10.73079,10.78218,10.83177,10.879470000000001,10.92555,10.97001,11.01285,11.054160000000001,11.09403,11.13246,11.169540000000001,11.20536,11.23983,11.273040000000002,11.30508,11.33595,11.36565,11.39427,11.421809999999999,11.44836,11.47383,11.49831,11.5218,11.54439,11.565990000000001,11.586780000000001,11.606580000000001,11.62557,11.64366,11.66094,11.67741,11.69307,11.707920000000001,11.721960000000001,11.73528,11.74788,11.75967,11.77083,11.781179999999999,11.79081,11.79981,11.808090000000002,11.81574,11.82267,11.82906,11.83473,11.839770000000001,11.84427,11.84814,11.85138,11.854080000000002,11.856240000000001,11.85777,11.85885,11.85948,11.85948,11.85912,11.858220000000001,11.85687,11.85516,11.85309,11.85057,11.84769,11.84454,11.84112,11.83734,11.83347,11.82924,11.82492,11.82051,11.81601,11.81142,11.806740000000001,11.80224,11.79774,11.793330000000001,11.78919,11.78523,11.78154,11.778120000000001,11.775150000000002,11.772630000000001,11.77056,11.769120000000001,11.768310000000001,11.76813,11.76867,11.77002,11.772269999999999,11.77542,11.77956,11.78469,11.7909,11.79837,11.80692,11.81673,11.82789,11.84031,11.85417,11.86947,11.88612,11.904300000000001,11.923919999999999,11.94507,11.967839999999999,11.99205,12.01779,12.04515,12.07404,12.10437,12.13632,12.16971,12.204630000000002,12.24099,12.278880000000001,12.31803,12.35862,12.40056,12.44385,12.48831,12.534030000000001,12.58092,12.62898,12.67812,12.72834,12.77955,12.831750000000001,12.88485,12.93885,12.99366,13.04928,13.10571,13.16277,13.220550000000001,13.278960000000001,13.338000000000001,13.397580000000001,13.457699999999999,13.518360000000001,13.57938,13.640939999999999,13.702860000000001,13.76514,13.82787,13.890870000000001,13.95414,14.01768
10.66977,10.44756,10.218060000000001,9.981,9.73566,9.48159,9.218160000000001,8.944542,8.660133,8.364087000000001,8.055531,7.733547,7.3971540000000005,7.045317,6.677028,6.291306,5.887359,5.464737,5.023737,4.5660240000000005,4.095927,3.6227699999999996,3.165345,2.759238,2.464029,2.352546,2.461284,2.75238,3.151818,3.599208,4.058397,4.510260000000001,4.945284,5.359104,5.750082,6.118011,6.4634670000000005,6.7874039999999995,7.090974,7.375392,7.641864,7.891587,8.125659,8.345169,8.551098,8.744382,8.925885000000001,9.096390000000001,9.25668,9.40752,9.54936,9.683010000000001,9.80892,9.927719999999999,10.03977,10.14561,10.245600000000001,10.34028,10.429920000000001,10.51497,10.59561,10.67229,10.74528,10.814760000000001,10.88118,10.94463,11.005379999999999,11.063699999999999,11.11968,11.17359,11.225700000000002,11.276010000000001,11.3247,11.37204,11.41803,11.46285,11.506590000000001,11.549430000000001,11.591280000000001,11.6325,11.672910000000002,11.71269,11.751930000000002,11.79063,11.82888,11.86668,11.90412,11.94111,11.97783,12.014190000000001,12.05028,12.08601,12.12147,12.15657,12.19149,12.22605,12.260340000000001,12.29427,12.32784,12.36114,12.39408,12.42666,12.45888,12.49065,12.52206,12.55293,12.583440000000001,12.6135,12.64311,12.67209,12.70071,12.728700000000002,12.756150000000002,12.78306,12.80934,12.835080000000001,12.86019,12.88476,12.908610000000001,12.931830000000001,12.95442,12.97638,12.997620000000001,13.01823,13.038120000000001,13.05729,13.075740000000001,13.093560000000002,13.11066,13.12704,13.1427,13.15755,13.17177,13.18527,13.19796,13.21002,13.22127,13.2318,13.24161,13.2507,13.259070000000001,13.266720000000001,13.27365,13.279770000000001,13.285260000000001,13.289940000000001,13.29399,13.297229999999999,13.29984,13.30164,13.302810000000001,13.30326,13.302990000000001,13.302,13.30038,13.29795,13.29498,13.291200000000002,13.28679,13.28166,13.2759,13.26942,13.262310000000001,13.254480000000001,13.246020000000001,13.236930000000001,13.22712,13.21668,13.20561,13.19391,13.18149,13.16844,13.154760000000001,13.140360000000001,13.12542,13.10976,13.093560000000002,13.076640000000001,13.05909,13.04091,13.02201,13.00257,12.98241,12.96162,12.9402,12.91815,12.895380000000001,12.87207,12.847949999999999,12.823290000000002,12.79782,12.77181,12.74499,12.71754,12.68937,12.66048,12.63096,12.60063,12.569490000000002,12.53772,12.50514,12.47175,12.43755,12.40254,12.36672,12.33009,12.29256,12.25413,12.2148,12.17448,12.133260000000002,12.09096,12.04767,12.00339,11.95794,11.91141,11.863710000000001,11.81484,11.76471,11.71323,11.66049,11.606309999999999,11.55069,11.49363,11.43495,11.37465,11.31273,11.24901,11.1834,11.115900000000002,11.04633,10.97469,10.90089,10.82475,10.74618,10.665,10.58112,10.49454,10.4049,10.31211,10.215990000000001,10.11636,10.01304,9.905850000000001,9.79443,9.67869,9.55818,9.43272,9.30186,9.16542,9.02286,8.873865,8.717904,8.5545,8.383095,8.203086,8.013798000000001,7.814501999999999,7.604397,7.382592000000001,7.1481330000000005,6.899967,6.636942,6.357861,6.061428,5.746374,5.4115020000000005,5.055849,4.679073,4.282011,3.867948,3.4448670000000003,3.029922,2.656719,2.382696,2.278989,2.381634,2.654064,3.024747,3.4359480000000002,3.8538810000000003,4.26132,4.650219,5.017329,5.361804,5.684049000000001,5.985045,6.266043000000001,6.5283750000000005,6.773346,7.0022340000000005,7.216200000000001,7.416333000000001,7.603632,7.779006000000001,7.943274000000001,8.097201,8.241462,8.376678,8.503407000000001,8.622162000000001,8.733402,8.837558999999999,8.935011,9.0261,9.11115,9.19044,9.26424,9.33282,9.396360000000001,9.455129999999999,9.50913,9.55872,9.60399,9.64494,9.68193,9.71487,9.74394,9.76914,9.790650000000001,9.80856,9.82278,9.833400000000001,9.84051,9.84411,9.8442,9.84087,9.83394,9.823590000000001,9.80964,9.79218,9.77112,9.74646,9.718110000000001,9.68607,9.650070000000001,9.61029,9.566370000000001,9.518400000000002,9.4662,9.40959,9.34839,9.28251,9.211770000000001,9.135810000000001,9.054630000000001,8.967807,8.875125,8.77626,8.670888000000001,8.55864,8.439093000000002,8.311797,8.176266,8.031951000000001,7.878240000000001,7.714476,7.539903000000001,7.3537289999999995,7.155045,6.94287,6.716124000000001,6.4736460000000005,6.214176,5.9363909999999995,5.638959,5.320593,4.980285,4.617567,4.233195,3.8302920000000005,3.416742,3.009501,2.64204,2.371725,2.26971,2.3723370000000004,2.643561,3.0124530000000003,3.421836,3.8383200000000004,4.244994,4.634019,5.002245,5.348925,5.6745090000000005,5.979996000000001,6.266637,6.535764,6.788664,7.026588,7.250687999999999,7.462044,7.661619,7.850313,8.028927,8.198217000000001,8.358831,8.511399,8.65647,8.794548,8.926092,9.05157,9.171270000000002,9.28557,9.39492,9.4995,9.59958,9.69552,9.787410000000001,9.87552,9.960120000000002,10.04139,10.11942,10.19439,10.26648,10.33587,10.402560000000001,10.46682,10.528649999999999,10.58823,10.64556,10.70091,10.75419,10.80549,10.85508,10.90278,10.94886,10.99323,11.03607,11.07738,11.11725,11.15559,11.19267,11.22831,11.262780000000001,11.2959,11.32785,11.35863,11.388240000000001,11.41668,11.44413,11.4705,11.49579,11.520090000000001,11.54349,11.565809999999999,11.587230000000002,11.607750000000001,11.62737,11.64609,11.66391,11.68092,11.69712,11.71242,11.727,11.74068,11.75364,11.765880000000001,11.77731,11.78793,11.797920000000001,11.8071,11.815650000000002,11.82348,11.830589999999999,11.83698,11.84283,11.84796,11.85237,11.856240000000001,11.85948,11.86209,11.86407,11.86551,11.86641,11.86677,11.8665,11.86578,11.86452,11.86281,11.86065,11.858039999999999,11.854980000000001,11.851560000000001,11.84769,11.84355,11.83905,11.834280000000001,11.82933,11.82402,11.818620000000001,11.81304,11.80737,11.80161,11.795760000000001,11.79,11.78424,11.77866,11.77326,11.76804,11.76309,11.7585,11.75427,11.750490000000001,11.747160000000001,11.74446,11.74239,11.74104,11.74041,11.74068,11.741760000000001,11.74383,11.74689,11.75103,11.75634,11.762910000000002,11.77065,11.77965,11.79009,11.80188,11.8152,11.82996,11.84616,11.86398,11.883329999999999,11.904300000000001,11.92689,11.9511,11.976930000000001,12.004380000000001,12.03336,12.06405,12.09627,12.13011,12.16548,12.20238,12.24081,12.28068,12.321990000000001,12.364650000000001,12.40875,12.45402,12.50064,12.54852,12.59748,12.64761,12.69882,12.75102,12.804300000000001,12.85839,12.91347,12.96936,13.02606,13.08348,13.141620000000001,13.200479999999999,13.259970000000001,13.32,13.38066,13.44177,13.50342,13.565520000000001,13.62798,13.69089,13.75416,13.81779,13.881689999999999,13.94586,14.0103
10.711350000000001,10.49103,10.26369,10.02906,9.7866,9.535680000000001,9.27585,9.00648,8.727003,8.436672,8.134839,7.8208020000000005,7.493849999999999,7.1533619999999996,6.798798,6.429843,6.04656,5.649678000000001,5.24106,4.8244050000000005,4.406535,3.999321,3.622374,3.305673,3.088692,3.009546,3.08448,3.2960249999999998,3.6050220000000004,3.9711960000000004,4.363983,4.763412,5.157396,5.539059,5.904666,6.252453,6.581790000000001,6.892758,7.185834,7.461729000000001,7.721261999999999,7.965324000000001,8.194797000000001,8.410563,8.613468000000001,8.804321999999999,8.983908,9.15291,9.31212,9.462060000000001,9.60336,9.736650000000001,9.86238,9.98118,10.09332,10.199430000000001,10.29978,10.39482,10.485000000000001,10.5705,10.65177,10.72899,10.802610000000001,10.872720000000001,10.939770000000001,11.00385,11.065230000000001,11.124089999999999,11.1807,11.23524,11.2878,11.33865,11.38779,11.43549,11.48193,11.52702,11.57112,11.61414,11.65617,11.69748,11.73798,11.777849999999999,11.81709,11.8557,11.89377,11.931479999999999,11.96865,12.00546,12.04182,12.077910000000001,12.11355,12.14892,12.18393,12.218580000000001,12.25296,12.286980000000002,12.320730000000001,12.354120000000002,12.38715,12.41982,12.45213,12.48399,12.51558,12.54672,12.57741,12.60774,12.63753,12.66687,12.695760000000002,12.7242,12.75201,12.77937,12.80619,12.83247,12.85812,12.883230000000001,12.907710000000002,12.93165,12.95496,12.977549999999999,12.999600000000001,13.020930000000002,13.041630000000001,13.0617,13.08105,13.099770000000001,13.11777,13.13505,13.1517,13.167629999999999,13.18275,13.197330000000001,13.2111,13.22415,13.23648,13.24818,13.259070000000001,13.269240000000002,13.278780000000001,13.28751,13.29552,13.302900000000001,13.30947,13.31541,13.32054,13.32504,13.32882,13.33188,13.33422,13.335840000000001,13.33674,13.33701,13.33656,13.33539,13.33359,13.33107,13.32792,13.32396,13.319460000000001,13.31424,13.308300000000001,13.301730000000001,13.29453,13.28661,13.27806,13.268790000000001,13.258980000000001,13.24845,13.23729,13.22541,13.212990000000001,13.19985,13.18608,13.17168,13.156649999999999,13.14099,13.1247,13.10769,13.090140000000002,13.07187,13.05297,13.03344,13.01328,12.99249,12.971070000000001,12.94893,12.92616,12.90267,12.87864,12.85389,12.82842,12.80232,12.775500000000001,12.74796,12.719790000000001,12.690900000000001,12.6612,12.63087,12.599730000000001,12.56787,12.535200000000001,12.50181,12.46752,12.43251,12.3966,12.35988,12.32226,12.28374,12.24432,12.204,12.16269,12.1203,12.077010000000001,12.03255,11.987100000000002,11.94048,11.89269,11.843639999999999,11.79342,11.74194,11.689020000000001,11.63484,11.579130000000001,11.52198,11.46321,11.40291,11.34081,11.277,11.211390000000002,11.1438,11.07423,11.00259,10.928790000000001,10.85256,10.77399,10.6929,10.609110000000001,10.522530000000001,10.43298,10.34037,10.24452,10.14507,10.04211,9.93519,9.82422,9.708929999999999,9.58896,9.464220000000001,9.33417,9.198630000000001,9.05724,8.909469,8.755002,8.593344,8.423991000000001,8.246376,8.059914000000001,7.863948,7.657794000000001,7.440678,7.211826,6.970383,6.7154940000000005,6.4463040000000005,6.1620029999999995,5.8619520000000005,5.545782,5.2137,4.866894,4.508235,4.143519,3.7833390000000002,3.44583,3.159315,2.961675,2.889891,2.96001,3.155544,3.439089,3.7725210000000002,4.127292000000001,4.485168000000001,4.83552,5.172525,5.493321000000001,5.796747,6.0826590000000005,6.351435,6.603777,6.840522,7.062579,7.27083,7.466157000000001,7.6493970000000004,7.821306000000001,7.982621999999999,8.134011,8.276085,8.409402,8.534484,8.651808,8.761797,8.864856000000001,8.961345000000001,9.05157,9.1359,9.21456,9.287820000000002,9.35586,9.41895,9.47718,9.53091,9.58014,9.62514,9.66591,9.70263,9.73539,9.76428,9.789390000000001,9.81072,9.82854,9.84267,9.853290000000001,9.86031,9.863909999999999,9.864,9.86058,9.85374,9.84339,9.82953,9.81216,9.79119,9.766620000000001,9.73836,9.70641,9.67068,9.63099,9.58743,9.53964,9.48771,9.43146,9.370709999999999,9.30528,9.234990000000002,9.15966,9.07902,8.992971,8.901108,8.803187999999999,8.698887000000001,8.587854,8.469702000000002,8.344017,8.210349,8.068167,7.916949,7.756074000000001,7.584903000000001,7.402716,7.208748,7.002189,6.782166,6.547779,6.298146,6.032403,5.749848,5.450058,5.1331500000000005,4.800213,4.454019,4.100247,3.749373,3.419388,3.1385609999999997,2.944719,2.874987,2.945673,3.140721,3.42324,3.7555650000000003,4.109526,4.467204000000001,4.81815,5.156694,5.480055,5.787144,6.077826,6.352497,6.611859000000001,6.856749000000001,7.08804,7.306623,7.513344,7.709031,7.8944220000000005,8.070246,8.237151,8.39574,8.546562000000002,8.69013,8.826912,8.957349,9.081809999999999,9.200700000000001,9.31437,9.42309,9.52713,9.62676,9.72225,9.81378,9.90162,9.98604,10.06704,10.1448,10.21968,10.291590000000001,10.360800000000001,10.4274,10.49157,10.55331,10.6128,10.67013,10.7253,10.778490000000001,10.829880000000001,10.879290000000001,10.92699,10.97298,11.01735,11.0601,11.10132,11.14101,11.17935,11.21634,11.251890000000001,11.28618,11.31921,11.35107,11.38167,11.41119,11.43954,11.46681,11.493,11.51811,11.54223,11.56536,11.5875,11.608740000000001,11.62899,11.648340000000001,11.66679,11.68434,11.701080000000001,11.71692,11.73186,11.74608,11.759490000000001,11.772,11.78379,11.79486,11.80512,11.81457,11.82339,11.8314,11.83869,11.845260000000001,11.8512,11.85642,11.86092,11.86479,11.868030000000001,11.870550000000001,11.872530000000001,11.87388,11.874600000000001,11.874690000000001,11.87424,11.87325,11.87163,11.86956,11.86695,11.86389,11.86029,11.85633,11.85192,11.847059999999999,11.841840000000001,11.836260000000001,11.83041,11.82429,11.8179,11.81133,11.80449,11.797649999999999,11.79063,11.783520000000001,11.7765,11.76948,11.76255,11.755799999999999,11.74932,11.743020000000001,11.73708,11.7315,11.72637,11.72178,11.71782,11.7144,11.71179,11.7099,11.70891,11.708820000000001,11.70981,11.71179,11.71485,11.71917,11.72466,11.73159,11.73978,11.749410000000001,11.76057,11.77326,11.78739,11.80323,11.82069,11.839770000000001,11.860470000000001,11.88297,11.90709,11.933010000000001,11.960550000000001,11.989799999999999,12.020760000000001,12.05343,12.08763,12.12354,12.16107,12.20013,12.24072,12.282750000000002,12.326220000000001,12.371129999999999,12.417390000000001,12.465,12.51378,12.56382,12.61494,12.66723,12.720600000000001,12.77487,12.830129999999999,12.886289999999999,12.94335,13.00113,13.05972,13.11903,13.17897,13.23954,13.300740000000001,13.362480000000001,13.42467,13.487400000000001,13.550490000000002,13.61403,13.67793,13.74228,13.80681,13.8717,13.936860000000001,14.0022
10.760489999999999,10.54269,10.318230000000002,10.08675,9.847800000000001,9.60102,9.34587,9.081809999999999,8.808480000000001,8.525286000000001,8.23176,7.927452,7.611966,7.285068,6.946713,6.597225000000001,6.237468,5.869134,5.495238,5.120784,4.753683,4.405950000000001,4.0949100000000005,3.8432970000000006,3.676644,3.616389,3.670785,3.830508,4.073193,4.3725060000000004,4.705164000000001,5.0534550000000005,5.40513,5.752142999999999,6.08949,6.414201,6.724656,7.020117,7.300413000000001,7.565742,7.816527,8.053326,8.276769,8.487531,8.686287,8.873721000000002,9.050490000000002,9.217260000000001,9.37449,9.52299,9.663120000000001,9.79551,9.92061,10.038960000000001,10.150830000000001,10.25676,10.35711,10.45233,10.5426,10.62837,10.71,10.78758,10.861650000000001,10.932210000000001,10.99971,11.06424,11.12607,11.18538,11.24244,11.29743,11.350439999999999,11.40156,11.45115,11.49921,11.54583,11.591280000000001,11.63547,11.67867,11.720970000000001,11.76228,11.80287,11.84265,11.8818,11.92041,11.958390000000001,11.99583,12.03282,12.06936,12.10545,12.14118,12.17646,12.21138,12.246030000000001,12.280230000000001,12.31407,12.34764,12.38076,12.41361,12.446010000000001,12.47814,12.509820000000001,12.54114,12.572099999999999,12.60261,12.632670000000001,12.66228,12.69144,12.72015,12.74841,12.77613,12.803400000000002,12.830129999999999,12.85632,12.88188,12.90699,12.93147,12.95532,12.97863,13.00131,13.02345,13.044870000000001,13.065660000000001,13.08582,13.105350000000001,13.12425,13.142430000000001,13.15989,13.176720000000001,13.192919999999999,13.208400000000001,13.22316,13.2372,13.25061,13.263300000000001,13.275269999999999,13.286520000000001,13.29705,13.30695,13.316040000000001,13.3245,13.332239999999999,13.339260000000001,13.345650000000001,13.35123,13.35618,13.360410000000002,13.36392,13.366710000000001,13.368870000000001,13.37031,13.371030000000001,13.371030000000001,13.3704,13.36914,13.36707,13.36446,13.36104,13.357080000000002,13.352400000000001,13.347,13.34097,13.33431,13.32693,13.31892,13.310279999999999,13.30101,13.29102,13.2804,13.26915,13.25727,13.244760000000001,13.231530000000001,13.21776,13.20327,13.18815,13.172490000000002,13.15611,13.139100000000001,13.12146,13.103190000000001,13.084200000000001,13.06467,13.04442,13.02363,13.00212,12.979980000000001,12.957120000000002,12.93372,12.90951,12.88476,12.85929,12.8331,12.806280000000001,12.77874,12.75048,12.7215,12.69189,12.661470000000001,12.63033,12.59838,12.565710000000001,12.53223,12.49794,12.46284,12.42693,12.39012,12.3525,12.31389,12.274469999999999,12.23397,12.19266,12.150269999999999,12.1068,12.06234,12.0168,11.97009,11.9223,11.87325,11.82294,11.771370000000001,11.71845,11.66418,11.60847,11.55123,11.49246,11.432160000000001,11.37006,11.30625,11.240639999999999,11.17314,11.103570000000001,11.031930000000001,10.95822,10.88208,10.80369,10.72269,10.63908,10.55277,10.46349,10.37115,10.27557,10.17666,10.074060000000001,9.96777,9.85743,9.74286,9.62379,9.49995,9.37107,9.23688,9.09693,8.950949999999999,8.798499,8.639163,8.472501000000001,8.298027,8.11521,7.92351,7.722351,7.511120999999999,7.289226,7.056045,6.8110289999999996,6.553674,6.283683,6.000993,5.706045,5.399991000000001,5.085189000000001,4.765788000000001,4.448745000000001,4.144941,3.8703870000000005,3.6465029999999996,3.497661,3.444543,3.4953390000000004,3.641454,3.861846,4.131882,4.429944,4.739895,5.050764,5.355612000000001,5.650245000000001,5.932359000000001,6.200793000000001,6.455178,6.695595,6.922395000000001,7.136100000000001,7.337304,7.526663999999999,7.704801000000001,7.872354,8.029917,8.178056999999999,8.317314,8.448183,8.571132,8.686584,8.794926,8.896545,8.991756,9.080910000000001,9.164159999999999,9.24192,9.31437,9.381780000000001,9.44424,9.501930000000002,9.555209999999999,9.60399,9.648539999999999,9.68895,9.725399999999999,9.75789,9.786510000000002,9.811440000000001,9.83268,9.850320000000002,9.86436,9.8748,9.88182,9.885330000000002,9.88542,9.88209,9.875250000000001,9.8649,9.851130000000001,9.833850000000002,9.81306,9.788580000000001,9.76059,9.728819999999999,9.69336,9.65394,9.61065,9.56331,9.51174,9.45594,9.39573,9.33093,9.26127,9.18675,9.10701,9.02187,8.931114,8.834436,8.731548,8.622117000000001,8.505801,8.382204000000002,8.250921,8.111502,7.963461000000001,7.806266999999999,7.639380000000001,7.462188000000001,7.274088,7.074450000000001,6.862626000000001,6.638031,6.4001339999999995,6.148575,5.883237,5.604489,5.313411,5.012262000000001,4.70511,4.398804,4.104126,3.837015,3.6188460000000005,3.474027,3.423384,3.475368,3.621744,3.841911,4.111605000000001,4.4095770000000005,4.719942,5.031963,5.338827,5.636457,5.922585000000001,6.196113,6.45669,6.704378999999999,6.939549,7.162704000000001,7.3744380000000005,7.575372000000001,7.766136,7.947333,8.119557,8.283366000000001,8.439282,8.5878,8.72937,8.864415,8.993331,9.11646,9.23418,9.346860000000001,9.45468,9.55791,9.65682,9.75177,9.84276,9.930150000000001,10.01412,10.09476,10.17225,10.246770000000001,10.31841,10.387440000000002,10.45377,10.51776,10.57932,10.638630000000001,10.695780000000001,10.75086,10.80396,10.85517,10.90449,10.952100000000002,10.997910000000001,11.04219,11.08476,11.12589,11.16549,11.203740000000002,11.24055,11.276010000000001,11.310210000000001,11.343060000000001,11.374740000000001,11.40525,11.4345,11.462670000000001,11.48976,11.51577,11.540700000000001,11.56464,11.5875,11.60946,11.63034,11.65041,11.669490000000001,11.68758,11.70486,11.72124,11.73681,11.75148,11.76525,11.7783,11.79045,11.80188,11.81241,11.82222,11.83131,11.83959,11.847059999999999,11.8539,11.85993,11.86524,11.86992,11.87379,11.87703,11.87964,11.881530000000001,11.8827,11.883329999999999,11.88324,11.88261,11.88135,11.87955,11.87712,11.87415,11.87064,11.86659,11.862,11.857050000000001,11.851560000000001,11.84571,11.839409999999999,11.83275,11.82573,11.81844,11.81079,11.80296,11.79495,11.78676,11.77848,11.77011,11.76174,11.75337,11.745090000000001,11.7369,11.72898,11.72133,11.71395,11.70693,11.70045,11.694420000000001,11.689020000000001,11.68434,11.68029,11.677140000000001,11.6748,11.673449999999999,11.67318,11.67399,11.67597,11.679120000000001,11.68371,11.68965,11.696940000000001,11.70576,11.7162,11.72817,11.74185,11.75715,11.77416,11.79297,11.813580000000002,11.8359,11.86002,11.88594,11.91366,11.943180000000002,11.97441,12.00744,12.04227,12.07872,12.116790000000002,12.15657,12.19797,12.24081,12.28527,12.33108,12.37833,12.42693,12.47679,12.52791,12.5802,12.63357,12.68811,12.743549999999999,12.800070000000002,12.8574,12.91563,12.97467,13.03443,13.094909999999999,13.15611,13.21785,13.280220000000002,13.34304,13.406400000000001,13.470210000000002,13.53447,13.59909,13.66407,13.72941,13.795020000000001,13.8609,13.927050000000001,13.99338
10.8171,10.60227,10.38123,10.153530000000002,9.9189,9.67698,9.42732,9.169649999999999,8.903493000000001,8.628597,8.344655999999999,8.051472,7.748955,7.437231000000001,7.116723,6.7882679999999995,6.453369,6.11442,5.775129,5.441022,5.120010000000001,4.82301,4.564152,4.360032,4.227426,4.179159,4.21983,4.343904,4.537701,4.783743,5.064858,5.366529,5.677596,5.989986,6.298128,6.598332,6.888258,7.16652,7.432398,7.685613,7.926219000000001,8.154441,8.370666,8.575344,8.768979,8.952102,9.12528,9.28899,9.4437,9.59013,9.72855,9.85959,9.98352,10.10097,10.21221,10.31769,10.41768,10.51272,10.6029,10.68867,10.77039,10.84815,10.92231,10.99314,11.06091,11.12571,11.187899999999999,11.24757,11.30499,11.36016,11.41353,11.46492,11.51478,11.56302,11.609910000000001,11.65554,11.699910000000001,11.7432,11.7855,11.8269,11.86749,11.90727,11.94633,11.98476,12.02265,12.05991,12.09663,12.1329,12.16872,12.20409,12.23901,12.27357,12.307680000000001,12.34152,12.37491,12.40794,12.440520000000001,12.47283,12.50469,12.53628,12.56733,12.59811,12.62835,12.65823,12.687750000000001,12.71673,12.74526,12.773340000000001,12.80097,12.828059999999999,12.8547,12.880799999999999,12.906360000000001,12.93138,12.955770000000001,12.97971,13.003020000000001,13.0257,13.04784,13.06935,13.09032,13.11057,13.13019,13.149180000000001,13.167539999999999,13.18527,13.20228,13.21866,13.23432,13.249350000000002,13.26366,13.277339999999999,13.2903,13.30263,13.31424,13.32513,13.3353,13.344840000000001,13.353660000000001,13.36176,13.36923,13.37598,13.382010000000001,13.38732,13.392000000000001,13.39596,13.39929,13.401810000000001,13.40379,13.404959999999999,13.4055,13.40532,13.40451,13.403070000000001,13.400910000000001,13.39803,13.39452,13.39038,13.38552,13.38003,13.37391,13.36707,13.3596,13.351500000000001,13.34277,13.33341,13.32333,13.31262,13.30128,13.28931,13.27671,13.26348,13.24962,13.23513,13.21992,13.204170000000001,13.187700000000001,13.17069,13.15296,13.134689999999999,13.1157,13.09608,13.075830000000002,13.05495,13.03344,13.0113,12.98844,12.96495,12.94074,12.9159,12.89043,12.86424,12.83733,12.809790000000001,12.78153,12.75255,12.72285,12.69243,12.6612,12.62925,12.596490000000001,12.56301,12.52872,12.49362,12.45762,12.420810000000001,12.3831,12.34449,12.30498,12.26457,12.223080000000001,12.18069,12.13722,12.09276,12.04722,12.00051,11.95263,11.90358,11.85327,11.8017,11.74878,11.694420000000001,11.638710000000001,11.58156,11.52279,11.46249,11.40048,11.33676,11.27115,11.203740000000002,11.13426,11.0628,10.989180000000001,10.91331,10.8351,10.75437,10.67103,10.585080000000001,10.49616,10.40427,10.309230000000001,10.21086,10.10898,10.00341,9.89397,9.78039,9.66249,9.53991,9.412469999999999,9.2799,9.14193,8.998083000000001,8.848116,8.691633000000001,8.528256,8.357553000000001,8.179101,7.992468000000001,7.797186,7.592823,7.378965,7.155234,6.921351,6.677199,6.422895,6.158925,5.886305999999999,5.606928,5.323824,5.041746,4.767714,4.511637,4.286556,4.108059000000001,3.9920310000000003,3.950802,3.9889890000000006,4.101615,4.276044,4.496103,4.746033,5.01264,5.285943,5.558877,5.82669,6.086331,6.335955,6.5745629999999995,6.801696,7.017273,7.221456,7.414560000000001,7.596972,7.769150999999999,7.931564999999999,8.084673,8.228952000000001,8.364842999999999,8.49276,8.613126000000001,8.726301000000001,8.832645,8.932482,9.0261,9.113850000000001,9.19593,9.27261,9.34407,9.410580000000001,9.47223,9.529290000000001,9.58185,9.630180000000001,9.674190000000001,9.71424,9.750240000000002,9.78246,9.81081,9.83547,9.85644,9.8739,9.88776,9.8982,9.90513,9.90855,9.90864,9.905220000000002,9.898470000000001,9.88821,9.87453,9.85734,9.836730000000001,9.81252,9.78471,9.753210000000001,9.718020000000001,9.67905,9.63612,9.58923,9.53829,9.48303,9.423449999999999,9.35937,9.290610000000001,9.21699,9.138330000000002,9.05445,8.965035,8.869887,8.768718,8.661249,8.547156000000001,8.426097,8.297694,8.161578,8.017326,7.864497,7.702641000000001,7.531299,7.3500119999999995,7.15833,6.955866,6.742305000000001,6.517476,6.281442,6.034644,5.778036,5.513427,5.243778,4.973751,4.710303000000001,4.463253000000001,4.245615,4.072959,3.9612510000000003,3.922983,3.9629970000000005,4.076658,4.251645,4.472163,4.722732000000001,4.990437,5.2654950000000005,5.540985,5.812245,6.076314,6.331392,6.576498,6.8111820000000005,7.0353900000000005,7.249248,7.45308,7.647264,7.832241,8.00847,8.176392,8.336484,8.48916,8.634861,8.773964999999999,8.90685,9.03384,9.155339999999999,9.27162,9.38295,9.489600000000001,9.591840000000001,9.68994,9.783990000000001,9.874350000000002,9.96102,10.04436,10.12455,10.201590000000001,10.27566,10.346940000000002,10.415610000000001,10.481670000000001,10.545390000000001,10.60668,10.66572,10.72269,10.77759,10.83042,10.881450000000001,10.93059,10.97802,11.02374,11.06775,11.11023,11.15118,11.190690000000002,11.228670000000001,11.26539,11.30067,11.33469,11.36736,11.39886,11.42919,11.458260000000001,11.48625,11.513160000000001,11.5389,11.563649999999999,11.58732,11.609910000000001,11.6316,11.6523,11.67201,11.69082,11.70864,11.72556,11.741670000000001,11.75679,11.7711,11.78451,11.7972,11.808900000000001,11.819880000000001,11.830050000000002,11.839409999999999,11.84796,11.8557,11.86272,11.86893,11.87442,11.87919,11.88324,11.88648,11.889090000000001,11.890979999999999,11.89215,11.89269,11.892510000000001,11.8917,11.89026,11.8881,11.8854,11.88216,11.878200000000001,11.87379,11.86875,11.86317,11.85714,11.85057,11.843639999999999,11.836170000000001,11.82834,11.82015,11.8116,11.80278,11.793690000000002,11.78433,11.77479,11.76516,11.75535,11.74554,11.73582,11.7261,11.716470000000001,11.70702,11.697840000000001,11.689020000000001,11.680560000000002,11.672550000000001,11.66508,11.658150000000001,11.65203,11.64654,11.64195,11.63826,11.63556,11.63394,11.63349,11.63421,11.63628,11.63979,11.64465,11.65104,11.65905,11.66868,11.68002,11.69307,11.70783,11.724480000000002,11.742930000000001,11.76327,11.7855,11.80962,11.83563,11.863529999999999,11.893320000000001,11.92491,11.95848,11.99376,12.03084,12.06963,12.11022,12.15243,12.19617,12.24153,12.28842,12.33675,12.38643,12.43746,12.489749999999999,12.54321,12.59784,12.653550000000001,12.71034,12.76812,12.82671,12.8862,12.9465,13.00761,13.06935,13.13172,13.19481,13.25835,13.32243,13.38705,13.45203,13.51746,13.58325,13.649310000000002,13.715729999999999,13.78242,13.84938,13.91652,13.983839999999999
10.880640000000001,10.669410000000001,10.45224,10.228950000000001,9.999270000000001,9.76284,9.51948,9.268830000000001,9.010800000000001,8.745129,8.471745,8.190675,7.902126,7.606539000000001,7.3047059999999995,6.997878000000001,6.687981000000001,6.377823,6.071382000000001,5.774157,5.4934650000000005,5.238612000000001,5.020722,4.851846,4.7432430000000005,4.703013,4.733865000000001,4.8322709999999995,4.989348000000001,5.193198000000001,5.43123,5.691924,5.965713,6.245109,6.524532000000001,6.799995,7.068726,7.328880000000001,7.579314,7.819371,8.048753999999999,8.2674,8.475453,8.673156,8.860851,9.03888,9.20772,9.36774,9.51948,9.663210000000001,9.79947,9.92862,10.05102,10.16721,10.27746,10.38204,10.48149,10.57599,10.66581,10.7514,10.83285,10.91061,10.98477,11.05569,11.123550000000002,11.18853,11.25081,11.31066,11.36826,11.4237,11.47716,11.52882,11.57877,11.62719,11.67417,11.71989,11.76435,11.80773,11.85003,11.89143,11.93202,11.97171,12.01068,12.04893,12.086640000000001,12.12372,12.16017,12.19617,12.231630000000001,12.26673,12.301290000000002,12.3354,12.36915,12.40245,12.43539,12.467970000000001,12.5001,12.531780000000001,12.56319,12.594149999999999,12.62466,12.654810000000001,12.68451,12.71385,12.742650000000001,12.77109,12.79899,12.82644,12.853439999999999,12.87999,12.906,12.93147,12.9564,12.98079,13.00473,13.02804,13.05072,13.07286,13.09446,13.11543,13.13577,13.15557,13.174650000000002,13.193190000000001,13.21101,13.228200000000001,13.244760000000001,13.26069,13.27599,13.29057,13.30443,13.31775,13.33026,13.34223,13.35339,13.36392,13.37382,13.383,13.39146,13.39929,13.406400000000001,13.41288,13.41864,13.423680000000001,13.42809,13.43187,13.43484,13.437270000000002,13.43889,13.439969999999999,13.440240000000001,13.439969999999999,13.43889,13.437270000000002,13.43493,13.43196,13.42827,13.42395,13.419,13.41333,13.40712,13.40019,13.392629999999999,13.38435,13.375530000000001,13.36608,13.35591,13.34511,13.333680000000001,13.32171,13.30902,13.2957,13.28175,13.26717,13.25196,13.23612,13.21965,13.20255,13.18482,13.16646,13.14747,13.127849999999999,13.107510000000001,13.08663,13.06503,13.042800000000002,13.01994,12.996450000000001,12.972240000000001,12.9474,12.92184,12.89565,12.86874,12.8412,12.81285,12.78387,12.75417,12.72366,12.69243,12.66048,12.62772,12.594240000000001,12.559859999999999,12.52476,12.488760000000001,12.45195,12.41424,12.375630000000001,12.33603,12.29562,12.25413,12.21174,12.168270000000001,12.12381,12.07818,12.03147,11.98359,11.93454,11.88432,11.83275,11.77983,11.72565,11.66994,11.61279,11.55411,11.493900000000002,11.43198,11.368350000000001,11.30292,11.23569,11.16639,11.0952,11.02176,10.94616,10.868310000000001,10.787939999999999,10.705050000000002,10.61946,10.531080000000001,10.439820000000001,10.34541,10.24785,10.146780000000001,10.0422,9.93375,9.82143,9.704880000000001,9.58383,9.45819,9.3276,9.191880000000001,9.05058,8.90352,8.750358,8.590761,8.424387,8.250912000000001,8.069994,7.8812999999999995,7.684569000000001,7.479540000000001,7.266087000000001,7.044192,6.8140350000000005,6.576102,6.331266,6.081021,5.8276259999999995,5.574447,5.326272,5.089617,4.872915,4.686408,4.541337,4.448322,4.415139,4.444533,4.533435,4.67379,4.854735,5.064822,5.293683000000001,5.532777,5.775543000000001,6.017175,6.254307,6.484662,6.7068,6.919848,7.123374,7.317216000000001,7.50141,7.676145,7.841664000000001,7.9983,8.146377,8.286255,8.418285000000001,8.542818,8.660196,8.770734000000001,8.874747000000001,8.972522999999999,9.064350000000001,9.15039,9.23103,9.306360000000002,9.37674,9.44217,9.50292,9.55917,9.61101,9.65862,9.70209,9.7416,9.77715,9.80892,9.837,9.861300000000002,9.88209,9.899280000000001,9.91305,9.92331,9.930060000000001,9.933480000000001,9.93357,9.930150000000001,9.9234,9.91323,9.899730000000002,9.88272,9.8622,9.83826,9.81072,9.77958,9.744750000000002,9.706230000000001,9.66384,9.61749,9.56709,9.51264,9.45387,9.390690000000001,9.32292,9.25047,9.17307,9.09054,9.0027,8.909370000000001,8.810226,8.705034,8.593515,8.475372,8.350290000000001,8.217945,8.077995,7.930098000000001,7.773912,7.609095,7.43535,7.252407,7.060104000000001,6.858387,6.6474,6.427566000000001,6.199731,5.965299000000001,5.726484,5.486589,5.250321,5.024141999999999,4.81644,4.637457,4.498443,4.410126000000001,4.3804170000000004,4.412304000000001,4.502979,4.644693,4.82688,5.038371,5.269032,5.510511,5.756391000000001,6.001965,6.243966,6.4801530000000005,6.709131,6.930045,7.142454000000001,7.346214,7.541360999999999,7.728057,7.906554,8.077158,8.240202,8.396028000000001,8.544978,8.687412,8.823645,8.954001,9.078750000000001,9.19827,9.31284,9.422550000000001,9.527849999999999,9.62883,9.725760000000001,9.81891,9.90828,9.99423,10.07694,10.156410000000001,10.23282,10.30644,10.377270000000001,10.4454,10.5111,10.57437,10.635390000000001,10.69416,10.75077,10.8054,10.85796,10.908719999999999,10.95768,11.004840000000002,11.05038,11.09421,11.136510000000001,11.177190000000001,11.21652,11.25432,11.29077,11.32587,11.35971,11.392199999999999,11.42352,11.45358,11.482470000000001,11.51019,11.53683,11.562389999999999,11.58687,11.61027,11.63268,11.65401,11.67444,11.69388,11.71233,11.729880000000001,11.746440000000002,11.76219,11.77695,11.7909,11.80395,11.8161,11.827440000000001,11.83797,11.84769,11.85651,11.86461,11.87181,11.87829,11.88396,11.88891,11.893049999999999,11.896469999999999,11.89908,11.900970000000001,11.902230000000001,11.90268,11.90241,11.90151,11.89989,11.89755,11.894580000000001,11.890979999999999,11.88675,11.88189,11.87649,11.87046,11.863800000000001,11.85669,11.84904,11.84094,11.8323,11.823300000000001,11.81385,11.80395,11.79387,11.783339999999999,11.772630000000001,11.76174,11.750670000000001,11.739419999999999,11.72817,11.716830000000002,11.70558,11.694420000000001,11.683440000000001,11.67273,11.66229,11.65221,11.642669999999999,11.63358,11.62512,11.61738,11.61045,11.604330000000001,11.59911,11.59506,11.592,11.590200000000001,11.58966,11.59056,11.59281,11.596589999999999,11.602079999999999,11.6091,11.61792,11.62845,11.640870000000001,11.655180000000001,11.67138,11.68947,11.70963,11.73177,11.755799999999999,11.7819,11.81007,11.84013,11.87217,11.90619,11.9421,11.97981,12.01941,12.06081,12.10392,12.14874,12.19509,12.243060000000002,12.29256,12.34341,12.3957,12.44925,12.50406,12.55995,12.61701,12.67515,12.73428,12.79422,12.85515,12.9168,12.97917,13.04226,13.10607,13.17033,13.23522,13.30065,13.366439999999999,13.43277,13.49937,13.56633,13.633650000000001,13.70124,13.76901,13.83705,13.90527,13.97367
10.95093,10.74366,10.53081,10.31247,10.088189999999999,9.857880000000002,9.621360000000001,9.37845,9.12915,8.873334000000002,8.611146,8.342829,8.068797,7.789761000000001,7.506783,7.221393000000001,6.9357690000000005,6.652863000000001,6.376644000000001,6.112242,5.8661010000000005,5.645916000000001,5.460309,5.318073,5.226966,5.1923070000000004,5.215797,5.295006,5.423931,5.594202,5.796531000000001,6.021909000000001,6.262371,6.511284,6.763419000000001,7.0147710000000005,7.262397000000001,7.504191,7.738704000000001,7.964982000000001,8.182449,8.390817,8.589996,8.78004,8.96112,9.13347,9.29736,9.453240000000001,9.60129,9.741869999999999,9.87552,10.002419999999999,10.12293,10.2375,10.34631,10.449900000000001,10.54836,10.642050000000001,10.73133,10.81638,10.89756,10.97496,11.04903,11.11977,11.18754,11.25252,11.3148,11.374740000000001,11.43234,11.487870000000001,11.54142,11.59317,11.64321,11.69172,11.7387,11.78442,11.82897,11.872349999999999,11.91465,11.95596,11.99637,12.03597,12.07485,12.11292,12.150360000000001,12.18726,12.22344,12.25917,12.29436,12.32901,12.36321,12.39696,12.43035,12.4632,12.49569,12.52773,12.559320000000001,12.59055,12.62142,12.651840000000002,12.68181,12.71133,12.740490000000001,12.769200000000001,12.797460000000001,12.82527,12.85263,12.87954,12.90591,12.931830000000001,12.95721,12.98214,13.006530000000001,13.030289999999999,13.0536,13.076369999999999,13.098510000000001,13.12011,13.14117,13.1616,13.181400000000002,13.200660000000001,13.21929,13.23729,13.25466,13.2714,13.28751,13.302990000000001,13.31775,13.33197,13.34547,13.35825,13.37049,13.382010000000001,13.39281,13.402980000000001,13.412519999999999,13.421429999999999,13.42953,13.43709,13.44393,13.45005,13.45554,13.46031,13.46445,13.46796,13.470749999999999,13.47291,13.474350000000001,13.47516,13.47525,13.47471,13.47354,13.47174,13.46922,13.46607,13.46229,13.45779,13.45266,13.446900000000001,13.44051,13.43349,13.42584,13.417470000000002,13.408560000000001,13.39893,13.388760000000001,13.37787,13.36635,13.35429,13.34151,13.328190000000001,13.31415,13.29948,13.284270000000001,13.26834,13.25187,13.234679999999999,13.216949999999999,13.1985,13.17951,13.1598,13.13946,13.11858,13.09698,13.07475,13.0518,13.02831,13.0041,12.97917,12.95361,12.92742,12.90051,12.87288,12.84462,12.81555,12.78585,12.75534,12.72411,12.69216,12.659400000000002,12.62583,12.591450000000002,12.55635,12.52035,12.48354,12.44574,12.40713,12.36762,12.32721,12.285720000000001,12.24333,12.199860000000001,12.1554,12.10986,12.06315,12.015360000000001,11.96631,11.91609,11.86461,11.81178,11.7576,11.70207,11.645010000000001,11.58651,11.526390000000001,11.46465,11.4012,11.33595,11.2689,11.19996,11.128950000000001,11.05596,10.98072,10.90314,10.823310000000001,10.740960000000001,10.65591,10.56825,10.47762,10.384110000000002,10.287360000000001,10.18737,10.083870000000001,9.97677,9.8658,9.75087,9.63171,9.50805,9.379710000000001,9.246509999999999,9.10809,8.964351,8.814897,8.659503,8.497926,8.329896,8.155197,7.9736400000000005,7.785063,7.589421,7.38675,7.177275000000001,6.961419,6.7399379999999995,6.514011000000001,6.285348,6.056433,5.830623,5.612427,5.407578,5.223033,5.066703,4.946733,4.87044,4.8429,4.865877,4.937337,5.051907,5.202081000000001,5.379498,5.576130000000001,5.784903,6.000021,6.216948,6.432309,6.64362,6.849189000000001,7.047846,7.238871,7.421859,7.596621,7.763139,7.9214850000000006,8.071839,8.214417,8.349453,8.477226,8.598006,8.712054,8.81964,8.921034,9.01647,9.106200000000001,9.19044,9.26937,9.343259999999999,9.41229,9.476550000000001,9.53622,9.59148,9.642510000000001,9.689400000000001,9.73224,9.77112,9.80613,9.83745,9.86508,9.88902,9.90954,9.92646,9.93996,9.95013,9.95679,9.960120000000002,9.960120000000002,9.95679,9.95004,9.94005,9.92655,9.90981,9.889560000000001,9.86589,9.83862,9.80793,9.77355,9.73548,9.69363,9.648000000000001,9.59832,9.54468,9.48681,9.42471,9.35811,9.28692,9.210960000000002,9.13005,9.04401,8.952714,8.855846999999999,8.753211,8.644581,8.529687000000001,8.408286,8.280117,8.144900999999999,8.002395,7.852356,7.694577000000001,7.528887,7.355205,7.1735489999999995,6.9840990000000005,6.787251,6.5837069999999995,6.374592000000001,6.161589,5.947083,5.734422,5.528043,5.333625,5.1581339999999996,5.009472000000001,4.895847,4.824657,4.801149,4.827276,4.901247,5.017959,5.170158000000001,5.349744,5.548878,5.760684,5.9794920000000005,6.200901,6.421581,6.639138000000001,6.851898,7.058736000000001,7.258932000000001,7.452089999999999,7.638020999999999,7.816698,7.988202000000001,8.152695000000001,8.310384,8.461503,8.606322,8.745093,8.878104,9.00558,9.127889999999999,9.24507,9.357569999999999,9.465570000000001,9.56925,9.66879,9.76446,9.856349999999999,9.94473,10.02978,10.1115,10.19025,10.265939999999999,10.338930000000001,10.40913,10.47681,10.541970000000001,10.60479,10.665360000000002,10.72377,10.78002,10.834290000000001,10.88658,10.93707,10.98567,11.03256,11.07783,11.121390000000002,11.16342,11.20392,11.242980000000001,11.280600000000002,11.31678,11.3517,11.38527,11.41749,11.44854,11.47842,11.50704,11.53458,11.56095,11.58624,11.61045,11.63358,11.65563,11.67669,11.69685,11.71593,11.734110000000001,11.7513,11.7675,11.78289,11.79729,11.81079,11.82348,11.83518,11.846070000000001,11.856150000000001,11.86533,11.8737,11.88126,11.88801,11.89386,11.89899,11.90331,11.90682,11.90961,11.91159,11.91276,11.913210000000001,11.912939999999999,11.911950000000001,11.91015,11.907720000000001,11.90457,11.9007,11.8962,11.890979999999999,11.88513,11.87874,11.87163,11.86389,11.8557,11.84688,11.83752,11.82771,11.81736,11.80665,11.79549,11.78397,11.77209,11.75994,11.74752,11.73492,11.72223,11.70936,11.69649,11.68362,11.67084,11.65824,11.64582,11.633759999999999,11.62206,11.61072,11.60001,11.58993,11.580480000000001,11.57193,11.56419,11.55744,11.551770000000001,11.54727,11.544030000000001,11.54214,11.54169,11.54268,11.545380000000002,11.5497,11.55582,11.56374,11.57346,11.58525,11.598930000000001,11.614680000000002,11.6325,11.65239,11.67435,11.69847,11.72475,11.7531,11.783520000000001,11.81601,11.85057,11.88711,11.92563,11.966040000000001,12.008339999999999,12.05244,12.09834,12.14586,12.195,12.24576,12.297870000000001,12.351510000000001,12.406410000000001,12.462570000000001,12.51999,12.5784,12.637979999999999,12.698550000000001,12.75993,12.8223,12.885390000000001,12.9492,13.01373,13.07889,13.144680000000001,13.210920000000002,13.277610000000001,13.344840000000001,13.41234,13.48029,13.54851,13.617090000000001,13.68585,13.75479,13.824,13.8933,13.96278
11.02752,10.824480000000001,10.616489999999999,10.40337,10.18494,9.9612,9.73197,9.497250000000001,9.25713,9.011610000000001,8.761032,8.505756,8.246403,7.9838819999999995,7.719426,7.454745,7.19208,6.934392,6.6854070000000005,6.449751,6.232932000000001,6.041205,5.88123,5.759496,5.681475000000001,5.650794,5.668533,5.7329550000000005,5.83983,5.983128,6.155901,6.35112,6.562233,6.783552,7.010343000000001,7.238790000000001,7.465968,7.6896450000000005,7.9081920000000006,8.120457,8.325657000000001,8.523306,8.713125,8.895015,9.069030000000001,9.23517,9.39366,9.54486,9.68886,9.82593,9.95652,10.08072,10.19898,10.31166,10.418849999999999,10.52091,10.6182,10.7109,10.79937,10.883700000000001,10.964340000000002,11.04129,11.11491,11.18538,11.25297,11.317770000000001,11.379959999999999,11.439720000000001,11.49732,11.55276,11.606309999999999,11.65806,11.7081,11.75652,11.80359,11.84922,11.89368,11.936969999999999,11.97918,12.02049,12.06072,12.10023,12.13884,12.17682,12.213989999999999,12.250620000000001,12.28662,12.321990000000001,12.356819999999999,12.39111,12.42495,12.45834,12.491280000000001,12.52368,12.555719999999999,12.58722,12.618450000000001,12.649140000000001,12.67947,12.709349999999999,12.73878,12.76776,12.79638,12.82446,12.85218,12.87945,12.906179999999999,12.93246,12.95829,12.98367,13.00842,13.03281,13.05657,13.079880000000001,13.10256,13.12479,13.14639,13.16745,13.18797,13.20786,13.22721,13.245930000000001,13.26402,13.28157,13.2984,13.31469,13.330350000000001,13.34538,13.35978,13.373460000000001,13.386600000000001,13.39902,13.41081,13.42197,13.432500000000001,13.44231,13.45149,13.460040000000001,13.46787,13.47507,13.48155,13.487490000000001,13.49262,13.49721,13.501080000000002,13.50432,13.50684,13.50882,13.50999,13.51062,13.51053,13.50981,13.50846,13.50648,13.50378,13.50045,13.49649,13.4919,13.486680000000002,13.48074,13.47426,13.46706,13.45932,13.45086,13.44186,13.43214,13.42179,13.4109,13.39929,13.387139999999999,13.374270000000001,13.36086,13.346820000000001,13.33215,13.31676,13.300830000000001,13.284270000000001,13.26708,13.24926,13.230810000000002,13.211820000000001,13.19211,13.17177,13.15071,13.129109999999999,13.10688,13.083929999999999,13.06035,13.036140000000001,13.0113,12.98574,12.95946,12.93255,12.90492,12.87657,12.84759,12.817800000000002,12.78738,12.756150000000002,12.72411,12.69135,12.657869999999999,12.62349,12.58839,12.55239,12.51558,12.477870000000001,12.43926,12.399750000000001,12.35934,12.31794,12.27555,12.232080000000002,12.187710000000001,12.14217,12.095550000000001,12.04776,11.998890000000001,11.948670000000002,11.89728,11.84463,11.79054,11.7351,11.67822,11.6199,11.55996,11.4984,11.435220000000001,11.370239999999999,11.303460000000001,11.23488,11.16423,11.0916,11.01681,10.939770000000001,10.86048,10.77867,10.69443,10.60749,10.51776,10.42515,10.32948,10.23057,10.12842,10.02276,9.91341,9.80028,9.683100000000001,9.56169,9.435960000000001,9.30555,9.17037,9.03015,8.884764,8.733924,8.577486,8.415288,8.247186,8.073108,7.893045,7.707069,7.515405,7.318440000000001,7.116804,6.911424,6.7036500000000006,6.4953270000000005,6.288912,6.087627,5.895512999999999,5.717466,5.559138,5.426604,5.325858,5.26203,5.238594,5.256693,5.314932,5.409594,5.535342,5.686002,5.855355,6.0376590000000006,6.227946,6.422112,6.616935,6.809922,6.999255000000001,7.183593,7.362018000000001,7.533936000000001,7.698969000000001,7.856928,8.007741,8.151462,8.288181,8.418042,8.541225,8.657928,8.768358000000001,8.872731,8.971254,9.06417,9.15156,9.233730000000001,9.31086,9.383130000000001,9.45063,9.51354,9.572040000000001,9.62631,9.676350000000001,9.72234,9.76437,9.802620000000001,9.83709,9.86778,9.894960000000001,9.91863,9.938699999999999,9.955440000000001,9.96867,9.978570000000001,9.98523,9.98847,9.988380000000001,9.985050000000001,9.97839,9.968490000000001,9.955169999999999,9.93861,9.91863,9.89523,9.86841,9.83817,9.80424,9.7668,9.72558,9.68067,9.63189,9.57915,9.522269999999999,9.461340000000002,9.395999999999999,9.326250000000002,9.25191,9.1728,9.08883,8.999703,8.905347,8.805519,8.70003,8.588673,8.47125,8.347563,8.217423,8.08065,7.937109,7.786709999999999,7.629399,7.465256999999999,7.2944640000000005,7.117371,6.9345810000000006,6.746985,6.5558700000000005,6.3630450000000005,6.1709309999999995,5.982696,5.802345,5.634774,5.485599000000001,5.360958,5.266881,5.2086060000000005,5.18976,5.211666,5.273154000000001,5.370723,5.499261,5.652837,5.825403,6.011388,6.205959,6.405138,6.6057570000000005,6.805422,7.002324,7.195167,7.38306,7.5654,7.741827,7.912152000000001,8.076312,8.234325,8.386299000000001,8.532369,8.672715,8.807526,8.937009,9.06138,9.180810000000001,9.29556,9.40581,9.51183,9.613620000000001,9.71154,9.80577,9.8964,9.98352,10.06749,10.14822,10.22607,10.30095,10.373130000000002,10.4427,10.50975,10.57437,10.636650000000001,10.696679999999999,10.75464,10.81044,10.86435,10.91628,10.96632,11.01465,11.06118,11.10609,11.149469999999999,11.19114,11.23137,11.270159999999999,11.30751,11.34342,11.378070000000001,11.41137,11.44341,11.47419,11.50371,11.53215,11.559330000000001,11.58543,11.61045,11.6343,11.657160000000001,11.678939999999999,11.69973,11.719529999999999,11.73825,11.756070000000001,11.7729,11.788739999999999,11.80368,11.817720000000001,11.830860000000001,11.843100000000002,11.85435,11.86479,11.87442,11.88315,11.890979999999999,11.898000000000001,11.90412,11.90943,11.91402,11.91771,11.92059,11.92266,11.923919999999999,11.92446,11.924100000000001,11.92311,11.92131,11.918700000000001,11.915370000000001,11.91132,11.90655,11.90106,11.89494,11.88801,11.88054,11.872349999999999,11.863529999999999,11.854080000000002,11.84409,11.83356,11.8224,11.81079,11.79873,11.786130000000002,11.77317,11.75985,11.74626,11.73231,11.71809,11.703780000000002,11.68929,11.67471,11.66022,11.64573,11.63133,11.6172,11.60334,11.589839999999999,11.576789999999999,11.56428,11.5524,11.54124,11.53089,11.52144,11.512979999999999,11.505690000000001,11.49966,11.4948,11.49147,11.48958,11.48931,11.49075,11.493900000000002,11.498940000000001,11.50596,11.51487,11.52594,11.53899,11.554290000000002,11.57175,11.591460000000001,11.613330000000001,11.637450000000001,11.66382,11.69244,11.72331,11.75625,11.79144,11.828700000000001,11.86812,11.90943,11.95272,11.9979,12.044970000000001,12.09375,12.14415,12.19617,12.249810000000002,12.3048,12.36114,12.41883,12.47769,12.53772,12.59883,12.66093,12.723840000000001,12.787740000000001,12.852360000000001,12.9177,12.98376,13.050450000000001,13.117590000000002,13.18536,13.253490000000001,13.32207,13.39101,13.46022,13.52979,13.59963,13.669649999999999,13.73985,13.81023,13.880700000000001,13.95135
11.109960000000001,10.911510000000002,10.70856,10.50102,10.28889,10.071990000000001,9.85041,9.62415,9.39348,9.15849,8.919611999999999,8.677395,8.432577,8.186184,7.939566,7.694487,7.45317,7.218423,6.993675,6.782967,6.590925,6.422616,6.283197,6.1775009999999995,6.109479,6.081678,6.0948,6.147539999999999,6.2368380000000005,6.358230000000001,6.506442,6.675966000000001,6.861465,7.058106,7.261722000000001,7.468802999999999,7.676540999999999,7.8827039999999995,8.085591,8.283915,8.476767,8.663499000000002,8.843688,9.017100000000001,9.1836,9.34317,9.49599,9.64206,9.781649999999999,9.914940000000001,10.04202,10.16334,10.27908,10.38942,10.494720000000001,10.59516,10.69101,10.782449999999999,10.86984,10.953360000000002,11.033100000000001,11.10951,11.182590000000001,11.25261,11.31975,11.38428,11.446200000000001,11.50578,11.5632,11.61846,11.67192,11.72349,11.77344,11.821860000000001,11.86875,11.914380000000001,11.95866,12.00186,12.04389,12.08502,12.125160000000001,12.1644,12.20283,12.240540000000001,12.27753,12.31389,12.34953,12.38463,12.4191,12.45312,12.48651,12.519540000000001,12.55194,12.58398,12.61557,12.64662,12.67731,12.707550000000001,12.73734,12.766680000000001,12.79557,12.824010000000001,12.852089999999999,12.87963,12.90681,12.93345,12.95964,12.985380000000001,13.010670000000001,13.03542,13.05972,13.08348,13.1067,13.129380000000001,13.15161,13.173210000000001,13.19436,13.214879999999999,13.23486,13.25421,13.27302,13.29129,13.30893,13.32594,13.34241,13.35816,13.37337,13.38795,13.4019,13.41522,13.428,13.439969999999999,13.4514,13.462200000000001,13.472370000000002,13.481819999999999,13.490639999999999,13.49883,13.50639,13.51332,13.51953,13.525110000000002,13.53006,13.53429,13.53798,13.54095,13.54329,13.54491,13.54599,13.54635,13.54608,13.54518,13.543650000000001,13.5414,13.53861,13.5351,13.53096,13.52628,13.52088,13.514850000000001,13.50819,13.5009,13.493070000000001,13.48452,13.475340000000001,13.465530000000001,13.45518,13.44411,13.432500000000001,13.42026,13.407300000000001,13.3938,13.37967,13.365,13.34961,13.33359,13.317029999999999,13.29975,13.281930000000001,13.26348,13.24431,13.2246,13.20426,13.1832,13.1616,13.13928,13.11642,13.092839999999999,13.06854,13.043700000000001,13.018049999999999,12.991859999999999,12.96495,12.937320000000001,12.90897,12.879900000000001,12.850200000000001,12.81969,12.78846,12.75651,12.723749999999999,12.690270000000002,12.655980000000001,12.62079,12.58488,12.54807,12.51036,12.47184,12.43233,12.39192,12.35061,12.30831,12.264930000000001,12.22056,12.17511,12.128580000000001,12.080969999999999,12.0321,11.98206,11.93076,11.878200000000001,11.82438,11.769120000000001,11.71242,11.65428,11.59461,11.53332,11.47041,11.40579,11.33937,11.27106,11.200949999999999,11.12877,11.05452,10.978110000000001,10.89936,10.81836,10.73484,10.648800000000001,10.56006,10.468440000000001,10.373940000000001,10.27647,10.17576,10.07163,9.964170000000001,9.852929999999999,9.738000000000001,9.619110000000001,9.49608,9.368730000000001,9.23697,9.100620000000001,8.959482000000001,8.813457000000001,8.662419,8.506296,8.345034,8.178651,8.007255,7.831044,7.650360000000001,7.465734000000001,7.277931,7.087986,6.897321,6.707781000000001,6.521733,6.34212,6.172497,6.016968,5.880069,5.7664979999999995,5.6807099999999995,5.6263950000000005,5.6059920000000005,5.620275,5.668245,5.747247000000001,5.853384,5.982048000000001,6.1283970000000005,6.287796,6.456051,6.629562,6.80535,6.9810479999999995,7.154793,7.325181,7.491177,7.652034,7.807238999999999,7.956486000000001,8.099568000000001,8.236413,8.36703,8.491464,8.609805,8.722206,8.828784,8.929710000000002,9.025110000000002,9.11529,9.20025,9.28017,9.35532,9.425790000000001,9.491670000000001,9.553139999999999,9.610380000000001,9.66339,9.71244,9.75744,9.79866,9.83619,9.86994,9.90009,9.926730000000001,9.949950000000001,9.969660000000001,9.98604,9.999089999999999,10.00881,10.01529,10.01844,10.018350000000002,10.015020000000002,10.00845,9.99864,9.9855,9.96921,9.9495,9.92646,9.90009,9.87021,9.83691,9.8001,9.759599999999999,9.7155,9.66762,9.615870000000001,9.560160000000002,9.500490000000001,9.436589999999999,9.36837,9.29583,9.21861,9.1368,9.05013,8.958465,8.861643,8.75952,8.651925,8.538723000000001,8.41977,8.294931,8.164134,8.027316,7.884486000000001,7.735716000000001,7.581195000000001,7.421238000000001,7.256348999999999,7.087239,6.914925,6.7407840000000006,6.5666340000000005,6.3947970000000005,6.228198,6.070356,5.9253659999999995,5.797791,5.692374,5.613615,5.565339,5.5500929999999995,5.56884,5.62077,5.703417,5.8130999999999995,5.9454,6.095664,6.259392,6.432534,6.611598,6.793677000000001,6.976485,7.158186000000001,7.337421,7.513182,7.684730999999999,7.851573,8.013384,8.169984,8.321301,8.467308000000001,8.608077,8.743698,8.874288,9.0,9.12096,9.23742,9.34947,9.45729,9.561060000000001,9.66087,9.75708,9.8496,9.938790000000001,10.024560000000001,10.10727,10.187009999999999,10.26378,10.33776,10.40913,10.47789,10.54422,10.60812,10.66977,10.72926,10.78668,10.84203,10.8954,10.94688,10.99656,11.04453,11.0907,11.135250000000001,11.17827,11.21967,11.259540000000001,11.297970000000001,11.33505,11.37069,11.40498,11.43801,11.46978,11.500200000000001,11.52954,11.55762,11.58453,11.61036,11.635019999999999,11.658600000000002,11.681099999999999,11.70261,11.723040000000001,11.74239,11.76084,11.7783,11.79468,11.81025,11.82474,11.838420000000001,11.85111,11.86281,11.8737,11.883690000000001,11.89278,11.900970000000001,11.90826,11.91474,11.92032,11.92509,11.92896,11.93202,11.934270000000001,11.93562,11.93625,11.93598,11.934899999999999,11.933100000000001,11.9304,11.92698,11.92284,11.917800000000002,11.91213,11.905650000000001,11.89845,11.89053,11.88189,11.872620000000001,11.86263,11.852010000000002,11.84076,11.82888,11.816460000000001,11.8035,11.79,11.775960000000001,11.761560000000001,11.74671,11.73141,11.71593,11.70009,11.68407,11.66787,11.65158,11.635200000000001,11.618910000000001,11.60271,11.58669,11.57103,11.55564,11.540700000000001,11.5263,11.51253,11.49948,11.48724,11.47599,11.46582,11.45673,11.44899,11.44251,11.43756,11.434230000000001,11.43252,11.43261,11.43459,11.438550000000001,11.444490000000002,11.452589999999999,11.46285,11.47527,11.49003,11.50713,11.52657,11.548350000000001,11.57256,11.59911,11.628,11.659320000000001,11.69289,11.728710000000001,11.766779999999999,11.80701,11.849400000000001,11.89377,11.94021,11.98845,12.038580000000001,12.09042,12.14388,12.19896,12.25548,12.31344,12.37275,12.43323,12.49488,12.55761,12.62133,12.68595,12.751470000000001,12.81771,12.88467,12.952350000000001,13.02057,13.08924,13.15854,13.228200000000001,13.29822,13.368599999999999,13.43925,13.51017,13.58136,13.652640000000002,13.72419,13.79574,13.86747,13.93929
11.1978,11.00421,10.80657,10.604880000000001,10.399140000000001,10.189350000000001,9.9756,9.75798,9.536850000000001,9.312389999999999,9.08523,8.855865,8.625195000000001,8.394309,8.164602,7.937802,7.716069000000001,7.501995,7.298631000000001,7.109469,6.938379,6.789429,6.666651000000001,6.5736810000000006,6.513444000000001,6.487749,6.497064,6.54039,6.615441,6.718833,6.846525,6.994143,7.157357999999999,7.332102,7.514748,7.702146000000001,7.891668000000001,8.081172,8.268939,8.453645999999999,8.634276000000002,8.810082000000001,8.980542,9.14526,9.30411,9.45693,9.603720000000001,9.74448,9.8793,10.00836,10.13193,10.25001,10.362870000000001,10.47078,10.57383,10.67238,10.76661,10.856610000000002,10.94274,11.02509,11.10393,11.17953,11.251890000000001,11.32137,11.38797,11.452050000000002,11.51361,11.572830000000002,11.62998,11.68506,11.73816,11.78964,11.83932,11.887559999999999,11.934270000000001,11.97972,12.02391,12.066840000000001,12.108780000000001,12.14964,12.1896,12.228660000000001,12.26682,12.304260000000001,12.34098,12.37698,12.41235,12.44709,12.48129,12.51486,12.54789,12.580470000000002,12.61251,12.6441,12.67524,12.70584,12.73599,12.765780000000001,12.79503,12.82383,12.85227,12.88017,12.907710000000002,12.93471,12.961350000000001,12.98745,13.0131,13.0383,13.06296,13.08717,13.11093,13.13415,13.156830000000001,13.17897,13.200660000000001,13.22172,13.242329999999999,13.262310000000001,13.28175,13.30065,13.31901,13.33674,13.35393,13.37049,13.38642,13.401810000000001,13.41657,13.43079,13.44429,13.45725,13.46949,13.481190000000002,13.49226,13.50261,13.51242,13.52151,13.53006,13.537889999999999,13.54518,13.55175,13.557690000000001,13.563,13.567680000000001,13.57164,13.575059999999999,13.57776,13.57983,13.58136,13.582170000000001,13.58235,13.581809999999999,13.58073,13.57902,13.576680000000001,13.57362,13.57002,13.565700000000001,13.56084,13.55535,13.549230000000001,13.542390000000001,13.53501,13.527,13.518360000000001,13.50909,13.49928,13.488750000000001,13.47768,13.46589,13.45356,13.4406,13.427100000000001,13.41288,13.398119999999999,13.38264,13.366620000000001,13.349969999999999,13.33269,13.31478,13.29633,13.27716,13.25745,13.237020000000001,13.21596,13.19436,13.17204,13.14909,13.12551,13.1013,13.076369999999999,13.05081,13.02453,12.997620000000001,12.96999,12.94164,12.91266,12.882959999999999,12.852450000000001,12.82122,12.78927,12.7566,12.72312,12.68883,12.65373,12.61782,12.58101,12.543389999999999,12.50487,12.46545,12.42513,12.38382,12.34161,12.29832,12.254040000000002,12.208770000000001,12.16233,12.11481,12.066120000000002,12.01617,11.96505,11.91267,11.85903,11.80395,11.74752,11.68965,11.63025,11.56932,11.50668,11.44242,11.37645,11.30868,11.23902,11.167380000000001,11.09376,11.017980000000001,10.94004,10.85976,10.777140000000001,10.69209,10.60443,10.51398,10.42083,10.32471,10.225620000000001,10.12329,10.01772,9.90873,9.796140000000001,9.67986,9.55971,9.43569,9.30753,9.175139999999999,9.03852,8.897508,8.75205,8.602155,8.44785,8.289242999999999,8.126514,7.959986999999999,7.790076,7.617420000000001,7.442847,7.267455,7.092675,6.92028,6.752466,6.59187,6.441552000000001,6.304923,6.185637000000001,6.087321,6.01335,5.966433,5.948316,5.959548,5.999364,6.065838,6.156063,6.266529,6.3934560000000005,6.5331,6.68196,6.836922,6.995313,7.15491,7.313931,7.470945,7.624863,7.774857000000001,7.920324,8.060841,8.196111,8.325972,8.450334,8.56917,8.682507000000001,8.790408000000001,8.892963,8.99028,9.08244,9.169649999999999,9.251999999999999,9.32958,9.40257,9.471060000000001,9.53523,9.595170000000001,9.650970000000001,9.702810000000001,9.7506,9.794699999999999,9.83502,9.87165,9.90468,9.93429,9.96039,9.98307,10.002419999999999,10.01844,10.03113,10.04067,10.04697,10.050030000000001,10.049940000000001,10.046610000000001,10.04013,10.03041,10.01754,10.001430000000001,9.982080000000002,9.9594,9.933480000000001,9.90414,9.87147,9.83529,9.79569,9.7524,9.70551,9.65484,9.600389999999999,9.54207,9.4797,9.41319,9.34245,9.26739,9.18783,9.103769999999999,9.014940000000001,8.921304,8.822709000000001,8.719056,8.610237,8.49618,8.376813,8.252136,8.122149,7.98696,7.846731000000001,7.70175,7.552422,7.3993590000000005,7.243344,7.085466,6.9271020000000005,6.770016,6.616368,6.468786000000001,6.330303,6.204348,6.094593000000001,6.0047369999999995,5.9382,5.897799,5.885415,5.90175,5.946210000000001,6.0170580000000005,6.111549,6.226371,6.357897,6.502509,6.6568499999999995,6.8179050000000005,6.9830820000000005,7.1502300000000005,7.317594000000001,7.483815000000001,7.647804,7.808769000000001,7.966106999999999,8.119404,8.268381,8.412867,8.552762999999999,8.68806,8.818767,8.944956000000001,9.06669,9.18414,9.29736,9.40653,9.51174,9.61317,9.71091,9.805050000000001,9.89586,9.98343,10.067760000000002,10.14921,10.2276,10.30329,10.37628,10.44666,10.514610000000001,10.580129999999999,10.643310000000001,10.70433,10.76319,10.81998,10.8747,10.927620000000001,10.97865,11.02779,11.07531,11.12112,11.16522,11.20779,11.24892,11.28843,11.326500000000001,11.36322,11.39859,11.43252,11.465190000000002,11.496599999999999,11.526840000000002,11.55573,11.58354,11.61018,11.63565,11.65995,11.683169999999999,11.705400000000001,11.726550000000001,11.74662,11.76561,11.7837,11.80071,11.81682,11.83185,11.84598,11.859210000000001,11.871450000000001,11.88279,11.89314,11.90259,11.91123,11.91888,11.92563,11.93157,11.93652,11.940660000000001,11.943900000000001,11.94633,11.94786,11.94858,11.9484,11.947410000000001,11.94561,11.94291,11.939400000000001,11.935170000000001,11.93004,11.924100000000001,11.917440000000001,11.90997,11.90169,11.89269,11.88297,11.87244,11.86128,11.849400000000001,11.83689,11.82366,11.80989,11.79549,11.78046,11.764980000000001,11.74896,11.732579999999999,11.71566,11.69847,11.68092,11.6631,11.645100000000001,11.62692,11.608740000000001,11.59056,11.57238,11.55447,11.53674,11.51937,11.50245,11.48607,11.47023,11.4552,11.441070000000002,11.42784,11.415780000000002,11.404800000000002,11.39526,11.387070000000001,11.38041,11.37546,11.37222,11.37087,11.37159,11.37429,11.37915,11.38626,11.39571,11.4075,11.42172,11.438460000000001,11.45763,11.47941,11.503620000000002,11.53035,11.55969,11.591370000000001,11.625660000000002,11.6622,11.701170000000001,11.74239,11.78586,11.83149,11.87919,11.928780000000001,11.980350000000001,12.033719999999999,12.0888,12.14541,12.20364,12.26331,12.32424,12.38652,12.44988,12.51441,12.57984,12.64626,12.7134,12.78144,12.85011,12.919410000000001,12.98925,13.05963,13.13046,13.20174,13.273290000000001,13.3452,13.41729,13.489650000000001,13.562190000000001,13.634910000000001,13.70772,13.78062,13.85361,13.92669
11.29059,11.10195,10.90989,10.71414,10.51506,10.31247,10.10664,9.89775,9.68607,9.47214,9.25632,9.039510000000002,8.822403000000001,8.606232,8.392365,8.182458,7.978527000000001,7.78293,7.598358,7.42779,7.274439000000001,7.141590000000001,7.032393,6.949665,6.8955660000000005,6.8714189999999995,6.877539,6.913143,6.9764669999999995,7.064928,7.17534,7.304247000000001,7.448094,7.6034880000000005,7.767288,7.936704,8.109342,8.283168,8.456535,8.628102,8.796816000000002,8.961858000000001,9.122670000000001,9.27873,9.42975,9.57555,9.71613,9.8514,9.98136,10.10601,10.225710000000001,10.34028,10.45017,10.55538,10.65609,10.75248,10.84482,10.9332,11.017890000000001,11.098980000000001,11.17674,11.25135,11.3229,11.39157,11.457540000000002,11.52099,11.5821,11.64096,11.69766,11.75238,11.805209999999999,11.85633,11.90583,11.953710000000001,12.000240000000002,12.045420000000002,12.089340000000002,12.13209,12.173760000000001,12.21444,12.25413,12.29292,12.330810000000001,12.367980000000001,12.404340000000001,12.44007,12.47508,12.50955,12.5433,12.57651,12.60918,12.64131,12.67299,12.704130000000001,12.734729999999999,12.76488,12.794580000000002,12.82383,12.85263,12.880980000000001,12.90888,12.93624,12.96324,12.98979,13.0158,13.04136,13.06647,13.09113,13.11534,13.13892,13.162139999999999,13.18482,13.20696,13.22865,13.24971,13.27032,13.29039,13.30992,13.32882,13.34727,13.36509,13.382370000000002,13.39902,13.41513,13.4307,13.445640000000001,13.459950000000001,13.47372,13.48686,13.49937,13.51125,13.5225,13.53321,13.54329,13.55265,13.561470000000002,13.56966,13.57722,13.584150000000001,13.59045,13.59603,13.60107,13.60548,13.609259999999999,13.61241,13.61484,13.61673,13.61799,13.61853,13.61853,13.6179,13.61655,13.61466,13.61214,13.60899,13.60512,13.600710000000001,13.59567,13.59009,13.58379,13.57686,13.56939,13.56129,13.55247,13.5432,13.53321,13.522590000000001,13.51143,13.49964,13.487219999999999,13.474169999999999,13.46058,13.44636,13.431420000000001,13.416030000000001,13.39992,13.383270000000001,13.365900000000002,13.34799,13.32945,13.310279999999999,13.29048,13.270050000000001,13.24908,13.227390000000002,13.205070000000001,13.182120000000001,13.15854,13.13424,13.1094,13.08375,13.05756,13.030650000000001,13.003020000000001,12.97476,12.94569,12.91599,12.88557,12.85443,12.82248,12.789810000000001,12.75633,12.72204,12.68703,12.65112,12.61449,12.57687,12.53844,12.49911,12.45888,12.41766,12.37554,12.33234,12.288240000000002,12.242970000000001,12.19671,12.14937,12.10077,12.05109,12.000150000000001,11.94804,11.894580000000001,11.839770000000001,11.783610000000001,11.72601,11.666970000000001,11.606309999999999,11.54421,11.480400000000001,11.41488,11.34756,11.27844,11.20743,11.134530000000002,11.05947,10.98234,10.90296,10.82133,10.73727,10.65078,10.56168,10.46997,10.37538,10.278,10.177560000000001,10.073970000000001,9.96723,9.85716,9.74367,9.62667,9.505980000000001,9.3816,9.25344,9.121410000000001,8.98551,8.845731,8.702126999999999,8.554797,8.403921,8.24976,8.092683000000001,7.933203,7.771986000000001,7.609923,7.448094,7.287903000000001,7.131006,6.979410000000001,6.835419,6.701652,6.580935,6.476193,6.390288,6.325785,6.2847,6.2683290000000005,6.27705,6.310287,6.366582,6.443748,6.539058000000001,6.649542,6.7721670000000005,6.904017,7.042428,7.185033,7.329807000000001,7.475067000000001,7.6194180000000005,7.761771,7.901243999999999,8.03718,8.169084,8.296587,8.419437,8.53749,8.650647,8.758863,8.862156,8.960553,9.05409,9.14292,9.22707,9.30663,9.381780000000001,9.452520000000002,9.518939999999999,9.58131,9.63954,9.693900000000001,9.7443,9.79101,9.83394,9.87327,9.909089999999999,9.94131,9.9702,9.995669999999999,10.017900000000001,10.0368,10.05246,10.06488,10.074150000000001,10.08027,10.08324,10.08306,10.07982,10.07334,10.06389,10.0512,10.035359999999999,10.016280000000002,9.99414,9.96867,9.93996,9.90792,9.87246,9.83367,9.79137,9.745470000000001,9.696060000000001,9.64287,9.58599,9.52524,9.46053,9.39177,9.31887,9.24174,9.16038,9.074520000000001,8.984169,8.889237,8.789643,8.685333,8.576271,8.462466,8.343945000000001,8.220816000000001,8.093223000000002,7.961417999999999,7.825761,7.686729000000001,7.544979,7.401357,7.256943,7.113096,6.971463,6.834015,6.703083,6.58125,6.471378,6.376428000000001,6.299298,6.242643,6.208569000000001,6.198498,6.212952,6.251507999999999,6.312879000000001,6.3950130000000005,6.495372000000001,6.611112,6.739344,6.877269,7.0223130000000005,7.1721900000000005,7.324956,7.478964,7.632882,7.7856119999999995,7.936335,8.084385,8.229284999999999,8.370675,8.508312,8.642043000000001,8.771768999999999,8.897454000000002,9.01908,9.1368,9.25047,9.36036,9.46656,9.56898,9.667890000000002,9.76338,9.85554,9.944460000000001,10.030230000000001,10.11303,10.19304,10.27017,10.3446,10.41651,10.48581,10.55277,10.61748,10.67985,10.740060000000001,10.7982,10.85436,10.90854,10.96083,11.01132,11.06001,11.106990000000001,11.15235,11.19609,11.23821,11.27889,11.31804,11.35575,11.39202,11.42703,11.4606,11.493,11.52405,11.553840000000001,11.582460000000001,11.609910000000001,11.636190000000001,11.6613,11.68533,11.70819,11.73006,11.75076,11.770470000000001,11.78919,11.806830000000001,11.82348,11.83914,11.85381,11.86749,11.880270000000001,11.89197,11.90286,11.91276,11.92167,11.92977,11.93688,11.94309,11.9484,11.952810000000001,11.956320000000002,11.958929999999999,11.96064,11.96154,11.96154,11.960550000000001,11.95884,11.95614,11.95272,11.948310000000001,11.94309,11.93706,11.93022,11.92248,11.91393,11.90466,11.894490000000001,11.883600000000001,11.8719,11.85948,11.84634,11.83248,11.8179,11.80269,11.78676,11.77029,11.753190000000002,11.73555,11.717459999999999,11.69892,11.67993,11.660580000000001,11.640870000000001,11.620980000000001,11.60091,11.58075,11.560590000000001,11.54034,11.52036,11.50056,11.48103,11.46204,11.4435,11.42559,11.4084,11.392199999999999,11.376900000000001,11.36277,11.349810000000002,11.33829,11.32821,11.31975,11.31309,11.30823,11.30535,11.304630000000001,11.30607,11.30976,11.31588,11.324430000000001,11.33559,11.34927,11.36556,11.38446,11.40615,11.43045,11.45745,11.487150000000002,11.51946,11.55438,11.59182,11.631689999999999,11.67408,11.71872,11.76561,11.81475,11.865870000000001,11.91897,11.97396,12.03075,12.08916,12.1491,12.21057,12.273390000000001,12.33747,12.40272,12.46905,12.53637,12.60468,12.67371,12.743549999999999,12.814020000000001,12.88503,12.95667,13.02876,13.1013,13.1742,13.24737,13.32081,13.39452,13.46832,13.542390000000001,13.61646,13.690710000000001,13.76496,13.83921,13.91346
11.38779,11.204369999999999,11.017890000000001,10.82826,10.63584,10.44045,10.24254,10.04229,9.840060000000001,9.6363,9.43164,9.2268,9.022590000000001,8.82027,8.6211,8.426673000000001,8.238834,8.059688999999999,7.891587,7.737066,7.598781,7.479405,7.381422,7.3070010000000005,7.257807000000001,7.234803,7.238195999999999,7.267365,7.320924,7.396857000000001,7.492635000000001,7.605486,7.732485,7.870797,8.017722000000001,8.170812,8.327907,8.487135,8.646912,8.805942,8.963154,9.11772,9.26901,9.41643,9.55971,9.69849,9.83277,9.96237,10.087200000000001,10.20744,10.323,10.43406,10.54062,10.64295,10.74105,10.835189999999999,10.92555,11.012129999999999,11.0952,11.174940000000001,11.25144,11.32488,11.39544,11.4633,11.52846,11.591280000000001,11.651760000000001,11.709990000000001,11.766240000000002,11.82051,11.87298,11.92365,11.972790000000002,12.0204,12.06666,12.11157,12.15513,12.19761,12.23901,12.279330000000002,12.31875,12.35727,12.39489,12.431700000000001,12.467789999999999,12.503160000000001,12.53781,12.57183,12.605310000000001,12.638069999999999,12.670380000000002,12.702060000000001,12.73329,12.76398,12.794130000000001,12.82392,12.85308,12.88188,12.91014,12.93795,12.96531,12.992220000000001,13.01868,13.04469,13.070250000000001,13.095270000000001,13.11984,13.14396,13.167629999999999,13.19076,13.21335,13.23549,13.25718,13.27824,13.29885,13.31901,13.33854,13.35753,13.37598,13.393889999999999,13.41126,13.42809,13.44429,13.459950000000001,13.47507,13.48956,13.50351,13.51683,13.52952,13.54167,13.55319,13.564079999999999,13.574430000000001,13.584060000000001,13.593150000000001,13.60161,13.609530000000001,13.61673,13.6233,13.629330000000001,13.63473,13.63941,13.64355,13.64706,13.64994,13.652190000000001,13.65381,13.654800000000002,13.65525,13.65498,13.65408,13.652640000000002,13.65057,13.647870000000001,13.644540000000001,13.64058,13.63599,13.63077,13.62501,13.61862,13.611600000000001,13.603950000000001,13.59576,13.58694,13.577490000000001,13.56741,13.556700000000001,13.54545,13.533570000000001,13.52106,13.50801,13.494330000000001,13.48002,13.46508,13.4496,13.43349,13.41675,13.399379999999999,13.38147,13.36284,13.34367,13.32387,13.30344,13.28238,13.26069,13.238370000000002,13.21542,13.191840000000001,13.167539999999999,13.1427,13.117140000000001,13.090860000000001,13.06395,13.03641,13.00815,12.97917,12.94947,12.91905,12.887910000000002,12.85605,12.82338,12.78999,12.75579,12.72078,12.68496,12.64833,12.610890000000001,12.57255,12.53331,12.49317,12.45204,12.41001,12.36699,12.32298,12.27789,12.23181,12.18456,12.136230000000001,12.086730000000001,12.03606,11.98413,11.930940000000001,11.87649,11.8206,11.76336,11.70468,11.64447,11.58273,11.51937,11.45439,11.3877,11.31921,11.24892,11.17665,11.10249,11.02626,10.947870000000002,10.867230000000001,10.78434,10.699110000000001,10.61136,10.52109,10.42821,10.33263,10.23417,10.13283,10.02852,9.92106,9.81045,9.6966,9.57942,9.45891,9.33498,9.20763,9.07695,8.942841,8.80551,8.665101000000002,8.521821000000001,8.376003,8.228061,8.078553,7.928172,7.7778,7.6285169999999995,7.481619,7.338654,7.201395,7.071885,6.952311,6.8450310000000005,6.752403,6.676677,6.619833,6.583419,6.568379999999999,6.575013,6.60285,6.650775,6.717105,6.799707,6.896205,7.004151,7.121106,7.244802,7.373169000000001,7.504398,7.6369050000000005,7.769394,7.900776,8.030168999999999,8.156889,8.280377999999999,8.40024,8.516160000000001,8.627913,8.735363999999999,8.838414,8.937027,9.031139999999999,9.12087,9.206280000000001,9.28728,9.36396,9.4365,9.504900000000001,9.56925,9.62964,9.68616,9.7389,9.78795,9.83331,9.875160000000001,9.91341,9.94833,9.97974,10.007909999999999,10.032750000000002,10.05435,10.0728,10.0881,10.10025,10.10925,10.11519,10.118070000000001,10.1178,10.11456,10.108260000000001,10.0989,10.086390000000002,10.07082,10.052190000000001,10.03041,10.00548,9.977400000000001,9.94608,9.911430000000001,9.87354,9.83223,9.7875,9.739260000000002,9.68751,9.632069999999999,9.57303,9.51021,9.443520000000001,9.37287,9.298350000000001,9.21969,9.136890000000001,9.04995,8.958762,8.863308,8.763561,8.659548000000001,8.551305000000001,8.43894,8.322588,8.202465,8.078877,7.9522200000000005,7.823043000000001,7.692012,7.559991000000001,7.4280420000000005,7.2974429999999995,7.169724,7.046658000000001,6.93027,6.822783,6.726546,6.64398,6.577380000000001,6.528807,6.4999080000000005,6.491736,6.504714,6.538527,6.592194,6.664175999999999,6.752484000000001,6.854895,6.969069,7.092675,7.223535,7.359669,7.499331,7.6409910000000005,7.783389000000001,7.925472,8.066394,8.205471000000001,8.342181,8.47611,8.60697,8.734536,8.858673,8.979291000000002,9.096390000000001,9.20988,9.31977,9.42624,9.5292,9.62883,9.72513,9.818190000000001,9.908190000000001,9.995130000000001,10.0791,10.16028,10.23867,10.31445,10.38762,10.45827,10.52658,10.592459999999999,10.656179999999999,10.717740000000001,10.777140000000001,10.83456,10.88991,10.94346,10.99512,11.04498,11.09313,11.13957,11.18439,11.22768,11.26935,11.30958,11.348279999999999,11.38563,11.42154,11.4561,11.48931,11.52126,11.55195,11.58147,11.609729999999999,11.63673,11.662650000000001,11.6874,11.71107,11.73357,11.75499,11.77542,11.79468,11.81295,11.83023,11.84643,11.861730000000001,11.87595,11.889180000000001,11.901420000000002,11.91276,11.92311,11.93247,11.94093,11.94849,11.955060000000001,11.96064,11.96541,11.96919,11.97207,11.97396,11.97504,11.97522,11.97441,11.972700000000001,11.970180000000001,11.96667,11.962349999999999,11.957130000000001,11.95101,11.943990000000001,11.93607,11.92734,11.917800000000002,11.90736,11.89602,11.88396,11.871,11.85732,11.84283,11.827530000000001,11.81151,11.79486,11.7774,11.75931,11.74068,11.72133,11.70153,11.681099999999999,11.66031,11.63907,11.61747,11.595600000000001,11.573550000000001,11.55123,11.528910000000002,11.506590000000001,11.48445,11.4624,11.440710000000001,11.41938,11.39859,11.37843,11.35899,11.34054,11.322989999999999,11.306700000000001,11.291580000000002,11.27799,11.265929999999999,11.25549,11.24694,11.24037,11.23587,11.23362,11.23371,11.23614,11.24118,11.24883,11.259179999999999,11.27223,11.288160000000001,11.30688,11.328479999999999,11.352870000000001,11.38014,11.410290000000002,11.443230000000002,11.47887,11.5173,11.55825,11.60181,11.6478,11.69613,11.74671,11.79954,11.85435,11.911140000000001,11.96973,12.03003,12.09186,12.15531,12.22011,12.28617,12.3534,12.421710000000001,12.49101,12.561209999999999,12.63222,12.70395,12.7764,12.8493,12.92274,12.99663,13.07097,13.145579999999999,13.22046,13.29552,13.37085,13.44627,13.521780000000001,13.597380000000001,13.67298,13.74867,13.82427,13.89987
11.48904,11.31084,11.13003,10.946610000000002,10.760760000000001,10.572750000000001,10.382670000000001,10.19088,9.99783,9.80397,9.60993,9.41643,9.22446,9.03501,8.849421,8.669106,8.495747999999999,8.33121,8.177544,8.036892000000002,7.911459,7.803414,7.714746,7.647156000000001,7.601913,7.579745999999999,7.580781,7.604523,7.649865,7.715187000000001,7.798482,7.897481999999999,8.009802,8.133039,8.264889,8.40321,8.546076,8.691768,8.838828,8.985987,9.13221,9.27666,9.41868,9.557640000000001,9.693180000000002,9.82503,9.953009999999999,10.07685,10.19655,10.31211,10.42353,10.53081,10.63404,10.733310000000001,10.828710000000001,10.92051,11.00862,11.093219999999999,11.17458,11.252790000000001,11.32785,11.400120000000001,11.46951,11.53638,11.60073,11.662740000000001,11.72241,11.780100000000001,11.83572,11.88945,11.94138,11.99169,12.04038,12.08763,12.13344,12.177990000000001,12.22128,12.263399999999999,12.30444,12.34449,12.38355,12.421710000000001,12.458969999999999,12.495510000000001,12.53124,12.56616,12.60054,12.634110000000002,12.66714,12.699629999999999,12.73149,12.76272,12.7935,12.82374,12.853530000000001,12.88278,12.91149,12.93975,12.96756,12.99492,13.021740000000001,13.0482,13.07412,13.09959,13.12461,13.14909,13.173210000000001,13.19679,13.21992,13.242510000000001,13.26465,13.286249999999999,13.3074,13.328009999999999,13.348080000000001,13.3677,13.38678,13.405230000000001,13.42323,13.440690000000002,13.45761,13.4739,13.48974,13.50495,13.519620000000002,13.53366,13.54716,13.560030000000001,13.57236,13.584150000000001,13.59531,13.60584,13.61574,13.6251,13.63383,13.64202,13.64949,13.65642,13.66272,13.66848,13.67352,13.678020000000002,13.68189,13.685130000000001,13.687740000000002,13.689720000000001,13.69116,13.691970000000001,13.69215,13.691699999999999,13.690620000000001,13.689000000000002,13.68666,13.68378,13.68027,13.67622,13.67145,13.66614,13.660200000000001,13.65372,13.64661,13.638869999999999,13.6305,13.6215,13.61196,13.601880000000001,13.59108,13.57974,13.567770000000001,13.55526,13.542119999999999,13.52835,13.51395,13.49901,13.48344,13.46733,13.4505,13.43313,13.41513,13.39659,13.37733,13.35753,13.337100000000001,13.316040000000001,13.29435,13.27203,13.24908,13.22541,13.2012,13.17636,13.1508,13.12452,13.097700000000001,13.07016,13.0419,13.012920000000001,12.983310000000001,12.95289,12.92184,12.889980000000001,12.8574,12.824100000000001,12.789900000000001,12.75498,12.71925,12.68271,12.64536,12.60711,12.56796,12.52791,12.48696,12.44511,12.402180000000001,12.358350000000002,12.31344,12.26754,12.22047,12.172410000000001,12.12318,12.07269,12.02103,11.9682,11.91402,11.85849,11.80161,11.74338,11.68362,11.62242,11.5596,11.49516,11.4291,11.36133,11.29176,11.2203,11.14695,11.071620000000001,10.99431,10.91484,10.83312,10.74924,10.66302,10.57428,10.4832,10.38942,10.29312,10.194030000000001,10.09215,9.98739,9.87975,9.76923,9.655650000000001,9.539010000000001,9.4194,9.29673,9.171180000000001,9.04275,8.911665,8.778024,8.642151,8.504388,8.365185,8.225127,8.084916,7.945406999999999,7.807626000000001,7.672778999999999,7.542279,7.417701,7.300791,7.19343,7.097535,7.015041,6.947739,6.897168000000001,6.864525,6.85053,6.855381,6.8787270000000005,6.919695,6.9769440000000005,7.0488,7.133364,7.228611000000001,7.3325249999999995,7.4431709999999995,7.558749,7.677638999999999,7.798419000000001,7.919856,8.040924,8.160741,8.278623000000001,8.393994000000001,8.506404000000002,8.615511,8.721054,8.822835000000001,8.920728,9.014669999999999,9.10449,9.190349999999999,9.272160000000001,9.349920000000001,9.423720000000001,9.49365,9.55962,9.62181,9.68022,9.73494,9.78606,9.83358,9.87759,9.918180000000001,9.955440000000001,9.98928,10.01997,10.04733,10.07154,10.09251,10.11051,10.12536,10.13715,10.14588,10.15164,10.154340000000001,10.154160000000001,10.150920000000001,10.144620000000002,10.13544,10.123199999999999,10.10799,10.089720000000002,10.068389999999999,10.04409,10.01655,9.985949999999999,9.9522,9.91521,9.874889999999999,9.831330000000001,9.784440000000002,9.73413,9.68031,9.62298,9.56205,9.49752,9.429300000000001,9.3573,9.28152,9.20187,9.118350000000001,9.03096,8.939655,8.844498000000002,8.745516,8.642808,8.536509,8.426799,8.313948,8.198288999999999,8.080263,7.960428,7.8394770000000005,7.718247,7.597746000000001,7.479189,7.363944,7.253622000000001,7.149951000000001,7.054821,6.970212,6.898077,6.84027,6.798402,6.773769000000001,6.76719,6.778989,6.808932,6.85629,6.919848,6.998067,7.089156,7.191234000000001,7.302357000000001,7.420698,7.544529,7.672293000000001,7.802622,7.934328000000001,8.066421,8.198046000000001,8.328537,8.457336000000002,8.584002,8.708211,8.829702,8.948277,9.06381,9.17622,9.28548,9.39159,9.49455,9.59427,9.69093,9.78453,9.875250000000001,9.96291,10.04778,10.12995,10.20933,10.286100000000001,10.36035,10.432170000000001,10.50156,10.5687,10.63359,10.69623,10.7568,10.815389999999999,10.87191,10.926630000000001,10.97937,11.0304,11.079630000000002,11.12715,11.17305,11.21733,11.26008,11.301300000000001,11.340990000000001,11.37924,11.41614,11.451600000000001,11.485710000000001,11.51856,11.55015,11.580480000000001,11.60955,11.637360000000001,11.664000000000001,11.68956,11.71395,11.73717,11.75931,11.78037,11.80035,11.81925,11.83707,11.8539,11.86974,11.884500000000001,11.89827,11.911140000000001,11.922930000000001,11.93373,11.94354,11.95245,11.960370000000001,11.967300000000002,11.973329999999999,11.97837,11.982420000000001,11.98566,11.987820000000001,11.98908,11.98944,11.9889,11.98737,11.98485,11.98152,11.9772,11.97198,11.96577,11.95875,11.950740000000001,11.941830000000001,11.93202,11.92131,11.909790000000001,11.89728,11.88396,11.86974,11.85471,11.83887,11.82213,11.804670000000002,11.7864,11.76741,11.747700000000002,11.727360000000001,11.7063,11.684610000000001,11.66238,11.6397,11.61648,11.5929,11.56887,11.54466,11.52027,11.4957,11.47113,11.44665,11.42226,11.39814,11.374469999999999,11.35125,11.328750000000001,11.30697,11.286,11.266200000000001,11.24748,11.23011,11.21427,11.19996,11.18754,11.177010000000001,11.16855,11.16225,11.15838,11.15694,11.15811,11.161980000000002,11.16864,11.17818,11.1906,11.20608,11.22453,11.246129999999999,11.2707,11.29833,11.32893,11.36259,11.39913,11.438460000000001,11.48067,11.525490000000001,11.57292,11.62287,11.67516,11.7297,11.78631,11.84508,11.905650000000001,11.96793,12.031920000000001,12.097439999999999,12.16431,12.23253,12.301829999999999,12.372300000000001,12.44376,12.51603,12.58911,12.662820000000002,12.73725,12.81213,12.88755,12.963330000000001,13.039470000000001,13.11588,13.19256,13.26933,13.34628,13.42332,13.50045,13.57758,13.654710000000001,13.73175,13.80879,13.88574
11.59389,11.421,11.24586,11.068560000000002,10.88937,10.70838,10.52604,10.34253,10.1583,9.973980000000001,9.79011,9.60741,9.42687,9.249390000000002,9.07623,8.908722000000001,8.748369,8.5968,8.455779,8.327142,8.212724999999999,8.114274,8.033418,7.971480000000001,7.929449999999999,7.907886,7.906859999999999,7.925967,7.964307000000001,8.020575,8.093151,8.180163,8.27964,8.389557,8.507952,8.632944,8.762832000000001,8.896049999999999,9.03123,9.16722,9.303030000000001,9.43785,9.57087,9.701640000000001,9.82962,9.954630000000002,10.076220000000001,10.19439,10.30896,10.41975,10.52694,10.63035,10.73007,10.82619,10.9188,11.00799,11.09385,11.17647,11.25594,11.33244,11.40597,11.476890000000001,11.54511,11.61081,11.67417,11.73528,11.794229999999999,11.85111,11.90601,11.959200000000001,12.01059,12.06036,12.108600000000001,12.15531,12.20076,12.24486,12.287790000000001,12.329550000000001,12.370140000000001,12.409830000000001,12.44853,12.48633,12.52323,12.559320000000001,12.59469,12.62925,12.66318,12.696480000000001,12.72906,12.7611,12.79251,12.82338,12.853710000000001,12.8835,12.91275,12.941550000000001,12.96981,12.997620000000001,13.024980000000001,13.0518,13.07817,13.104090000000001,13.129470000000001,13.15449,13.17897,13.203,13.22649,13.24962,13.272210000000001,13.29426,13.31586,13.33701,13.357619999999999,13.377780000000001,13.3974,13.41648,13.43502,13.45311,13.47057,13.487580000000001,13.504050000000001,13.51989,13.53528,13.550040000000001,13.56426,13.577940000000002,13.590990000000001,13.6035,13.61547,13.62681,13.63752,13.64778,13.65732,13.666319999999999,13.67478,13.68252,13.689720000000001,13.69638,13.70241,13.70781,13.71258,13.71681,13.72041,13.72338,13.72581,13.72752,13.72869,13.72932,13.72923,13.7286,13.72734,13.72554,13.72311,13.72005,13.71636,13.71213,13.70727,13.70178,13.69575,13.68909,13.6818,13.67397,13.66551,13.65642,13.646790000000001,13.63653,13.625729999999999,13.6143,13.60224,13.589640000000001,13.57641,13.56264,13.54815,13.53321,13.517550000000002,13.50135,13.484610000000002,13.46715,13.449150000000001,13.430520000000001,13.41126,13.39146,13.371030000000001,13.349969999999999,13.328280000000001,13.30587,13.28292,13.25934,13.23513,13.21029,13.18473,13.15854,13.13172,13.10418,13.07601,13.047030000000001,13.017420000000001,12.98718,12.95613,12.92436,12.891779999999999,12.85857,12.82446,12.789629999999999,12.75408,12.71763,12.68028,12.64221,12.603150000000001,12.563279999999999,12.52242,12.48075,12.438,12.39435,12.34962,12.3039,12.2571,12.20931,12.160260000000001,12.11013,12.05883,12.006269999999999,11.95245,11.89737,11.84085,11.78307,11.72385,11.6631,11.60091,11.5371,11.47167,11.40462,11.33577,11.26521,11.19285,11.11851,11.04228,10.96398,10.883610000000001,10.80108,10.71639,10.62936,10.53999,10.44828,10.35405,10.2573,10.15803,10.05606,9.95148,9.8442,9.73422,9.62154,9.50625,9.38835,9.267930000000002,9.14508,9.01998,8.892936,8.7642,8.63415,8.503254,8.372097,8.241363,8.11188,7.984602,7.860653999999999,7.741287000000001,7.627886999999999,7.521966,7.425117,7.3389240000000004,7.264971000000001,7.204689,7.159302,7.1297369999999995,7.116543,7.119873,7.139439,7.174539,7.22412,7.286841,7.3611450000000005,7.445376000000001,7.537860000000001,7.636932000000001,7.7410440000000005,7.848756000000001,7.958781,8.069994,8.181414,8.292204,8.40168,8.509257,8.614476,8.716959000000001,8.816418,8.912619000000001,9.0054,9.09468,9.18027,9.26217,9.34038,9.41499,9.48582,9.55296,9.6165,9.67644,9.73278,9.78561,9.83502,9.8811,9.923760000000001,9.963090000000001,9.99918,10.032029999999999,10.06173,10.088370000000001,10.11186,10.132290000000001,10.14966,10.16415,10.17558,10.18404,10.18962,10.19223,10.19187,10.18872,10.1826,10.17351,10.16154,10.146690000000001,10.12878,10.10799,10.084230000000002,10.057409999999999,10.02753,9.99459,9.95859,9.91944,9.87705,9.83151,9.78264,9.73044,9.67491,9.61605,9.55368,9.4878,9.4185,9.345600000000001,9.2691,9.18909,9.10548,9.018360000000001,8.927739,8.833743,8.73648,8.636112,8.532864,8.427024000000001,8.31897,8.209143000000001,8.09811,7.986564,7.875306,7.76529,7.657623000000001,7.553565,7.454502000000001,7.361955,7.277544,7.202889,7.139601000000001,7.089192,7.0529399999999995,7.031871,7.026642000000001,7.037496,7.064261999999999,7.106382,7.162902,7.232598,7.3140480000000005,7.405686000000001,7.505928,7.613208,7.726041,7.843068000000001,7.963038000000001,8.08488,8.207631000000001,8.330517,8.452845,8.574066,8.69373,8.811468000000001,8.927000999999999,9.040140000000001,9.15066,9.25848,9.36351,9.46566,9.56502,9.66159,9.75519,9.84609,9.9342,10.01961,10.10232,10.18251,10.26009,10.335239999999999,10.40796,10.478250000000001,10.54638,10.61226,10.67598,10.737540000000001,10.79721,10.85481,10.91052,10.964340000000002,11.016359999999999,11.06667,11.115179999999999,11.16207,11.20734,11.251080000000002,11.29329,11.33388,11.37312,11.41092,11.447280000000001,11.48229,11.51604,11.54844,11.57958,11.60946,11.63808,11.66553,11.69181,11.71692,11.740860000000001,11.763720000000001,11.78541,11.80602,11.82564,11.84409,11.861550000000001,11.87793,11.893320000000001,11.907630000000001,11.92095,11.93328,11.94453,11.954880000000001,11.96424,11.97252,11.9799,11.98629,11.99169,11.99619,11.9997,12.00213,12.00375,12.004290000000001,12.00393,12.00258,12.000240000000002,11.997,11.99277,11.987639999999999,11.98152,11.97441,11.9664,11.9574,11.947410000000001,11.93652,11.92473,11.911950000000001,11.89827,11.883690000000001,11.86821,11.85174,11.83446,11.816370000000001,11.79738,11.77749,11.75688,11.735460000000002,11.71332,11.69046,11.666970000000001,11.64276,11.61801,11.59281,11.56707,11.54088,11.51442,11.48778,11.46087,11.43387,11.40696,11.38014,11.35359,11.32731,11.30157,11.27646,11.25207,11.228670000000001,11.20626,11.18502,11.16522,11.14695,11.13039,11.11572,11.10303,11.0925,11.0844,11.07873,11.07567,11.07549,11.0781,11.083680000000001,11.09232,11.10411,11.11914,11.13732,11.15883,11.18358,11.21157,11.2428,11.277180000000001,11.31471,11.35521,11.39868,11.44503,11.49408,11.54565,11.59974,11.65626,11.71494,11.775689999999999,11.838420000000001,11.90295,11.9691,12.03687,12.10608,12.17646,12.2481,12.32082,12.39453,12.468960000000001,12.54429,12.62016,12.69666,12.7737,12.8511,12.92886,13.00698,13.08528,13.16376,13.242329999999999,13.32099,13.399740000000001,13.47849,13.55724,13.6359,13.71447,13.792860000000001,13.87125
11.70189,11.53422,11.364749999999999,11.193570000000001,11.02086,10.84689,10.67202,10.49652,10.320839999999999,10.14561,9.97137,9.79884,9.62892,9.46251,9.30069,9.14481,8.996084999999999,8.856018,8.726112,8.607915,8.502957,8.412687,8.338410000000001,8.281188,8.241795000000002,8.220654,8.217819,8.232930000000001,8.265258,8.313741,8.377038,8.453619000000002,8.541837000000001,8.639973000000001,8.746343999999999,8.859312000000001,8.977374,9.09918,9.22338,9.348930000000001,9.47484,9.600389999999999,9.724860000000001,9.847710000000001,9.9684,10.08657,10.20204,10.31454,10.42389,10.53,10.63278,10.73232,10.82853,10.92141,11.011140000000001,11.09763,11.18106,11.26152,11.33901,11.41371,11.485710000000001,11.55519,11.62206,11.686589999999999,11.74887,11.80899,11.867040000000001,11.92311,11.97729,12.029760000000001,12.08052,12.12966,12.17736,12.22362,12.26853,12.31218,12.35457,12.39588,12.43611,12.47535,12.51369,12.55104,12.58758,12.62331,12.65823,12.69243,12.72591,12.758759999999999,12.79098,12.822569999999999,12.853530000000001,12.88395,12.913829999999999,12.94317,12.97197,13.00032,13.02813,13.0554,13.08222,13.10859,13.13451,13.15989,13.18482,13.2093,13.23324,13.25682,13.27986,13.30236,13.3245,13.346100000000002,13.36716,13.387860000000002,13.40793,13.42755,13.44672,13.465349999999999,13.48344,13.50099,13.518089999999999,13.534559999999999,13.55058,13.56597,13.580910000000001,13.595220000000001,13.60908,13.62231,13.635,13.64706,13.658669999999999,13.669649999999999,13.68,13.689810000000001,13.69908,13.70772,13.71582,13.72329,13.730220000000001,13.73652,13.74219,13.74732,13.75191,13.75578,13.759110000000002,13.7619,13.76406,13.76559,13.76649,13.76685,13.766670000000001,13.76577,13.76433,13.76235,13.75965,13.7565,13.75263,13.74822,13.74318,13.7376,13.73139,13.724639999999999,13.717260000000001,13.70925,13.700700000000001,13.691609999999999,13.6818,13.67154,13.66056,13.64904,13.636980000000001,13.62429,13.61097,13.59711,13.58271,13.567590000000001,13.55193,13.535730000000001,13.5189,13.50144,13.48344,13.46481,13.44555,13.42566,13.405230000000001,13.38417,13.362480000000001,13.340160000000001,13.317210000000001,13.29363,13.26942,13.244580000000001,13.21902,13.192919999999999,13.1661,13.13856,13.11039,13.08159,13.05198,13.021740000000001,12.99078,12.9591,12.92661,12.89349,12.85947,12.82473,12.78927,12.75291,12.71574,12.67776,12.63888,12.5991,12.558510000000002,12.51693,12.47436,12.43089,12.38643,12.34098,12.294450000000001,12.24684,12.19815,12.148290000000001,12.09735,12.04515,11.99169,11.936969999999999,11.88099,11.82366,11.764980000000001,11.70486,11.64321,11.580119999999999,11.515410000000001,11.44908,11.38113,11.311470000000002,11.240100000000002,11.16684,11.09169,11.01465,10.935630000000002,10.85463,10.771469999999999,10.68615,10.59867,10.50894,10.416960000000001,10.32255,10.22589,10.126800000000001,10.02528,9.92133,9.81495,9.706230000000001,9.595170000000001,9.481950000000001,9.36648,9.24912,9.129959999999999,9.00927,8.887365,8.76465,8.641602,8.51877,8.396829,8.276553,8.158851,8.044713,7.935264,7.831737000000001,7.735410000000001,7.647642,7.569756000000001,7.503048,7.4486609999999995,7.407585000000001,7.380548999999999,7.3679760000000005,7.3699829999999995,7.386327,7.416450000000001,7.459506,7.514388,7.579836000000001,7.654482,7.736922,7.825725,7.919559,8.017164,8.11737,8.219151,8.321598,8.423919,8.525439,8.6256,8.723916,8.82,8.913537000000002,9.00432,9.09207,9.176670000000001,9.25803,9.33606,9.41076,9.482040000000001,9.549900000000001,9.61434,9.675360000000001,9.73296,9.787230000000001,9.83826,9.885869999999999,9.93033,9.97155,10.00962,10.04463,10.0764,10.1052,10.13103,10.1538,10.1736,10.19043,10.20438,10.21545,10.22373,10.229040000000001,10.23156,10.231200000000001,10.22796,10.22193,10.21311,10.20141,10.18683,10.16937,10.14912,10.1259,10.0998,10.070730000000001,10.03869,10.00368,9.965610000000002,9.92448,9.88029,9.83295,9.78246,9.728819999999999,9.671940000000001,9.611730000000001,9.54837,9.48168,9.41166,9.3384,9.26181,9.18198,9.099,9.01296,8.923815000000001,8.831862,8.737254,8.640243,8.541135,8.440308,8.33823,8.23545,8.132643,8.030565000000001,7.9301070000000005,7.832286000000001,7.738218,7.649136000000001,7.566345,7.491231,7.4251439999999995,7.369425000000001,7.325289000000001,7.293789,7.275726,7.27164,7.281738000000001,7.305876,7.343613,7.394202000000001,7.456662000000001,7.529841000000001,7.612461,7.703190000000001,7.800705000000001,7.903728,8.011062,8.121609000000001,8.234361000000002,8.348463,8.463159000000001,8.577783,8.691795,8.804736,8.916228,9.026010000000001,9.13374,9.23931,9.34254,9.44343,9.54171,9.637559999999999,9.7308,9.82143,9.909450000000001,9.995040000000001,10.07802,10.158570000000001,10.236690000000001,10.31247,10.38582,10.45692,10.52586,10.592550000000001,10.65708,10.71963,10.78011,10.8387,10.89531,10.95012,11.00313,11.05434,11.10384,11.151720000000001,11.197890000000001,11.24253,11.28564,11.32722,11.36727,11.40597,11.443230000000002,11.479140000000001,11.5137,11.54691,11.578859999999999,11.60946,11.63889,11.66715,11.694149999999999,11.71998,11.74464,11.76822,11.79063,11.81196,11.832120000000002,11.85129,11.869290000000001,11.8863,11.902230000000001,11.91717,11.93103,11.94381,11.95569,11.96649,11.9763,11.98512,11.99286,11.9997,12.00546,12.01032,12.014190000000001,12.01698,12.01887,12.019680000000001,12.01959,12.01851,12.01635,12.013290000000001,12.00924,12.004109999999999,11.998080000000002,11.99106,11.98296,11.97396,11.96397,11.952900000000001,11.94093,11.92797,11.91402,11.89908,11.88315,11.86632,11.8485,11.82978,11.81007,11.78955,11.76804,11.74572,11.72259,11.69865,11.6739,11.648430000000001,11.622240000000001,11.59542,11.568060000000001,11.54007,11.51172,11.482920000000002,11.45376,11.42442,11.3949,11.36547,11.336039999999999,11.306790000000001,11.2779,11.24937,11.22156,11.19447,11.168280000000001,11.14317,11.11932,11.096910000000001,11.07603,11.05695,11.039850000000001,11.02482,11.01222,11.00196,10.99449,10.98972,10.98792,10.989180000000001,10.99359,11.00133,11.012400000000001,11.02698,11.04498,11.0664,11.091420000000001,11.11986,11.151720000000001,11.187,11.22561,11.26737,11.312280000000001,11.36016,11.41092,11.46447,11.52054,11.579130000000001,11.63997,11.70297,11.76804,11.83491,11.903490000000001,11.97369,12.04524,12.11814,12.192210000000001,12.26727,12.34332,12.42018,12.49776,12.57597,12.654630000000001,12.73383,12.81339,12.893310000000001,12.97341,13.0536,13.134060000000002,13.21452,13.29498,13.375530000000001,13.455900000000002,13.53627,13.61655,13.69665,13.77657,13.856309999999999
11.81268,11.650229999999999,11.48634,11.321100000000001,11.15478,10.98765,10.81998,10.652220000000002,10.484729999999999,10.31805,10.1529,9.98991,9.8298,9.67356,9.52218,9.37674,9.2385,9.10863,8.988507,8.879408999999999,8.782632000000001,8.699364000000001,8.630667,8.577405,8.54019,8.519346,8.514891,8.526528,8.553654000000002,8.595387,8.65062,8.718084,8.796384,8.884071,8.979687,9.081809999999999,9.18918,9.30042,9.41445,9.53028,9.64701,9.763829999999999,9.88011,9.99522,10.10889,10.22049,10.329930000000001,10.43676,10.54098,10.64241,10.740960000000001,10.83654,10.92906,11.0187,11.105459999999999,11.18925,11.270159999999999,11.34837,11.42379,11.496690000000001,11.566980000000001,11.63484,11.700360000000002,11.763630000000001,11.82474,11.883690000000001,11.94075,11.99592,12.04938,12.101040000000001,12.15108,12.19959,12.24666,12.29229,12.33666,12.37986,12.4218,12.462570000000001,12.502350000000002,12.54114,12.57903,12.61593,12.65202,12.6873,12.721860000000001,12.75561,12.788640000000001,12.82113,12.852810000000002,12.88404,12.91455,12.94452,12.97395,13.002839999999999,13.03119,13.059,13.08636,13.11318,13.139550000000002,13.16538,13.19076,13.21569,13.24008,13.26411,13.2876,13.310640000000001,13.33314,13.35519,13.37679,13.39794,13.41855,13.43871,13.45833,13.4775,13.496129999999999,13.51422,13.53186,13.54896,13.565610000000001,13.58163,13.5972,13.61223,13.62672,13.64058,13.65399,13.66686,13.6791,13.69089,13.702050000000002,13.71258,13.722660000000001,13.73211,13.741019999999999,13.749390000000002,13.75713,13.76424,13.77081,13.776840000000002,13.78224,13.7871,13.79133,13.795020000000001,13.79808,13.8006,13.80249,13.803840000000001,13.80456,13.80474,13.8042,13.80321,13.801590000000001,13.799339999999999,13.79655,13.79313,13.78917,13.78458,13.779449999999999,13.77369,13.76739,13.76046,13.75299,13.74489,13.73625,13.726980000000001,13.717170000000001,13.70673,13.69575,13.68414,13.671990000000001,13.65921,13.645890000000001,13.63194,13.61745,13.60233,13.58658,13.57038,13.553460000000001,13.536,13.51791,13.49928,13.48002,13.460130000000001,13.4397,13.41864,13.39695,13.37463,13.35168,13.328190000000001,13.30398,13.27914,13.25367,13.22757,13.200750000000001,13.173300000000001,13.14522,13.11642,13.0869,13.056750000000001,13.02588,12.994200000000001,12.96189,12.92877,12.89493,12.86028,12.824910000000001,12.788640000000001,12.75165,12.71376,12.67506,12.63555,12.59505,12.55365,12.51135,12.468150000000001,12.423869999999999,12.378689999999999,12.33243,12.28509,12.23667,12.18717,12.13659,12.08475,12.031830000000001,11.97756,11.922030000000001,11.86524,11.8071,11.74752,11.686589999999999,11.624220000000001,11.56023,11.4948,11.42766,11.35899,11.28861,11.21643,11.14254,11.06676,10.989180000000001,10.90962,10.82808,10.74456,10.65897,10.57131,10.481580000000001,10.38969,10.29555,10.19934,10.10088,10.00026,9.89748,9.792720000000001,9.68589,9.577169999999999,9.46665,9.3546,9.241109999999999,9.12645,9.01107,8.895348,8.779653,8.664579,8.550765,8.43894,8.329914,8.224605,8.124012,8.029197,7.941275999999999,7.861374,7.790625,7.7300819999999995,7.68069,7.643223000000001,7.618284,7.606197000000001,7.607043000000001,7.620623999999999,7.6464810000000005,7.683921,7.732044,7.789815000000001,7.856091,7.9296750000000005,8.009361,8.093997,8.182449,8.273709,8.366823,8.460954,8.555364,8.649405,8.742519,8.834247,8.924184,9.01197,9.09747,9.18036,9.260370000000002,9.33759,9.41184,9.482940000000001,9.55098,9.61578,9.677520000000001,9.73602,9.79137,9.843480000000001,9.89253,9.93852,9.98136,10.02114,10.05786,10.09161,10.12239,10.1502,10.17513,10.19718,10.21635,10.23264,10.24614,10.25685,10.26477,10.2699,10.27224,10.27188,10.268730000000001,10.26279,10.25406,10.24263,10.22841,10.21149,10.19169,10.1691,10.14363,10.11537,10.08432,10.0503,10.013399999999999,9.97353,9.93078,9.884970000000001,9.83619,9.784440000000002,9.729540000000002,9.67167,9.61074,9.546660000000001,9.47961,9.4095,9.33633,9.26028,9.18135,9.09972,9.01539,8.928558,8.839512000000001,8.748477000000001,8.655777,8.561798999999999,8.467002,8.371926,8.27721,8.183556000000001,8.09181,8.002863000000001,7.917732,7.837497,7.763283000000001,7.696269000000001,7.637598,7.588377,7.549605000000001,7.522155000000001,7.506666,7.503570000000001,7.513047,7.53498,7.569027000000001,7.614585,7.670871,7.736931000000001,7.811712,7.894106999999999,7.982991,8.077266000000002,8.175879,8.277849,8.382285000000001,8.488377,8.595432,8.702811,8.810001,8.916534,9.02205,9.12618,9.22878,9.32949,9.42831,9.52497,9.61947,9.711720000000001,9.801630000000001,9.889289999999999,9.97452,10.057500000000001,10.13814,10.21644,10.29249,10.366290000000001,10.43793,10.50732,10.57473,10.639980000000001,10.70325,10.76454,10.82385,10.88136,10.93698,10.9908,11.042910000000001,11.093219999999999,11.142000000000001,11.18907,11.23452,11.278530000000002,11.32092,11.36187,11.401380000000001,11.43954,11.47626,11.51154,11.54565,11.578320000000001,11.609820000000001,11.63997,11.66895,11.69676,11.72331,11.74869,11.7729,11.79603,11.81799,11.83887,11.85858,11.8773,11.89485,11.91141,11.92689,11.94129,11.954699999999999,11.96703,11.97837,11.98863,11.9979,12.00618,12.01347,12.019680000000001,12.0249,12.02913,12.03228,12.034440000000002,12.0357,12.03579,12.03498,12.033090000000001,12.03021,12.026340000000001,12.02148,12.01554,12.00852,12.0006,11.9916,11.98152,11.97045,11.958390000000001,11.945250000000001,11.93103,11.91591,11.89971,11.882430000000001,11.86425,11.84499,11.82474,11.8035,11.781360000000001,11.758140000000001,11.734110000000001,11.70918,11.68335,11.65662,11.62908,11.600819999999999,11.57184,11.54223,11.51199,11.48121,11.449980000000002,11.4183,11.38635,11.35431,11.32209,11.28987,11.25783,11.22606,11.19474,11.164050000000001,11.13399,11.104920000000002,11.07693,11.0502,11.02491,11.00124,10.979550000000001,10.95984,10.94229,10.92726,10.914930000000002,10.9053,10.89873,10.89522,10.895040000000002,10.89828,10.90503,10.91538,10.92942,10.94715,10.96866,10.993860000000002,11.02284,11.05542,11.09169,11.13147,11.17467,11.221110000000001,11.27079,11.32344,11.37906,11.43738,11.49822,11.5614,11.62692,11.694420000000001,11.7639,11.835,11.90781,11.98197,12.05748,12.134070000000001,12.21174,12.290310000000002,12.3696,12.44961,12.53025,12.61134,12.69279,12.774600000000001,12.85659,12.93885,13.02111,13.10355,13.18599,13.26834,13.3506,13.43286,13.514850000000001,13.59675,13.67847,13.759920000000001,13.84119
11.92581,11.76849,11.61009,11.450700000000001,11.29059,11.13003,10.96929,10.808910000000001,10.64925,10.49076,10.33407,10.1799,10.028970000000001,9.88209,9.74016,9.60426,9.47538,9.3546,9.24309,9.14193,9.052200000000001,8.974998000000001,8.911071,8.861157,8.825742000000002,8.805087,8.799183000000001,8.807778,8.830368,8.866215,8.914401,8.973846,9.043379999999999,9.121770000000001,9.20781,9.30015,9.39771,9.49932,9.60399,9.71073,9.81882,9.92745,10.0359,10.14381,10.25055,10.35585,10.459349999999999,10.56078,10.65996,10.75671,10.85094,10.94256,11.03157,11.11788,11.20149,11.28258,11.36097,11.43675,11.5101,11.58102,11.649600000000001,11.71584,11.77983,11.841750000000001,11.9016,11.95947,12.01554,12.06972,12.12219,12.17304,12.22236,12.27015,12.316500000000001,12.36159,12.40533,12.4479,12.4893,12.52962,12.568950000000001,12.607199999999999,12.64455,12.68109,12.71664,12.751470000000001,12.785580000000001,12.81888,12.851550000000001,12.8835,12.91482,12.94551,12.97557,13.005090000000001,13.03407,13.06242,13.09032,13.11768,13.14459,13.17096,13.19679,13.22217,13.2471,13.27149,13.295430000000001,13.31892,13.34187,13.36446,13.386510000000001,13.40802,13.429170000000001,13.44978,13.46994,13.48956,13.50873,13.52736,13.545539999999999,13.56327,13.58046,13.59711,13.61322,13.62888,13.644,13.65858,13.67262,13.686119999999999,13.69908,13.7115,13.72338,13.73472,13.74552,13.75578,13.7655,13.77459,13.783140000000001,13.79115,13.79853,13.80537,13.81167,13.81743,13.82256,13.827060000000001,13.83111,13.83444,13.83732,13.83957,13.84119,13.842270000000001,13.84281,13.842720000000002,13.84209,13.84083,13.83903,13.8366,13.83363,13.830119999999999,13.82598,13.82121,13.815900000000001,13.81005,13.80357,13.79655,13.7889,13.78071,13.77198,13.76262,13.75272,13.74219,13.73112,13.719420000000001,13.707180000000001,13.6944,13.680990000000001,13.66695,13.65246,13.63725,13.6215,13.60521,13.58829,13.570829999999999,13.55274,13.53411,13.514850000000001,13.49496,13.47453,13.453380000000001,13.431780000000002,13.409460000000001,13.386510000000001,13.36302,13.33881,13.31406,13.288590000000001,13.26258,13.235850000000001,13.208400000000001,13.18032,13.15161,13.12218,13.09212,13.06125,13.02975,12.997530000000001,12.9645,12.93075,12.89628,12.860999999999999,12.824910000000001,12.78801,12.75039,12.711780000000001,12.672450000000001,12.63213,12.591000000000001,12.548879999999999,12.50586,12.46194,12.41694,12.37104,12.324060000000001,12.276000000000002,12.22686,12.17664,12.125250000000001,12.07269,12.01896,11.96397,11.907720000000001,11.85012,11.79126,11.73096,11.66931,11.60613,11.54151,11.47536,11.407680000000001,11.33829,11.26728,11.19465,11.12022,11.044080000000001,10.966050000000001,10.886220000000002,10.8045,10.72089,10.6353,10.54782,10.45827,10.36683,10.27341,10.178099999999999,10.080810000000001,9.981630000000001,9.880650000000001,9.77796,9.67365,9.56799,9.460980000000001,9.35298,9.24417,9.135,9.02574,8.916957000000002,8.809092,8.702775,8.598663,8.497512,8.400150000000002,8.307441,8.220329999999999,8.139771000000001,8.066727,8.002134000000002,7.946874,7.901721,7.867314,7.844121,7.832402999999999,7.8322140000000005,7.843401000000001,7.865568000000001,7.898156999999999,7.940421,7.991496000000001,8.050428,8.116190999999999,8.187777,8.264151,8.34435,8.427456,8.512614000000001,8.599059,8.686098000000001,8.773119,8.8596,8.945064,9.029160000000001,9.11151,9.191790000000001,9.26991,9.345600000000001,9.41868,9.48906,9.556740000000001,9.621450000000001,9.68337,9.74232,9.798300000000001,9.85131,9.901440000000001,9.94851,9.9927,10.03392,10.07217,10.10763,10.14012,10.16982,10.19673,10.22076,10.242090000000001,10.26054,10.276290000000001,10.289340000000001,10.29969,10.307250000000002,10.3122,10.31436,10.31391,10.31076,10.305,10.29645,10.285290000000002,10.271429999999999,10.254959999999999,10.2357,10.21374,10.18899,10.161629999999999,10.13139,10.09845,10.06272,10.0242,9.982800000000001,9.93861,9.89154,9.84159,9.78885,9.73323,9.67464,9.61335,9.54909,9.48213,9.412469999999999,9.34002,9.26514,9.187740000000002,9.107999999999999,9.02619,8.94249,8.85717,8.770554,8.683038,8.595063,8.507142,8.419887000000001,8.333964,8.25012,8.169191999999999,8.092053,8.019666,7.953011999999999,7.893081,7.840853999999999,7.797258,7.763112,7.739127000000001,7.725852,7.7236199999999995,7.732584000000001,7.752663,7.783578,7.8248429999999995,7.875819,7.935723,8.003673000000001,8.078751,8.159994000000001,8.246457,8.337221999999999,8.431407,8.528229,8.62695,8.726904,8.827506,8.928261,9.02871,9.12852,9.22734,9.324810000000001,9.42093,9.51534,9.60795,9.698670000000002,9.787410000000001,9.87408,9.958680000000001,10.041120000000001,10.121400000000001,10.19961,10.27566,10.349639999999999,10.42146,10.4913,10.55907,10.62486,10.68867,10.7505,10.81053,10.86867,10.92501,10.97964,11.03247,11.08359,11.133090000000001,11.18097,11.22723,11.27205,11.31525,11.35701,11.39733,11.436209999999999,11.47374,11.509830000000001,11.54466,11.57814,11.61036,11.64132,11.67102,11.69955,11.72682,11.75292,11.777759999999999,11.80161,11.8242,11.84571,11.86614,11.8854,11.90367,11.920770000000001,11.93679,11.95182,11.96577,11.97864,11.990520000000002,12.00132,12.01104,12.01986,12.02751,12.03417,12.03984,12.04443,12.048029999999999,12.05064,12.05217,12.052620000000001,12.05208,12.05055,12.04794,12.04425,12.03957,12.03381,12.02697,12.01905,12.01014,12.000150000000001,11.98908,11.976930000000001,11.9637,11.949480000000001,11.93409,11.91762,11.900160000000001,11.881530000000001,11.86191,11.84121,11.81943,11.796570000000001,11.77272,11.74788,11.72205,11.69514,11.667420000000002,11.638710000000001,11.6091,11.57868,11.547450000000001,11.5155,11.48283,11.449530000000001,11.415690000000001,11.381490000000001,11.34684,11.31192,11.27682,11.24172,11.206710000000001,11.17197,11.13759,11.10375,11.070630000000001,11.03841,11.00736,10.97757,10.94922,10.92258,10.897920000000001,10.87542,10.855260000000001,10.83771,10.82286,10.81107,10.802430000000001,10.79721,10.79541,10.79739,10.80306,10.8126,10.8261,10.84365,10.86516,10.89072,10.92024,10.95372,10.99107,11.03211,11.07684,11.12508,11.17674,11.23146,11.28933,11.34999,11.41335,11.479140000000001,11.54727,11.617560000000001,11.68974,11.763630000000001,11.83914,11.91618,11.99439,12.07377,12.15414,12.23532,12.31731,12.39993,12.482999999999999,12.566609999999999,12.650490000000001,12.73464,12.81888,12.9033,12.98781,13.072320000000001,13.156740000000001,13.24107,13.32522,13.40919,13.493070000000001,13.576590000000001,13.65993,13.74291,13.82571
12.04092,11.88864,11.73555,11.58183,11.42775,11.273579999999999,11.11959,10.96623,10.81395,10.66311,10.514520000000001,10.36854,10.22598,10.08774,9.95445,9.827100000000002,9.70659,9.593910000000001,9.48996,9.39582,9.3123,9.2403,9.18045,9.133379999999999,9.099450000000001,9.07893,9.07173,9.07758,9.09621,9.126900000000001,9.16884,9.221219999999999,9.283050000000001,9.35316,9.430470000000001,9.51408,9.602730000000001,9.69552,9.79155,9.88992,9.98991,10.0908,10.191960000000002,10.292850000000001,10.39311,10.492289999999999,10.59003,10.68615,10.78038,10.87254,10.96254,11.0502,11.13561,11.21859,11.299230000000001,11.37744,11.45322,11.52666,11.59785,11.66679,11.73348,11.79801,11.86056,11.92104,11.979540000000002,12.03624,12.09114,12.14433,12.19581,12.24585,12.29427,12.34134,12.38697,12.43134,12.474450000000001,12.51639,12.557250000000002,12.59703,12.63573,12.67353,12.71034,12.74634,12.78153,12.81582,12.849390000000001,12.88224,12.91446,12.94596,12.97674,13.00698,13.03659,13.065660000000001,13.09419,13.12209,13.14954,13.17636,13.20273,13.22865,13.25403,13.278960000000001,13.30335,13.32729,13.35069,13.37373,13.396230000000001,13.418280000000001,13.43979,13.46094,13.48155,13.50171,13.52133,13.5405,13.55922,13.5774,13.595130000000001,13.61232,13.62906,13.64526,13.66092,13.67613,13.6908,13.705020000000001,13.71861,13.73175,13.74435,13.75632,13.76784,13.77882,13.78926,13.79916,13.808430000000001,13.81725,13.82544,13.83309,13.840200000000001,13.846770000000001,13.85271,13.85811,13.86297,13.867289999999999,13.870980000000001,13.87413,13.87674,13.87872,13.88016,13.88097,13.88133,13.88097,13.88016,13.87872,13.87674,13.87413,13.870980000000001,13.867289999999999,13.86297,13.85811,13.85262,13.846589999999999,13.84002,13.83291,13.82517,13.8168,13.80798,13.79853,13.78845,13.77792,13.76676,13.75497,13.742640000000002,13.72977,13.71636,13.70232,13.687650000000001,13.672530000000002,13.65669,13.640400000000001,13.62348,13.605929999999999,13.58784,13.56921,13.54986,13.53006,13.509540000000001,13.48848,13.466790000000001,13.44456,13.421700000000001,13.398119999999999,13.374,13.34925,13.32387,13.29786,13.27122,13.243860000000002,13.21587,13.18716,13.15782,13.127849999999999,13.09716,13.065660000000001,13.03353,13.000680000000001,12.96702,12.932640000000001,12.897540000000001,12.86163,12.824910000000001,12.78738,12.749039999999999,12.7098,12.66975,12.6288,12.58704,12.54429,12.50055,12.455910000000001,12.41028,12.36357,12.31596,12.26718,12.21741,12.16647,12.11436,12.06108,12.00672,11.95101,11.89404,11.83581,11.77632,11.71539,11.653110000000002,11.589300000000001,11.524140000000001,11.45745,11.38923,11.31939,11.24802,11.174940000000001,11.100240000000001,11.02383,10.94562,10.86579,10.78407,10.70064,10.61541,10.52838,10.43955,10.349010000000002,10.25667,10.16262,10.06704,9.969750000000001,9.87111,9.77121,9.67005,9.56799,9.46521,9.36198,9.25866,9.155520000000001,9.05319,8.951958,8.852526000000001,8.755461,8.661447,8.571222,8.48556,8.405271,8.331183,8.264123999999999,8.204868,8.154162000000001,8.112636,8.080821,8.059086,8.047647,8.04654,8.055639000000001,8.074602,8.10297,8.140122,8.185329000000001,8.237781,8.296632,8.360982,8.429949,8.502687000000002,8.578377,8.656245,8.735598,8.815797,8.896257,8.976483,9.05607,9.13455,9.21159,9.28701,9.36054,9.43191,9.50103,9.567720000000001,9.63189,9.69345,9.7524,9.80865,9.862110000000001,9.91287,9.960840000000001,10.00593,10.04832,10.08792,10.124730000000001,10.15884,10.19016,10.21878,10.24461,10.26783,10.28835,10.30617,10.32129,10.33389,10.34379,10.351080000000001,10.35576,10.35783,10.35729,10.35423,10.34856,10.340190000000002,10.3293,10.31589,10.29978,10.281060000000002,10.25973,10.235790000000001,10.209240000000001,10.17999,10.148040000000002,10.11348,10.07631,10.03635,9.99369,9.94833,9.900360000000001,9.8496,9.796230000000001,9.74016,9.68139,9.6201,9.5562,9.48978,9.42102,9.349920000000001,9.27675,9.20151,9.124469999999999,9.0459,8.96598,8.885115,8.803665,8.722053,8.640783,8.560404,8.481546,8.404893000000001,8.331183,8.261208,8.195805,8.135829,8.082126,8.035524,7.996805999999999,7.966665000000001,7.945686,7.934319,7.9328520000000005,7.941401999999999,7.959906000000001,7.988148,8.025723,8.072109000000001,8.126657999999999,8.188641,8.257275,8.331741000000001,8.41122,8.49492,8.582058,8.671923,8.76384,8.857215,8.951499,9.04617,9.140939999999999,9.23526,9.32895,9.421650000000001,9.51318,9.60336,9.69201,9.77904,9.864270000000001,9.947700000000001,10.029330000000002,10.10898,10.18665,10.26243,10.33623,10.408050000000001,10.47798,10.54593,10.61199,10.67616,10.73844,10.798919999999999,10.8576,10.91457,10.96974,11.0232,11.07504,11.12526,11.173770000000001,11.220839999999999,11.266290000000001,11.3103,11.352780000000001,11.393820000000002,11.433510000000002,11.47176,11.50857,11.544120000000001,11.57841,11.61135,11.642940000000001,11.67336,11.70261,11.7306,11.757330000000001,11.78298,11.80737,11.830680000000001,11.852820000000001,11.87388,11.89377,11.91267,11.9304,11.94705,11.962620000000001,11.97711,11.990520000000002,12.00294,12.01428,12.02454,12.03381,12.042000000000002,12.04911,12.05523,12.06027,12.06423,12.0672,12.06918,12.069989999999999,12.06981,12.06855,12.06621,12.06279,12.05838,12.0528,12.046230000000001,12.03849,12.029670000000001,12.01977,12.00879,11.996730000000001,11.9835,11.9691,11.95362,11.93706,11.91933,11.90052,11.88054,11.85939,11.83716,11.81385,11.78937,11.76381,11.73717,11.70945,11.68074,11.65095,11.62008,11.5884,11.55573,11.522160000000001,11.48778,11.452589999999999,11.41668,11.380230000000001,11.343150000000001,11.30571,11.26791,11.229840000000001,11.19159,11.15352,11.115540000000001,11.07792,11.040750000000001,11.00439,10.96884,10.934370000000001,10.901340000000001,10.869750000000002,10.83996,10.81215,10.78659,10.76346,10.74312,10.725750000000001,10.71153,10.70073,10.69353,10.69011,10.69056,10.69506,10.703790000000001,10.716750000000001,10.73403,10.75563,10.78155,10.81179,10.846169999999999,10.884780000000001,10.92735,10.97379,11.02401,11.07774,11.1348,11.1951,11.25846,11.324520000000001,11.3931,11.46411,11.53728,11.61243,11.689380000000002,11.76786,11.84778,11.92905,12.01131,12.09456,12.17862,12.263399999999999,12.34872,12.43449,12.52062,12.60702,12.6936,12.78027,12.86703,12.953700000000001,13.040370000000001,13.12686,13.21317,13.299299999999999,13.38516,13.470839999999999,13.55607,13.64112,13.72572,13.81005
12.15774,12.01041,11.862540000000001,11.714310000000001,11.565990000000001,11.41794,11.270340000000001,11.12373,10.97838,10.83474,10.69353,10.55529,10.42056,10.29006,10.16469,10.045079999999999,9.93204,9.82656,9.72945,9.64143,9.56331,9.49581,9.43947,9.39483,9.36225,9.34173,9.33336,9.33687,9.3519,9.37809,9.41454,9.46071,9.51552,9.57825,9.64782,9.72342,9.80397,9.888750000000002,9.97686,10.06749,10.15992,10.25352,10.347750000000001,10.44207,10.53612,10.62936,10.72161,10.81251,10.90188,10.98963,11.0754,11.15928,11.24109,11.32074,11.39823,11.473650000000001,11.54682,11.61792,11.686860000000001,11.75373,11.81853,11.88135,11.94228,12.00123,12.058470000000002,12.11382,12.16755,12.219660000000001,12.27024,12.3192,12.366810000000001,12.41307,12.457980000000001,12.50154,12.54402,12.58533,12.62556,12.66471,12.70287,12.74004,12.7764,12.811860000000001,12.84651,12.88035,12.91338,12.945780000000001,12.97746,13.00842,13.03884,13.06854,13.097700000000001,13.12632,13.15431,13.18176,13.20867,13.23513,13.26096,13.286340000000001,13.31127,13.335659999999999,13.3596,13.383090000000001,13.40604,13.42854,13.45059,13.4721,13.49316,13.513770000000001,13.53393,13.55364,13.57281,13.591529999999999,13.60971,13.62744,13.64472,13.66146,13.67775,13.6935,13.7088,13.72356,13.73778,13.75155,13.76478,13.77747,13.78971,13.80132,13.81248,13.82301,13.83309,13.84263,13.85163,13.860000000000001,13.86792,13.8753,13.88205,13.88826,13.89393,13.89906,13.903649999999999,13.9077,13.91112,13.914000000000001,13.91634,13.91805,13.91931,13.91994,13.92003,13.919490000000001,13.91841,13.91679,13.914629999999999,13.91184,13.908510000000001,13.90464,13.900229999999999,13.89519,13.889610000000001,13.8834,13.87674,13.86945,13.86162,13.85316,13.84416,13.834620000000001,13.82454,13.81383,13.80258,13.790790000000001,13.77837,13.7655,13.75191,13.737870000000001,13.7232,13.70799,13.69215,13.67577,13.658850000000001,13.641300000000001,13.62321,13.60449,13.58523,13.565339999999999,13.54491,13.523850000000001,13.50225,13.479930000000001,13.45707,13.43358,13.40955,13.3848,13.35951,13.333499999999999,13.30686,13.27959,13.25169,13.22316,13.19391,13.16394,13.133339999999999,13.102020000000001,13.06998,13.03722,13.00374,12.96954,12.93453,12.898800000000001,12.86226,12.824910000000001,12.78675,12.747779999999999,12.70791,12.66723,12.62565,12.583169999999999,12.53979,12.495420000000001,12.45015,12.40389,12.35655,12.30822,12.25881,12.20841,12.15684,12.1041,12.050189999999999,11.99511,11.93886,11.88135,11.82258,11.76246,11.70099,11.63817,11.57391,11.5083,11.44116,11.372580000000001,11.30247,11.230830000000001,11.15757,11.08278,11.00637,10.92834,10.848600000000001,10.76733,10.68435,10.59975,10.51353,10.42578,10.33641,10.24569,10.15344,10.05993,9.965160000000001,9.869399999999999,9.772739999999999,9.675360000000001,9.577530000000001,9.47952,9.381689999999999,9.28431,9.18792,9.09288,8.999793,8.909163,8.821611,8.737812,8.658441,8.584200000000001,8.515827,8.453997000000001,8.399394000000001,8.35263,8.314218,8.284617,8.264106,8.252883,8.250948,8.258202,8.274366,8.299035,8.331696,8.371746,8.418483,8.471178,8.529066,8.591382000000001,8.65737,8.72631,8.797500000000001,8.870319,8.944173000000001,9.01854,9.09288,9.16686,9.24003,9.31212,9.38277,9.45189,9.519120000000001,9.58437,9.64746,9.708300000000001,9.766710000000002,9.82278,9.87633,9.92736,9.97578,10.02159,10.06479,10.10538,10.143360000000001,10.17873,10.211400000000001,10.24155,10.269,10.29393,10.31616,10.335960000000002,10.35306,10.367640000000002,10.3797,10.38924,10.39617,10.40067,10.402560000000001,10.40202,10.398959999999999,10.39338,10.38528,10.37466,10.36152,10.34595,10.327770000000001,10.30707,10.283850000000001,10.25811,10.22985,10.19907,10.16568,10.12977,10.09125,10.05021,10.00656,9.96039,9.9117,9.86058,9.80685,9.750779999999999,9.69219,9.63135,9.56826,9.50301,9.43569,9.36648,9.29556,9.22311,9.1494,9.07461,8.999181,8.92341,8.847729,8.772606,8.698554000000001,8.626158,8.55603,8.488836000000001,8.425287,8.366112000000001,8.312049,8.263836000000001,8.222175,8.187723,8.161074,8.142705,8.133003,8.132202000000001,8.140410000000001,8.157573,8.183511000000001,8.2179,8.260299,8.310186,8.366931000000001,8.429867999999999,8.498313,8.571555,8.648883000000001,8.729621999999999,8.813133,8.898813,8.986095,9.074520000000001,9.16353,9.25281,9.342,9.43083,9.51885,9.606060000000001,9.6921,9.77688,9.86031,9.942210000000001,10.022490000000001,10.10106,10.17792,10.253070000000001,10.32642,10.39797,10.46763,10.535580000000001,10.60173,10.66599,10.72854,10.789380000000001,10.84842,10.90575,10.96137,11.01537,11.06775,11.11851,11.16774,11.215349999999999,11.26152,11.30616,11.34927,11.39103,11.43135,11.47032,11.507850000000001,11.544120000000001,11.57904,11.6127,11.645010000000001,11.67615,11.70603,11.73465,11.7621,11.78838,11.81349,11.83743,11.8602,11.88189,11.9025,11.921940000000001,11.94021,11.95749,11.973600000000001,11.98872,12.00276,12.01563,12.02751,12.03831,12.048119999999999,12.05676,12.06441,12.07098,12.07647,12.08088,12.0843,12.086640000000001,12.0879,12.088080000000001,12.08718,12.0852,12.08205,12.077910000000001,12.07269,12.0663,12.05874,12.050189999999999,12.04038,12.02958,12.017520000000001,12.004380000000001,11.989980000000001,11.9745,11.95785,11.94003,11.92095,11.90079,11.87937,11.85678,11.833020000000001,11.808090000000002,11.7819,11.75463,11.72619,11.69658,11.6658,11.63394,11.601,11.566980000000001,11.53197,11.49606,11.45916,11.42136,11.382840000000002,11.34351,11.30355,11.26314,11.22219,11.18097,11.13957,11.098080000000001,11.05677,11.01564,10.97505,10.93509,10.89603,10.85805,10.82142,10.78632,10.753020000000001,10.72188,10.69299,10.6668,10.64349,10.62324,10.6065,10.59327,10.58391,10.5786,10.57761,10.580850000000002,10.58868,10.6011,10.61811,10.6398,10.666170000000001,10.69713,10.73268,10.77264,10.816830000000001,10.86525,10.917539999999999,10.9737,11.03337,11.09637,11.16243,11.23146,11.30319,11.377350000000002,11.45367,11.53197,11.612160000000001,11.69388,11.77695,11.86128,11.94669,12.033,12.12012,12.20778,12.29598,12.384540000000001,12.47337,12.56247,12.65157,12.74076,12.82986,12.91896,13.00779,13.096440000000001,13.18491,13.27302,13.36077,13.448250000000002,13.53537,13.62204,13.708350000000001,13.7943
12.27582,12.13335,11.990520000000002,11.84769,11.70495,11.562660000000001,11.421180000000001,11.28087,11.142090000000001,11.00529,10.871010000000002,10.73979,10.61226,10.48905,10.3707,10.25811,10.151909999999999,10.05291,9.96174,9.87912,9.80577,9.742230000000001,9.68895,9.646469999999999,9.61479,9.59436,9.58482,9.586260000000001,9.598230000000001,9.62028,9.651959999999999,9.692459999999999,9.74115,9.79722,9.85986,9.92817,10.001430000000001,10.07883,10.159559999999999,10.24299,10.3284,10.41525,10.503,10.59102,10.67913,10.76679,10.85373,10.939680000000001,11.02437,11.107619999999999,11.189430000000002,11.26944,11.34765,11.42406,11.49849,11.57103,11.641680000000001,11.71026,11.77704,11.841750000000001,11.90466,11.96577,12.02499,12.08241,12.13821,12.192300000000001,12.24486,12.295800000000002,12.3453,12.393360000000001,12.43998,12.48534,12.52944,12.572280000000001,12.61404,12.654630000000001,12.694139999999999,12.73266,12.77028,12.80691,12.842640000000001,12.87756,12.911669999999999,12.94497,12.977549999999999,13.00941,13.04055,13.071060000000001,13.10094,13.13019,13.15881,13.18698,13.21443,13.24143,13.267890000000001,13.293809999999999,13.319189999999999,13.34412,13.36851,13.39245,13.415939999999999,13.43889,13.461390000000002,13.483350000000002,13.50495,13.526010000000001,13.54662,13.56678,13.586400000000001,13.60557,13.62429,13.642560000000001,13.66038,13.67766,13.6944,13.71078,13.72653,13.74192,13.75677,13.77108,13.784939999999999,13.79826,13.81104,13.823369999999999,13.83516,13.84641,13.85721,13.86738,13.8771,13.88628,13.89492,13.903020000000001,13.910580000000001,13.9176,13.92408,13.93002,13.93542,13.940190000000001,13.944510000000001,13.948290000000002,13.95144,13.95405,13.95612,13.95765,13.95864,13.95909,13.95891,13.95819,13.95693,13.955129999999999,13.95279,13.94982,13.94631,13.942260000000001,13.93767,13.932540000000001,13.92678,13.92048,13.913640000000001,13.90626,13.89825,13.8897,13.880700000000001,13.870980000000001,13.86081,13.85001,13.83876,13.826880000000001,13.81437,13.801409999999999,13.787820000000002,13.77369,13.759020000000001,13.74372,13.72788,13.7115,13.694490000000002,13.67694,13.658850000000001,13.64013,13.62087,13.60098,13.580549999999999,13.55949,13.537889999999999,13.51566,13.4928,13.4694,13.44537,13.42071,13.395420000000001,13.3695,13.34295,13.315769999999999,13.28787,13.25943,13.23027,13.20039,13.169880000000001,13.13874,13.10679,13.074209999999999,13.04082,13.0068,12.97197,12.93642,12.90006,12.86289,12.824910000000001,12.786209999999999,12.74661,12.7062,12.664890000000002,12.62268,12.57957,12.53556,12.49065,12.44475,12.39786,12.34989,12.30102,12.25098,12.199950000000001,12.14784,12.09456,12.04011,11.984490000000001,11.9277,11.86965,11.81034,11.749770000000002,11.68794,11.62467,11.56014,11.49417,11.426760000000002,11.357999999999999,11.2878,11.21607,11.14281,11.068200000000001,10.99197,10.9143,10.8351,10.75437,10.6722,10.58859,10.503540000000001,10.41723,10.32957,10.24074,10.15074,10.05984,9.96804,9.87561,9.78273,9.68958,9.59661,9.503910000000001,9.411930000000002,9.32103,9.23175,9.14445,9.05967,8.977968,8.899947000000001,8.826201,8.757351,8.694018,8.636796,8.586252,8.542899,8.507196,8.479485,8.460018,8.448939000000001,8.446266000000001,8.451882000000001,8.465571,8.486991,8.515701,8.551179000000001,8.592839999999999,8.640054,8.692164,8.748486,8.808372,8.871165,8.936252999999999,9.00306,9.071010000000001,9.13968,9.20853,9.27729,9.34542,9.412740000000001,9.47898,9.54378,9.607050000000001,9.668520000000001,9.7281,9.78561,9.841050000000001,9.894240000000002,9.94518,9.993780000000001,10.039950000000001,10.08369,10.125,10.16379,10.20015,10.23399,10.265310000000001,10.2942,10.32057,10.344420000000001,10.36584,10.384830000000001,10.4013,10.41525,10.42686,10.43595,10.44261,10.44684,10.448640000000001,10.44801,10.44495,10.43946,10.43154,10.421190000000001,10.4085,10.39329,10.37574,10.35567,10.333260000000001,10.30833,10.281060000000002,10.25127,10.21914,10.18449,10.14741,10.1079,10.06605,10.021770000000002,9.975150000000001,9.9261,9.8748,9.82125,9.765450000000001,9.70758,9.64764,9.58581,9.52209,9.456750000000001,9.38997,9.32184,9.25272,9.18288,9.1125,9.04203,8.971875,8.902431000000002,8.834202000000001,8.76771,8.703513,8.642214000000001,8.584434,8.530821000000001,8.482014,8.438652,8.401338,8.37063,8.347041,8.330958,8.322714000000001,8.322507,8.330427,8.346438000000001,8.370387000000001,8.402013,8.440947000000001,8.486730000000001,8.538867,8.596764,8.659845,8.727489,8.799075,8.874009000000001,8.951724,9.03168,9.11331,9.19629,9.27999,9.364230000000001,9.44856,9.53262,9.61632,9.6993,9.78138,9.86247,9.942300000000001,10.02087,10.098090000000001,10.17378,10.24794,10.32048,10.391399999999999,10.4607,10.52829,10.59426,10.658430000000001,10.721070000000001,10.782,10.84122,10.89882,10.9548,11.00916,11.06199,11.1132,11.16288,11.21103,11.25774,11.30292,11.34675,11.389050000000001,11.43,11.4696,11.507850000000001,11.54475,11.580300000000001,11.61459,11.647620000000002,11.679300000000001,11.7099,11.73915,11.76723,11.794229999999999,11.81997,11.84454,11.86794,11.89026,11.91141,11.931479999999999,11.950380000000001,11.9682,11.98494,12.0006,12.015179999999999,12.02868,12.0411,12.05244,12.062700000000001,12.07188,12.080070000000001,12.08709,12.09312,12.09798,12.10185,12.10464,12.10626,12.10689,12.106349999999999,12.10473,12.102030000000001,12.09816,12.09321,12.08709,12.07989,12.071520000000001,12.06198,12.05127,12.039390000000001,12.026340000000001,12.01212,11.99664,11.97999,11.96208,11.943,11.92266,11.90106,11.878200000000001,11.854080000000002,11.828790000000001,11.802150000000001,11.77434,11.74527,11.71494,11.68335,11.650590000000001,11.61657,11.58138,11.54511,11.507670000000001,11.469240000000001,11.429730000000001,11.38923,11.34783,11.30562,11.26269,11.21913,11.174940000000001,11.13039,11.08557,11.04066,10.995659999999999,10.95093,10.906649999999999,10.862910000000001,10.81998,10.77822,10.73772,10.69884,10.661850000000001,10.62702,10.59462,10.56501,10.53846,10.51515,10.49553,10.47969,10.46808,10.460790000000001,10.458,10.45998,10.46682,10.47861,10.49544,10.51731,10.54422,10.576080000000001,10.6128,10.654290000000001,10.700370000000001,10.75086,10.80558,10.86435,10.92681,10.99278,11.06208,11.13435,11.20932,11.286810000000001,11.36664,11.44836,11.53197,11.61711,11.70369,11.79135,11.880090000000001,11.96964,12.05991,12.15072,12.24189,12.33342,12.42513,12.51693,12.608730000000001,12.70044,12.792060000000001,12.8835,12.97467,13.065570000000001,13.15611,13.24638,13.33611,13.42548,13.5144,13.602870000000001,13.69089,13.77837
12.39507,12.25719,12.11931,11.98152,11.84418,11.70747,11.57175,11.43747,11.30481,11.1744,11.0466,10.92195,10.800989999999999,10.68435,10.572569999999999,10.466370000000001,10.366200000000001,10.272960000000001,10.187100000000001,10.10934,10.04013,9.9801,9.92952,9.888750000000002,9.85806,9.83745,9.827010000000001,9.82656,9.83574,9.85419,9.88146,9.917010000000001,9.96021,10.010250000000001,10.06659,10.12842,10.194930000000001,10.26558,10.33956,10.41633,10.49526,10.57572,10.657350000000001,10.73952,10.82196,10.90422,10.98612,11.067210000000001,11.1474,11.226420000000001,11.30418,11.3805,11.45529,11.52837,11.59983,11.669580000000002,11.737530000000001,11.80377,11.86821,11.930850000000001,11.99178,12.051,12.108600000000001,12.16449,12.21885,12.27159,12.3228,12.372660000000002,12.42099,12.468060000000001,12.51378,12.55815,12.60144,12.643469999999999,12.68442,12.72429,12.76317,12.80106,12.83796,12.87396,12.90915,12.94344,12.977010000000002,13.00977,13.04181,13.07313,13.10373,13.13379,13.16313,13.191930000000001,13.2201,13.24764,13.27464,13.30119,13.327110000000001,13.35258,13.37751,13.4019,13.42584,13.44924,13.47219,13.49469,13.51674,13.538250000000001,13.55931,13.579920000000001,13.60008,13.6197,13.63896,13.657680000000001,13.67595,13.69368,13.71105,13.72788,13.74417,13.7601,13.775490000000001,13.79034,13.804829999999999,13.81869,13.8321,13.84506,13.85748,13.86936,13.88079,13.891680000000001,13.90212,13.911930000000002,13.92129,13.93011,13.93839,13.94613,13.95342,13.960080000000001,13.96629,13.971870000000001,13.977,13.98159,13.98555,13.98906,13.99194,13.99437,13.99617,13.99743,13.99824,13.998420000000001,13.99806,13.997160000000001,13.99572,13.99365,13.99113,13.98798,13.98438,13.98015,13.97538,13.97007,13.964220000000001,13.95774,13.95081,13.94325,13.93515,13.9266,13.917420000000002,13.90761,13.89735,13.886550000000002,13.87512,13.86315,13.85064,13.83759,13.824,13.809780000000002,13.795020000000001,13.779720000000001,13.76388,13.74741,13.73049,13.71294,13.69476,13.67604,13.656780000000001,13.636890000000001,13.61646,13.59549,13.57389,13.55166,13.52889,13.50549,13.48146,13.45689,13.4316,13.40577,13.37931,13.35222,13.32441,13.29606,13.26699,13.23729,13.20687,13.17582,13.14405,13.11156,13.07835,13.04451,13.00986,12.974400000000001,12.93831,12.90132,12.86361,12.82509,12.78576,12.74562,12.70458,12.66273,12.61998,12.576329999999999,12.531780000000001,12.48624,12.43971,12.39228,12.343860000000001,12.29436,12.243870000000001,12.192300000000001,12.139560000000001,12.08583,12.03093,11.974860000000001,11.91762,11.859210000000001,11.79954,11.73861,11.67642,11.61288,11.54808,11.48202,11.414520000000001,11.34576,11.27556,11.20392,11.131020000000001,11.05668,10.9809,10.90386,10.825380000000001,10.74564,10.66455,10.58229,10.49877,10.41417,10.32858,10.242090000000001,10.15479,10.06695,9.978570000000001,9.88992,9.80127,9.71289,9.62505,9.53811,9.452430000000001,9.36828,9.28629,9.20691,9.1305,9.057690000000001,8.989011000000001,8.924958,8.866089,8.812926000000001,8.765946000000001,8.725581,8.692209000000002,8.666127000000001,8.647542000000001,8.636571,8.633214,8.63739,8.648892,8.667432,8.692632000000001,8.724060000000001,8.761203,8.803521,8.850429,8.901351,8.955702,9.012870000000001,9.07236,9.133650000000001,9.196200000000001,9.25956,9.32328,9.38709,9.45054,9.51336,9.57519,9.63603,9.69543,9.7533,9.80946,9.863909999999999,9.91629,9.96678,10.01511,10.06128,10.1052,10.14687,10.18629,10.22337,10.25802,10.29042,10.32048,10.34811,10.37331,10.39626,10.41678,10.43487,10.45071,10.46412,10.4751,10.48383,10.490219999999999,10.49418,10.495800000000001,10.495170000000002,10.49211,10.48671,10.47906,10.46898,10.45665,10.441980000000001,10.42488,10.40553,10.38384,10.35981,10.333440000000001,10.304730000000001,10.27377,10.24038,10.20483,10.16685,10.12671,10.084230000000002,10.039589999999999,9.9927,9.94374,9.89271,9.83961,9.78462,9.72774,9.66915,9.60894,9.54738,9.48447,9.42057,9.355770000000001,9.290429999999999,9.224910000000001,9.15939,9.09432,9.03015,8.967276,8.906175,8.847369,8.791389,8.738802,8.690166,8.646048,8.606988,8.573526,8.54613,8.525223,8.511156,8.504199,8.504523,8.512209,8.527221,8.549442,8.578656,8.614539,8.656730999999999,8.704773,8.758206,8.81649,8.879112,8.945514000000001,9.01521,9.087570000000001,9.162270000000001,9.23877,9.31662,9.39537,9.47484,9.55458,9.63423,9.7137,9.792720000000001,9.871020000000001,9.94851,10.02492,10.10025,10.17441,10.24722,10.31868,10.3887,10.457279999999999,10.52433,10.58985,10.65375,10.71621,10.777050000000001,10.83627,10.89396,10.95012,11.00475,11.05785,11.10942,11.159460000000001,11.20806,11.255220000000001,11.30094,11.345220000000001,11.38806,11.42955,11.46969,11.50848,11.54601,11.58219,11.61702,11.65068,11.68308,11.714220000000001,11.7441,11.77281,11.80035,11.82672,11.85192,11.87595,11.898900000000001,11.92068,11.94129,11.96082,11.97927,11.99664,12.01284,12.02796,12.042000000000002,12.05496,12.066840000000001,12.07773,12.08745,12.09609,12.10365,12.11013,12.115530000000001,12.11985,12.123000000000001,12.125160000000001,12.126149999999999,12.12606,12.124889999999999,12.12255,12.11904,12.11445,12.108690000000001,12.10176,12.09366,12.084389999999999,12.07395,12.06234,12.04938,12.03534,12.01995,12.00339,11.98557,11.9664,11.946060000000001,11.92437,11.90133,11.87703,11.85138,11.82447,11.79621,11.7666,11.73564,11.70342,11.66985,11.635019999999999,11.598840000000001,11.5614,11.5227,11.48283,11.441699999999999,11.39949,11.356200000000001,11.31192,11.26665,11.22057,11.173770000000001,11.12625,11.078190000000001,11.029770000000001,10.98108,10.9323,10.883700000000001,10.835460000000001,10.78767,10.74078,10.694880000000001,10.65024,10.60731,10.56627,10.52748,10.4913,10.45791,10.42776,10.40121,10.37844,10.35981,10.345680000000002,10.33614,10.33164,10.33209,10.33794,10.3491,10.36566,10.38771,10.41525,10.4481,10.486170000000001,10.52946,10.57761,10.63044,10.68786,10.749509999999999,10.81503,10.88433,10.95705,11.032829999999999,11.11149,11.19267,11.2761,11.361600000000001,11.4489,11.53773,11.62791,11.71926,11.81142,11.90448,11.998080000000002,12.092130000000001,12.18645,12.28104,12.37572,12.4704,12.56499,12.65949,12.753630000000001,12.84759,12.941189999999999,13.03434,13.12713,13.21947,13.31127,13.40262,13.49343,13.5837,13.673340000000001,13.76253
12.51513,12.38175,12.248550000000002,12.11571,11.98341,11.8521,11.721870000000001,11.59317,11.46636,11.341890000000001,11.22012,11.101500000000001,10.98666,10.876050000000001,10.77021,10.66968,10.57509,10.48698,10.40589,10.33245,10.26693,10.20987,10.161629999999999,10.12239,10.09251,10.07181,10.06047,10.05831,10.064969999999999,10.08027,10.103670000000001,10.13472,10.172880000000001,10.21761,10.26819,10.32408,10.38456,10.449,10.51677,10.58742,10.66023,10.73475,10.81062,10.88721,10.964340000000002,11.04156,11.11851,11.19501,11.27088,11.34576,11.419649999999999,11.49228,11.563649999999999,11.63358,11.70198,11.768939999999999,11.834280000000001,11.89809,11.960189999999999,12.020760000000001,12.0798,12.13722,12.19302,12.24738,12.30021,12.351600000000001,12.40155,12.45015,12.497399999999999,12.5433,12.588030000000002,12.6315,12.67389,12.715110000000001,12.75525,12.7944,12.83247,12.86964,12.90591,12.94128,12.97584,13.00959,13.04253,13.07475,13.106160000000001,13.137030000000001,13.16709,13.196610000000002,13.22541,13.25367,13.2813,13.308390000000001,13.33494,13.360949999999999,13.38642,13.41135,13.43574,13.45968,13.48317,13.506120000000001,13.52862,13.55058,13.57209,13.593150000000001,13.613760000000001,13.63392,13.653540000000001,13.67271,13.69152,13.70979,13.72752,13.74489,13.76172,13.7781,13.794030000000001,13.80951,13.82445,13.838940000000001,13.85298,13.86648,13.87944,13.892040000000001,13.90401,13.91553,13.9266,13.93713,13.94712,13.956660000000001,13.96566,13.97412,13.982040000000001,13.989510000000001,13.996440000000002,14.00283,14.008680000000002,14.01399,14.01885,14.02308,14.026860000000001,14.03001,14.032710000000002,14.034870000000002,14.0364,14.03748,14.03802,14.03793,14.03739,14.03631,14.0346,14.03244,14.02974,14.02641,14.022630000000001,14.01822,14.01327,14.00787,14.001840000000001,13.99527,13.98816,13.980509999999999,13.972320000000002,13.96359,13.95432,13.944510000000001,13.93416,13.92318,13.91175,13.899690000000001,13.887179999999999,13.874039999999999,13.86036,13.84614,13.83138,13.815990000000001,13.80015,13.78368,13.766670000000001,13.74912,13.73094,13.71222,13.69296,13.67316,13.65273,13.63167,13.61016,13.58793,13.56525,13.54185,13.51791,13.49334,13.46823,13.442400000000001,13.416030000000001,13.38903,13.361310000000001,13.33305,13.30407,13.27446,13.24422,13.21326,13.18167,13.14936,13.116330000000001,13.08258,13.04811,13.012920000000001,12.977010000000002,12.940290000000001,12.902759999999999,12.864510000000001,12.82545,12.785580000000001,12.7449,12.703320000000001,12.66093,12.617640000000002,12.57345,12.52827,12.48228,12.4353,12.38733,12.338370000000001,12.28842,12.23739,12.18537,12.13227,12.07809,12.02283,11.9664,11.9088,11.85003,11.79009,11.72898,11.66661,11.60298,11.53809,11.47203,11.40462,11.33595,11.26602,11.19474,11.122290000000001,11.04849,10.97352,10.89729,10.819890000000001,10.74132,10.661669999999999,10.58103,10.499400000000001,10.416960000000001,10.3338,10.25001,10.16577,10.08135,9.99675,9.91233,9.828360000000002,9.74502,9.66276,9.581760000000001,9.50256,9.42543,9.35091,9.27927,9.21123,9.14706,9.087299999999999,9.032399999999999,8.982792000000002,8.938944,8.901189,8.86986,8.845191,8.827362,8.816454,8.812476,8.815347,8.824905000000001,8.84088,8.862975,8.890794,8.923896000000001,8.961822,9.004050000000001,9.05013,9.099450000000001,9.15156,9.20592,9.262080000000001,9.31959,9.378,9.43695,9.49608,9.55512,9.613620000000001,9.67149,9.72837,9.78417,9.83853,9.89145,9.94284,9.99234,10.04013,10.08594,10.12977,10.17153,10.21113,10.24866,10.284030000000001,10.31715,10.34802,10.37673,10.4031,10.42731,10.44918,10.4688,10.486170000000001,10.501199999999999,10.51407,10.524600000000001,10.53288,10.53891,10.54269,10.54422,10.5435,10.54044,10.53522,10.52775,10.517940000000001,10.50597,10.491750000000001,10.475280000000001,10.45656,10.435590000000001,10.412370000000001,10.38699,10.35936,10.32948,10.29744,10.263240000000001,10.226880000000001,10.18836,10.14777,10.10502,10.06029,10.013580000000001,9.96498,9.91449,9.86229,9.80838,9.75303,9.696150000000001,9.6381,9.57897,9.518939999999999,9.45837,9.39735,9.33624,9.27531,9.21501,9.1557,9.09774,9.041580000000002,8.987643,8.936496,8.888580000000001,8.844417,8.804484,8.769267,8.739216,8.714745,8.696214,8.683929,8.678106000000001,8.678907,8.686395000000001,8.700543,8.721261,8.748351,8.781561,8.820567,8.865,8.914437000000001,8.968437000000002,9.02655,9.08829,9.153179999999999,9.22077,9.290610000000001,9.36225,9.43542,9.50958,9.58455,9.65997,9.73548,9.81099,9.886140000000001,9.96075,10.03473,10.1079,10.18017,10.25136,10.32138,10.39023,10.45773,10.52397,10.58877,10.652220000000002,10.71423,10.77471,10.83384,10.89144,10.9476,11.002320000000001,11.05551,11.10726,11.15757,11.20653,11.253960000000001,11.300040000000001,11.34477,11.38815,11.430090000000002,11.470680000000002,11.51001,11.54808,11.5848,11.62026,11.65437,11.6874,11.71908,11.74959,11.77893,11.80701,11.83401,11.85984,11.88441,11.9079,11.93031,11.951550000000001,11.97162,11.9907,12.008610000000001,12.02535,12.0411,12.05568,12.06918,12.08169,12.09303,12.103290000000001,12.11247,12.12057,12.1275,12.13344,12.13821,12.1419,12.14451,12.145950000000001,12.146310000000001,12.14559,12.14361,12.14055,12.13641,12.13101,12.12444,12.1167,12.1077,12.09753,12.08619,12.0735,12.05964,12.04443,12.02805,12.01032,11.991240000000001,11.9709,11.949209999999999,11.92608,11.90169,11.87595,11.84877,11.82015,11.79018,11.75877,11.72601,11.69181,11.65617,11.61918,11.58075,11.54097,11.49984,11.45745,11.41371,11.36871,11.322450000000002,11.275110000000002,11.22678,11.17737,11.12706,11.07603,11.024280000000001,10.97208,10.91952,10.86669,10.81404,10.76148,10.70946,10.65816,10.607940000000001,10.55898,10.511550000000002,10.46619,10.42308,10.382670000000001,10.34532,10.311300000000001,10.281060000000002,10.25487,10.23318,10.21626,10.20438,10.19781,10.19682,10.201500000000001,10.21194,10.22832,10.25064,10.2789,10.31283,10.35252,10.39779,10.44828,10.50381,10.56411,10.629000000000001,10.69794,10.77084,10.84725,10.92699,11.00952,11.094750000000001,11.18223,11.271690000000001,11.362950000000001,11.45574,11.54979,11.64492,11.740860000000001,11.83752,11.93463,12.03219,12.129840000000002,12.22767,12.3255,12.42315,12.52062,12.61782,12.71475,12.81123,12.90726,13.002839999999999,13.09788,13.192380000000002,13.286249999999999,13.379579999999999,13.472280000000001,13.564440000000001,13.65588,13.746690000000001
12.63573,12.50676,12.37806,12.2499,12.12255,11.99619,11.87118,11.74779,11.626470000000001,11.507489999999999,11.391300000000001,11.27835,11.16909,11.063970000000001,10.96362,10.868310000000001,10.77867,10.69524,10.61838,10.548720000000001,10.48644,10.432080000000001,10.385909999999999,10.34811,10.318769999999999,10.29807,10.285829999999999,10.28205,10.286550000000002,10.298879999999999,10.31886,10.34586,10.37961,10.41948,10.464839999999999,10.51533,10.57014,10.628910000000001,10.69101,10.7559,10.82313,10.89216,10.96263,11.034,11.10609,11.178360000000001,11.25072,11.32281,11.39445,11.46537,11.53548,11.6046,11.672550000000001,11.739329999999999,11.80485,11.869019999999999,11.931840000000001,11.993129999999999,12.05307,12.11148,12.16854,12.224070000000001,12.27825,12.330900000000002,12.3822,12.43224,12.48084,12.528179999999999,12.574259999999999,12.61917,12.662820000000002,12.705300000000001,12.74679,12.78711,12.82644,12.86478,12.90213,12.938580000000002,12.974129999999999,13.00887,13.042800000000002,13.07592,13.10823,13.13982,13.17078,13.20102,13.23054,13.25952,13.287780000000001,13.3155,13.342680000000001,13.36923,13.39524,13.420800000000002,13.445730000000001,13.47012,13.49406,13.517550000000002,13.5405,13.563,13.58496,13.60647,13.62753,13.64814,13.66821,13.68792,13.70709,13.72581,13.74408,13.7619,13.77927,13.796190000000001,13.812570000000001,13.8285,13.84398,13.85901,13.87359,13.88763,13.90122,13.91427,13.92696,13.939020000000001,13.95072,13.961879999999999,13.9725,13.98267,13.9923,14.00148,14.01012,14.01822,14.025870000000001,14.03298,14.03955,14.04567,14.051250000000001,14.05629,14.06079,14.06475,14.06826,14.07123,14.07366,14.07555,14.0769,14.07771,14.07798,14.07771,14.07699,14.07564,14.07384,14.07141,14.06853,14.06502,14.061060000000001,14.05656,14.05143,14.045850000000002,14.03973,14.03307,14.02578,14.01804,14.00976,14.00094,13.99158,13.98159,13.97115,13.96017,13.94865,13.9365,13.9239,13.91076,13.89699,13.88268,13.86792,13.85253,13.8366,13.82013,13.80312,13.78557,13.76739,13.74867,13.72941,13.709610000000001,13.68918,13.66821,13.646700000000001,13.62456,13.601880000000001,13.578570000000001,13.554630000000001,13.53015,13.50504,13.47939,13.45311,13.42611,13.39857,13.3704,13.34151,13.31208,13.281930000000001,13.251149999999999,13.21965,13.18752,13.154670000000001,13.1211,13.086810000000002,13.0518,13.016160000000001,12.979619999999999,12.94245,12.90447,12.86568,12.826080000000001,12.785670000000001,12.74445,12.70242,12.65949,12.61566,12.57102,12.52539,12.47886,12.43143,12.38301,12.33369,12.28329,12.2319,12.17943,12.12597,12.071520000000001,12.0159,11.959200000000001,11.90133,11.84238,11.782350000000001,11.721060000000001,11.65869,11.59506,11.53026,11.46438,11.39724,11.32884,11.259360000000001,11.18871,11.11689,11.0439,10.969830000000002,10.89477,10.818719999999999,10.74159,10.663739999999999,10.584990000000001,10.50561,10.42569,10.34523,10.26459,10.18377,10.10304,10.022580000000001,9.94275,9.86364,9.7857,9.70911,9.63432,9.56169,9.49158,9.42444,9.36054,9.30042,9.24453,9.193140000000001,9.146790000000001,9.10566,9.0702,9.04068,9.01728,9.00009,8.989182000000001,8.984637,8.986347,8.99415,9.00783,9.027180000000001,9.05175,9.08127,9.1152,9.15327,9.19485,9.23958,9.2871,9.336780000000001,9.38826,9.44109,9.494909999999999,9.54945,9.60426,9.65907,9.71361,9.76761,9.8208,9.873000000000001,9.92412,9.97389,10.02231,10.06902,10.1142,10.15758,10.19907,10.23867,10.276380000000001,10.31202,10.345680000000002,10.377180000000001,10.4067,10.43397,10.45926,10.4823,10.50318,10.5219,10.53855,10.552950000000001,10.565190000000001,10.57518,10.5831,10.58877,10.59228,10.59372,10.59291,10.58994,10.58481,10.577430000000001,10.56798,10.556370000000001,10.5426,10.526670000000001,10.50858,10.488420000000001,10.466099999999999,10.44162,10.41498,10.38636,10.35558,10.32273,10.287899999999999,10.251000000000001,10.21221,10.17144,10.12878,10.084230000000002,10.03797,9.99009,9.9405,9.889470000000001,9.83709,9.78354,9.728819999999999,9.673290000000001,9.61695,9.56025,9.50328,9.44631,9.38979,9.3339,9.279,9.22554,9.173879999999999,9.124469999999999,9.07767,9.03393,8.993817000000002,8.957637,8.925849,8.898840000000002,8.87697,8.860554,8.849844,8.845037999999999,8.846262,8.853588,8.86698,8.886375,8.911602,8.942445,8.978625000000001,9.0198,9.065700000000001,9.11583,9.169920000000001,9.22734,9.28791,9.351090000000001,9.41652,9.48375,9.55251,9.62244,9.693180000000002,9.764550000000002,9.8361,9.907829999999999,9.97929,10.05048,10.121129999999999,10.19115,10.26036,10.32876,10.39608,10.46232,10.52739,10.59129,10.65393,10.71531,10.77534,10.83402,10.89144,10.947330000000001,11.00196,11.055150000000001,11.106990000000001,11.15748,11.20653,11.25432,11.30067,11.34567,11.38932,11.43171,11.472750000000001,11.51253,11.55105,11.58822,11.62413,11.65887,11.692350000000001,11.72466,11.75571,11.785590000000001,11.81421,11.841750000000001,11.86812,11.893320000000001,11.917440000000001,11.9403,11.96217,11.98287,12.0024,12.020940000000001,12.03831,12.05451,12.06972,12.08376,12.09681,12.108690000000001,12.11949,12.12921,12.13785,12.14532,12.151800000000001,12.15711,12.161249999999999,12.16431,12.16629,12.1671,12.166830000000001,12.16539,12.16269,12.15891,12.153960000000001,12.14775,12.14037,12.13182,12.12201,12.11094,12.09861,12.08493,12.070079999999999,12.053880000000001,12.03633,12.017430000000001,11.99718,11.97549,11.95245,11.92806,11.902230000000001,11.87487,11.84616,11.81592,11.78424,11.75103,11.71629,11.68011,11.6424,11.603250000000001,11.562570000000001,11.52036,11.476709999999999,11.43162,11.38518,11.337299999999999,11.28807,11.237580000000001,11.18583,11.133090000000001,11.079180000000001,11.02446,10.96884,10.91268,10.85598,10.79901,10.741859999999999,10.68489,10.62828,10.57239,10.5174,10.46367,10.411560000000001,10.36152,10.31373,10.268730000000001,10.226970000000001,10.18872,10.15452,10.12464,10.09953,10.079550000000001,10.06506,10.05633,10.05363,10.05705,10.06686,10.08306,10.10565,10.13472,10.170000000000002,10.21149,10.25892,10.31202,10.37052,10.43415,10.50255,10.575360000000002,10.652220000000002,10.73277,10.81665,10.903500000000001,10.99305,11.08485,11.17872,11.27421,11.37123,11.469420000000001,11.5686,11.6685,11.768939999999999,11.86983,11.97099,12.07215,12.17331,12.274379999999999,12.37518,12.475710000000001,12.575790000000001,12.67542,12.77451,12.87315,12.97116,13.06845,13.1652,13.261230000000001,13.356630000000001,13.45131,13.54527,13.63851,13.73103
12.756780000000001,12.631950000000002,12.50757,12.38391,12.26115,12.13965,12.0195,11.90115,11.78496,11.67111,11.56014,11.45241,11.348279999999999,11.24829,11.1528,11.06226,10.97712,10.89783,10.82493,10.758600000000001,10.69929,10.647269999999999,10.6029,10.56618,10.537469999999999,10.51659,10.503630000000001,10.4985,10.50084,10.51065,10.52739,10.550880000000001,10.580490000000001,10.615950000000002,10.65663,10.702169999999999,10.751940000000001,10.80549,10.86237,10.92195,10.98396,11.04777,11.113109999999999,11.17962,11.24694,11.31471,11.38257,11.45043,11.51802,11.58516,11.65158,11.71728,11.78199,11.84571,11.90835,11.96973,12.02994,12.088890000000001,12.14658,12.20292,12.257909999999999,12.31164,12.36402,12.415140000000001,12.46491,12.51342,12.56076,12.60684,12.65175,12.69549,12.738059999999999,12.77964,12.82005,12.85956,12.89799,12.93552,12.972150000000001,13.00788,13.04271,13.07673,13.10994,13.142430000000001,13.1742,13.20516,13.23549,13.26519,13.294170000000001,13.322519999999999,13.350330000000001,13.37751,13.40415,13.43016,13.45563,13.48065,13.50513,13.529069999999999,13.55247,13.575420000000001,13.59792,13.61988,13.64139,13.66245,13.682970000000001,13.70313,13.722750000000001,13.74192,13.76073,13.779,13.79682,13.8141,13.83102,13.84749,13.863420000000001,13.87899,13.89402,13.908600000000002,13.92273,13.93641,13.94955,13.962240000000001,13.974480000000002,13.986270000000001,13.99752,14.008230000000001,14.01858,14.0283,14.03766,14.04648,14.05476,14.06259,14.069880000000001,14.076630000000002,14.082930000000001,14.08869,14.094000000000001,14.09877,14.103,14.10669,14.10993,14.112540000000001,14.114700000000001,14.11641,14.11749,14.11812,14.11821,14.11776,14.11677,14.11524,14.11317,14.11065,14.107500000000002,14.1039,14.09976,14.09508,14.08986,14.0841,14.0778,14.07105,14.06367,14.05584,14.04738,14.03847,14.02902,14.018939999999999,14.00841,13.99734,13.98573,13.97358,13.960890000000001,13.94766,13.933890000000002,13.919580000000002,13.90473,13.88934,13.87341,13.85694,13.839839999999999,13.82229,13.80411,13.78548,13.76622,13.74633,13.72599,13.705020000000001,13.683510000000002,13.66146,13.63878,13.61556,13.59171,13.56732,13.542300000000001,13.51665,13.49046,13.46364,13.4361,13.40802,13.37931,13.349969999999999,13.32,13.28931,13.25799,13.226040000000001,13.19337,13.15998,13.125960000000001,13.09122,13.05567,13.019490000000001,12.982500000000002,12.944790000000001,12.90627,12.86703,12.82698,12.78612,12.74436,12.701880000000001,12.6585,12.614220000000001,12.56913,12.523050000000001,12.47616,12.42828,12.3795,12.32973,12.27906,12.227310000000001,12.174570000000001,12.12084,12.066120000000002,12.01032,11.953439999999999,11.895480000000001,11.83644,11.77632,11.71512,11.65275,11.58939,11.52486,11.45925,11.392470000000001,11.3247,11.25585,11.185920000000001,11.115,11.04309,10.97028,10.89657,10.82205,10.74681,10.670850000000002,10.59444,10.51758,10.44036,10.36305,10.28574,10.20861,10.13193,10.05588,9.980820000000001,9.90684,9.834389999999999,9.76374,9.69516,9.6291,9.56592,9.505889999999999,9.44946,9.39699,9.348749999999999,9.30519,9.266580000000001,9.23319,9.2052,9.182789999999999,9.16614,9.155339999999999,9.15021,9.15093,9.15714,9.168750000000001,9.185580000000002,9.20727,9.23355,9.26397,9.29817,9.335790000000001,9.376380000000001,9.419580000000002,9.46494,9.5121,9.560699999999999,9.61029,9.66069,9.71145,9.7623,9.81297,9.863370000000002,9.91305,9.96192,10.00989,10.05669,10.10214,10.14624,10.1889,10.22985,10.26918,10.30671,10.34244,10.37628,10.40823,10.43829,10.466280000000001,10.492289999999999,10.51632,10.53828,10.55826,10.576080000000001,10.59192,10.6056,10.6173,10.626840000000001,10.63431,10.63971,10.64304,10.644210000000001,10.643400000000002,10.64043,10.635390000000001,10.62828,10.6191,10.607850000000001,10.594529999999999,10.57914,10.561770000000001,10.54224,10.52073,10.497240000000001,10.47168,10.444139999999999,10.41462,10.38321,10.349820000000001,10.31454,10.27746,10.23858,10.1979,10.155600000000002,10.11159,10.06614,10.019160000000001,9.97092,9.92142,9.870930000000001,9.819450000000002,9.767249999999999,9.714419999999999,9.66141,9.608220000000001,9.555209999999999,9.502650000000001,9.45081,9.40005,9.35073,9.30321,9.257850000000001,9.21501,9.175139999999999,9.1386,9.10584,9.07713,9.05283,9.0333,9.01872,9.009450000000001,9.00549,9.007109999999999,9.01431,9.02709,9.04527,9.06885,9.09756,9.13131,9.169649999999999,9.21231,9.259020000000001,9.309330000000001,9.36297,9.419580000000002,9.478710000000001,9.54,9.60318,9.667890000000002,9.733770000000002,9.80064,9.86814,9.93609,10.00413,10.07226,10.14012,10.20753,10.27449,10.34082,10.40634,10.47105,10.53486,10.5975,10.65915,10.71972,10.779029999999999,10.83717,10.89405,10.94967,11.00403,11.05704,11.10879,11.15928,11.20842,11.25621,11.30274,11.34801,11.39193,11.43459,11.47599,11.51613,11.555010000000001,11.59263,11.62899,11.66418,11.69811,11.73087,11.76246,11.79279,11.822040000000001,11.85003,11.876940000000001,11.90268,11.92734,11.950830000000002,11.97324,11.99448,12.014550000000002,12.03363,12.05154,12.06837,12.08412,12.09879,12.11229,12.12471,12.136050000000001,12.146310000000001,12.15549,12.163590000000001,12.17052,12.17637,12.181049999999999,12.184650000000001,12.18708,12.18843,12.18861,12.18762,12.18546,12.18213,12.17754,12.17187,12.164850000000001,12.15666,12.147210000000001,12.13659,12.12453,12.111300000000002,12.09672,12.0807,12.06342,12.04479,12.02472,12.0033,11.980350000000001,11.95596,11.93022,11.90286,11.87406,11.843639999999999,11.81178,11.7783,11.74329,11.706660000000001,11.66841,11.628630000000001,11.587230000000002,11.54421,11.49957,11.45331,11.405520000000001,11.356200000000001,11.30535,11.25306,11.19933,11.144160000000001,11.08782,11.03031,10.97163,10.912049999999999,10.851659999999999,10.79064,10.729080000000002,10.667430000000001,10.605690000000001,10.54422,10.48329,10.42326,10.36449,10.307250000000002,10.25208,10.19925,10.1493,10.10268,10.05984,10.021230000000001,9.9873,9.95841,9.93519,9.91773,9.90666,9.90198,9.90414,9.91314,9.929250000000001,9.95229,9.98226,10.019070000000001,10.06263,10.112490000000001,10.168560000000001,10.230390000000002,10.29771,10.37007,10.44702,10.52829,10.61334,10.70181,10.793429999999999,10.88757,10.98414,11.082600000000001,11.18277,11.2842,11.386890000000001,11.4903,11.594430000000001,11.69892,11.80377,11.90862,12.01347,12.11823,12.22263,12.326670000000002,12.43026,12.53331,12.63582,12.7377,12.83886,12.939390000000001,13.03911,13.13811,13.236300000000002,13.333770000000001,13.430430000000001,13.52628,13.62132,13.71564
12.87792,12.75714,12.6369,12.517560000000001,12.39921,12.282210000000001,12.166739999999999,12.05307,11.94165,11.832659999999999,11.726550000000001,11.62359,11.524230000000001,11.428830000000001,11.33784,11.251619999999999,11.17062,11.09511,11.02563,10.96236,10.905660000000001,10.85571,10.81296,10.77732,10.748970000000002,10.728,10.71432,10.707930000000001,10.70847,10.71585,10.729800000000001,10.74996,10.775970000000001,10.80738,10.84383,10.884780000000001,10.92987,10.97865,11.03067,11.08539,11.14245,11.20149,11.26215,11.32398,11.3868,11.45016,11.51388,11.57778,11.64141,11.70486,11.76777,11.83014,11.8917,11.95245,12.01221,12.07098,12.12867,12.185279999999999,12.24063,12.2949,12.34791,12.39984,12.450420000000001,12.49992,12.54816,12.59523,12.64113,12.68595,12.7296,12.77226,12.81375,12.85425,12.89376,12.93228,12.969899999999999,13.00662,13.042440000000001,13.07736,13.11147,13.14477,13.17735,13.20921,13.24026,13.27068,13.30038,13.32945,13.357890000000001,13.3857,13.41288,13.43952,13.465620000000001,13.49118,13.51611,13.54059,13.56453,13.58802,13.61097,13.633379999999999,13.655339999999999,13.67685,13.69791,13.71843,13.7385,13.75821,13.777379999999999,13.796100000000001,13.81437,13.83219,13.84956,13.86648,13.88286,13.89888,13.91445,13.92957,13.944149999999999,13.95828,13.97205,13.98528,13.99806,14.0103,14.02218,14.033520000000001,14.044410000000001,14.05485,14.06475,14.0742,14.08311,14.091569999999999,14.099490000000001,14.107050000000001,14.11398,14.12046,14.1264,14.13189,14.136930000000001,14.14134,14.1453,14.148810000000001,14.15169,14.15412,14.1561,14.157449999999999,14.15835,14.15871,14.15853,14.1579,14.15673,14.15502,14.15277,14.150070000000001,14.146740000000001,14.14296,14.13864,14.13387,14.12847,14.122620000000001,14.11614,14.109210000000001,14.10174,14.093820000000001,14.08527,14.076270000000001,14.06664,14.05656,14.04594,14.034780000000001,14.02308,14.01084,13.99815,13.98483,13.971060000000001,13.956660000000001,13.94181,13.92633,13.9104,13.89393,13.87683,13.85928,13.841099999999999,13.822470000000001,13.80321,13.78341,13.763069999999999,13.74219,13.720680000000002,13.698630000000001,13.67604,13.65282,13.62906,13.60476,13.57983,13.55427,13.52817,13.50144,13.47408,13.44609,13.417470000000002,13.38831,13.35843,13.32792,13.29678,13.26501,13.232520000000001,13.19931,13.16547,13.13091,13.09572,13.05972,13.023000000000001,12.98556,12.9474,12.908430000000001,12.86874,12.828240000000001,12.786930000000002,12.74481,12.701789999999999,12.658050000000001,12.613410000000002,12.56787,12.521429999999999,12.47418,12.426029999999999,12.376890000000001,12.32685,12.27582,12.22389,12.17088,12.11697,12.06207,12.00618,11.949209999999999,11.891250000000001,11.8323,11.772269999999999,11.71125,11.64915,11.58606,11.521889999999999,11.456819999999999,11.39067,11.32362,11.25558,11.18664,11.116800000000001,11.046240000000001,10.974870000000001,10.90278,10.830060000000001,10.75689,10.68327,10.60929,10.53522,10.46106,10.387080000000001,10.31337,10.24029,10.16784,10.09638,10.02627,9.957510000000001,9.89064,9.82593,9.76356,9.70398,9.64737,9.59427,9.54486,9.4995,9.45846,9.42201,9.39042,9.36378,9.34236,9.32616,9.31536,9.309780000000002,9.30942,9.31428,9.32409,9.33867,9.357750000000001,9.381060000000002,9.40824,9.439020000000001,9.473040000000001,9.50985,9.54909,9.590580000000001,9.633690000000001,9.67833,9.724050000000002,9.77049,9.81747,9.86463,9.91179,9.958680000000001,10.00512,10.05084,10.095749999999999,10.13958,10.18242,10.22391,10.264050000000001,10.30275,10.33983,10.37538,10.40922,10.44135,10.47168,10.50012,10.526760000000001,10.5516,10.57437,10.59534,10.61424,10.63125,10.64628,10.65933,10.6704,10.67949,10.6866,10.69164,10.6947,10.695780000000001,10.694880000000001,10.69191,10.68705,10.68012,10.67121,10.66032,10.647450000000001,10.6326,10.615860000000001,10.59714,10.57644,10.55376,10.52928,10.50291,10.47465,10.444500000000001,10.41255,10.37889,10.343520000000002,10.30644,10.26774,10.22742,10.18566,10.142550000000002,10.098090000000001,10.05246,10.00584,9.95814,9.90981,9.86076,9.811350000000001,9.76167,9.71208,9.66267,9.613800000000001,9.56583,9.51885,9.47331,9.42957,9.38799,9.348749999999999,9.312389999999999,9.27909,9.2493,9.22338,9.20151,9.18405,9.171180000000001,9.163170000000001,9.16002,9.162,9.16902,9.18126,9.19845,9.2205,9.24741,9.27882,9.31455,9.354420000000001,9.39798,9.44496,9.495180000000001,9.5481,9.60354,9.661140000000001,9.72054,9.78147,9.84366,9.90684,9.97083,10.03518,10.09989,10.16469,10.2294,10.29384,10.35783,10.42137,10.48428,10.54638,10.60767,10.66806,10.727549999999999,10.785960000000001,10.84329,10.89954,10.95462,11.00853,11.06127,11.11275,11.16306,11.212110000000001,11.2599,11.306519999999999,11.351880000000001,11.39598,11.43882,11.48049,11.52081,11.56005,11.59803,11.63475,11.670300000000001,11.70468,11.73789,11.76993,11.8008,11.83041,11.85903,11.88639,11.91267,11.93778,11.961810000000002,11.98476,12.006540000000001,12.02715,12.04677,12.06522,12.082590000000001,12.09888,12.114090000000001,12.12822,12.14118,12.15306,12.16386,12.17358,12.18213,12.1896,12.19599,12.201210000000001,12.205350000000001,12.20832,12.21021,12.210840000000001,12.21039,12.208680000000001,12.20589,12.201749999999999,12.196530000000001,12.19005,12.18231,12.17331,12.16296,12.151440000000001,12.13848,12.12426,12.108690000000001,12.09168,12.07332,12.053609999999999,12.03237,12.009689999999999,11.98548,11.95974,11.93256,11.90376,11.87343,11.84148,11.80782,11.772630000000001,11.73573,11.69712,11.65689,11.61486,11.57121,11.52576,11.47869,11.42982,11.37924,11.32704,11.27313,11.217600000000001,11.160449999999999,11.10186,11.041830000000001,10.980360000000001,10.917720000000001,10.85391,10.78911,10.7235,10.65726,10.59066,10.52388,10.45719,10.39104,10.32561,10.26126,10.19853,10.137780000000001,10.079550000000001,10.0242,9.97227,9.92439,9.88092,9.84249,9.80955,9.78255,9.762030000000001,9.74826,9.74151,9.742230000000001,9.75051,9.76635,9.789930000000002,9.82098,9.85959,9.9054,9.95814,10.01754,10.08315,10.15452,10.23129,10.31292,10.398959999999999,10.48896,10.58256,10.67913,10.778490000000001,10.88001,10.98351,11.08854,11.194920000000002,11.302200000000001,11.410200000000001,11.518740000000001,11.62755,11.73645,11.84535,11.95398,12.06234,12.170250000000001,12.27771,12.384450000000001,12.49065,12.59604,12.70071,12.80457,12.90762,13.00977,13.11111,13.21155,13.31109,13.409820000000002,13.50756,13.60449,13.70043
12.99906,12.88215,12.76596,12.65067,12.536550000000002,12.42378,12.31263,12.20346,12.09645,11.99196,11.89035,11.79189,11.696940000000001,11.605770000000001,11.51892,11.43666,11.35935,11.28726,11.220839999999999,11.16027,11.10591,11.05794,11.01654,10.9818,10.953899999999999,10.93275,10.91844,10.91079,10.90971,10.91502,10.92636,10.94355,10.96614,10.99395,11.026440000000001,11.06334,11.10411,11.148480000000001,11.196,11.24622,11.29878,11.35332,11.40948,11.46699,11.525580000000001,11.5848,11.64456,11.704500000000001,11.76453,11.82438,11.88396,11.943,12.00159,12.059370000000001,12.116340000000001,12.172500000000001,12.22776,12.282029999999999,12.33522,12.38733,12.43845,12.488489999999999,12.537360000000001,12.58515,12.63186,12.67749,12.72204,12.765509999999999,12.80799,12.849390000000001,12.889890000000001,12.929310000000001,12.96783,13.00545,13.04217,13.07799,13.113000000000001,13.147110000000001,13.1805,13.213080000000001,13.24494,13.27608,13.3065,13.33629,13.36536,13.393889999999999,13.421700000000001,13.448970000000001,13.47561,13.50171,13.527270000000001,13.552200000000001,13.576680000000001,13.600620000000001,13.62402,13.64697,13.66947,13.69134,13.71285,13.73391,13.754430000000001,13.7745,13.794120000000001,13.81329,13.83201,13.850280000000001,13.8681,13.88547,13.9023,13.91877,13.934790000000001,13.950360000000002,13.965480000000001,13.98015,13.99437,14.008140000000001,14.021370000000001,14.03424,14.046660000000001,14.05854,14.06997,14.08095,14.09148,14.10147,14.11101,14.1201,14.12874,14.13684,14.144490000000001,14.1516,14.15826,14.164470000000001,14.17014,14.17527,14.17995,14.18418,14.18787,14.19102,14.193719999999999,14.195879999999999,14.19759,14.19876,14.199390000000001,14.199570000000001,14.199209999999999,14.198310000000001,14.19687,14.19498,14.19264,14.18967,14.18625,14.18229,14.17779,14.17284,14.16726,14.16132,14.15475,14.14764,14.14008,14.13198,14.12334,14.11425,14.10453,14.09436,14.08365,14.07249,14.060699999999999,14.04846,14.035590000000001,14.022269999999999,14.00841,13.99401,13.97916,13.96368,13.94766,13.93119,13.914090000000002,13.89654,13.87836,13.859729999999999,13.84047,13.820760000000002,13.80042,13.77954,13.75812,13.73616,13.713569999999999,13.69044,13.66677,13.642470000000001,13.61763,13.59216,13.56615,13.539510000000002,13.51233,13.48443,13.45599,13.426919999999999,13.39722,13.36689,13.335930000000001,13.30434,13.27203,13.239090000000001,13.205430000000002,13.171140000000001,13.136130000000001,13.100399999999999,13.06404,13.02687,12.98898,12.950370000000001,12.91095,12.87081,12.82995,12.78819,12.745709999999999,12.70233,12.65823,12.61323,12.56733,12.52062,12.47301,12.42459,12.37518,12.32496,12.27375,12.221639999999999,12.16854,12.11454,12.05955,12.00366,11.94678,11.88891,11.830050000000002,11.77029,11.70954,11.64789,11.58525,11.52171,11.45727,11.39193,11.32578,11.25873,11.19105,11.12256,11.05344,10.983690000000001,10.91349,10.84293,10.77201,10.70091,10.62972,10.55862,10.48779,10.41732,10.34748,10.278450000000001,10.210500000000001,10.14372,10.07856,10.0152,9.95382,9.894870000000001,9.83862,9.785250000000001,9.73512,9.688500000000001,9.64566,9.60687,9.5724,9.542340000000001,9.516960000000001,9.496350000000001,9.480509999999999,9.46962,9.46368,9.46251,9.46602,9.47421,9.486720000000002,9.50346,9.52407,9.54837,9.576,9.60669,9.64008,9.67581,9.71361,9.753120000000001,9.794070000000001,9.8361,9.87894,9.922410000000001,9.96606,10.00989,10.05354,10.09674,10.13949,10.181519999999999,10.22265,10.26279,10.30185,10.33965,10.376100000000001,10.4112,10.44468,10.47672,10.50714,10.53585,10.56285,10.58814,10.61163,10.63332,10.65321,10.67121,10.68741,10.701630000000002,10.71405,10.724490000000001,10.733130000000001,10.73979,10.74456,10.747349999999999,10.74834,10.747349999999999,10.74447,10.73961,10.73295,10.724310000000001,10.71378,10.70136,10.68705,10.670850000000002,10.652849999999999,10.632959999999999,10.611270000000001,10.58778,10.56249,10.5354,10.5066,10.476090000000001,10.44396,10.410210000000001,10.37484,10.338030000000002,10.29978,10.26018,10.21932,10.17729,10.134179999999999,10.09017,10.04526,9.999810000000002,9.95382,9.90747,9.86112,9.814770000000001,9.768780000000001,9.72342,9.678870000000002,9.635489999999999,9.59346,9.553139999999999,9.514890000000001,9.47898,9.445770000000001,9.41544,9.38844,9.36495,9.34524,9.32967,9.31833,9.3114,9.30906,9.31131,9.318240000000001,9.32994,9.34623,9.36702,9.39222,9.421650000000001,9.45504,9.4923,9.53307,9.57708,9.62406,9.67365,9.725760000000001,9.77985,9.83583,9.89325,9.952020000000001,10.01178,10.07235,10.13346,10.194930000000001,10.25667,10.31832,10.379880000000002,10.441080000000001,10.50192,10.56222,10.62189,10.68084,10.73898,10.79622,10.85265,10.908,10.96236,11.01573,11.06793,11.11905,11.169,11.21787,11.26557,11.312100000000001,11.357370000000001,11.40156,11.444490000000002,11.48634,11.52693,11.56635,11.604510000000001,11.64159,11.6775,11.712240000000001,11.74581,11.77821,11.80944,11.83959,11.86857,11.896469999999999,11.9232,11.94885,11.973329999999999,11.996730000000001,12.01905,12.04029,12.06036,12.07935,12.09726,12.114090000000001,12.129840000000002,12.14442,12.15801,12.170430000000001,12.18177,12.192029999999999,12.201120000000001,12.20922,12.21606,12.221910000000001,12.226500000000001,12.23001,12.23244,12.23361,12.23361,12.23253,12.23019,12.226590000000002,12.221820000000001,12.21579,12.20859,12.20004,12.190230000000001,12.17907,12.16656,12.15279,12.13758,12.121020000000001,12.10302,12.08358,12.062700000000001,12.04029,12.01635,11.99088,11.963880000000001,11.93526,11.90493,11.87307,11.8395,11.80413,11.767140000000001,11.728349999999999,11.68785,11.64546,11.60127,11.55528,11.507489999999999,11.45781,11.40624,11.352870000000001,11.297609999999999,11.240639999999999,11.181780000000002,11.12121,11.05893,10.99512,10.92969,10.862729999999999,10.7946,10.72521,10.65483,10.58364,10.51182,10.43964,10.36746,10.29564,10.22436,10.154160000000001,10.08549,10.01871,9.95445,9.89325,9.835560000000001,9.7821,9.73332,9.68994,9.65241,9.621360000000001,9.597240000000001,9.580589999999999,9.57159,9.57069,9.57807,9.593910000000001,9.618030000000001,9.65052,9.69102,9.73953,9.79551,9.858600000000001,9.92835,10.00431,10.08594,10.17279,10.264140000000001,10.359630000000001,10.45872,10.56087,10.66572,10.77273,10.88163,10.99188,11.10339,11.21571,11.328570000000001,11.441699999999999,11.555010000000001,11.668230000000001,11.78127,11.89386,12.00609,12.117600000000001,12.22848,12.33855,12.4479,12.55635,12.66381,12.77046,12.87603,12.9807,13.08438,13.18707,13.28877,13.38948,13.4892,13.58793,13.68576
13.12011,13.00689,12.89448,12.78306,12.6729,12.56418,12.457170000000001,12.35214,12.249360000000001,12.1491,12.051630000000001,11.95722,11.86632,11.7792,11.69613,11.61747,11.54349,11.474549999999999,11.41092,11.352780000000001,11.300490000000002,11.25423,11.214,11.18007,11.15253,11.13129,11.11635,11.107619999999999,11.10501,11.10834,11.11734,11.13174,11.15136,11.17584,11.20473,11.23785,11.274750000000001,11.31498,11.358360000000001,11.40435,11.452679999999999,11.50308,11.555100000000001,11.60856,11.6631,11.71845,11.77434,11.830680000000001,11.8872,11.94363,11.99997,12.055950000000001,12.11148,12.16638,12.22074,12.27429,12.32712,12.379050000000001,12.43008,12.48021,12.52935,12.5775,12.62466,12.67083,12.71601,12.760200000000001,12.803400000000002,12.84552,12.88674,12.92706,12.96639,13.00473,13.04226,13.07889,13.11471,13.14963,13.18383,13.217130000000001,13.2498,13.28166,13.3128,13.343219999999999,13.37301,13.40208,13.43061,13.45842,13.48569,13.51233,13.53843,13.56399,13.588920000000002,13.6134,13.63734,13.66074,13.6836,13.70601,13.72797,13.74948,13.77045,13.79097,13.81104,13.83057,13.84974,13.86846,13.88673,13.90446,13.92183,13.93875,13.95522,13.97124,13.98681,14.001930000000002,14.0166,14.03091,14.04468,14.058,14.07087,14.08329,14.09535,14.10687,14.11785,14.12847,14.13864,14.14827,14.157540000000001,14.166269999999999,14.17446,14.18229,14.18958,14.19642,14.20272,14.20857,14.21397,14.21883,14.22324,14.2272,14.23053,14.2335,14.23593,14.237820000000001,14.239260000000002,14.24016,14.24061,14.240520000000002,14.239980000000001,14.2389,14.23728,14.23521,14.2326,14.229540000000002,14.22594,14.2218,14.21712,14.21199,14.206320000000002,14.2002,14.19354,14.186340000000001,14.1786,14.17041,14.16168,14.1525,14.14269,14.132430000000001,14.12163,14.110380000000001,14.098590000000002,14.086170000000001,14.07339,14.05998,14.04603,14.03163,14.01669,14.00121,13.98528,13.96872,13.95162,13.93407,13.91598,13.89726,13.87809,13.85829,13.838040000000001,13.81725,13.79583,13.77387,13.75137,13.72833,13.704749999999999,13.68054,13.65579,13.63041,13.60449,13.577940000000002,13.55085,13.52313,13.49487,13.46589,13.43637,13.40622,13.37544,13.34403,13.311900000000001,13.27914,13.24575,13.211730000000001,13.17699,13.14153,13.10544,13.06854,13.03101,12.99276,12.953700000000001,12.913920000000001,12.873420000000001,12.83211,12.79008,12.747150000000001,12.7035,12.659040000000001,12.61377,12.5676,12.52071,12.47283,12.424140000000001,12.37464,12.32424,12.27285,12.220650000000001,12.16755,12.11355,12.05865,12.002849999999999,11.946150000000001,11.88846,11.82996,11.77056,11.71026,11.64915,11.58714,11.524320000000001,11.46069,11.39634,11.33127,11.26548,11.199150000000001,11.13219,11.06478,10.99701,10.928880000000001,10.86057,10.79217,10.72377,10.65555,10.5876,10.52028,10.4535,10.38771,10.32291,10.25937,10.197450000000002,10.13733,10.07919,10.0233,9.97002,9.91953,9.8721,9.828,9.787410000000001,9.75069,9.71793,9.68931,9.665009999999999,9.64512,9.62964,9.61875,9.61236,9.610380000000001,9.61272,9.61938,9.630090000000001,9.644670000000001,9.662939999999999,9.68454,9.70938,9.73701,9.76716,9.799650000000002,9.83412,9.8703,9.907829999999999,9.94644,9.985949999999999,10.02609,10.06659,10.10718,10.14777,10.18809,10.22796,10.267199999999999,10.305719999999999,10.34334,10.38006,10.41552,10.449900000000001,10.482930000000001,10.514610000000001,10.54485,10.57356,10.600740000000002,10.6263,10.65024,10.67256,10.69308,10.71189,10.72899,10.744290000000001,10.75788,10.769580000000001,10.77948,10.78758,10.79388,10.798380000000002,10.800989999999999,10.8018,10.80072,10.79784,10.79316,10.78659,10.77831,10.76814,10.756170000000001,10.7424,10.72683,10.70946,10.69038,10.669590000000001,10.647,10.62279,10.596870000000001,10.569420000000001,10.54026,10.50966,10.477440000000001,10.44387,10.40886,10.37259,10.33497,10.296270000000002,10.256580000000001,10.215900000000001,10.17432,10.132109999999999,10.089360000000001,10.04625,10.00287,9.95949,9.91629,9.87354,9.831330000000001,9.79002,9.74988,9.71109,9.67401,9.638819999999999,9.605879999999999,9.57555,9.547920000000001,9.52335,9.50211,9.48447,9.47052,9.46053,9.454590000000001,9.45288,9.455490000000001,9.46233,9.47349,9.48897,9.50859,9.532350000000001,9.55998,9.5913,9.62622,9.664380000000001,9.70569,9.7497,9.79641,9.84528,9.89622,9.94896,10.00323,10.05876,10.11537,10.1727,10.23075,10.28925,10.34793,10.40679,10.46556,10.52406,10.58238,10.64016,10.6974,10.7541,10.810080000000001,10.86525,10.91961,10.97307,11.02563,11.0772,11.127780000000001,11.17737,11.22588,11.27322,11.319569999999999,11.364749999999999,11.408850000000001,11.45178,11.49363,11.53431,11.57391,11.61234,11.649600000000001,11.68578,11.72079,11.75463,11.78739,11.819070000000002,11.84958,11.879010000000001,11.90727,11.93445,11.960550000000001,11.98548,12.00942,12.03219,12.053880000000001,12.07449,12.09402,12.11238,12.12975,12.14604,12.16116,12.1752,12.18825,12.20013,12.210930000000001,12.22056,12.22911,12.23658,12.24288,12.2481,12.25215,12.25512,12.25683,12.257370000000002,12.25683,12.25494,12.25197,12.24774,12.24225,12.2355,12.22749,12.21813,12.207510000000001,12.19554,12.18213,12.16746,12.15126,12.13371,12.11472,12.0942,12.07215,12.04857,12.023460000000002,11.99664,11.96829,11.938229999999999,11.90655,11.87307,11.83779,11.8008,11.76201,11.72133,11.67876,11.6343,11.587950000000001,11.53962,11.48931,11.43702,11.382750000000001,11.326500000000001,11.268270000000001,11.20806,11.14587,11.081700000000001,11.01573,10.947870000000002,10.8783,10.80702,10.7343,10.66005,10.58463,10.508220000000001,10.431000000000001,10.353150000000001,10.275120000000001,10.19718,10.11969,10.043190000000001,9.96804,9.894779999999999,9.82404,9.75636,9.69237,9.6327,9.57807,9.5292,9.48663,9.451080000000001,9.423,9.403020000000001,9.39159,9.38898,9.39546,9.41112,9.436050000000002,9.46998,9.512910000000002,9.564390000000001,9.62406,9.69138,9.7659,9.84699,9.93402,10.026539999999999,10.12383,10.22526,10.33038,10.43856,10.54935,10.6623,10.776959999999999,10.89288,11.00988,11.127419999999999,11.24541,11.363489999999999,11.48148,11.59929,11.71656,11.83329,11.949390000000001,12.064680000000001,12.179160000000001,12.29265,12.405240000000001,12.51675,12.627180000000001,12.73653,12.844800000000001,12.95199,13.058100000000001,13.16304,13.2669,13.36959,13.47129,13.57191,13.67145
13.24089,13.13118,13.02237,12.91464,12.80826,12.70341,12.60027,12.4992,12.40029,12.3039,12.2103,12.119760000000001,12.03255,11.94903,11.86947,11.79405,11.723220000000001,11.65707,11.59596,11.54007,11.48967,11.44485,11.40579,11.372580000000001,11.34531,11.32389,11.30841,11.29869,11.29464,11.29617,11.303099999999999,11.31507,11.3319,11.35323,11.37897,11.40858,11.441790000000001,11.47833,11.51784,11.55996,11.604330000000001,11.65086,11.699010000000001,11.7486,11.79927,11.85093,11.90331,11.95614,12.00924,12.062429999999999,12.11562,12.16863,12.22128,12.273480000000001,12.32523,12.37626,12.42675,12.47643,12.5253,12.57336,12.620610000000001,12.666960000000001,12.71241,12.756960000000001,12.80052,12.84327,12.88503,12.92589,12.96585,13.00491,13.04316,13.08051,13.11696,13.152690000000002,13.18752,13.22163,13.25493,13.287420000000001,13.319280000000001,13.350330000000001,13.38075,13.410540000000001,13.43961,13.46805,13.49586,13.52313,13.54977,13.57587,13.60134,13.62627,13.65075,13.674600000000002,13.698,13.72086,13.74327,13.76523,13.78665,13.80762,13.82805,13.84812,13.867650000000001,13.88682,13.90545,13.923720000000001,13.941450000000001,13.958820000000001,13.975740000000002,13.992210000000002,14.008230000000001,14.023800000000001,14.038920000000001,14.05359,14.0679,14.08167,14.09508,14.108039999999999,14.12046,14.13252,14.14413,14.155289999999999,14.16591,14.17617,14.18589,14.195250000000001,14.20407,14.21244,14.22036,14.22783,14.23485,14.241330000000001,14.247359999999999,14.25294,14.25798,14.26257,14.266710000000002,14.27031,14.273460000000002,14.276159999999999,14.27832,14.27994,14.2812,14.281830000000001,14.2821,14.281740000000001,14.28093,14.279670000000001,14.27787,14.27562,14.27283,14.26959,14.26581,14.26149,14.25672,14.25141,14.24565,14.23935,14.232510000000001,14.22522,14.21739,14.20911,14.20029,14.19093,14.18112,14.170770000000001,14.159880000000001,14.148539999999999,14.136660000000001,14.12424,14.111369999999999,14.09787,14.08401,14.06952,14.05458,14.039010000000001,14.02299,14.00652,13.989419999999999,13.971870000000001,13.953780000000002,13.93506,13.91589,13.896180000000001,13.87593,13.85514,13.833810000000001,13.81194,13.789530000000001,13.76649,13.743,13.71888,13.69422,13.66893,13.64319,13.61673,13.589730000000001,13.562190000000001,13.534020000000002,13.505310000000001,13.47588,13.44591,13.415310000000002,13.38408,13.35222,13.31964,13.286520000000001,13.25268,13.21821,13.18302,13.147200000000002,13.11066,13.07349,13.03551,12.9969,12.95748,12.917340000000001,12.87648,12.8349,12.79251,12.749310000000001,12.705390000000001,12.66066,12.615120000000001,12.56886,12.521700000000001,12.473640000000001,12.42486,12.37518,12.32469,12.273390000000001,12.22119,12.168180000000001,12.114270000000001,12.05946,12.00393,11.9475,11.89017,11.832120000000002,11.77317,11.713500000000002,11.653020000000001,11.59182,11.5299,11.467260000000001,11.40408,11.34027,11.275920000000001,11.21112,11.14587,11.080350000000001,11.01465,10.94886,10.88298,10.81728,10.75176,10.68669,10.622160000000001,10.55835,10.49544,10.4337,10.37322,10.31427,10.25703,10.20186,10.148850000000001,10.09827,10.05039,10.00539,9.96363,9.92511,9.89019,9.85896,9.8316,9.80829,9.78903,9.77391,9.76293,9.75609,9.75339,9.75474,9.76005,9.76914,9.781740000000001,9.79776,9.81702,9.83925,9.864090000000001,9.891359999999999,9.92088,9.95229,9.98523,10.0197,10.05516,10.09152,10.1286,10.16604,10.203660000000001,10.241370000000002,10.2789,10.316070000000002,10.3527,10.3887,10.42398,10.45836,10.491750000000001,10.52397,10.55511,10.5849,10.613430000000001,10.64052,10.66626,10.69038,10.71306,10.73412,10.75356,10.771469999999999,10.78758,10.80207,10.81494,10.82601,10.835370000000001,10.843020000000001,10.84887,10.85301,10.85544,10.85607,10.85499,10.85211,10.84752,10.84122,10.83312,10.823310000000001,10.81179,10.79847,10.78353,10.76688,10.74861,10.72863,10.70703,10.683900000000001,10.65915,10.63287,10.60506,10.575899999999999,10.545300000000001,10.51326,10.48005,10.44567,10.41003,10.3734,10.33587,10.297530000000002,10.258379999999999,10.21869,10.17855,10.13805,10.09746,10.05696,10.01664,9.97677,9.93762,9.899280000000001,9.862110000000001,9.82638,9.79218,9.759870000000001,9.72963,9.70182,9.67671,9.654390000000001,9.63522,9.619290000000001,9.60687,9.59814,9.593100000000002,9.59202,9.59481,9.60165,9.61236,9.62712,9.64575,9.66807,9.694080000000001,9.723510000000001,9.75636,9.79218,9.830969999999999,9.87237,9.91629,9.96237,10.010340000000001,10.06011,10.11141,10.16388,10.21752,10.27197,10.327050000000002,10.382670000000001,10.438649999999999,10.494720000000001,10.550790000000001,10.60686,10.66257,10.71801,10.773000000000001,10.82745,10.88136,10.93446,10.986930000000001,11.0385,11.089260000000001,11.13921,11.188080000000001,11.23614,11.28312,11.32911,11.37402,11.41794,11.46078,11.50254,11.543310000000002,11.58291,11.62143,11.65887,11.69514,11.73042,11.76453,11.79756,11.82951,11.860380000000001,11.89017,11.91879,11.94642,11.97288,11.99826,12.02265,12.04587,12.06801,12.08907,12.10914,12.12804,12.14586,12.1626,12.17835,12.19293,12.20643,12.21885,12.23019,12.24036,12.24954,12.25746,12.26439,12.27015,12.274740000000001,12.27816,12.2805,12.28167,12.28158,12.28032,12.27789,12.2742,12.269250000000001,12.26304,12.25548,12.24675,12.23658,12.225150000000001,12.21237,12.19815,12.18249,12.16539,12.146849999999999,12.12678,12.10518,12.08205,12.0573,12.03093,12.002849999999999,11.97315,11.94174,11.90844,11.87343,11.83662,11.797920000000001,11.75724,11.71467,11.670119999999999,11.62359,11.574900000000001,11.524230000000001,11.471490000000001,11.416590000000001,11.359530000000001,11.30031,11.23902,11.17548,11.10987,11.0421,10.97217,10.90035,10.82646,10.750680000000001,10.6731,10.593990000000002,10.51326,10.431360000000002,10.34829,10.2645,10.18026,10.095839999999999,10.01178,9.92835,9.84627,9.76599,9.68814,9.61335,9.542430000000001,9.47601,9.41499,9.359910000000001,9.31176,9.27108,9.23868,9.215100000000001,9.200790000000001,9.19629,9.20178,9.21744,9.24318,9.279,9.324629999999999,9.379529999999999,9.44334,9.51552,9.59535,9.68211,9.77535,9.87417,9.97794,10.08594,10.19763,10.31238,10.42965,10.54899,10.66977,10.79181,10.914480000000001,11.03769,11.16099,11.28429,11.40723,11.529720000000001,11.651489999999999,11.772540000000001,11.89269,12.01185,12.12993,12.246929999999999,12.36276,12.47742,12.59082,12.70305,12.814020000000001,12.92373,13.03227,13.13946,13.24548,13.350330000000001,13.45392,13.55643,13.657770000000001
13.361310000000001,13.25493,13.14954,13.04532,12.94254,12.84129,12.74184,12.64437,12.549150000000001,12.45645,12.36645,12.27942,12.195720000000001,12.115530000000001,12.03912,11.96676,11.89863,11.835090000000001,11.77632,11.72241,11.673720000000001,11.63025,11.59218,11.5596,11.53251,11.511,11.49498,11.48436,11.47905,11.47896,11.48382,11.49354,11.507850000000001,11.52648,11.54907,11.57553,11.605410000000001,11.63844,11.67444,11.71287,11.75373,11.79648,11.841030000000002,11.886930000000001,11.93418,11.982330000000001,12.03129,12.08079,12.130650000000001,12.18078,12.23091,12.28104,12.330900000000002,12.38049,12.429630000000001,12.47832,12.52647,12.5739,12.6207,12.66678,12.71214,12.756689999999999,12.80043,12.84336,12.885390000000001,12.92661,12.96702,13.00662,13.04532,13.08321,13.120289999999999,13.156559999999999,13.19202,13.22667,13.2606,13.29372,13.326210000000001,13.357890000000001,13.38894,13.41927,13.448970000000001,13.47804,13.50639,13.5342,13.56138,13.58793,13.61394,13.63941,13.664340000000001,13.68873,13.71258,13.73598,13.75884,13.78116,13.803030000000001,13.82436,13.845329999999999,13.86576,13.88574,13.90527,13.92435,13.94307,13.96125,13.97898,13.99626,14.01318,14.02965,14.04567,14.06124,14.07636,14.09112,14.10534,14.119200000000001,14.13261,14.14557,14.15808,14.17014,14.181840000000001,14.193,14.203800000000001,14.21406,14.22396,14.23332,14.24232,14.250779999999999,14.25888,14.26644,14.27355,14.28021,14.28642,14.29209,14.2974,14.30217,14.30649,14.31027,14.31369,14.31657,14.31891,14.32089,14.32224,14.32323,14.323680000000001,14.323680000000001,14.32314,14.32215,14.32071,14.31873,14.31621,14.31324,14.30982,14.305860000000001,14.301449999999999,14.2965,14.2911,14.285160000000001,14.27868,14.27175,14.26437,14.256450000000001,14.24799,14.23908,14.22963,14.21973,14.209290000000001,14.198310000000001,14.18688,14.175,14.16249,14.14953,14.13612,14.12208,14.10759,14.09265,14.07708,14.061060000000001,14.044500000000001,14.02749,14.00994,13.991760000000001,13.973130000000001,13.95405,13.93434,13.914090000000002,13.89339,13.87206,13.850280000000001,13.827960000000001,13.805010000000001,13.78152,13.757489999999999,13.732920000000002,13.70781,13.682160000000001,13.65588,13.62897,13.60161,13.57353,13.54491,13.51575,13.48596,13.45554,13.42449,13.39281,13.36059,13.32765,13.294080000000001,13.25988,13.22496,13.18941,13.153229999999999,13.116330000000001,13.078800000000001,13.04046,13.00149,12.9618,12.92139,12.88017,12.83832,12.79566,12.75228,12.70809,12.66318,12.61746,12.57102,12.52368,12.475620000000001,12.42675,12.37707,12.32658,12.27537,12.22326,12.170340000000001,12.1167,12.06216,12.0069,11.950830000000002,11.89404,11.83653,11.77821,11.71926,11.65968,11.59938,11.538540000000001,11.47707,11.41515,11.352780000000001,11.290049999999999,11.22696,11.16369,11.100240000000001,11.03679,10.97334,10.910160000000001,10.84725,10.784790000000001,10.72296,10.661940000000001,10.60182,10.54287,10.48518,10.42893,10.37448,10.32201,10.27161,10.223550000000001,10.17801,10.13535,10.09557,10.058940000000002,10.02564,9.99585,9.969660000000001,9.94716,9.92844,9.9135,9.90252,9.89541,9.89199,9.89244,9.8964,9.903960000000001,9.914850000000001,9.92889,9.94599,9.96579,9.988109999999999,10.01277,10.0395,10.06803,10.098180000000001,10.12968,10.16226,10.19574,10.22985,10.2645,10.29933,10.33425,10.36917,10.40373,10.43793,10.471589999999999,10.504529999999999,10.53675,10.56807,10.5984,10.62756,10.655640000000002,10.68255,10.70811,10.73232,10.755090000000001,10.77651,10.7964,10.814760000000001,10.83168,10.84698,10.86066,10.872720000000001,10.88316,10.89198,10.899180000000001,10.904670000000001,10.90854,10.91079,10.91124,10.91007,10.90728,10.90278,10.89657,10.88874,10.879290000000001,10.868219999999999,10.85544,10.841040000000001,10.82511,10.80756,10.78839,10.76778,10.74564,10.72197,10.696950000000001,10.67049,10.64259,10.61352,10.5831,10.5516,10.51893,10.48527,10.45062,10.41516,10.37898,10.342170000000001,10.30482,10.26711,10.22922,10.19124,10.15335,10.11573,10.07865,10.04229,10.00674,9.97236,9.93924,9.90774,9.87804,9.85041,9.824940000000002,9.80199,9.781740000000001,9.76437,9.750150000000001,9.73908,9.73143,9.7272,9.726659999999999,9.72972,9.73647,9.746820000000001,9.76095,9.77859,9.79974,9.82422,9.852030000000001,9.8829,9.91665,9.9531,9.99216,10.033470000000001,10.07694,10.12221,10.16919,10.2177,10.267470000000001,10.318230000000002,10.36989,10.42236,10.475280000000001,10.52856,10.58202,10.63566,10.68921,10.74258,10.795770000000001,10.848510000000001,10.90089,10.95264,11.00385,11.05434,11.104199999999999,11.15325,11.2014,11.24874,11.29527,11.34081,11.38536,11.42901,11.47158,11.513250000000001,11.553840000000001,11.593440000000001,11.631960000000001,11.6694,11.705850000000002,11.74122,11.77551,11.808810000000001,11.841030000000002,11.87217,11.902230000000001,11.93121,11.95911,11.98602,12.011759999999999,12.036510000000002,12.06018,12.08277,12.10428,12.1248,12.14415,12.16251,12.179789999999999,12.19599,12.21102,12.22506,12.23802,12.2499,12.26061,12.27033,12.278880000000001,12.28626,12.29256,12.29778,12.30174,12.30462,12.30633,12.30687,12.30615,12.304260000000001,12.30111,12.29679,12.291120000000001,12.28419,12.276000000000002,12.26646,12.25548,12.24324,12.229560000000001,12.21453,12.19797,12.17988,12.16035,12.139289999999999,12.11661,12.0924,12.06648,12.03885,12.00951,11.97846,11.94561,11.910960000000001,11.87433,11.8359,11.7954,11.75301,11.70846,11.661930000000002,11.613240000000001,11.562389999999999,11.50929,11.45403,11.39652,11.33667,11.27448,11.210040000000001,11.14317,11.074050000000002,11.0025,10.928700000000001,10.85265,10.77435,10.69389,10.61145,10.52703,10.440900000000001,10.353240000000001,10.264140000000001,10.174050000000001,10.08315,9.99189,9.90063,9.80991,9.720270000000001,9.632340000000001,9.54684,9.464310000000001,9.38574,9.311850000000002,9.24363,9.1818,9.127260000000001,9.080910000000001,9.043560000000001,9.015929999999999,8.998541999999999,8.9919,8.996328,9.01197,9.03888,9.07677,9.12546,9.18441,9.25299,9.33057,9.41643,9.50967,9.60966,9.7155,9.82647,9.94176,10.06065,10.18251,10.3068,10.43289,10.56033,10.68876,10.81764,10.9467,11.07567,11.204369999999999,11.33244,11.45979,11.58624,11.7117,11.83599,11.959200000000001,12.08106,12.20157,12.32082,12.43863,12.555090000000002,12.6702,12.78387,12.8961,13.007069999999999,13.1166,13.22478,13.331700000000001,13.437270000000002,13.54167,13.64472
13.481190000000002,13.37796,13.2759,13.1751,13.07565,12.977820000000001,12.88179,12.787740000000001,12.69594,12.606660000000002,12.51999,12.43629,12.35574,12.278609999999999,12.205169999999999,12.13551,12.070079999999999,12.00879,11.95209,11.900070000000001,11.85291,11.810699999999999,11.77353,11.741489999999999,11.71458,11.69289,11.67633,11.664900000000001,11.65842,11.6568,11.65995,11.6676,11.67948,11.695590000000001,11.71539,11.73888,11.7657,11.79558,11.82816,11.86335,11.9007,11.94012,11.981160000000001,12.02373,12.06756,12.11247,12.158190000000001,12.204540000000001,12.25134,12.298499999999999,12.345749999999999,12.393089999999999,12.44025,12.48732,12.534030000000001,12.58029,12.62619,12.67146,12.716280000000001,12.760380000000001,12.80385,12.846599999999999,12.888630000000001,12.92994,12.97053,13.01031,13.04928,13.087530000000001,13.12497,13.16169,13.1976,13.23279,13.26726,13.300920000000001,13.333860000000001,13.36617,13.39776,13.42863,13.458870000000001,13.48839,13.51737,13.545630000000001,13.57335,13.600439999999999,13.62699,13.65291,13.67829,13.70313,13.72752,13.75128,13.77459,13.79736,13.81968,13.841460000000001,13.86279,13.88367,13.9041,13.92408,13.943520000000001,13.9626,13.98114,13.99932,14.017050000000001,14.03433,14.051250000000001,14.06763,14.08365,14.09922,14.11434,14.129010000000001,14.143320000000001,14.15718,14.17059,14.18355,14.196150000000001,14.208300000000001,14.22,14.231250000000001,14.24205,14.2524,14.26239,14.27184,14.28093,14.289480000000001,14.29767,14.30532,14.312610000000001,14.31936,14.325750000000001,14.3316,14.337,14.341949999999999,14.34645,14.3505,14.3541,14.35716,14.35977,14.361930000000001,14.36355,14.36481,14.365530000000001,14.36571,14.365530000000001,14.36481,14.36355,14.361839999999999,14.359679999999999,14.35707,14.35392,14.350320000000002,14.34618,14.34159,14.336459999999999,14.33088,14.32485,14.31828,14.31126,14.303700000000001,14.2956,14.287139999999999,14.27805,14.2686,14.25852,14.248080000000002,14.23701,14.22549,14.21352,14.20101,14.18805,14.17446,14.16051,14.145930000000002,14.13099,14.11542,14.099400000000001,14.082840000000001,14.06574,14.04819,14.030100000000001,14.011560000000001,13.99239,13.97277,13.95261,13.93191,13.910670000000001,13.88889,13.86657,13.8438,13.8204,13.79646,13.77198,13.74696,13.721400000000001,13.695300000000001,13.66857,13.641300000000001,13.6134,13.58496,13.55589,13.52628,13.496129999999999,13.465259999999999,13.433850000000001,13.401810000000001,13.36914,13.335840000000001,13.30191,13.26726,13.23207,13.19616,13.15962,13.12245,13.08447,13.04595,13.00662,12.966660000000001,12.92598,12.88458,12.842459999999999,12.79962,12.756060000000002,12.71169,12.6666,12.62079,12.574259999999999,12.526919999999999,12.478769999999999,12.42999,12.380310000000001,12.33,12.27879,12.22695,12.174299999999999,12.120930000000001,12.066840000000001,12.012030000000001,11.9565,11.90025,11.84337,11.78586,11.727810000000002,11.669130000000001,11.609910000000001,11.55024,11.490120000000001,11.429640000000001,11.36889,11.30787,11.24676,11.18547,11.124270000000001,11.06325,11.00241,10.941930000000001,10.881990000000002,10.82277,10.76427,10.706760000000001,10.65033,10.595250000000002,10.54161,10.48977,10.43964,10.391670000000001,10.34595,10.30266,10.261980000000001,10.22409,10.18917,10.15731,10.12878,10.103580000000001,10.0818,10.06362,10.04895,10.03788,10.03041,10.02645,10.026000000000002,10.028880000000001,10.035,10.04427,10.05651,10.07154,10.08918,10.10925,10.13139,10.155600000000002,10.181519999999999,10.208969999999999,10.23777,10.26765,10.29843,10.329930000000001,10.36188,10.3941,10.4265,10.458810000000001,10.49103,10.52289,10.554300000000001,10.585080000000001,10.61523,10.64448,10.672920000000001,10.700370000000001,10.72674,10.75203,10.77606,10.79883,10.820340000000002,10.8405,10.859309999999999,10.87668,10.892520000000001,10.90701,10.919880000000001,10.93131,10.941120000000002,10.9494,10.956150000000001,10.96128,10.964879999999999,10.96686,10.967220000000001,10.96596,10.96317,10.95876,10.952820000000001,10.945260000000001,10.93608,10.925370000000001,10.91313,10.899270000000001,10.88397,10.867140000000001,10.84887,10.829160000000002,10.807920000000001,10.78542,10.76148,10.73628,10.70982,10.6821,10.6533,10.623420000000001,10.592459999999999,10.5606,10.52784,10.49436,10.46025,10.4256,10.3905,10.355129999999999,10.31958,10.284030000000001,10.24866,10.21365,10.17909,10.145340000000001,10.112400000000001,10.08054,10.049940000000001,10.02096,9.993599999999999,9.968219999999999,9.945,9.92403,9.90567,9.89001,9.87714,9.867329999999999,9.86067,9.85725,9.85716,9.86049,9.86715,9.87723,9.89064,9.90747,9.92754,9.95067,9.97695,10.006020000000001,10.03788,10.07226,10.109070000000001,10.148040000000002,10.189079999999999,10.23192,10.276380000000001,10.322280000000001,10.36935,10.41759,10.46664,10.5165,10.5669,10.61766,10.66878,10.71999,10.7712,10.822320000000001,10.87326,10.92393,10.97424,11.02401,11.07333,11.12202,11.16999,11.21733,11.26395,11.30976,11.35467,11.39877,11.441970000000001,11.48427,11.52567,11.566080000000001,11.6055,11.64393,11.68146,11.71791,11.75337,11.78775,11.821140000000002,11.85354,11.88486,11.91519,11.94444,11.972700000000001,11.99988,12.026069999999999,12.05109,12.07521,12.09816,12.12012,12.141,12.16089,12.1797,12.19743,12.21408,12.22965,12.24423,12.25764,12.27006,12.28131,12.29148,12.300569999999999,12.30858,12.31542,12.321180000000002,12.32577,12.32919,12.331439999999999,12.33252,12.33243,12.33108,12.32856,12.32478,12.31974,12.31344,12.30579,12.29688,12.28653,12.27483,12.26178,12.247290000000001,12.23136,12.2139,12.19491,12.17439,12.152339999999999,12.128580000000001,12.103200000000001,12.07611,12.04731,12.016710000000002,11.984309999999999,11.95011,11.91393,11.87577,11.83572,11.79351,11.74932,11.70288,11.65428,11.60352,11.55042,11.49498,11.4372,11.37699,11.31426,11.2491,11.181420000000001,11.111220000000001,11.0385,10.96317,10.88541,10.80504,10.722240000000001,10.63701,10.54944,10.459620000000001,10.36782,10.27404,10.17864,10.08189,9.98397,9.88542,9.7866,9.68805,9.59031,9.4941,9.40014,9.30915,9.22221,9.14004,9.06372,8.994303,8.932743,8.880057,8.837163,8.804898,8.783991,8.774982000000001,8.778267,8.794008,8.822205,8.862633,8.914887,8.978391,9.05247,9.13626,9.22887,9.32949,9.43704,9.55071,9.6696,9.792810000000001,9.91953,10.049220000000002,10.180980000000002,10.31445,10.44891,10.58409,10.71954,10.85481,10.98972,11.124,11.25747,11.38986,11.52117,11.65113,11.77974,11.906910000000002,12.03264,12.15684,12.27942,12.40056,12.52008,12.637979999999999,12.75435,12.869280000000002,12.98259,13.09446,13.20489,13.313880000000001,13.421429999999999,13.52763,13.63248
13.600439999999999,13.50036,13.40136,13.30371,13.207500000000001,13.112910000000001,13.02012,12.929310000000001,12.84075,12.75462,12.671100000000001,12.59046,12.512880000000001,12.438540000000001,12.3678,12.30066,12.237570000000002,12.17844,12.12363,12.07332,12.02751,11.986379999999999,11.95002,11.918429999999999,11.8917,11.86992,11.85291,11.84067,11.83311,11.83014,11.83158,11.837250000000001,11.847059999999999,11.86074,11.878110000000001,11.898810000000001,11.92275,11.94966,11.97918,12.011220000000002,12.045420000000002,12.0816,12.11949,12.15891,12.19959,12.24135,12.28401,12.327390000000001,12.37122,12.4155,12.46005,12.50469,12.54933,12.59388,12.638160000000001,12.682170000000001,12.725819999999999,12.769110000000001,12.811860000000001,12.85407,12.89565,12.93669,12.9771,13.01679,13.055850000000001,13.09419,13.13181,13.16871,13.20498,13.240440000000001,13.275269999999999,13.30929,13.342680000000001,13.37544,13.40739,13.4388,13.46949,13.49946,13.52889,13.557690000000001,13.58586,13.6134,13.640400000000001,13.66686,13.69269,13.71798,13.74273,13.76703,13.790700000000001,13.813920000000001,13.83669,13.85892,13.88061,13.90194,13.92273,13.94307,13.96296,13.9824,14.00139,14.01993,14.03802,14.05575,14.07294,14.089770000000001,14.106150000000001,14.12217,14.13774,14.15286,14.16753,14.181840000000001,14.1957,14.20911,14.22207,14.23467,14.246820000000001,14.25852,14.26986,14.28075,14.29119,14.30118,14.31072,14.3199,14.32854,14.336820000000001,14.34465,14.352030000000001,14.35896,14.365440000000001,14.37147,14.37696,14.38209,14.38677,14.391,14.39469,14.39802,14.400810000000002,14.40315,14.405040000000001,14.406480000000002,14.407469999999998,14.40792,14.40792,14.407469999999998,14.40657,14.405130000000002,14.403239999999998,14.400900000000002,14.398109999999999,14.394779999999999,14.391,14.38668,14.381910000000001,14.37669,14.370930000000001,14.36472,14.35806,14.350859999999999,14.34321,14.33511,14.32647,14.31729,14.30775,14.29758,14.287049999999999,14.27598,14.26437,14.252310000000001,14.239799999999999,14.226659999999999,14.21316,14.19912,14.18454,14.16951,14.154029999999999,14.137920000000001,14.121360000000001,14.10435,14.0868,14.06871,14.05017,14.031,14.011470000000001,13.99131,13.9707,13.94946,13.92777,13.90563,13.88286,13.85955,13.8357,13.8114,13.786470000000001,13.761,13.734990000000002,13.708440000000001,13.68126,13.653540000000001,13.62528,13.596480000000001,13.56705,13.536990000000001,13.50639,13.47516,13.443389999999999,13.41099,13.37796,13.3443,13.31001,13.27509,13.23954,13.203360000000002,13.16646,13.12893,13.09077,13.05189,13.01238,12.972150000000001,12.93129,12.88971,12.84741,12.80439,12.76065,12.71619,12.671100000000001,12.625200000000001,12.57858,12.53133,12.483270000000001,12.43449,12.38508,12.334859999999999,12.28392,12.23235,12.180060000000001,12.12714,12.0735,12.01923,11.96433,11.9088,11.852820000000001,11.79621,11.73906,11.68155,11.6235,11.56518,11.506590000000001,11.44773,11.3886,11.32947,11.270340000000001,11.211300000000001,11.15253,11.09394,11.0358,10.978290000000001,10.92132,10.86525,10.810170000000001,10.75626,10.70352,10.65231,10.602810000000002,10.55502,10.50921,10.46556,10.42425,10.38546,10.34928,10.31589,10.28538,10.25802,10.23372,10.212660000000001,10.194840000000001,10.18044,10.16928,10.16145,10.15695,10.15569,10.15749,10.16244,10.17018,10.1808,10.19394,10.2096,10.227509999999999,10.24749,10.269359999999999,10.292850000000001,10.31787,10.344149999999999,10.371509999999999,10.39977,10.42866,10.45818,10.48797,10.517940000000001,10.547910000000002,10.57788,10.60749,10.63674,10.66545,10.693620000000001,10.72098,10.747620000000001,10.77336,10.79811,10.82178,10.844370000000001,10.86588,10.886130000000001,10.90503,10.92276,10.93905,10.954080000000001,10.96767,10.97982,10.990530000000001,10.9998,11.00754,11.01384,11.01861,11.021849999999999,11.02365,11.02392,11.02266,11.019870000000001,11.01555,11.0097,11.00241,10.99359,10.98324,10.97145,10.95822,10.94355,10.92744,10.90989,10.89108,10.87083,10.84932,10.826550000000001,10.802610000000001,10.77741,10.75113,10.72377,10.69542,10.666080000000001,10.63602,10.60506,10.57347,10.54134,10.508759999999999,10.47573,10.44252,10.40922,10.37601,10.34298,10.31031,10.278179999999999,10.246770000000001,10.21626,10.18674,10.158570000000001,10.13175,10.10664,10.08333,10.06209,10.043009999999999,10.02636,10.012139999999999,10.00071,9.99198,9.986220000000001,9.98352,9.98379,9.9873,9.99396,10.00368,10.01664,10.03266,10.05174,10.0737,10.09845,10.12599,10.15605,10.188540000000001,10.22337,10.26018,10.29897,10.33947,10.381590000000001,10.42506,10.469790000000001,10.515509999999999,10.56213,10.60956,10.65753,10.70604,10.75473,10.80369,10.85274,10.9017,10.950569999999999,10.99917,11.047410000000001,11.09538,11.14281,11.1897,11.23605,11.28168,11.326680000000001,11.37096,11.414430000000001,11.45709,11.49903,11.53998,11.580119999999999,11.61927,11.65761,11.69496,11.73132,11.766779999999999,11.801250000000001,11.83473,11.867220000000001,11.89872,11.92923,11.95866,11.98719,12.01464,12.0411,12.06648,12.09087,12.114270000000001,12.13659,12.15792,12.17817,12.19743,12.215610000000002,12.23271,12.24882,12.26385,12.2778,12.29067,12.30246,12.313170000000001,12.3228,12.33135,12.33873,12.34503,12.35016,12.35421,12.357000000000001,12.35871,12.359160000000001,12.35844,12.35655,12.35331,12.3489,12.34323,12.33621,12.32784,12.31821,12.30714,12.29463,12.28077,12.26547,12.24864,12.23028,12.21039,12.188970000000001,12.16584,12.14109,12.11463,12.08637,12.056400000000002,12.02454,11.99079,11.95515,11.91753,11.87793,11.836170000000001,11.792340000000001,11.74626,11.69793,11.64735,11.594430000000001,11.53908,11.4813,11.421,11.35809,11.29257,11.224350000000001,11.15352,11.0799,11.003580000000001,10.92438,10.84248,10.75779,10.67031,10.580129999999999,10.48734,10.39194,10.2942,10.19421,10.09224,9.988380000000001,9.88317,9.77688,9.669960000000001,9.56295,9.456570000000001,9.35136,9.24822,9.147960000000001,9.05166,8.960364,8.875152000000002,8.797203000000001,8.727705,8.667819,8.618642999999999,8.581176,8.556282000000001,8.544618000000002,8.546643000000001,8.562555,8.592336000000001,8.635698,8.692137,8.760951,8.841285000000001,8.932167000000002,9.03249,9.141300000000001,9.2574,9.379800000000001,9.507420000000002,9.63927,9.77463,9.9126,10.05255,10.19385,10.33587,10.478250000000001,10.62054,10.76238,10.903500000000001,11.04363,11.182590000000001,11.3202,11.45646,11.591099999999999,11.72412,11.85543,11.985030000000002,12.11283,12.23892,12.3633,12.485880000000002,12.60675,12.72591,12.84336,12.9591,13.073310000000001,13.1859,13.29687,13.406400000000001,13.51449,13.62105
13.719059999999999,13.62195,13.525920000000001,13.43124,13.338000000000001,13.24647,13.156740000000001,13.068990000000001,12.9834,12.90024,12.81969,12.74184,12.666960000000001,12.59532,12.52701,12.462299999999999,12.40128,12.34413,12.291120000000001,12.24225,12.197700000000001,12.15756,12.12192,12.09078,12.06423,12.04227,12.02481,12.01185,12.0033,11.99907,11.998980000000001,12.00294,12.01077,12.022200000000002,12.037230000000001,12.05541,12.07674,12.100859999999999,12.12759,12.15666,12.18789,12.221100000000002,12.256020000000001,12.292380000000001,12.33009,12.36888,12.40866,12.449160000000001,12.49029,12.531870000000001,12.573720000000002,12.61584,12.65796,12.70008,12.74211,12.78396,12.82545,12.866670000000001,12.90744,12.94776,12.98763,13.02687,13.065660000000001,13.10373,13.14135,13.17825,13.21452,13.250070000000001,13.28508,13.319370000000001,13.35303,13.38606,13.41837,13.45005,13.4811,13.51152,13.54131,13.57056,13.59909,13.62708,13.65453,13.68135,13.70763,13.73337,13.75857,13.78323,13.80735,13.83093,13.85406,13.87665,13.89879,13.92048,13.94163,13.96242,13.98267,14.002469999999999,14.02182,14.04081,14.05926,14.077350000000001,14.09499,14.11218,14.12892,14.1453,14.16123,14.1768,14.191830000000001,14.2065,14.22081,14.23467,14.248080000000002,14.261130000000001,14.27373,14.28588,14.29758,14.30892,14.3199,14.33034,14.34042,14.35005,14.35923,14.36805,14.376420000000001,14.38425,14.391720000000001,14.39883,14.4054,14.41152,14.417280000000002,14.4225,14.42736,14.43168,14.435640000000001,14.43906,14.442120000000001,14.444640000000001,14.4468,14.448419999999999,14.44959,14.450310000000002,14.45058,14.450310000000002,14.449679999999999,14.448509999999999,14.44689,14.444820000000002,14.442300000000001,14.439240000000002,14.43582,14.43186,14.42736,14.4225,14.4171,14.411249999999999,14.404860000000001,14.398109999999999,14.390820000000001,14.38299,14.37471,14.36598,14.3568,14.34708,14.33691,14.32629,14.31513,14.30343,14.29137,14.27877,14.26563,14.25204,14.238000000000001,14.22342,14.208390000000001,14.192820000000001,14.17671,14.16024,14.14314,14.12559,14.10759,14.08905,14.06997,14.05035,14.03028,14.00976,13.98861,13.96701,13.944870000000002,13.922189999999999,13.89897,13.8753,13.851,13.826250000000002,13.800870000000002,13.77504,13.74858,13.72158,13.694040000000001,13.66596,13.63734,13.60809,13.5783,13.547880000000001,13.51692,13.485330000000001,13.4532,13.420440000000001,13.38705,13.35303,13.31847,13.28328,13.24737,13.210920000000002,13.17384,13.13604,13.09761,13.05855,13.01877,12.97836,12.937320000000001,12.89556,12.85317,12.81006,12.76623,12.721770000000001,12.676590000000001,12.63078,12.58425,12.537,12.48912,12.440520000000001,12.391290000000001,12.34134,12.290849999999999,12.239640000000001,12.1878,12.135330000000002,12.08232,12.02868,11.97459,11.919870000000001,11.86479,11.80917,11.753190000000002,11.69685,11.64024,11.58336,11.5263,11.469149999999999,11.412,11.35485,11.297880000000001,11.24118,11.184750000000001,11.12886,11.07351,11.018790000000001,10.965060000000001,10.912230000000001,10.86048,10.810080000000001,10.76112,10.71369,10.66806,10.62432,10.58256,10.543140000000001,10.50597,10.47132,10.43937,10.410120000000001,10.38375,10.36026,10.33983,10.322460000000001,10.30815,10.296990000000001,10.28889,10.283850000000001,10.281780000000001,10.282680000000001,10.28646,10.292850000000001,10.30194,10.313460000000001,10.32723,10.343160000000001,10.36107,10.38078,10.40211,10.42479,10.448730000000001,10.473749999999999,10.49967,10.52622,10.553400000000002,10.580850000000002,10.60857,10.636379999999999,10.664100000000001,10.69164,10.718910000000001,10.74564,10.77192,10.79748,10.822410000000001,10.846440000000001,10.869660000000001,10.89189,10.91313,10.93329,10.95228,10.9701,10.98675,11.00205,11.01618,11.028870000000001,11.0403,11.05038,11.05902,11.06631,11.07216,11.07666,11.079630000000002,11.08116,11.08134,11.07999,11.0772,11.07297,11.067300000000001,11.06019,11.051730000000001,11.041830000000001,11.03049,11.017800000000001,11.00367,10.98828,10.971540000000001,10.95354,10.934280000000001,10.91376,10.89207,10.8693,10.84536,10.820340000000002,10.79442,10.7676,10.73988,10.711350000000001,10.68219,10.6524,10.622160000000001,10.591470000000001,10.56051,10.52937,10.498140000000001,10.46709,10.43622,10.4058,10.37592,10.34667,10.31832,10.29105,10.26504,10.24038,10.21725,10.19592,10.17648,10.15911,10.1439,10.131120000000001,10.12086,10.11321,10.108260000000001,10.106190000000002,10.106910000000001,10.11051,10.11708,10.126619999999999,10.13904,10.154340000000001,10.17252,10.1934,10.216890000000001,10.2429,10.271429999999999,10.30212,10.33506,10.36989,10.40661,10.44495,10.484910000000001,10.52613,10.568610000000001,10.61208,10.656450000000001,10.70154,10.74726,10.793520000000001,10.84005,10.88685,10.93374,10.98063,11.02752,11.074140000000002,11.12049,11.16657,11.21229,11.25747,11.30211,11.34621,11.38959,11.43234,11.47446,11.51577,11.55627,11.59596,11.63484,11.672910000000002,11.710080000000001,11.746350000000001,11.78163,11.8161,11.84958,11.882069999999999,11.91366,11.94435,11.97396,12.00267,12.0303,12.05703,12.08277,12.10743,12.1311,12.153780000000001,12.17547,12.19617,12.21579,12.23433,12.25197,12.26844,12.28392,12.29841,12.31173,12.324060000000001,12.33531,12.34548,12.35448,12.362490000000001,12.369330000000001,12.375,12.37959,12.38301,12.38526,12.38634,12.38625,12.3849,12.382380000000001,12.37851,12.373470000000001,12.36708,12.35943,12.350340000000001,12.33999,12.3282,12.314969999999999,12.3003,12.284099999999999,12.26646,12.247290000000001,12.22641,12.204,12.17988,12.15414,12.1266,12.09717,12.066030000000001,12.03291,11.9979,11.96091,11.92185,11.88063,11.83734,11.7918,11.74401,11.69379,11.64123,11.58615,11.528550000000001,11.46843,11.405610000000001,11.34,11.271690000000001,11.2005,11.12634,11.04939,10.96929,10.88631,10.80018,10.711079999999999,10.618920000000001,10.5237,10.425510000000001,10.324440000000001,10.22058,10.11411,10.00521,9.89406,9.78111,9.666630000000001,9.55107,9.43506,9.31923,9.2043,9.09117,8.980839,8.874315000000001,8.772822,8.677647,8.590131,8.511669,8.443620000000001,8.387298,8.343900000000001,8.314461,8.299791,8.30043,8.31663,8.348319,8.395146,8.45649,8.531469,8.619048,8.718039,8.827191000000001,8.945208000000001,9.070829999999999,9.202860000000001,9.340110000000001,9.48159,9.62622,9.77328,9.92196,10.07163,10.22166,10.371599999999999,10.52109,10.66977,10.81728,10.96353,11.10816,11.25117,11.392470000000001,11.531880000000001,11.66931,11.80485,11.938410000000001,12.0699,12.1995,12.32712,12.45276,12.576600000000001,12.69846,12.81843,12.93669,13.05315,13.167900000000001,13.280940000000001,13.39245,13.50234,13.61061
13.83696,13.742640000000002,13.6494,13.5576,13.46724,13.37859,13.29165,13.20678,13.12407,13.043610000000001,12.96576,12.89061,12.81834,12.749039999999999,12.68307,12.62052,12.561480000000001,12.50613,12.45465,12.40722,12.363750000000001,12.3246,12.289589999999999,12.25881,12.23244,12.2103,12.192390000000001,12.1788,12.16926,12.16386,12.162420000000001,12.164760000000001,12.1707,12.180150000000001,12.19293,12.208860000000001,12.22767,12.249270000000001,12.2733,12.29967,12.3282,12.35853,12.39066,12.424230000000001,12.459060000000001,12.49515,12.53214,12.56994,12.60837,12.64734,12.68676,12.72636,12.76614,12.80592,12.8457,12.885390000000001,12.924900000000001,12.96405,13.00293,13.041450000000001,13.07952,13.117140000000001,13.15422,13.19085,13.22694,13.262400000000001,13.297320000000001,13.331610000000001,13.36536,13.398480000000001,13.43097,13.46292,13.494240000000001,13.52493,13.55499,13.58451,13.6134,13.64175,13.66947,13.69674,13.72338,13.749390000000002,13.77495,13.79997,13.82454,13.84848,13.87197,13.895010000000001,13.91751,13.93947,13.96107,13.98213,14.00283,14.02299,14.0427,14.06196,14.080860000000001,14.09922,14.117220000000001,14.13486,14.151959999999999,14.168700000000001,14.18499,14.20092,14.2164,14.23143,14.2461,14.26032,14.274180000000001,14.28759,14.30055,14.31315,14.32539,14.33718,14.34852,14.35941,14.36994,14.38011,14.38974,14.39901,14.40792,14.41629,14.4243,14.43186,14.43897,14.44572,14.452020000000001,14.45787,14.46327,14.46822,14.47272,14.47677,14.48046,14.48361,14.4864,14.488650000000002,14.490540000000001,14.49189,14.492880000000001,14.49333,14.49333,14.492970000000001,14.49207,14.49072,14.48892,14.48658,14.48388,14.480730000000001,14.47704,14.4729,14.46831,14.46327,14.45769,14.45175,14.44527,14.43825,14.430870000000002,14.422950000000002,14.414670000000001,14.405759999999999,14.39649,14.38668,14.376420000000001,14.36571,14.354460000000001,14.34276,14.33061,14.317919999999999,14.30478,14.29119,14.27706,14.262480000000002,14.24745,14.23188,14.21577,14.199209999999999,14.1822,14.16465,14.146650000000001,14.128110000000001,14.10912,14.08959,14.069609999999999,14.049,14.028030000000001,14.00643,13.98438,13.96179,13.93875,13.91508,13.89096,13.8663,13.841099999999999,13.81536,13.78908,13.76226,13.7349,13.70691,13.67847,13.6494,13.61988,13.589640000000001,13.558950000000001,13.52763,13.49577,13.46328,13.43016,13.3965,13.36221,13.32738,13.291830000000001,13.255740000000001,13.21902,13.18167,13.143690000000001,13.10508,13.06584,13.025970000000001,12.985380000000001,12.94416,12.90231,12.85983,12.81672,12.77289,12.72843,12.68334,12.63753,12.59118,12.544110000000002,12.496410000000001,12.448080000000001,12.39912,12.34962,12.29949,12.24873,12.19743,12.14568,12.0933,12.04047,11.98719,11.93346,11.87937,11.82492,11.770199999999999,11.71521,11.66004,11.60478,11.549430000000001,11.49408,11.43891,11.38392,11.32911,11.27484,11.220930000000001,11.16774,11.115179999999999,11.06352,11.01276,10.96326,10.914930000000002,10.86795,10.82259,10.77885,10.737,10.697040000000001,10.65924,10.62369,10.590480000000001,10.559790000000001,10.53162,10.50624,10.48347,10.46358,10.446570000000001,10.43244,10.421190000000001,10.412820000000002,10.40724,10.40454,10.40454,10.40724,10.41246,10.42011,10.430100000000001,10.44216,10.45638,10.47231,10.49004,10.5093,10.52991,10.55169,10.57455,10.598220000000001,10.62261,10.647540000000001,10.672920000000001,10.69848,10.72422,10.74987,10.77543,10.80072,10.82565,10.85013,10.873980000000001,10.897200000000002,10.919699999999999,10.94139,10.96227,10.98207,11.00097,11.018790000000001,11.03553,11.0511,11.06559,11.07873,11.0907,11.10141,11.11086,11.11896,11.12571,11.1312,11.135250000000001,11.13804,11.13939,11.13939,11.13795,11.135250000000001,11.131110000000001,11.125620000000001,11.11869,11.1105,11.10096,11.09007,11.07792,11.06442,11.04975,11.03373,11.01654,10.99818,10.97865,10.95795,10.93626,10.913580000000001,10.88982,10.86525,10.83987,10.813590000000001,10.78668,10.75914,10.731060000000001,10.70262,10.67373,10.644660000000002,10.6155,10.58625,10.55727,10.52847,10.50003,10.47222,10.44513,10.418849999999999,10.39356,10.36953,10.34676,10.32552,10.305990000000001,10.288170000000001,10.27233,10.258650000000001,10.24713,10.237950000000001,10.231200000000001,10.22706,10.225439999999999,10.22661,10.230390000000002,10.23687,10.24614,10.2582,10.272870000000001,10.29015,10.30995,10.33227,10.35702,10.384020000000001,10.41318,10.44432,10.477350000000001,10.512179999999999,10.54854,10.586340000000002,10.625580000000001,10.6659,10.70721,10.74942,10.792440000000001,10.836,10.8801,10.924650000000002,10.969380000000001,11.0142,11.0592,11.10411,11.148840000000002,11.193389999999999,11.23776,11.28168,11.32515,11.36817,11.41074,11.452679999999999,11.49399,11.53467,11.574629999999999,11.61378,11.6523,11.689919999999999,11.72682,11.762820000000001,11.79801,11.8323,11.86578,11.89827,11.92986,11.960550000000001,11.99034,12.01914,12.04695,12.07386,12.09978,12.1248,12.14874,12.17178,12.19374,12.2148,12.23478,12.25377,12.271770000000002,12.28869,12.30462,12.31947,12.33333,12.346110000000001,12.3579,12.36852,12.378150000000002,12.386610000000001,12.39399,12.40029,12.40542,12.40947,12.41226,12.41397,12.41442,12.41379,12.411810000000001,12.40866,12.404250000000001,12.39849,12.39147,12.3831,12.373380000000001,12.362219999999999,12.34971,12.33576,12.32028,12.303360000000001,12.284820000000002,12.26475,12.243060000000002,12.219660000000001,12.19464,12.16782,12.1392,12.108690000000001,12.07638,12.04209,12.005730000000002,11.96739,11.92689,11.88423,11.83932,11.79207,11.74248,11.69046,11.63592,11.57877,11.51901,11.45646,11.39112,11.3229,11.25171,11.17755,11.100240000000001,11.019779999999999,10.93608,10.84914,10.75887,10.665270000000001,10.56825,10.46799,10.36431,10.257390000000001,10.14723,10.03401,9.918,9.7992,9.67815,9.55503,9.43038,9.304829999999999,9.17892,9.05355,8.929548,8.808038999999999,8.69022,8.577423,8.471106,8.372826000000002,8.284194000000001,8.206848,8.142345,8.092143,8.057502000000001,8.039403,8.038512,8.055108,8.08911,8.140068000000001,8.207172,8.289342000000001,8.3853,8.493597,8.612739000000001,8.741205,8.87751,9.02025,9.16821,9.32004,9.47484,9.63171,9.78975,9.94824,10.106729999999999,10.26468,10.42173,10.577430000000001,10.7316,10.884060000000002,11.03463,11.18313,11.32956,11.47374,11.61576,11.75553,11.893049999999999,12.02832,12.161340000000001,12.29229,12.42099,12.54771,12.67227,12.79485,12.91545,13.03425,13.151069999999999,13.26618,13.379579999999999,13.49127,13.60125
13.95414,13.86234,13.771889999999999,13.682789999999999,13.595130000000001,13.509179999999999,13.424940000000001,13.34277,13.26267,13.18482,13.109490000000001,13.03677,12.966840000000001,12.89988,12.835980000000001,12.77541,12.71817,12.664530000000001,12.61449,12.56832,12.52593,12.4875,12.45312,12.4227,12.396419999999999,12.3741,12.35592,12.34161,12.33126,12.32478,12.321990000000001,12.3228,12.32712,12.33468,12.34548,12.35925,12.37572,12.39489,12.41649,12.440339999999999,12.46626,12.493979999999999,12.52341,12.554369999999999,12.58659,12.61998,12.65436,12.68964,12.72555,12.76209,12.79899,12.83625,12.87378,12.9114,12.94902,12.986550000000001,13.02408,13.061340000000001,13.098329999999999,13.13505,13.17141,13.20732,13.24287,13.27797,13.31253,13.346639999999999,13.38021,13.413240000000002,13.445730000000001,13.47768,13.50909,13.53987,13.5702,13.599900000000002,13.62897,13.65759,13.685580000000002,13.713030000000002,13.74003,13.766399999999999,13.79223,13.81761,13.84245,13.866750000000001,13.8906,13.91391,13.936770000000001,13.95909,13.98105,14.002469999999999,14.02344,14.04396,14.06403,14.08365,14.102820000000001,14.12154,14.1399,14.15781,14.17527,14.19237,14.20902,14.22531,14.24115,14.256540000000001,14.27157,14.286150000000001,14.300370000000001,14.31423,14.32755,14.3406,14.353200000000001,14.36535,14.37714,14.38848,14.39946,14.409989999999999,14.420160000000001,14.42988,14.439240000000002,14.44815,14.45661,14.46471,14.472360000000002,14.479560000000001,14.4864,14.492790000000001,14.49873,14.50422,14.509350000000001,14.51403,14.51826,14.52204,14.525369999999999,14.528340000000002,14.530769999999999,14.53284,14.534460000000001,14.535630000000001,14.536259999999999,14.536530000000003,14.536349999999999,14.535720000000001,14.53464,14.53302,14.531040000000003,14.52861,14.525640000000001,14.52231,14.51844,14.51421,14.509440000000001,14.50422,14.498550000000002,14.492429999999999,14.485770000000002,14.47875,14.47119,14.46318,14.45472,14.44581,14.436360000000002,14.426549999999999,14.416200000000002,14.4054,14.39406,14.38236,14.37012,14.35743,14.3442,14.33052,14.31639,14.30181,14.28669,14.27112,14.2551,14.23854,14.221530000000001,14.20398,14.18598,14.16753,14.148539999999999,14.1291,14.10912,14.0886,14.06763,14.04621,14.02416,14.00175,13.978710000000001,13.95522,13.93119,13.90662,13.88151,13.85595,13.82985,13.80321,13.77594,13.74822,13.71996,13.69116,13.66173,13.63185,13.60134,13.57029,13.53861,13.50648,13.473630000000002,13.44033,13.406400000000001,13.37184,13.33665,13.30101,13.26465,13.22766,13.19013,13.15197,13.11327,13.07385,13.0338,12.99321,12.9519,12.91005,12.86757,12.82437,12.78063,12.736260000000001,12.69126,12.64572,12.59946,12.55266,12.505230000000001,12.45726,12.40875,12.359610000000002,12.31002,12.25989,12.20922,12.158100000000001,12.106530000000001,12.0546,12.002310000000001,11.94966,11.896650000000001,11.84346,11.79009,11.73654,11.68299,11.62935,11.575800000000001,11.52243,11.469330000000001,11.416500000000001,11.36403,11.312190000000001,11.26089,11.2104,11.160720000000001,11.11194,11.06442,11.017980000000001,10.97298,10.92951,10.88757,10.84743,10.80918,10.772910000000001,10.738800000000001,10.70685,10.67733,10.650150000000002,10.625580000000001,10.603530000000001,10.58418,10.56744,10.553400000000002,10.542060000000001,10.533510000000001,10.52748,10.52415,10.523340000000001,10.52505,10.52919,10.53549,10.54404,10.55466,10.567079999999999,10.581389999999999,10.59723,10.614510000000001,10.633140000000001,10.652940000000001,10.673820000000001,10.69542,10.717740000000001,10.74069,10.764000000000001,10.78758,10.811340000000001,10.8351,10.858770000000002,10.88226,10.90539,10.92816,10.95039,10.97208,10.99305,11.013300000000001,11.03274,11.05137,11.06901,11.08575,11.10141,11.11599,11.12949,11.14191,11.153070000000001,11.16306,11.17188,11.17944,11.18574,11.19078,11.19456,11.196990000000001,11.19816,11.19798,11.19663,11.19384,11.18979,11.184479999999999,11.17782,11.1699,11.160720000000001,11.15028,11.138580000000001,11.12571,11.11167,11.09637,11.07999,11.06244,11.043809999999999,11.02419,11.003580000000001,10.98198,10.959570000000001,10.93626,10.912139999999999,10.88739,10.86201,10.836,10.80954,10.782720000000001,10.75563,10.72836,10.701,10.67364,10.64646,10.61964,10.59318,10.567260000000001,10.542060000000001,10.517669999999999,10.49436,10.47213,10.45116,10.43163,10.413630000000001,10.39743,10.38303,10.370610000000001,10.36026,10.35207,10.346219999999999,10.34271,10.34163,10.34307,10.34703,10.35351,10.3626,10.37412,10.388250000000001,10.404720000000001,10.42371,10.44495,10.468440000000001,10.494,10.52172,10.55124,10.58256,10.61559,10.650150000000002,10.68615,10.72332,10.761660000000001,10.800989999999999,10.84122,10.88226,10.92384,10.96596,11.00844,11.05119,11.09421,11.13723,11.18034,11.22327,11.26611,11.30868,11.35098,11.39283,11.434320000000001,11.47536,11.515860000000002,11.55573,11.59497,11.63367,11.671560000000001,11.708820000000001,11.74527,11.781,11.81592,11.85003,11.883329999999999,11.91573,11.947320000000001,11.97801,12.007800000000001,12.03669,12.064680000000001,12.09168,12.11787,12.142980000000001,12.16719,12.1905,12.21282,12.234150000000001,12.25449,12.273840000000002,12.2922,12.309479999999999,12.32586,12.34116,12.35547,12.3687,12.38094,12.392100000000001,12.402180000000001,12.41118,12.41919,12.42594,12.431700000000001,12.43629,12.43971,12.441960000000002,12.44313,12.44304,12.44169,12.43917,12.43539,12.43035,12.42396,12.41631,12.40731,12.39687,12.38508,12.37185,12.357090000000001,12.34089,12.32316,12.30381,12.28293,12.260250000000001,12.23604,12.20994,12.18213,12.15243,12.120930000000001,12.08745,12.0519,12.01437,11.97468,11.932739999999999,11.88864,11.8422,11.793330000000001,11.74203,11.688120000000001,11.631689999999999,11.572470000000001,11.51046,11.44566,11.3778,11.30697,11.23299,11.15577,11.07531,10.99143,10.90413,10.813229999999999,10.71873,10.62063,10.51884,10.413359999999999,10.3041,10.19115,10.0746,9.954540000000001,9.83106,9.70443,9.57483,9.44271,9.308520000000001,9.17271,9.036090000000002,8.899389000000001,8.763633,8.629965,8.499690000000001,8.374329,8.25552,8.145081000000001,8.044893,7.956891,7.882983,7.824924,7.784271000000001,7.762220999999999,7.7596110000000005,7.776783,7.813593,7.869465,7.943382,8.033976000000001,8.139654,8.25867,8.389215,8.529471000000001,8.677746,8.832410999999999,8.992026,9.15525,9.32103,9.48834,9.65637,9.82431,9.991710000000001,10.15803,10.32282,10.4859,10.647,10.805850000000001,10.96236,11.11653,11.268089999999999,11.41722,11.56374,11.70774,11.84922,11.98827,12.1248,12.2589,12.39075,12.52026,12.64752,12.772620000000002,12.89565,13.01661,13.13568,13.25268,13.367970000000001,13.48137,13.593060000000001
14.07042,13.981230000000002,13.89321,13.80672,13.72158,13.63815,13.556519999999999,13.47687,13.3992,13.32387,13.25088,13.18041,13.112729999999999,13.04784,12.98592,12.927150000000001,12.87162,12.819510000000001,12.77082,12.72573,12.684330000000001,12.64671,12.61278,12.58272,12.55644,12.534030000000001,12.51549,12.50064,12.48948,12.48192,12.47796,12.47742,12.48012,12.48597,12.49488,12.506580000000001,12.52107,12.53799,12.557250000000002,12.57876,12.60216,12.62745,12.65436,12.6828,12.71259,12.74346,12.77541,12.808169999999999,12.84174,12.87585,12.9105,12.94551,12.98079,13.01634,13.05189,13.08744,13.12299,13.15836,13.19355,13.22847,13.26321,13.297500000000001,13.33152,13.36509,13.39821,13.43097,13.463189999999999,13.49496,13.52628,13.55706,13.587299999999999,13.617,13.64625,13.67496,13.70313,13.73076,13.75794,13.78449,13.810590000000001,13.83624,13.86135,13.88592,13.91004,13.93362,13.956750000000001,13.97943,14.00157,14.02335,14.044590000000001,14.06547,14.08581,14.10579,14.12523,14.144309999999999,14.163030000000001,14.18121,14.19903,14.2164,14.23341,14.24997,14.26617,14.281920000000001,14.29731,14.31225,14.32683,14.341050000000001,14.35473,14.36814,14.3811,14.3937,14.40585,14.41764,14.42898,14.43996,14.45058,14.460749999999999,14.470469999999999,14.47983,14.488830000000002,14.49738,14.50548,14.513220000000002,14.520510000000002,14.52744,14.533920000000002,14.539950000000001,14.54562,14.55084,14.55561,14.560020000000002,14.563980000000003,14.56749,14.570549999999999,14.57316,14.575410000000002,14.57721,14.57856,14.579460000000001,14.57991,14.57991,14.579550000000001,14.57865,14.5773,14.57559,14.573429999999998,14.57073,14.56767,14.564070000000001,14.560110000000002,14.55561,14.55075,14.545350000000001,14.53959,14.53329,14.526539999999999,14.51934,14.51169,14.503590000000003,14.49504,14.486040000000001,14.476500000000001,14.466600000000001,14.45616,14.44527,14.433930000000002,14.42214,14.40981,14.39703,14.383890000000001,14.37012,14.35599,14.341410000000002,14.32629,14.31072,14.29461,14.27814,14.261130000000001,14.24358,14.225670000000001,14.207130000000001,14.188229999999999,14.16879,14.148900000000001,14.12847,14.10759,14.086170000000001,14.064300000000001,14.04189,14.01903,13.99563,13.97169,13.9473,13.92228,13.8969,13.870890000000001,13.844430000000001,13.81743,13.7898,13.76172,13.7331,13.70394,13.674240000000001,13.644,13.61322,13.5819,13.54995,13.51746,13.48443,13.45086,13.41666,13.38183,13.34655,13.310640000000001,13.2741,13.237020000000001,13.19931,13.16097,13.12209,13.08267,13.04253,13.001850000000001,12.96063,12.91878,12.8763,12.83319,12.78954,12.74535,12.70053,12.65517,12.60918,12.562740000000002,12.51567,12.468150000000001,12.42009,12.37149,12.32244,12.27303,12.223080000000001,12.17277,12.1221,12.07116,12.01986,11.96838,11.916630000000001,11.86479,11.81286,11.76093,11.709,11.657160000000001,11.6055,11.55411,11.50308,11.4525,11.40246,11.35305,11.30445,11.25666,11.209769999999999,11.164050000000001,11.1195,11.076210000000001,11.034450000000001,10.99422,10.9557,10.91898,10.884060000000002,10.8513,10.82061,10.79208,10.76589,10.742040000000001,10.72062,10.70172,10.68525,10.67139,10.65996,10.65114,10.64475,10.64079,10.63926,10.64007,10.64313,10.64826,10.65555,10.66464,10.67562,10.68822,10.702350000000001,10.71792,10.73475,10.75266,10.771560000000001,10.79136,10.81179,10.83276,10.85418,10.87587,10.89783,10.919699999999999,10.94166,10.96335,10.98486,11.00601,11.02671,11.04687,11.0664,11.0853,11.10348,11.12085,11.13732,11.15289,11.16756,11.18124,11.19384,11.20545,11.21589,11.22525,11.23344,11.24046,11.246310000000001,11.2509,11.25432,11.256570000000002,11.25756,11.257290000000001,11.25576,11.25306,11.2491,11.24388,11.237490000000001,11.229840000000001,11.221020000000001,11.21103,11.19978,11.18745,11.17404,11.159460000000001,11.1438,11.12706,11.10942,11.0907,11.07117,11.05065,11.02941,11.00727,10.9845,10.9611,10.93716,10.91268,10.88775,10.86246,10.83699,10.811430000000001,10.785779999999999,10.76022,10.73484,10.70973,10.68507,10.66104,10.63764,10.61505,10.59345,10.572840000000001,10.55358,10.535580000000001,10.519200000000001,10.50435,10.49121,10.47996,10.470690000000001,10.46349,10.45836,10.455480000000001,10.45494,10.45665,10.4607,10.46718,10.476,10.487160000000001,10.50075,10.51659,10.53459,10.55484,10.57725,10.601550000000001,10.62783,10.656,10.685699999999999,10.71711,10.74996,10.78416,10.81953,10.85607,10.89351,10.93185,10.97091,11.0106,11.050830000000001,11.091420000000001,11.132370000000002,11.17359,11.21481,11.256120000000001,11.29734,11.338470000000001,11.379420000000001,11.4201,11.460510000000001,11.50047,11.53998,11.57904,11.617560000000001,11.65554,11.69289,11.72952,11.76561,11.80089,11.83545,11.869290000000001,11.90241,11.93463,11.96613,11.996730000000001,12.02652,12.05541,12.083400000000001,12.11058,12.13686,12.16215,12.186539999999999,12.210030000000001,12.232619999999999,12.25422,12.27483,12.294540000000001,12.31326,12.33099,12.34773,12.36339,12.378150000000002,12.39183,12.40452,12.416220000000001,12.42675,12.43629,12.44475,12.45213,12.45834,12.46356,12.46752,12.4704,12.47211,12.47265,12.472019999999999,12.470130000000001,12.46698,12.462660000000001,12.456990000000001,12.44997,12.44169,12.43197,12.4209,12.40839,12.39444,12.379050000000001,12.36204,12.3435,12.32343,12.30165,12.27816,12.25296,12.22596,12.19716,12.16647,12.133890000000001,12.09924,12.062610000000001,12.02373,11.98278,11.93958,11.89395,11.84598,11.79558,11.74257,11.686860000000001,11.628540000000001,11.56725,11.50317,11.43603,11.36583,11.292390000000001,11.215620000000001,11.13543,11.05182,10.96452,10.87353,10.77876,10.68012,10.577520000000002,10.47087,10.36017,10.24533,10.12635,10.00323,9.876149999999999,9.74511,9.61029,9.471960000000001,9.330390000000001,9.186119999999999,9.039510000000002,8.891424,8.742609,8.594109000000001,8.447148,8.303175,8.163846000000001,8.031033,7.906824000000001,7.793442000000001,7.693191000000001,7.608384000000001,7.541189999999999,7.493517,7.4669039999999995,7.46235,7.480295999999999,7.520543999999999,7.582311,7.66431,7.764813,7.881831000000001,8.013213,8.156763,8.310366,8.472024000000001,8.639892000000001,8.812359,8.988003,9.1656,9.34407,9.522630000000001,9.70056,9.87723,10.05228,10.22517,10.39581,10.563930000000001,10.72926,10.89189,11.05164,11.20851,11.3625,11.51361,11.66184,11.80728,11.94993,12.08997,12.227310000000001,12.36213,12.49452,12.62448,12.75201,12.87738,13.00059,13.12164,13.24062,13.35771,13.47282,13.58622
14.1858,14.09904,14.013449999999999,13.92939,13.84668,13.76568,13.686480000000001,13.60908,13.53384,13.46076,13.389930000000001,13.321620000000001,13.25601,13.19301,13.13298,13.075830000000002,13.02192,12.97116,12.92373,12.87972,12.839220000000001,12.80223,12.76884,12.73905,12.712860000000001,12.690270000000002,12.67137,12.655980000000001,12.6441,12.63564,12.63051,12.628620000000002,12.629880000000002,12.634110000000002,12.64131,12.65112,12.663630000000001,12.67848,12.69558,12.714839999999999,12.73599,12.759030000000001,12.783600000000002,12.809700000000001,12.837060000000001,12.86559,12.895199999999999,12.92562,12.95694,12.988800000000001,13.0212,13.05414,13.08726,13.12065,13.15422,13.18788,13.221540000000001,13.25511,13.2885,13.3218,13.35483,13.38759,13.420079999999999,13.45221,13.48398,13.5153,13.54626,13.57677,13.60683,13.63644,13.6656,13.69422,13.72248,13.750110000000001,13.777379999999999,13.80411,13.830300000000001,13.85604,13.88133,13.90617,13.930470000000001,13.95432,13.97763,14.000580000000001,14.02299,14.04504,14.066550000000001,14.087610000000002,14.108310000000001,14.12856,14.14827,14.16771,14.18661,14.20515,14.22324,14.24097,14.25825,14.275170000000001,14.291640000000001,14.30766,14.323409999999999,14.33871,14.35356,14.36805,14.38218,14.395950000000001,14.409270000000001,14.42214,14.43474,14.44689,14.458590000000001,14.47002,14.481,14.491530000000001,14.5017,14.51151,14.52087,14.52987,14.53851,14.546700000000001,14.554440000000001,14.56182,14.56884,14.575410000000002,14.581529999999999,14.587290000000001,14.5926,14.59755,14.60205,14.6061,14.60979,14.61303,14.61582,14.61816,14.62014,14.621670000000002,14.62275,14.623470000000001,14.62365,14.623470000000001,14.622839999999998,14.621760000000002,14.620230000000001,14.61834,14.61591,14.613119999999999,14.60979,14.6061,14.60196,14.597280000000001,14.59224,14.58675,14.580810000000001,14.57433,14.56749,14.560200000000002,14.55246,14.54418,14.535540000000001,14.52645,14.51682,14.50683,14.4963,14.48541,14.473980000000001,14.4621,14.44977,14.43699,14.42367,14.409989999999999,14.39577,14.38119,14.36607,14.3505,14.334389999999999,14.317919999999999,14.300910000000002,14.28345,14.265450000000001,14.24709,14.228190000000001,14.20875,14.18895,14.168610000000001,14.14773,14.1264,14.104619999999999,14.0823,14.05953,14.03622,14.01246,13.98816,13.963410000000001,13.938120000000001,13.91229,13.88592,13.8591,13.831740000000002,13.803840000000001,13.775490000000001,13.746509999999999,13.71708,13.68702,13.65651,13.62546,13.59378,13.56165,13.52889,13.495590000000002,13.46175,13.42737,13.39245,13.3569,13.32081,13.28418,13.24692,13.20912,13.17078,13.13181,13.092300000000002,13.05216,13.01157,12.970260000000001,12.9285,12.88611,12.84318,12.79971,12.755700000000001,12.71115,12.66606,12.62043,12.57435,12.52782,12.48075,12.43323,12.38526,12.33693,12.28815,12.2391,12.18969,12.14001,12.090150000000001,12.04002,11.98971,11.93931,11.88891,11.838510000000001,11.788200000000002,11.73798,11.688030000000001,11.63835,11.58903,11.54016,11.49192,11.44422,11.39733,11.35134,11.30625,11.26224,11.2194,11.17782,11.13759,11.098980000000001,11.061900000000001,11.02653,10.99305,10.96137,10.93176,10.90431,10.87893,10.8558,10.83492,10.81638,10.80027,10.78641,10.774980000000001,10.76589,10.75914,10.75464,10.75248,10.75239,10.754460000000002,10.758600000000001,10.76463,10.77237,10.781910000000002,10.79307,10.80567,10.81953,10.834650000000002,10.85085,10.86804,10.88595,10.90458,10.92384,10.94346,10.96344,10.983600000000001,11.00385,11.02401,11.044170000000001,11.06406,11.08359,11.10285,11.12157,11.13975,11.15739,11.17431,11.19042,11.205810000000001,11.22039,11.234070000000001,11.24676,11.25855,11.26935,11.279069999999999,11.2878,11.29545,11.30193,11.30733,11.31156,11.31471,11.31669,11.317499999999999,11.31705,11.315520000000001,11.31282,11.308950000000001,11.30391,11.2977,11.290320000000001,11.28186,11.27223,11.26152,11.249730000000001,11.23686,11.22291,11.207970000000001,11.19213,11.1753,11.15757,11.13894,11.1195,11.09934,11.07846,11.05695,11.03481,11.012129999999999,10.989090000000001,10.9656,10.941840000000001,10.91799,10.89396,10.86993,10.84599,10.82223,10.79883,10.77588,10.75347,10.73178,10.71081,10.69083,10.67193,10.65411,10.63764,10.62252,10.609020000000001,10.59714,10.586969999999999,10.57869,10.5723,10.56789,10.56555,10.56537,10.56744,10.57158,10.578059999999999,10.58661,10.5975,10.61055,10.625670000000001,10.64304,10.6623,10.683629999999999,10.70685,10.73187,10.758600000000001,10.78686,10.81674,10.84797,10.88046,10.914209999999999,10.94895,10.984679999999999,11.02122,11.05857,11.09646,11.13489,11.173770000000001,11.21292,11.25234,11.29185,11.33154,11.37114,11.41065,11.449980000000002,11.489130000000001,11.52801,11.56644,11.6046,11.64222,11.67948,11.716109999999999,11.7522,11.78766,11.82249,11.85669,11.89017,11.922930000000001,11.954970000000001,11.98629,12.016710000000002,12.04641,12.0753,12.103290000000001,12.130560000000001,12.15684,12.18231,12.20688,12.23055,12.25323,12.2751,12.29598,12.31596,12.335040000000001,12.35304,12.370140000000001,12.38625,12.40137,12.4155,12.42864,12.44079,12.45177,12.46185,12.47076,12.47868,12.48552,12.49119,12.49578,12.49929,12.50154,12.50271,12.50271,12.50145,12.49902,12.49533,12.49038,12.48408,12.47643,12.46752,12.457170000000001,12.44547,12.43233,12.41766,12.40155,12.38382,12.36456,12.34359,12.321,12.296700000000001,12.2706,12.24279,12.213000000000001,12.181320000000001,12.14766,12.111930000000001,12.07413,12.03408,11.991869999999999,11.947320000000001,11.90034,11.85084,11.798820000000001,11.74419,11.686770000000001,11.62656,11.56338,11.49714,11.42784,11.35521,11.279250000000001,11.19978,11.116710000000001,11.02995,10.93932,10.84473,10.74618,10.643310000000001,10.536209999999999,10.42479,10.30887,10.18836,10.06326,9.93366,9.79938,9.6606,9.51741,9.37008,9.21879,9.0639,8.906031,8.745786,8.584029000000001,8.421795,8.260380000000001,8.101341000000001,7.946505,7.797987,7.658163,7.529670000000001,7.415261999999999,7.317755999999999,7.239843,7.1839260000000005,7.151940000000001,7.145172,7.164153,7.208613000000001,7.2775170000000005,7.3691819999999995,7.481403000000001,7.611678000000001,7.757352,7.915788,8.084457,8.261064000000001,8.44353,8.630046,8.819091,9.009360000000001,9.1998,9.389520000000001,9.5778,9.764100000000001,9.94815,10.12941,10.3077,10.482930000000001,10.65492,10.823670000000002,10.989090000000001,11.15118,11.310030000000001,11.46564,11.6181,11.7675,11.91384,12.057210000000001,12.197790000000001,12.33549,12.47067,12.603150000000001,12.7332,12.86082,12.9861,13.10913,13.23009,13.34889,13.46571,13.58064
14.30028,14.215860000000001,14.13261,14.05071,13.97043,13.891680000000001,13.81473,13.73958,13.666500000000001,13.59549,13.52682,13.46049,13.39668,13.33557,13.27716,13.22163,13.169160000000002,13.119660000000001,13.0734,13.03038,12.99069,12.95424,12.9213,12.891779999999999,12.86568,12.843,12.82374,12.80781,12.79521,12.78585,12.77973,12.776670000000001,12.77658,12.77937,12.78486,12.792959999999999,12.80358,12.816540000000002,12.831660000000001,12.84876,12.86784,12.888630000000001,12.91104,12.93489,12.96,12.986369999999999,13.01373,13.04199,13.071060000000001,13.10085,13.13118,13.16196,13.193100000000001,13.22451,13.25619,13.28796,13.31973,13.351590000000002,13.383270000000001,13.414860000000001,13.44636,13.47759,13.50855,13.53924,13.569569999999999,13.59963,13.62924,13.65858,13.68738,13.715910000000001,13.743900000000002,13.77153,13.79871,13.82544,13.85163,13.87746,13.90284,13.927679999999999,13.95216,13.9761,13.99968,14.02272,14.0454,14.06763,14.08932,14.11065,14.131530000000001,14.152050000000001,14.172030000000001,14.19165,14.21091,14.22963,14.248080000000002,14.26599,14.28354,14.30073,14.31756,14.33394,14.349870000000001,14.365440000000001,14.380650000000001,14.3955,14.4099,14.423939999999998,14.437619999999999,14.45085,14.463810000000002,14.476320000000001,14.48838,14.50017,14.51151,14.5224,14.53302,14.54319,14.553000000000003,14.562449999999998,14.57145,14.58009,14.58828,14.596110000000001,14.60358,14.610600000000002,14.61726,14.623470000000001,14.62932,14.63472,14.63976,14.64435,14.648579999999999,14.65236,14.655779999999998,14.658660000000001,14.661269999999998,14.66334,14.665049999999999,14.66631,14.66721,14.66766,14.66766,14.66721,14.6664,14.665049999999999,14.66334,14.66118,14.658660000000001,14.6556,14.652180000000001,14.64822,14.6439,14.63913,14.633909999999998,14.628329999999998,14.62221,14.615639999999999,14.60871,14.60124,14.59341,14.585040000000001,14.576310000000001,14.56704,14.55741,14.547329999999999,14.536710000000001,14.525730000000001,14.51421,14.502330000000002,14.489910000000002,14.477129999999999,14.463810000000002,14.45004,14.43582,14.421149999999999,14.40603,14.390460000000001,14.37444,14.357880000000002,14.34096,14.3235,14.30559,14.287230000000001,14.26833,14.24907,14.22927,14.208929999999999,14.188229999999999,14.16699,14.14521,14.12307,14.100389999999999,14.077169999999999,14.0535,14.029380000000002,14.00472,13.97961,13.95396,13.92777,13.90113,13.87395,13.84623,13.818060000000001,13.78935,13.7601,13.730400000000001,13.70007,13.66929,13.63797,13.606110000000001,13.57371,13.54077,13.507290000000001,13.47327,13.43871,13.40352,13.36788,13.331700000000001,13.29489,13.25763,13.21974,13.18131,13.14234,13.10283,13.06278,13.02219,12.981060000000001,12.939390000000001,12.89718,12.85443,12.81114,12.7674,12.723210000000002,12.67848,12.6333,12.587670000000001,12.541590000000001,12.49506,12.448170000000001,12.401010000000001,12.3534,12.305520000000001,12.25728,12.208860000000001,12.160260000000001,12.11148,12.062610000000001,12.01365,11.964690000000001,11.91582,11.86695,11.81835,11.76993,11.721870000000001,11.67426,11.62701,11.580390000000001,11.534400000000002,11.489220000000001,11.44485,11.401380000000001,11.35899,11.317680000000001,11.27763,11.23902,11.20176,11.166030000000001,11.132010000000001,11.0997,11.069189999999999,11.04066,11.01402,10.98945,10.966949999999999,10.946610000000002,10.92843,10.9125,10.89882,10.8873,10.87794,10.87083,10.86588,10.86309,10.86228,10.86345,10.86651,10.87137,10.87803,10.886220000000002,10.895940000000001,10.9071,10.91943,10.93302,10.9476,10.963080000000001,10.97937,10.99638,11.01384,11.03184,11.05011,11.068650000000002,11.08728,11.10591,11.12454,11.142900000000001,11.16099,11.17881,11.196180000000002,11.2131,11.22948,11.245140000000001,11.26026,11.27457,11.28807,11.30085,11.31264,11.32362,11.3337,11.3427,11.3508,11.35782,11.363850000000001,11.3688,11.37276,11.37555,11.377260000000001,11.377889999999999,11.377350000000002,11.37582,11.37312,11.369250000000001,11.36439,11.358360000000001,11.35125,11.343060000000001,11.33388,11.32362,11.312280000000001,11.300040000000001,11.28672,11.2725,11.257380000000001,11.24136,11.22453,11.20689,11.18844,11.16936,11.149650000000001,11.12922,11.10834,11.08701,11.065230000000001,11.043180000000001,11.02086,10.99845,10.975859999999999,10.953360000000002,10.93104,10.90881,10.887030000000001,10.86561,10.84482,10.82466,10.80522,10.78677,10.76922,10.752839999999999,10.73772,10.72395,10.71162,10.70082,10.69164,10.68426,10.67859,10.674900000000001,10.6731,10.67328,10.67553,10.67985,10.68624,10.6947,10.70523,10.717740000000001,10.73232,10.74888,10.767420000000001,10.78776,10.809899999999999,10.83366,10.85913,10.886130000000001,10.91457,10.94427,10.975320000000002,11.00736,11.04057,11.07459,11.10951,11.14506,11.18133,11.21805,11.255220000000001,11.29275,11.330549999999999,11.368440000000001,11.40642,11.444490000000002,11.482470000000001,11.52027,11.55789,11.595329999999999,11.63241,11.669130000000001,11.705490000000001,11.7414,11.77677,11.8116,11.84598,11.87964,11.91267,11.94516,11.976840000000001,12.00789,12.03813,12.06765,12.09645,12.12444,12.15162,12.177900000000001,12.20346,12.22812,12.251880000000002,12.27483,12.29688,12.31794,12.338189999999999,12.35754,12.3759,12.393270000000001,12.409740000000001,12.42522,12.4398,12.4533,12.46581,12.47733,12.487860000000001,12.49731,12.505680000000002,12.51306,12.51927,12.52449,12.528540000000001,12.53142,12.53322,12.53376,12.53322,12.53142,12.528360000000001,12.52413,12.51855,12.511709999999999,12.50352,12.493979999999999,12.482999999999999,12.47058,12.456809999999999,12.441510000000001,12.42459,12.40623,12.38616,12.36447,12.34107,12.31596,12.289050000000001,12.260250000000001,12.229560000000001,12.19698,12.16224,12.12552,12.08655,12.045420000000002,12.00195,11.95605,11.907720000000001,11.85687,11.803320000000001,11.74707,11.68794,11.62593,11.56086,11.492640000000002,11.42109,11.34612,11.26773,11.18556,11.0997,11.00988,10.91601,10.818,10.715580000000001,10.60866,10.497150000000001,10.38096,10.259820000000001,10.13373,10.002600000000001,9.866340000000001,9.724860000000001,9.57834,9.4266,9.270000000000001,9.10872,8.942922,8.773227,8.60022,8.424702,8.247753000000001,8.070687000000001,7.895142,7.7231250000000005,7.556984999999999,7.399458,7.253603999999999,7.122753,7.010343000000001,6.9197489999999995,6.854031,6.815673,6.80634,6.826707,6.876378,6.9539670000000005,7.057251,7.183404,7.3292399999999995,7.491474,7.6669290000000005,7.852608000000001,8.045874,8.244396,8.446212,8.649675,8.853444000000001,9.05643,9.257850000000001,9.45693,9.65322,9.84645,10.03617,10.222290000000001,10.404720000000001,10.58328,10.75815,10.92924,11.09655,11.26026,11.42037,11.576880000000001,11.73015,11.879999999999999,12.0267,12.170340000000001,12.311010000000001,12.4488,12.58389,12.716280000000001,12.846060000000001,12.97341,13.09842,13.22118,13.34169,13.46022,13.576590000000001
14.41386,14.3316,14.25051,14.170860000000001,14.092740000000001,14.01615,13.94127,13.86828,13.797179999999999,13.728240000000001,13.66146,13.597019999999999,13.53501,13.47552,13.418730000000002,13.36473,13.31352,13.26528,13.22001,13.17789,13.138829999999999,13.1031,13.07052,13.04118,13.01508,12.99231,12.97269,12.95631,12.94308,12.933,12.9258,12.921660000000001,12.92031,12.921660000000001,12.92562,12.93219,12.94101,12.952169999999999,12.9654,12.98061,12.997620000000001,13.01643,13.03668,13.05846,13.0815,13.10571,13.131,13.15719,13.184190000000001,13.21191,13.240169999999999,13.26897,13.29822,13.32774,13.35753,13.387500000000001,13.41756,13.44762,13.47768,13.50774,13.53762,13.56732,13.59684,13.626090000000001,13.65516,13.68387,13.71222,13.7403,13.76802,13.795380000000002,13.82229,13.848840000000001,13.87494,13.90068,13.92606,13.950899999999999,13.97538,13.999410000000001,14.02299,14.04621,14.06898,14.0913,14.11317,14.13468,14.15574,14.17644,14.19669,14.21649,14.23593,14.25492,14.27355,14.29173,14.30955,14.32692,14.34393,14.36058,14.37687,14.39271,14.408190000000001,14.42331,14.438070000000002,14.45238,14.46633,14.47992,14.49315,14.50593,14.51844,14.5305,14.542200000000001,14.553450000000002,14.564430000000002,14.574960000000003,14.585130000000001,14.59494,14.60439,14.613390000000003,14.62203,14.630310000000001,14.638230000000002,14.6457,14.652809999999999,14.65947,14.665770000000002,14.671710000000001,14.677200000000001,14.68233,14.687009999999999,14.691329999999999,14.69529,14.6988,14.70186,14.70456,14.70681,14.7087,14.71014,14.71113,14.71176,14.711939999999998,14.71176,14.71113,14.71005,14.70852,14.706629999999999,14.70429,14.701500000000001,14.69835,14.69466,14.690610000000001,14.686110000000001,14.68125,14.67585,14.67009,14.663789999999999,14.657129999999999,14.65002,14.642460000000002,14.634540000000001,14.626080000000002,14.61726,14.607900000000003,14.59818,14.58801,14.5773,14.56623,14.554710000000002,14.54274,14.53032,14.517450000000002,14.50413,14.49036,14.47614,14.46147,14.44635,14.430689999999998,14.414670000000001,14.3982,14.38119,14.36382,14.34591,14.32755,14.30883,14.289480000000001,14.26977,14.24961,14.22891,14.20776,14.18616,14.16402,14.14143,14.11839,14.094899999999999,14.07087,14.0463,14.021370000000001,13.9959,13.96989,13.94343,13.91643,13.88898,13.86099,13.832550000000001,13.80348,13.77405,13.74399,13.71348,13.68243,13.65093,13.6188,13.58622,13.553099999999999,13.51944,13.48524,13.4505,13.415310000000002,13.37949,13.343219999999999,13.306410000000001,13.26906,13.23117,13.19274,13.15377,13.11435,13.074390000000001,13.033890000000001,12.99285,12.95136,12.90942,12.86694,12.82392,12.78054,12.73671,12.69243,12.6477,12.60261,12.557160000000001,12.51126,12.46509,12.418650000000001,12.37194,12.32496,12.27771,12.23037,12.18294,12.135330000000002,12.08772,12.0402,11.99268,11.945340000000002,11.89818,11.85138,11.80485,11.758680000000002,11.71305,11.667959999999999,11.62359,11.57994,11.5371,11.49516,11.4543,11.414520000000001,11.375910000000001,11.33865,11.30274,11.268360000000001,11.23551,11.204369999999999,11.17485,11.14722,11.121390000000002,11.09754,11.07567,11.05578,11.03796,11.022210000000001,11.00862,10.99701,10.98756,10.98009,10.97469,10.97127,10.96974,10.9701,10.97226,10.976130000000001,10.981530000000001,10.98855,10.99701,11.00673,11.01771,11.02986,11.042910000000001,11.05686,11.071620000000001,11.08701,11.10294,11.11932,11.13606,11.153070000000001,11.17017,11.18736,11.204460000000001,11.22138,11.23812,11.25459,11.2707,11.28636,11.30157,11.31615,11.3301,11.34342,11.356020000000001,11.36781,11.37879,11.38896,11.39832,11.40669,11.414159999999999,11.42073,11.42622,11.430810000000001,11.434320000000001,11.43684,11.43837,11.43882,11.43819,11.43657,11.43387,11.430090000000002,11.425320000000001,11.41947,11.41263,11.404800000000002,11.39598,11.38608,11.37528,11.36358,11.35089,11.33739,11.322989999999999,11.30778,11.29176,11.27502,11.25756,11.23947,11.220749999999999,11.20149,11.181780000000002,11.16171,11.14119,11.1204,11.099430000000002,11.078370000000001,11.057220000000001,11.03616,11.01528,10.994580000000001,10.97424,10.95426,10.93491,10.91619,10.89828,10.88109,10.864980000000001,10.84995,10.836,10.8234,10.81215,10.80234,10.79415,10.78758,10.782630000000001,10.77957,10.77822,10.77876,10.78128,10.78569,10.79199,10.80027,10.81044,10.82259,10.83663,10.85256,10.8702,10.88964,10.91079,10.93356,10.95777,10.98351,11.0106,11.03895,11.068560000000002,11.09916,11.13075,11.16333,11.19663,11.23065,11.26521,11.3004,11.33595,11.371860000000002,11.408130000000002,11.444490000000002,11.48094,11.51748,11.55393,11.59029,11.62656,11.66256,11.698290000000002,11.73366,11.76867,11.803320000000001,11.83752,11.87118,11.904300000000001,11.93688,11.96883,12.000240000000002,12.03093,12.06099,12.09024,12.118860000000002,12.14676,12.17385,12.20013,12.22569,12.25035,12.2742,12.29724,12.31947,12.3408,12.36123,12.38076,12.39939,12.417119999999999,12.433860000000001,12.4497,12.464640000000001,12.4785,12.49146,12.50343,12.51441,12.524310000000002,12.53322,12.54105,12.54789,12.55356,12.55815,12.56166,12.56409,12.56526,12.565349999999999,12.56418,12.56184,12.55824,12.55338,12.54726,12.53988,12.531060000000002,12.520890000000001,12.50937,12.49632,12.48192,12.465900000000001,12.44835,12.42927,12.40848,12.38607,12.36195,12.33603,12.30822,12.278609999999999,12.24702,12.21345,12.177810000000001,12.14001,12.09996,12.05766,12.01302,11.965950000000001,11.91636,11.86407,11.80908,11.7513,11.69055,11.62674,11.55987,11.48967,11.41605,11.33883,11.25801,11.17332,11.08476,10.99197,10.89495,10.793429999999999,10.68741,10.57653,10.4607,10.33974,10.21356,10.08198,9.94482,9.80199,9.653400000000001,9.49896,9.33876,9.17271,9.00117,8.824212,8.642286,8.45595,8.265951000000001,8.073324,7.879392,7.6858830000000005,7.494894,7.309044,7.13142,6.965586,6.815547,6.685533,6.579801,6.502302,6.456276,6.443928,6.466113,6.522291,6.6105540000000005,6.727932,6.870735,7.034895000000001,7.216353,7.411239,7.616070000000001,7.827813000000001,8.043921000000001,8.262261,8.481132,8.699175,8.915355000000002,9.12888,9.33903,9.54558,9.748080000000002,9.94635,10.1403,10.32984,10.51515,10.69596,10.872630000000001,11.045069999999999,11.213460000000001,11.37798,11.538630000000001,11.6955,11.84886,11.998800000000001,12.1455,12.288960000000001,12.42927,12.566790000000001,12.70143,12.83337,12.9627,13.0896,13.21407,13.33629,13.45626,13.574160000000001
14.526539999999999,14.44626,14.367329999999999,14.28975,14.21361,14.139090000000001,14.066189999999999,13.995180000000001,13.92606,13.85901,13.794030000000001,13.7313,13.671,13.61304,13.557690000000001,13.50504,13.45509,13.40793,13.36365,13.32234,13.284,13.24872,13.2165,13.187429999999999,13.16142,13.13847,13.11858,13.10175,13.08789,13.077,13.068990000000001,13.06368,13.06116,13.06125,13.06386,13.06881,13.0761,13.085550000000001,13.09698,13.11039,13.12551,13.14234,13.1607,13.1805,13.20156,13.22379,13.24701,13.27122,13.296240000000001,13.32198,13.34835,13.37526,13.40262,13.43034,13.45833,13.48659,13.514940000000001,13.543379999999999,13.57182,13.60026,13.62861,13.656870000000001,13.68504,13.71294,13.74057,13.76802,13.7952,13.82202,13.84857,13.87476,13.90068,13.92615,13.951260000000001,13.97601,14.000399999999999,14.02443,14.04801,14.071140000000002,14.094000000000001,14.11632,14.13837,14.159880000000001,14.18112,14.20182,14.22225,14.242230000000001,14.261759999999999,14.281020000000002,14.29974,14.318190000000001,14.33619,14.35383,14.37111,14.38794,14.40441,14.42052,14.436269999999999,14.451660000000002,14.466600000000001,14.48118,14.495490000000002,14.509350000000001,14.522850000000002,14.5359,14.54868,14.5611,14.57307,14.58477,14.596020000000001,14.606910000000001,14.617439999999998,14.62761,14.63742,14.646780000000001,14.655870000000002,14.664510000000002,14.67279,14.680710000000001,14.688180000000001,14.69538,14.70213,14.708430000000002,14.714459999999999,14.72004,14.72526,14.730030000000001,14.734440000000001,14.73849,14.74209,14.745330000000001,14.748120000000002,14.750550000000002,14.75253,14.75415,14.755320000000001,14.756130000000002,14.756490000000001,14.756490000000001,14.756040000000002,14.75514,14.75388,14.752170000000001,14.7501,14.74758,14.74461,14.741190000000001,14.73741,14.73318,14.728499999999999,14.723460000000001,14.717970000000001,14.712029999999999,14.70564,14.6988,14.691600000000001,14.683950000000001,14.67585,14.667300000000001,14.658389999999999,14.64894,14.63913,14.628870000000001,14.61816,14.607000000000001,14.595389999999998,14.583420000000002,14.570910000000001,14.55804,14.54463,14.530859999999999,14.51664,14.50197,14.48676,14.47119,14.455169999999999,14.438699999999999,14.42178,14.40441,14.3865,14.36823,14.34951,14.33025,14.310630000000002,14.29047,14.26986,14.248800000000001,14.22729,14.20524,14.18283,14.159880000000001,14.13648,14.11263,14.08824,14.0634,14.03811,14.01228,13.985999999999999,13.95918,13.93191,13.90419,13.87593,13.84722,13.81797,13.78818,13.75794,13.72725,13.69602,13.66425,13.63194,13.59918,13.56588,13.53213,13.49784,13.46301,13.42764,13.39182,13.355459999999999,13.318650000000002,13.2813,13.24341,13.205070000000001,13.16619,13.12677,13.08699,13.04667,13.00581,12.96459,12.922920000000001,12.88071,12.83814,12.795119999999999,12.75174,12.70791,12.66381,12.61926,12.574440000000001,12.52935,12.4839,12.43836,12.39246,12.34647,12.30039,12.25413,12.20787,12.16161,12.11535,12.06927,12.02328,11.97756,11.93211,11.88711,11.84238,11.79828,11.75472,11.71179,11.669580000000002,11.62818,11.587769999999999,11.54826,11.509920000000001,11.472660000000001,11.43666,11.4021,11.3688,11.33712,11.30697,11.27844,11.251619999999999,11.226600000000001,11.203380000000001,11.18205,11.16261,11.14515,11.129579999999999,11.11599,11.10438,11.094750000000001,11.08701,11.08116,11.077110000000001,11.074950000000001,11.07459,11.07585,11.07873,11.08314,11.08908,11.09628,11.10474,11.11446,11.12517,11.13687,11.149379999999999,11.162700000000001,11.17665,11.19105,11.20599,11.22129,11.23677,11.25252,11.268270000000001,11.28393,11.29959,11.31507,11.33019,11.345130000000001,11.359530000000001,11.37357,11.387070000000001,11.400030000000001,11.412360000000001,11.42406,11.43504,11.445210000000001,11.45466,11.46321,11.47104,11.47788,11.48391,11.488949999999999,11.49318,11.49633,11.49858,11.49984,11.500110000000001,11.499390000000002,11.49768,11.49498,11.491380000000001,11.4867,11.48103,11.47446,11.4669,11.458440000000001,11.44899,11.43864,11.427480000000001,11.41542,11.40246,11.38878,11.37429,11.35917,11.34324,11.326680000000001,11.30958,11.29194,11.273760000000001,11.25513,11.23614,11.216880000000002,11.19735,11.17764,11.15784,11.13804,11.11833,11.098709999999999,11.07945,11.06046,11.041920000000001,11.02392,11.00655,10.9899,10.974060000000001,10.95921,10.945350000000001,10.93257,10.92105,10.91088,10.90197,10.89459,10.88874,10.88451,10.881990000000002,10.88109,10.881990000000002,10.884599999999999,10.889100000000001,10.8954,10.903500000000001,10.91349,10.925189999999999,10.93869,10.95399,10.97091,10.98954,11.0097,11.03148,11.05461,11.079180000000001,11.10501,11.1321,11.16027,11.18952,11.21976,11.25081,11.28258,11.31516,11.348279999999999,11.38185,11.41596,11.45034,11.48508,11.51991,11.554920000000001,11.59002,11.62503,11.66004,11.694870000000002,11.72952,11.76399,11.7981,11.83185,11.86524,11.89827,11.93076,11.9628,11.9943,12.025170000000001,12.0555,12.0852,12.114270000000001,12.142619999999999,12.170340000000001,12.19725,12.22353,12.249,12.27366,12.2976,12.320730000000001,12.34296,12.36447,12.38508,12.40479,12.42369,12.4416,12.4587,12.474810000000002,12.490110000000001,12.504330000000001,12.51765,12.53007,12.54141,12.55185,12.561209999999999,12.569490000000002,12.57687,12.583079999999999,12.58821,12.59235,12.59532,12.59712,12.59784,12.5973,12.595680000000002,12.5928,12.588659999999999,12.583260000000001,12.57651,12.5685,12.55914,12.54843,12.53628,12.522689999999999,12.50757,12.490920000000001,12.47274,12.452940000000002,12.431519999999999,12.40839,12.38346,12.356819999999999,12.3282,12.29778,12.26529,12.230820000000001,12.194280000000001,12.15549,12.11445,12.07107,12.02526,11.977020000000001,11.92617,11.872530000000001,11.816189999999999,11.75688,11.6946,11.62917,11.560500000000001,11.488410000000002,11.41272,11.333430000000002,11.25036,11.163240000000002,11.07198,10.9764,10.87632,10.771469999999999,10.661850000000001,10.5471,10.42713,10.301670000000001,10.170539999999999,10.033560000000001,9.890460000000001,9.74115,9.585540000000002,9.42336,9.25461,9.0792,8.897319000000001,8.708994,8.514549,8.314434,8.109324,7.900155000000001,7.6882410000000005,7.475264999999999,7.2634680000000005,7.05564,6.855237,6.666399,6.4938780000000005,6.3429210000000005,6.218946,6.127092,6.071715,6.055749,6.080364,6.144741,6.246252,6.380856,6.5436749999999995,6.729489,6.933231,7.150266,7.376544000000001,7.608671999999999,7.843869000000001,8.079912,8.315090999999999,8.548074,8.777889,9.00378,9.22536,9.44217,9.65394,9.86076,10.06254,10.25919,10.45089,10.63773,10.8198,10.997280000000002,11.17026,11.338920000000002,11.50344,11.664000000000001,11.82069,11.97378,12.12327,12.26934,12.41226,12.55203,12.68883,12.822840000000001,12.95406,13.08276,13.208850000000002,13.332600000000001,13.4541,13.57335
14.638140000000002,14.559930000000001,14.48289,14.40729,14.33313,14.2605,14.18958,14.12037,14.053139999999999,13.9878,13.92453,13.863420000000001,13.80465,13.74822,13.69422,13.64274,13.593960000000001,13.54779,13.5045,13.46391,13.4262,13.39146,13.35951,13.33062,13.30461,13.28157,13.26141,13.24413,13.22973,13.21812,13.20921,13.203,13.1994,13.19823,13.19949,13.20309,13.208850000000002,13.21668,13.22649,13.2381,13.251510000000001,13.26654,13.28301,13.300920000000001,13.32009,13.34043,13.36176,13.38408,13.407300000000001,13.43115,13.45572,13.480830000000001,13.50639,13.53231,13.558589999999999,13.58514,13.61187,13.63869,13.6656,13.69251,13.719420000000001,13.74624,13.77297,13.799520000000001,13.82589,13.852079999999999,13.878,13.903649999999999,13.929120000000001,13.95423,13.97898,14.00346,14.02758,14.05143,14.07483,14.09796,14.12064,14.14296,14.16492,14.18652,14.20776,14.22855,14.248980000000001,14.26905,14.28876,14.308110000000001,14.327010000000001,14.345550000000001,14.36373,14.38155,14.39892,14.416020000000001,14.432670000000002,14.449050000000002,14.464979999999999,14.480550000000001,14.49576,14.510610000000002,14.5251,14.539229999999998,14.552909999999999,14.56632,14.57937,14.59206,14.6043,14.616270000000002,14.62788,14.63913,14.64993,14.66046,14.670539999999999,14.680349999999999,14.68971,14.6988,14.70744,14.71572,14.723640000000001,14.7312,14.738310000000002,14.745150000000002,14.75154,14.757570000000001,14.763240000000001,14.768460000000001,14.77341,14.777909999999999,14.78196,14.78574,14.789070000000002,14.791950000000002,14.794560000000002,14.79672,14.79843,14.799779999999998,14.80068,14.801310000000003,14.801400000000001,14.801129999999999,14.800500000000001,14.79942,14.79789,14.796000000000001,14.793660000000001,14.79096,14.787810000000002,14.7843,14.780339999999999,14.77593,14.771069999999998,14.765850000000002,14.760180000000002,14.75415,14.74767,14.740739999999999,14.733360000000001,14.72562,14.717429999999998,14.70879,14.699699999999998,14.690250000000002,14.680349999999999,14.670000000000002,14.6592,14.647950000000002,14.636339999999999,14.624279999999999,14.61177,14.59881,14.5854,14.57163,14.55732,14.54265,14.52753,14.511960000000002,14.495940000000001,14.479470000000001,14.462550000000002,14.44518,14.42736,14.40909,14.39037,14.3712,14.35167,14.3316,14.31108,14.29011,14.268690000000001,14.246820000000001,14.22441,14.201640000000001,14.17833,14.15457,14.13036,14.1057,14.080589999999999,14.05494,14.02884,14.00229,13.975200000000001,13.94766,13.91967,13.89114,13.862160000000001,13.83273,13.80276,13.77234,13.741380000000001,13.70997,13.678020000000002,13.64562,13.61268,13.57929,13.54536,13.51098,13.47606,13.440690000000002,13.404869999999999,13.36851,13.331700000000001,13.29435,13.25655,13.2183,13.17951,13.140360000000001,13.100670000000001,13.06062,13.02003,12.979080000000002,12.93768,12.89592,12.853710000000001,12.81123,12.7683,12.7251,12.68154,12.63771,12.59361,12.549240000000001,12.50469,12.45996,12.415140000000001,12.37023,12.32514,12.280140000000001,12.23514,12.190230000000001,12.14541,12.10077,12.056400000000002,12.01239,11.96865,11.925450000000001,11.8827,11.84049,11.799,11.758230000000001,11.71818,11.679120000000001,11.64096,11.60388,11.567879999999999,11.533140000000001,11.49966,11.46753,11.43684,11.407680000000001,11.38005,11.354040000000001,11.32974,11.30715,11.28627,11.26728,11.25,11.2347,11.221110000000001,11.2095,11.1996,11.19159,11.18538,11.18088,11.17809,11.177010000000001,11.17746,11.17944,11.18295,11.187809999999999,11.19393,11.201220000000001,11.20968,11.21913,11.22948,11.240639999999999,11.25261,11.26521,11.27826,11.29185,11.30571,11.319840000000001,11.334240000000001,11.348640000000001,11.36304,11.377350000000002,11.39157,11.405610000000001,11.41929,11.43261,11.44557,11.458079999999999,11.47005,11.48148,11.49219,11.502360000000001,11.51181,11.52054,11.52846,11.53566,11.541960000000001,11.547450000000001,11.55213,11.55582,11.5587,11.56068,11.56176,11.561850000000002,11.56104,11.559330000000001,11.55663,11.553030000000001,11.54844,11.54304,11.53665,11.52936,11.52126,11.51217,11.502360000000001,11.49165,11.480129999999999,11.4678,11.45484,11.441070000000002,11.426670000000001,11.411550000000002,11.395890000000001,11.37969,11.36304,11.34585,11.3283,11.31039,11.29221,11.273850000000001,11.2554,11.23677,11.21823,11.19978,11.18151,11.16351,11.14578,11.1285,11.11185,11.09574,11.08026,11.06568,11.052,11.03922,11.02752,11.01699,11.00772,10.99971,10.99314,10.988010000000001,10.98432,10.98225,10.9818,10.98297,10.985850000000001,10.99035,10.99665,11.00457,11.014289999999999,11.02563,11.038680000000001,11.05335,11.06964,11.08746,11.10681,11.127600000000001,11.149740000000001,11.17314,11.197890000000001,11.22372,11.250630000000001,11.278530000000002,11.30742,11.33712,11.36754,11.39868,11.43036,11.46249,11.49516,11.52819,11.5614,11.59488,11.62845,11.6622,11.69586,11.72952,11.763,11.79639,11.82951,11.86245,11.89503,11.92716,11.95902,11.99043,12.0213,12.051720000000001,12.0816,12.11094,12.13965,12.16773,12.19518,12.222,12.24801,12.273390000000001,12.29805,12.321990000000001,12.34512,12.36744,12.38904,12.409740000000001,12.429630000000001,12.44871,12.466890000000001,12.484259999999999,12.50064,12.516210000000001,12.53079,12.54447,12.557250000000002,12.569040000000001,12.57984,12.58965,12.59847,12.6063,12.61305,12.61872,12.6234,12.62691,12.629340000000001,12.630690000000001,12.63087,12.62979,12.62763,12.62421,12.61953,12.61359,12.60639,12.597750000000001,12.58785,12.576600000000001,12.56382,12.549600000000002,12.533940000000001,12.516660000000002,12.49785,12.47742,12.45528,12.43143,12.40587,12.37842,12.34908,12.31785,12.28455,12.24918,12.21174,12.17196,12.13002,12.085560000000001,12.03876,11.98935,11.937240000000001,11.882430000000001,11.82474,11.76399,11.70027,11.633220000000001,11.56284,11.488949999999999,11.41146,11.3301,11.24478,11.15532,11.06163,10.96326,10.8603,10.75239,10.63935,10.52091,10.396889999999999,10.26711,10.13121,9.98901,9.84024,9.68463,9.52209,9.352350000000001,9.175229999999999,8.990559,8.798355,8.598626999999999,8.391519,8.177355,7.956666,7.730271,7.4993490000000005,7.265547,7.031088,6.798924,6.572826,6.357492000000001,6.158583,5.982543,5.836329,5.726754,5.659731,5.639346,5.667201,5.742072,5.860233,6.0160860000000005,6.203088,6.414507,6.64407,6.886224,7.136369999999999,7.390764,7.6464810000000005,7.90128,8.153496,8.401905,8.645652,8.884161,9.117,9.34407,9.5652,9.78039,9.98982,10.1934,10.391399999999999,10.58391,10.77129,10.95354,11.13093,11.30364,11.471940000000002,11.63592,11.795760000000001,11.95173,12.10401,12.252600000000001,12.39786,12.53988,12.67875,12.81456,12.94767,13.07799,13.2057,13.33089,13.453740000000002,13.57434
14.74884,14.672520000000002,14.597370000000002,14.52357,14.4513,14.38047,14.311350000000001,14.24394,14.17833,14.11461,14.05296,13.99347,13.936050000000002,13.88097,13.828320000000001,13.77801,13.730310000000001,13.685130000000001,13.642560000000001,13.60269,13.565610000000001,13.53123,13.49964,13.470930000000001,13.444920000000002,13.42179,13.40136,13.38372,13.368780000000001,13.35645,13.346820000000001,13.33962,13.33494,13.33269,13.33269,13.33494,13.339260000000001,13.345650000000001,13.35384,13.36392,13.375620000000001,13.38894,13.4037,13.4199,13.437270000000002,13.455810000000001,13.475340000000001,13.49586,13.51719,13.53933,13.562100000000001,13.585500000000001,13.60935,13.633650000000001,13.65822,13.68315,13.708260000000001,13.73355,13.75893,13.784400000000002,13.80987,13.83534,13.86072,13.88592,13.91103,13.935960000000001,13.96071,13.98528,14.009490000000001,14.033520000000001,14.05728,14.080770000000001,14.1039,14.12676,14.14926,14.1714,14.19327,14.214780000000001,14.23593,14.25672,14.27715,14.29722,14.31702,14.33637,14.355360000000001,14.373990000000001,14.39226,14.410169999999999,14.427719999999999,14.444910000000002,14.46174,14.47821,14.494320000000002,14.510159999999999,14.525550000000003,14.540579999999999,14.55525,14.569650000000001,14.5836,14.597190000000001,14.61051,14.623380000000001,14.63598,14.64822,14.660100000000002,14.67153,14.682690000000001,14.69349,14.703930000000001,14.71401,14.72373,14.73318,14.74218,14.750820000000001,14.759100000000002,14.767020000000002,14.77458,14.78178,14.78853,14.795010000000001,14.801129999999999,14.806800000000003,14.812109999999999,14.81706,14.82165,14.82588,14.82966,14.83308,14.83614,14.838840000000001,14.841090000000001,14.84298,14.844420000000001,14.845590000000001,14.846219999999999,14.846580000000001,14.84649,14.84595,14.845049999999999,14.843789999999998,14.84208,14.840010000000001,14.83749,14.834610000000001,14.83128,14.827500000000002,14.823360000000001,14.818859999999999,14.813820000000002,14.808510000000002,14.80266,14.79645,14.78988,14.782770000000001,14.775300000000001,14.767470000000001,14.75919,14.750459999999999,14.741280000000001,14.73174,14.721750000000002,14.711310000000001,14.700420000000001,14.68917,14.67747,14.66532,14.652809999999999,14.639850000000001,14.62644,14.612580000000001,14.598270000000001,14.5836,14.568480000000001,14.552819999999999,14.536890000000001,14.520420000000001,14.503499999999999,14.486220000000001,14.4684,14.450220000000002,14.43159,14.41251,14.392890000000001,14.372910000000001,14.35248,14.3316,14.31027,14.28849,14.26626,14.24358,14.22045,14.19687,14.17284,14.14827,14.12334,14.09787,14.071950000000001,14.04558,14.01876,13.9914,13.96368,13.93542,13.90671,13.87746,13.847760000000001,13.81761,13.78701,13.75596,13.72437,13.69224,13.65975,13.62672,13.59324,13.55931,13.52484,13.48992,13.454550000000001,13.41864,13.382370000000002,13.34556,13.308300000000001,13.27068,13.232520000000001,13.19391,13.15494,13.115520000000002,13.075740000000001,13.03551,12.99483,12.95388,12.91248,12.87081,12.828780000000002,12.786480000000001,12.743820000000001,12.70098,12.657869999999999,12.61458,12.57102,12.52746,12.48372,12.43989,12.39597,12.35214,12.3084,12.26466,12.22119,12.177810000000001,12.13479,12.09204,12.049650000000002,12.007710000000001,11.96631,11.925450000000001,11.88522,11.8458,11.8071,11.7693,11.7324,11.69649,11.66175,11.62809,11.595690000000001,11.56464,11.534939999999999,11.506590000000001,11.47977,11.45457,11.430900000000001,11.408850000000001,11.38842,11.36979,11.352870000000001,11.337660000000001,11.324160000000001,11.31246,11.30238,11.2941,11.28753,11.28258,11.279250000000001,11.27745,11.277180000000001,11.27844,11.28096,11.284830000000001,11.28987,11.29617,11.303460000000001,11.31174,11.320829999999999,11.330820000000001,11.34144,11.352780000000001,11.36457,11.37681,11.38941,11.402280000000001,11.41533,11.42847,11.441699999999999,11.45484,11.46789,11.48076,11.493360000000001,11.505600000000001,11.517570000000001,11.52909,11.54007,11.5506,11.560500000000001,11.56986,11.57859,11.5866,11.59389,11.60046,11.606309999999999,11.61135,11.615490000000001,11.618910000000001,11.62143,11.623140000000001,11.624039999999999,11.62395,11.623050000000001,11.62125,11.618549999999999,11.61504,11.61063,11.60532,11.5992,11.59218,11.584349999999999,11.57571,11.56626,11.55609,11.54511,11.53341,11.52099,11.50794,11.49426,11.47995,11.465190000000002,11.4498,11.43405,11.417850000000001,11.401290000000001,11.38446,11.36736,11.35008,11.33271,11.31525,11.297880000000001,11.280600000000002,11.2635,11.24667,11.2302,11.21418,11.19861,11.18367,11.169450000000001,11.15595,11.143350000000002,11.131649999999999,11.120940000000001,11.111310000000001,11.10294,11.09574,11.08989,11.0853,11.082239999999999,11.08062,11.08053,11.08197,11.08494,11.08962,11.09583,11.103660000000001,11.11302,11.124089999999999,11.13669,11.15082,11.16639,11.18349,11.20203,11.22192,11.24316,11.26557,11.28915,11.3139,11.339640000000001,11.366280000000001,11.39391,11.42226,11.45142,11.48121,11.51154,11.54232,11.573640000000001,11.60523,11.637179999999999,11.66931,11.70153,11.733929999999999,11.766240000000002,11.79864,11.830860000000001,11.862990000000002,11.89494,11.92662,11.95803,11.98908,12.01977,12.0501,12.07989,12.10932,12.13812,12.16647,12.194189999999999,12.22137,12.24792,12.273840000000002,12.29904,12.32361,12.34746,12.370590000000002,12.39291,12.414510000000002,12.4353,12.45537,12.47454,12.49299,12.510449999999999,12.527190000000001,12.54294,12.55788,12.57192,12.58497,12.59712,12.60837,12.61863,12.6279,12.636180000000001,12.64338,12.64968,12.654810000000001,12.65895,12.66192,12.6639,12.66471,12.66435,12.662820000000002,12.660120000000001,12.65616,12.65094,12.64446,12.63672,12.62763,12.6171,12.605310000000001,12.59199,12.57723,12.56094,12.54303,12.52368,12.50253,12.47976,12.45528,12.429,12.400830000000001,12.37077,12.33873,12.304710000000002,12.26853,12.23019,12.1896,12.14667,12.10131,12.05343,12.00294,11.94975,11.89368,11.83473,11.77272,11.70756,11.63907,11.56707,11.49156,11.41218,11.32893,11.24163,11.14992,11.0538,10.953,10.84725,10.736369999999999,10.620090000000001,10.49823,10.37043,10.236419999999999,10.096020000000001,9.94887,9.79461,9.63306,9.46395,9.28683,9.10152,8.907858000000001,8.705574,8.494587000000001,8.274887999999999,8.046621,7.810137,7.566048,7.315353000000001,7.059528,6.800715,6.541866000000001,6.286977,6.0412859999999995,5.811354000000001,5.605119,5.431500000000001,5.299668,5.217867,5.191947000000001,5.224176,5.312709,5.452074,5.634378,5.850738,6.092442,6.35175,6.6221820000000005,6.898581,7.1769870000000004,7.454447999999999,7.728813,7.998552000000001,8.262648,8.520417,8.771454,9.01557,9.25272,9.482850000000001,9.706230000000001,9.92286,10.13319,10.33722,10.53522,10.727549999999999,10.914390000000001,11.09592,11.2725,11.44422,11.61144,11.77434,11.933100000000001,12.0879,12.23892,12.38634,12.530339999999999,12.671190000000001,12.8088,12.94353,13.07547,13.20462,13.33125,13.45545,13.57722
14.85855,14.783940000000001,14.71059,14.63868,14.568029999999998,14.499,14.43159,14.3658,14.30181,14.23971,14.1795,14.121360000000001,14.06538,14.011560000000001,13.960080000000001,13.91085,13.86414,13.81986,13.7781,13.73886,13.70232,13.668389999999999,13.637070000000001,13.60845,13.58244,13.55922,13.53852,13.520520000000001,13.50504,13.492170000000002,13.481729999999999,13.47372,13.468140000000002,13.464720000000002,13.46364,13.46463,13.467600000000001,13.47255,13.4793,13.48785,13.49802,13.50972,13.52286,13.53726,13.55301,13.569840000000001,13.587660000000001,13.60647,13.626090000000001,13.64652,13.66767,13.68936,13.71159,13.73418,13.75722,13.78062,13.8042,13.827960000000001,13.8519,13.87593,13.90005,13.92408,13.9482,13.97214,13.99599,14.01975,14.043330000000001,14.06673,14.08986,14.11281,14.135580000000001,14.15799,14.18022,14.20209,14.22369,14.24493,14.26599,14.2866,14.306939999999999,14.32692,14.34663,14.36598,14.384970000000001,14.4036,14.42196,14.43996,14.457600000000001,14.474880000000002,14.491800000000001,14.50836,14.524650000000001,14.540489999999998,14.55606,14.57127,14.586120000000001,14.6007,14.614830000000001,14.62869,14.642190000000001,14.65533,14.668109999999999,14.68053,14.69268,14.70447,14.7159,14.72697,14.73768,14.748030000000002,14.75802,14.76774,14.7771,14.78601,14.79465,14.802930000000002,14.810849999999999,14.81841,14.82561,14.83245,14.838930000000001,14.844959999999999,14.850720000000003,14.856119999999999,14.86116,14.865749999999998,14.870070000000002,14.87394,14.87745,14.8806,14.883389999999999,14.88573,14.887800000000002,14.889420000000001,14.890590000000001,14.89149,14.891940000000002,14.892030000000002,14.89167,14.89095,14.88987,14.888340000000001,14.886450000000002,14.884110000000002,14.88141,14.878350000000001,14.87484,14.87097,14.86665,14.861970000000001,14.85684,14.85126,14.845320000000001,14.83902,14.83227,14.82507,14.817509999999999,14.809499999999998,14.801129999999999,14.79231,14.78304,14.77341,14.763330000000002,14.7528,14.741909999999999,14.73057,14.718869999999999,14.706629999999999,14.69403,14.68107,14.66757,14.65371,14.639490000000002,14.624730000000001,14.609610000000002,14.59404,14.57802,14.56155,14.544719999999998,14.52744,14.50971,14.491530000000001,14.47299,14.453909999999999,14.43447,14.41458,14.394240000000002,14.37345,14.35221,14.33052,14.30838,14.28588,14.26284,14.23935,14.2155,14.19111,14.16636,14.141070000000001,14.11533,14.08914,14.06259,14.0355,14.007959999999999,13.979880000000001,13.95144,13.922550000000001,13.89312,13.863240000000001,13.833,13.80222,13.77099,13.739220000000001,13.70709,13.67442,13.64139,13.60782,13.5738,13.53933,13.50441,13.46913,13.43331,13.39704,13.360410000000002,13.32324,13.285710000000002,13.247819999999999,13.20948,13.17069,13.131540000000001,13.09203,13.05216,13.011930000000001,12.97143,12.930570000000001,12.88935,12.847949999999999,12.80619,12.764249999999999,12.72213,12.679829999999999,12.63735,12.59478,12.55212,12.50937,12.46662,12.42396,12.3813,12.33882,12.296520000000001,12.2544,12.21255,12.17106,12.12993,12.08925,12.04911,12.00951,11.97054,11.93238,11.89485,11.858220000000001,11.82258,11.787840000000001,11.75418,11.721599999999999,11.690190000000001,11.66013,11.63124,11.60379,11.57778,11.55321,11.53008,11.50857,11.48868,11.47032,11.45358,11.438550000000001,11.425139999999999,11.41335,11.403179999999999,11.39472,11.38779,11.382390000000001,11.37852,11.376090000000001,11.37519,11.37555,11.377350000000002,11.380230000000001,11.38437,11.38959,11.395800000000001,11.403,11.411010000000001,11.419830000000001,11.42928,11.43936,11.449980000000002,11.460960000000002,11.47239,11.484,11.49588,11.507850000000001,11.51991,11.53197,11.543849999999999,11.55564,11.56716,11.5785,11.58939,11.60001,11.61009,11.61981,11.6289,11.63754,11.64555,11.65284,11.65959,11.66562,11.67084,11.67543,11.679210000000001,11.68227,11.68452,11.685960000000001,11.686589999999999,11.68641,11.68542,11.683530000000001,11.68092,11.67741,11.67309,11.667959999999999,11.66202,11.65527,11.6478,11.639520000000001,11.63052,11.620709999999999,11.61027,11.59911,11.58741,11.574990000000001,11.56194,11.54844,11.534400000000002,11.51991,11.50497,11.48967,11.4741,11.458169999999999,11.44215,11.42586,11.40957,11.39328,11.37699,11.360790000000001,11.34486,11.3292,11.31381,11.298869999999999,11.28447,11.27061,11.257380000000001,11.24496,11.233350000000002,11.22264,11.21283,11.2041,11.19645,11.19006,11.18484,11.18088,11.17827,11.177100000000001,11.17737,11.178989999999999,11.18214,11.18682,11.19303,11.20068,11.209859999999999,11.22057,11.23272,11.246400000000001,11.26143,11.27781,11.295630000000001,11.31462,11.33496,11.35647,11.37906,11.402640000000002,11.427299999999999,11.452860000000001,11.47923,11.50641,11.53431,11.562750000000001,11.59182,11.62143,11.6514,11.68173,11.71233,11.74311,11.77416,11.805209999999999,11.836350000000001,11.86749,11.89845,11.929409999999999,11.9601,11.9907,12.020940000000001,12.050910000000002,12.08052,12.10977,12.13857,12.166920000000001,12.19482,12.22218,12.249,12.27519,12.30084,12.32586,12.35025,12.37401,12.39705,12.41937,12.44097,12.46185,12.48192,12.50127,12.51981,12.53754,12.554369999999999,12.57048,12.5856,12.599910000000001,12.61332,12.62583,12.637440000000002,12.648060000000001,12.65778,12.66651,12.67425,12.681000000000001,12.68667,12.69135,12.69495,12.697470000000001,12.69891,12.69918,12.69828,12.696299999999999,12.693060000000001,12.68856,12.68289,12.675870000000002,12.66759,12.65796,12.64698,12.63456,12.62079,12.605400000000001,12.588569999999999,12.57012,12.550139999999999,12.528450000000001,12.50505,12.479940000000001,12.45303,12.424140000000001,12.39345,12.36069,12.32586,12.288960000000001,12.24972,12.20832,12.16449,12.11823,12.06936,12.01788,11.96361,11.906460000000001,11.84634,11.78307,11.71656,11.64672,11.57328,11.49615,11.41515,11.3301,11.240910000000001,11.14722,11.04885,10.94562,10.837349999999999,10.72377,10.60452,10.479330000000001,10.34802,10.21014,10.06551,9.913680000000001,9.754380000000001,9.58716,9.41175,9.2277,9.034650000000001,8.83233,8.620353,8.398458,8.166483,7.924338,7.67214,7.410249,7.139367,6.860709,6.576147,6.288489,6.001749,5.721516,5.45526,5.2125390000000005,5.004783000000001,4.844493,4.743468,4.710393,4.748652,4.855329,5.022144,5.237685,5.489748,5.767119,6.060402000000001,6.362226,6.667074,6.9709319999999995,7.271001,7.565373,7.852788,8.132499000000001,8.404074,8.66736,8.922339000000001,9.169110000000002,9.40797,9.639090000000001,9.86274,10.079279999999999,10.28898,10.49211,10.689119999999999,10.88019,11.06568,11.24577,11.42082,11.59101,11.7567,11.91798,12.07512,12.22839,12.37788,12.52377,12.66633,12.80565,12.94191,13.07529,13.20588,13.333770000000001,13.45914,13.582080000000001
14.96727,14.894369999999999,14.82273,14.75244,14.683500000000002,14.616090000000002,14.550209999999998,14.486040000000001,14.42358,14.36292,14.30415,14.247359999999999,14.19264,14.139990000000001,14.08959,14.04144,13.99563,13.95216,13.91112,13.87251,13.83642,13.80285,13.7718,13.743360000000001,13.71735,13.693950000000001,13.67307,13.654710000000001,13.63878,13.62528,13.61421,13.605390000000002,13.59882,13.5945,13.59225,13.59207,13.59387,13.59747,13.602870000000001,13.60998,13.61862,13.62879,13.640400000000001,13.65327,13.66731,13.68252,13.69881,13.715910000000001,13.734,13.75281,13.77225,13.79241,13.81302,13.83408,13.85559,13.87746,13.899600000000001,13.92192,13.944510000000001,13.9671,13.98987,14.01264,14.03541,14.058090000000002,14.080770000000001,14.10327,14.12577,14.148000000000001,14.17014,14.19201,14.2137,14.23512,14.25636,14.27733,14.298029999999999,14.31846,14.33862,14.358419999999999,14.37795,14.397210000000001,14.416110000000002,14.43474,14.45301,14.470920000000001,14.488560000000001,14.50593,14.522940000000002,14.53959,14.555880000000002,14.5719,14.587560000000002,14.602860000000002,14.617890000000001,14.63247,14.64687,14.66082,14.6745,14.68782,14.70078,14.71347,14.7258,14.73777,14.74947,14.760720000000001,14.771700000000001,14.782320000000002,14.79267,14.80257,14.812199999999999,14.82147,14.830470000000002,14.83902,14.84721,14.85513,14.862689999999999,14.869889999999998,14.876729999999998,14.88321,14.889330000000001,14.895090000000001,14.900490000000001,14.905620000000003,14.910300000000001,14.91462,14.91858,14.92218,14.92542,14.92821,14.93073,14.932889999999999,14.934600000000001,14.935950000000002,14.93694,14.937570000000001,14.937750000000001,14.937570000000001,14.937029999999998,14.93613,14.934780000000002,14.933070000000003,14.931000000000001,14.92848,14.9256,14.922270000000001,14.91858,14.914530000000001,14.91003,14.90517,14.899949999999999,14.89428,14.888160000000001,14.88168,14.87484,14.867550000000001,14.85981,14.851709999999999,14.84325,14.834340000000001,14.824980000000002,14.815260000000002,14.80509,14.794560000000002,14.783580000000002,14.77215,14.760360000000002,14.748120000000002,14.735520000000001,14.72247,14.70906,14.69511,14.680800000000001,14.66613,14.651010000000001,14.635440000000001,14.61942,14.60304,14.586210000000001,14.56893,14.5512,14.53311,14.514570000000003,14.49567,14.476230000000001,14.45643,14.436179999999998,14.415479999999999,14.39433,14.372819999999999,14.35077,14.328360000000002,14.3055,14.28219,14.25843,14.23422,14.20956,14.18454,14.158980000000001,14.13306,14.1066,14.07978,14.05242,14.024700000000001,13.99653,13.96782,13.93875,13.909139999999999,13.87917,13.848749999999999,13.81779,13.786470000000001,13.7547,13.72248,13.689720000000001,13.6566,13.62303,13.5891,13.554630000000001,13.5198,13.48443,13.448789999999999,13.41261,13.37607,13.339170000000001,13.30182,13.26411,13.226040000000001,13.187610000000001,13.14882,13.10967,13.07016,13.03038,12.99033,12.95001,12.90942,12.86865,12.82761,12.78639,12.74499,12.70359,12.66201,12.62034,12.57867,12.537,12.495420000000001,12.45393,12.41253,12.371400000000001,12.33045,12.28977,12.24945,12.20958,12.170069999999999,12.1311,12.09276,12.05496,12.01788,11.981610000000002,11.946150000000001,11.9115,11.87793,11.845260000000001,11.81367,11.783249999999999,11.754000000000001,11.7261,11.69937,11.67408,11.65014,11.627640000000001,11.606580000000001,11.58705,11.56896,11.55249,11.53755,11.524230000000001,11.51235,11.502089999999999,11.493360000000001,11.48607,11.480310000000001,11.47599,11.47302,11.471400000000001,11.47113,11.47212,11.47419,11.477430000000002,11.481660000000002,11.48697,11.49309,11.50002,11.507760000000001,11.51613,11.52504,11.53449,11.54439,11.55465,11.56518,11.57589,11.586780000000001,11.59767,11.60865,11.61954,11.63025,11.640780000000001,11.65113,11.661209999999999,11.67084,11.68011,11.689020000000001,11.69739,11.70522,11.7126,11.71926,11.72538,11.73087,11.73573,11.73987,11.7432,11.7459,11.74788,11.74905,11.7495,11.74923,11.74806,11.74617,11.74356,11.74014,11.73591,11.73096,11.725200000000001,11.71872,11.71152,11.7036,11.69496,11.6856,11.6757,11.66508,11.653830000000001,11.642040000000001,11.629800000000001,11.61693,11.60361,11.58993,11.575800000000001,11.5614,11.54673,11.5317,11.516580000000001,11.50137,11.48607,11.47077,11.455470000000002,11.44044,11.425500000000001,11.410829999999999,11.39652,11.38266,11.369250000000001,11.35647,11.34423,11.3328,11.32209,11.312280000000001,11.30328,11.29536,11.28852,11.282760000000001,11.27817,11.274750000000001,11.272590000000001,11.271780000000001,11.27232,11.27421,11.27754,11.28222,11.28834,11.2959,11.3049,11.31525,11.32704,11.34018,11.35467,11.370510000000001,11.38752,11.40579,11.425229999999999,11.445839999999999,11.46744,11.490120000000001,11.5137,11.53818,11.56347,11.58948,11.61612,11.64348,11.67129,11.699639999999999,11.728349999999999,11.75751,11.786850000000001,11.816460000000001,11.84625,11.87613,11.90601,11.93598,11.96577,11.995560000000001,12.025170000000001,12.0546,12.08376,12.11265,12.14118,12.16935,12.19716,12.22461,12.251520000000001,12.27789,12.30381,12.32919,12.35394,12.378150000000002,12.40173,12.42459,12.44691,12.46842,12.4893,12.50946,12.5289,12.547530000000002,12.565349999999999,12.58236,12.598650000000001,12.61404,12.628620000000002,12.64239,12.65517,12.66714,12.67812,12.6882,12.69738,12.70557,12.712769999999999,12.71898,12.7242,12.72834,12.7314,12.73338,12.73437,12.7341,12.732750000000001,12.73023,12.72654,12.721589999999999,12.71538,12.70791,12.69909,12.689010000000001,12.67749,12.664530000000001,12.65022,12.63429,12.61692,12.59793,12.57741,12.55518,12.53115,12.50541,12.477870000000001,12.44835,12.41694,12.38355,12.348,12.31038,12.270420000000001,12.22821,12.18357,12.13641,12.086730000000001,12.03426,11.979000000000001,11.920860000000001,11.85966,11.79522,11.72754,11.65635,11.58156,11.50299,11.42046,11.33379,11.2428,11.14722,11.04687,10.94148,10.83087,10.714680000000001,10.592730000000001,10.46457,10.330020000000001,10.18863,10.04004,9.883980000000001,9.72,9.54756,9.3663,9.17586,8.97561,8.765181,8.544087000000001,8.311896,8.068221,7.812756,7.5453209999999995,7.265961,6.975009,6.673248,6.362127,6.044049,5.722748999999999,5.403843,5.095404,4.808628000000001,4.557978,4.360572,4.2337620000000005,4.191084,4.2378659999999995,4.369293000000001,4.572288,4.8298950000000005,5.125302,5.444253000000001,5.7757320000000005,6.1117289999999995,6.4466909999999995,6.776865,7.099839,7.414146000000001,7.718922,8.013789000000001,8.298648,8.573589,8.838855,9.09477,9.34164,9.57996,9.81009,10.03239,10.24731,10.455300000000001,10.65654,10.85148,11.04048,11.2239,11.401919999999999,11.574900000000001,11.743020000000001,11.90664,12.066030000000001,12.22119,12.37257,12.52026,12.66444,12.80529,12.9429,13.07763,13.209389999999999,13.33845,13.4649,13.588920000000002
15.075000000000001,15.00372,14.9337,14.86494,14.79762,14.73174,14.667390000000001,14.604659999999999,14.543640000000002,14.484329999999998,14.426910000000001,14.37138,14.317919999999999,14.26635,14.21703,14.169870000000001,14.12487,14.082120000000002,14.0418,14.00373,13.96809,13.93488,13.9041,13.87575,13.84974,13.826250000000002,13.80519,13.786470000000001,13.770090000000001,13.75605,13.74426,13.73472,13.72734,13.72203,13.71879,13.71744,13.71807,13.72041,13.724549999999999,13.730310000000001,13.73751,13.74624,13.75641,13.76775,13.78035,13.794030000000001,13.8087,13.82436,13.84083,13.85802,13.87602,13.89456,13.91373,13.93335,13.953330000000001,13.97376,13.99446,14.01543,14.03658,14.05791,14.07933,14.100750000000001,14.12226,14.14377,14.165280000000001,14.1867,14.20794,14.22918,14.250150000000001,14.27103,14.29173,14.31225,14.332500000000001,14.35257,14.37237,14.3919,14.411249999999999,14.43024,14.448960000000001,14.46741,14.485589999999998,14.503499999999999,14.521049999999999,14.53833,14.55525,14.5719,14.58828,14.6043,14.619959999999999,14.635350000000003,14.650470000000002,14.66523,14.679630000000001,14.69376,14.70753,14.72103,14.734170000000002,14.74704,14.75955,14.771700000000001,14.783490000000002,14.795010000000001,14.80626,14.81715,14.82768,14.83785,14.84775,14.857289999999999,14.86647,14.875379999999998,14.883840000000001,14.892120000000002,14.899949999999999,14.90742,14.91462,14.92146,14.927940000000001,14.934059999999999,14.939910000000001,14.94531,14.95044,14.95512,14.95953,14.96358,14.967179999999999,14.97051,14.97348,14.976,14.97825,14.98005,14.981580000000001,14.982660000000001,14.98338,14.98374,14.98374,14.98329,14.98257,14.9814,14.979870000000002,14.977979999999999,14.975640000000002,14.972940000000001,14.96988,14.966460000000001,14.96259,14.95836,14.953680000000002,14.948640000000001,14.943240000000001,14.93739,14.93118,14.92461,14.917589999999999,14.910210000000001,14.902379999999999,14.89419,14.88555,14.87655,14.867099999999999,14.857289999999999,14.84712,14.8365,14.82543,14.814000000000002,14.80212,14.78988,14.777190000000001,14.76414,14.750640000000002,14.73678,14.72247,14.707709999999999,14.69259,14.67702,14.66109,14.64462,14.62788,14.610600000000002,14.592960000000001,14.574960000000003,14.556420000000001,14.537519999999999,14.51826,14.498460000000001,14.4783,14.45769,14.436720000000001,14.4153,14.39343,14.37111,14.34834,14.32521,14.301630000000001,14.277600000000001,14.253120000000001,14.228190000000001,14.202900000000001,14.17716,14.150970000000001,14.12433,14.097240000000001,14.0697,14.0418,14.013449999999999,13.98456,13.95531,13.925609999999999,13.89555,13.86495,13.83399,13.80258,13.77072,13.738410000000002,13.70574,13.672530000000002,13.639050000000001,13.60503,13.57065,13.53591,13.50072,13.46508,13.429170000000001,13.39281,13.35609,13.31901,13.28157,13.24377,13.2057,13.16727,13.128570000000002,13.08951,13.05027,13.010760000000001,12.97098,12.93102,12.890880000000001,12.85056,12.81015,12.76965,12.72906,12.68838,12.64779,12.607199999999999,12.566609999999999,12.5262,12.48597,12.445829999999999,12.40605,12.36654,12.3273,12.2886,12.25026,12.21237,12.17511,12.13848,12.10257,12.067380000000002,12.03291,11.99934,11.96676,11.935080000000001,11.90448,11.87496,11.846520000000002,11.81934,11.793330000000001,11.76867,11.74536,11.7234,11.70279,11.68362,11.66589,11.649600000000001,11.63484,11.62152,11.60964,11.5992,11.590200000000001,11.58273,11.57652,11.57175,11.568240000000001,11.566080000000001,11.56509,11.56536,11.56671,11.56905,11.572470000000001,11.576789999999999,11.58192,11.587950000000001,11.59461,11.6019,11.609820000000001,11.61819,11.62701,11.636190000000001,11.64564,11.65536,11.66517,11.675070000000002,11.68497,11.694870000000002,11.704590000000001,11.714220000000001,11.72367,11.732850000000001,11.741670000000001,11.75013,11.758230000000001,11.765880000000001,11.77308,11.77974,11.78586,11.79144,11.79639,11.80071,11.8044,11.80746,11.809800000000001,11.81151,11.8125,11.81277,11.812230000000001,11.811060000000001,11.80917,11.80647,11.80305,11.799,11.79414,11.78865,11.782350000000001,11.77542,11.76786,11.75958,11.750670000000001,11.74122,11.73114,11.72043,11.709270000000002,11.697569999999999,11.68542,11.67282,11.65986,11.64654,11.63295,11.61909,11.60505,11.59083,11.57643,11.56212,11.54772,11.5335,11.51937,11.505419999999999,11.49183,11.47851,11.46555,11.45313,11.44125,11.43,11.41947,11.40957,11.40057,11.392470000000001,11.38527,11.37906,11.373930000000001,11.36988,11.367,11.36529,11.36484,11.36565,11.36772,11.37114,11.375910000000001,11.38203,11.38941,11.39823,11.40831,11.419649999999999,11.43234,11.44638,11.4615,11.47797,11.49552,11.51415,11.53386,11.55465,11.57634,11.598930000000001,11.62233,11.64654,11.67147,11.697030000000002,11.723220000000001,11.74995,11.77713,11.804670000000002,11.83257,11.86083,11.88927,11.917800000000002,11.94651,11.97531,12.004109999999999,12.03282,12.06153,12.08997,12.11832,12.1464,12.174299999999999,12.20184,12.22902,12.25584,12.282300000000001,12.30822,12.33378,12.3588,12.383280000000001,12.40722,12.430530000000001,12.4533,12.475439999999999,12.49695,12.51774,12.537899999999999,12.55734,12.57606,12.59397,12.61116,12.62763,12.6432,12.658050000000001,12.672,12.68514,12.69738,12.70872,12.71916,12.728700000000002,12.73734,12.74499,12.75165,12.75741,12.76209,12.765690000000001,12.7683,12.76983,12.77028,12.76956,12.76776,12.7647,12.76056,12.75507,12.74841,12.740490000000001,12.73122,12.720600000000001,12.70854,12.69513,12.68028,12.6639,12.64599,12.62655,12.605400000000001,12.58263,12.558060000000001,12.531780000000001,12.50361,12.473550000000001,12.441510000000001,12.407399999999999,12.371310000000001,12.332880000000001,12.29229,12.249360000000001,12.20391,12.156030000000001,12.10545,12.05217,11.996010000000002,11.93688,11.874690000000001,11.80917,11.74041,11.66805,11.592,11.51217,11.4282,11.34009,11.24748,11.15019,11.04804,10.94076,10.82799,10.70955,10.585080000000001,10.45431,10.316790000000001,10.17225,10.02015,9.86022,9.69201,9.514890000000001,9.3285,9.13212,8.92539,8.707608,8.478198,8.236557000000001,7.982082000000001,7.714224000000001,7.432487999999999,7.136559,6.826293,6.501951,6.164343,5.81517,5.457483,5.096367,4.739913,4.400424,4.095612,3.8487690000000003,3.6861210000000004,3.6298980000000003,3.6892169999999997,3.8555189999999997,4.107096,4.418118,4.765617000000001,5.132088,5.505363,5.877423,6.2432099999999995,6.5996820000000005,6.945093000000001,7.278588,7.59987,7.9089659999999995,8.206164000000001,8.491878000000002,8.766576,9.03078,9.28503,9.52992,9.76581,9.99333,10.21302,10.42515,10.630260000000002,10.828710000000001,11.02086,11.207160000000002,11.38779,11.5632,11.73366,11.89935,12.060630000000002,12.217680000000001,12.37068,12.5199,12.66552,12.80772,12.94659,13.08249,13.21533,13.34547,13.47291,13.59783
15.181650000000001,15.11199,15.0435,14.97627,14.91048,14.84604,14.78313,14.721750000000002,14.66208,14.604120000000002,14.547960000000002,14.493599999999999,14.44122,14.39073,14.3424,14.29605,14.25186,14.20992,14.17014,14.1327,14.09742,14.06457,14.03397,14.00571,13.9797,13.95612,13.934790000000001,13.9158,13.89897,13.88439,13.87206,13.86171,13.85361,13.8474,13.84317,13.84083,13.84029,13.84155,13.844430000000001,13.848840000000001,13.85478,13.862160000000001,13.870890000000001,13.88088,13.89195,13.90419,13.917420000000002,13.93155,13.94658,13.96233,13.9788,13.9959,14.013630000000001,14.03181,14.05044,14.06943,14.08878,14.1084,14.128200000000001,14.14818,14.16834,14.188590000000001,14.208929999999999,14.22918,14.24952,14.26977,14.29002,14.31009,14.33016,14.34996,14.369670000000001,14.3892,14.40855,14.427719999999999,14.446620000000001,14.465340000000001,14.48379,14.50197,14.519969999999999,14.537609999999999,14.55507,14.572169999999998,14.58909,14.60565,14.62194,14.63796,14.65362,14.66901,14.68413,14.69898,14.71347,14.7276,14.74146,14.75505,14.768370000000003,14.78133,14.79393,14.80626,14.818230000000002,14.82993,14.841360000000002,14.852340000000002,14.863140000000001,14.87358,14.883660000000003,14.893380000000002,14.902830000000002,14.91201,14.920830000000002,14.929290000000002,14.93739,14.945219999999999,14.95269,14.95989,14.96664,14.973120000000002,14.979239999999999,14.98509,14.99049,14.99562,15.000390000000001,15.004800000000001,15.00885,15.012630000000001,15.01596,15.01902,15.02163,15.02397,15.02586,15.027479999999999,15.028649999999999,15.02946,15.03,15.03009,15.02982,15.029190000000002,15.0282,15.026850000000001,15.025140000000002,15.02298,15.02046,15.01758,15.01434,15.01074,15.006689999999999,15.00228,14.997510000000002,14.99229,14.986710000000002,14.98077,14.974380000000002,14.967630000000002,14.960520000000002,14.95305,14.945129999999999,14.93676,14.92812,14.91894,14.90949,14.89959,14.889240000000001,14.878620000000002,14.867460000000001,14.856029999999999,14.84406,14.83182,14.81913,14.805990000000001,14.79249,14.778540000000001,14.76423,14.74956,14.734350000000001,14.718869999999999,14.702850000000002,14.68656,14.669730000000001,14.65254,14.63499,14.61699,14.598540000000002,14.57973,14.56047,14.54085,14.52069,14.50026,14.47929,14.45796,14.436269999999999,14.41404,14.39145,14.368500000000001,14.34501,14.32116,14.29686,14.272200000000002,14.247,14.221530000000001,14.19552,14.16906,14.14224,14.115060000000001,14.08734,14.05926,14.03073,14.00175,13.97241,13.94253,13.91238,13.881689999999999,13.85064,13.819139999999999,13.78728,13.75497,13.7223,13.68918,13.6557,13.621770000000001,13.587480000000001,13.55283,13.51782,13.48236,13.44663,13.410449999999999,13.374,13.337190000000001,13.30011,13.26267,13.22496,13.18698,13.14873,13.11021,13.07151,13.032540000000001,12.993480000000002,12.95415,12.91473,12.87522,12.835619999999999,12.79602,12.75633,12.71664,12.67704,12.63753,12.59811,12.55896,12.5199,12.481200000000001,12.442680000000001,12.40461,12.3669,12.329640000000001,12.29292,12.25674,12.22119,12.18627,12.15207,12.11868,12.0861,12.05442,12.02364,11.99394,11.96523,11.9376,11.911140000000001,11.88585,11.86182,11.83905,11.81754,11.79738,11.77857,11.76111,11.745000000000001,11.73033,11.71701,11.705129999999999,11.6946,11.68542,11.67759,11.67111,11.66589,11.661930000000002,11.65923,11.65761,11.657160000000001,11.65779,11.659410000000001,11.66202,11.66544,11.66967,11.67471,11.680470000000001,11.686860000000001,11.6937,11.701080000000001,11.70891,11.7171,11.72556,11.734200000000001,11.743020000000001,11.751930000000002,11.76093,11.76984,11.77875,11.78748,11.79603,11.804310000000001,11.81241,11.82006,11.827440000000001,11.83437,11.84094,11.84697,11.852549999999999,11.85759,11.86209,11.865960000000001,11.869290000000001,11.8719,11.873970000000002,11.87541,11.87613,11.87622,11.87559,11.87433,11.872349999999999,11.86965,11.86632,11.86227,11.85759,11.85228,11.84625,11.83959,11.8323,11.82438,11.81592,11.806830000000001,11.79729,11.78712,11.7765,11.76543,11.753910000000001,11.74203,11.72979,11.71719,11.70432,11.69127,11.678040000000001,11.664629999999999,11.65122,11.63772,11.624310000000001,11.6109,11.597760000000001,11.584710000000001,11.57202,11.5596,11.54763,11.53611,11.52513,11.51478,11.50497,11.495970000000002,11.487689999999999,11.480310000000001,11.47383,11.46825,11.463659999999999,11.46015,11.45772,11.45646,11.456280000000001,11.45736,11.459610000000001,11.46321,11.46798,11.474010000000002,11.4813,11.48985,11.49966,11.51073,11.52297,11.536470000000001,11.55114,11.56689,11.58372,11.60163,11.62062,11.640509999999999,11.6613,11.68299,11.705400000000001,11.728620000000001,11.75256,11.77704,11.802150000000001,11.8278,11.85381,11.880270000000001,11.90709,11.93418,11.96154,11.98899,12.016620000000001,12.04425,12.07197,12.0996,12.12714,12.15459,12.18195,12.20904,12.23586,12.262410000000001,12.2886,12.31452,12.33999,12.365100000000002,12.389669999999999,12.41388,12.43746,12.46059,12.48318,12.50514,12.52647,12.54726,12.56733,12.586680000000001,12.60549,12.62349,12.64077,12.657330000000002,12.67308,12.68811,12.70224,12.71565,12.72816,12.73986,12.750660000000002,12.76065,12.76965,12.777660000000001,12.78486,12.79098,12.7962,12.80043,12.80358,12.80565,12.80673,12.80664,12.805470000000001,12.80322,12.79971,12.79503,12.78918,12.781979999999999,12.77361,12.76389,12.752730000000001,12.740310000000001,12.72645,12.71106,12.69423,12.67578,12.6558,12.6342,12.610890000000001,12.58578,12.55896,12.53025,12.49965,12.46698,12.43233,12.39561,12.35655,12.31533,12.27168,12.2256,12.17691,12.12561,12.071520000000001,12.014550000000002,11.95461,11.89143,11.825099999999999,11.755260000000002,11.68182,11.60469,11.52369,11.438550000000001,11.349,11.25504,11.15631,11.05254,10.94346,10.82889,10.70847,10.58184,10.448640000000001,10.3086,10.16127,10.0062,9.84294,9.67095,9.48978,9.298800000000002,9.097380000000001,8.884953000000001,8.660736,8.424018,8.174034,7.909992000000001,7.631082,7.3365029999999996,7.025517,6.697512,6.352092,5.989293,5.6098170000000005,5.215563,4.810329,4.401126,4.000122,3.627369,3.313476,3.0987,3.0220920000000002,3.100869,3.3184530000000003,3.6363239999999997,4.014657,4.4231489999999996,4.841946,5.259006,5.667381,6.063273000000001,6.444783,6.811146,7.1622900000000005,7.498538999999999,7.820442,8.128646999999999,8.423892,8.706906000000002,8.9784,9.23904,9.489600000000001,9.73062,9.962729999999999,10.18638,10.4022,10.61064,10.81206,11.007000000000001,11.19582,11.37888,11.556360000000002,11.7288,11.89629,12.059190000000001,12.21777,12.372300000000001,12.52278,12.66966,12.813030000000001,12.95307,13.08996,13.22388,13.354920000000002,13.483260000000001,13.6089
15.287400000000002,15.21918,15.15213,15.08643,15.021989999999999,14.958989999999998,14.897430000000002,14.8374,14.77899,14.7222,14.66721,14.61402,14.562630000000002,14.513220000000002,14.4657,14.420250000000001,14.37687,14.335560000000001,14.29632,14.25933,14.2245,14.191920000000001,14.1615,14.133329999999999,14.10741,14.08365,14.06214,14.04279,14.0256,14.01057,13.99761,13.98663,13.97772,13.9707,13.965570000000001,13.962240000000001,13.96071,13.9608,13.96251,13.96584,13.97052,13.976550000000001,13.983929999999999,13.99257,14.00238,14.01318,14.02497,14.03775,14.051340000000001,14.065650000000002,14.080770000000001,14.09643,14.11272,14.12955,14.14683,14.164470000000001,14.18247,14.200830000000002,14.219370000000001,14.23809,14.256990000000002,14.276069999999999,14.29515,14.31432,14.33349,14.35266,14.371830000000001,14.39091,14.4099,14.4288,14.44752,14.46606,14.484510000000002,14.502780000000001,14.52087,14.53869,14.55633,14.573700000000002,14.59089,14.607809999999999,14.624550000000001,14.64093,14.657129999999999,14.672970000000001,14.68863,14.703930000000001,14.719050000000001,14.73381,14.7483,14.76252,14.77647,14.790059999999999,14.80338,14.816430000000002,14.829120000000001,14.84154,14.853690000000002,14.86557,14.87709,14.888250000000001,14.899140000000001,14.909760000000002,14.920020000000001,14.93001,14.939729999999999,14.94909,14.95809,14.96682,14.97519,14.98329,14.99103,14.9985,15.005519999999999,15.01236,15.01875,15.024869999999998,15.03072,15.036120000000002,15.04125,15.04602,15.05052,15.05457,15.05835,15.06177,15.064830000000002,15.067530000000001,15.06996,15.071940000000001,15.07365,15.074910000000001,15.0759,15.07653,15.07671,15.07662,15.076080000000001,15.07527,15.07401,15.07248,15.070500000000001,15.06816,15.06546,15.0624,15.05898,15.055110000000003,15.05097,15.04638,15.041430000000002,15.036120000000002,15.030359999999998,15.02424,15.017759999999999,15.010919999999999,15.003630000000001,14.99607,14.987970000000002,14.9796,14.97078,14.961599999999999,14.95197,14.94207,14.931629999999998,14.92092,14.909760000000002,14.89824,14.88627,14.87394,14.86116,14.848020000000002,14.834520000000001,14.820570000000002,14.80626,14.7915,14.77638,14.7609,14.744969999999999,14.728590000000002,14.71185,14.69475,14.677200000000001,14.6592,14.640840000000003,14.62212,14.60295,14.583330000000002,14.56335,14.543009999999999,14.52213,14.500980000000002,14.47929,14.45724,14.43483,14.411970000000002,14.38866,14.36499,14.34087,14.31639,14.29146,14.26608,14.24034,14.21415,14.18751,14.16051,14.13315,14.10525,14.07708,14.04837,14.0193,13.98987,13.959990000000001,13.92966,13.89897,13.86792,13.83642,13.80456,13.77225,13.73958,13.70655,13.67316,13.63932,13.60521,13.57065,13.53582,13.500630000000001,13.46508,13.429170000000001,13.392990000000001,13.35654,13.31982,13.28274,13.24548,13.20795,13.17024,13.13226,13.0941,13.055850000000001,13.017420000000001,12.97881,12.9402,12.9015,12.8628,12.824010000000001,12.78531,12.7467,12.70818,12.66975,12.6315,12.593520000000002,12.555810000000001,12.51837,12.48129,12.44466,12.40839,12.37275,12.33756,12.303,12.269070000000001,12.23586,12.203370000000001,12.17178,12.141,12.11112,12.08214,12.05424,12.02733,12.00159,11.976930000000001,11.953439999999999,11.93121,11.91015,11.89035,11.8719,11.85471,11.83878,11.8242,11.810970000000001,11.799,11.78838,11.77902,11.77101,11.764170000000002,11.75859,11.75418,11.75094,11.74878,11.747700000000002,11.74761,11.748510000000001,11.750309999999999,11.75292,11.75634,11.76057,11.76534,11.77083,11.77677,11.783249999999999,11.79009,11.79729,11.80485,11.81259,11.82042,11.828429999999999,11.83653,11.84454,11.852549999999999,11.860470000000001,11.86821,11.875680000000001,11.88297,11.889990000000001,11.896650000000001,11.90295,11.908890000000001,11.91429,11.91933,11.92383,11.92788,11.9313,11.934270000000001,11.93661,11.93832,11.93949,11.94003,11.939850000000002,11.93913,11.93778,11.9358,11.933100000000001,11.92986,11.9259,11.92131,11.91618,11.91033,11.90394,11.89692,11.88936,11.88126,11.872620000000001,11.863529999999999,11.8539,11.843820000000001,11.83329,11.8224,11.81115,11.79954,11.78766,11.77551,11.76327,11.75076,11.73816,11.72556,11.71296,11.700360000000002,11.68785,11.67552,11.66337,11.651489999999999,11.63997,11.6289,11.61819,11.60802,11.59848,11.58948,11.5812,11.573730000000001,11.566980000000001,11.56104,11.55609,11.55204,11.54907,11.547,11.546100000000001,11.546280000000001,11.547540000000001,11.54997,11.55366,11.558430000000001,11.56437,11.571570000000001,11.57994,11.58948,11.60019,11.612070000000001,11.62512,11.639249999999999,11.65437,11.67066,11.68785,11.70603,11.72511,11.745090000000001,11.765880000000001,11.78748,11.80971,11.832659999999999,11.856150000000001,11.880270000000001,11.90484,11.92986,11.95524,11.98098,12.006990000000002,12.03327,12.05964,12.08619,12.11283,12.139470000000001,12.16602,12.19257,12.21903,12.24531,12.27141,12.29733,12.322890000000001,12.348180000000001,12.37311,12.39777,12.42189,12.44565,12.468960000000001,12.49182,12.514140000000001,12.535829999999999,12.55707,12.577679999999999,12.597660000000001,12.61701,12.63573,12.65382,12.671190000000001,12.68784,12.70368,12.71889,12.73329,12.74688,12.75966,12.77163,12.78279,12.79305,12.80241,12.81087,12.81843,12.82509,12.83076,12.83544,12.83913,12.841830000000002,12.84345,12.84408,12.84354,12.84192,12.83913,12.83526,12.830129999999999,12.82374,12.81618,12.80727,12.7971,12.785580000000001,12.772620000000002,12.75831,12.74247,12.72519,12.706290000000001,12.68586,12.66372,12.63996,12.6144,12.58704,12.55788,12.52674,12.49353,12.45834,12.42099,12.38148,12.33954,12.295350000000001,12.248550000000002,12.19923,12.1473,12.09249,12.0348,11.974050000000002,11.91006,11.84292,11.77218,11.697840000000001,11.61981,11.53773,11.45142,11.360790000000001,11.26557,11.16558,11.06037,10.949940000000002,10.83375,10.71162,10.58319,10.44801,10.305810000000001,10.156139999999999,9.998550000000002,9.832500000000001,9.657449999999999,9.47277,9.27801,9.07236,8.855181,8.625591,8.38278,8.12583,7.853769,7.565544,7.260084000000001,6.9362639999999995,6.592968,6.229152,5.843979,5.436972,5.0084729999999995,4.560255000000001,4.096827,3.6278460000000003,3.172572,2.767293,2.472498,2.3621580000000004,2.473875,2.77074,3.179376,3.639717,4.1157900000000005,4.588497,5.0482890000000005,5.490702000000001,5.913963,6.31773,6.70239,7.068744000000001,7.417764000000001,7.750494000000001,8.06796,8.371179000000001,8.661123,8.938683000000001,9.20466,9.459990000000001,9.70515,9.94095,10.16802,10.3869,10.598130000000001,10.80207,10.999350000000002,11.190240000000001,11.37519,11.55447,11.728530000000001,11.89755,12.061890000000002,12.221820000000001,12.37752,12.52917,12.67713,12.82149,12.96252,13.10031,13.234950000000001,13.366800000000001,13.49586,13.62231
15.39216,15.32538,15.259770000000001,15.195330000000002,15.132240000000001,15.070590000000001,15.010290000000001,14.95152,14.89428,14.838750000000001,14.784840000000003,14.732639999999998,14.682240000000002,14.63373,14.58711,14.542470000000002,14.499720000000002,14.45904,14.420430000000001,14.383890000000001,14.34942,14.31711,14.28687,14.25879,14.23287,14.20902,14.187330000000001,14.16771,14.150160000000001,14.13459,14.121089999999999,14.10948,14.09985,14.09211,14.086079999999999,14.08185,14.07933,14.07834,14.07897,14.08113,14.08464,14.0895,14.09562,14.103,14.11146,14.12091,14.13144,14.14278,14.15502,14.16807,14.181750000000001,14.196150000000001,14.21109,14.22657,14.242590000000002,14.25888,14.27562,14.292720000000001,14.31,14.32755,14.34528,14.3631,14.3811,14.39919,14.417280000000002,14.43537,14.45346,14.47146,14.48946,14.50737,14.52519,14.54283,14.56038,14.577750000000002,14.59494,14.611949999999998,14.62878,14.645430000000001,14.661810000000001,14.678010000000002,14.69394,14.709690000000002,14.72508,14.74029,14.755320000000001,14.769990000000002,14.78439,14.798610000000002,14.812470000000001,14.826150000000002,14.839469999999999,14.85252,14.8653,14.87781,14.88996,14.90193,14.91354,14.924880000000002,14.935860000000002,14.94666,14.9571,14.967179999999999,14.97708,14.986620000000002,14.9958,15.004710000000001,15.01335,15.02163,15.02964,15.037380000000002,15.04476,15.05178,15.058530000000001,15.06492,15.07104,15.076799999999999,15.0822,15.08733,15.092099999999999,15.0966,15.100740000000002,15.104520000000003,15.107940000000001,15.111089999999999,15.11388,15.11631,15.118380000000002,15.120090000000001,15.12153,15.122520000000002,15.12324,15.1236,15.1236,15.12324,15.122520000000002,15.121440000000002,15.120000000000001,15.118199999999998,15.11604,15.11352,15.11064,15.107400000000002,15.103710000000001,15.09975,15.09543,15.09066,15.085530000000002,15.080040000000002,15.07419,15.06798,15.06132,15.05439,15.047010000000002,15.03927,15.031080000000001,15.022620000000002,15.01371,15.004440000000002,14.99472,14.984729999999999,14.974290000000002,14.963400000000002,14.952240000000002,14.94063,14.928659999999999,14.91624,14.90346,14.89032,14.876729999999998,14.86287,14.84847,14.8338,14.81868,14.80311,14.78718,14.77089,14.75424,14.737140000000002,14.71959,14.701680000000001,14.683410000000002,14.66469,14.64561,14.62617,14.60619,14.585940000000003,14.56524,14.54418,14.52267,14.50071,14.47839,14.455710000000002,14.432580000000002,14.40909,14.38515,14.36076,14.3361,14.3109,14.28534,14.25942,14.23305,14.206320000000002,14.17914,14.1516,14.12361,14.095260000000001,14.066550000000001,14.03739,14.00778,13.9779,13.947569999999999,13.91688,13.88574,13.854239999999999,13.82238,13.79016,13.757579999999999,13.724639999999999,13.69134,13.657680000000001,13.62375,13.58937,13.554720000000001,13.5198,13.48452,13.448970000000001,13.41315,13.37706,13.3407,13.30407,13.26726,13.23027,13.193100000000001,13.155660000000001,13.118219999999999,13.0806,13.042800000000002,13.005090000000001,12.9672,12.9294,12.89151,12.853710000000001,12.816,12.77838,12.74094,12.70377,12.66669,12.62997,12.593520000000002,12.55743,12.521790000000001,12.48651,12.45177,12.41757,12.38391,12.35097,12.318660000000001,12.28716,12.25638,12.22641,12.19734,12.169170000000001,12.14199,12.11589,12.09069,12.06666,12.04371,12.02193,12.00132,11.98197,11.9637,11.94678,11.93103,11.916540000000001,11.90331,11.89134,11.88063,11.871089999999999,11.86281,11.8557,11.84976,11.844899999999999,11.84121,11.838510000000001,11.83689,11.836170000000001,11.836350000000001,11.83743,11.83932,11.84202,11.84535,11.849310000000001,11.8539,11.85903,11.86461,11.870550000000001,11.876940000000001,11.883510000000001,11.89035,11.89737,11.90448,11.91168,11.91897,11.92608,11.93319,11.94012,11.94696,11.95353,11.95983,11.96577,11.971440000000001,11.97675,11.9817,11.9862,11.99025,11.99376,11.996820000000001,11.99934,12.00141,12.002849999999999,12.00375,12.00402,12.00375,12.00294,12.001500000000002,11.99943,11.996730000000001,11.993490000000001,11.98971,11.98521,11.98017,11.97459,11.96847,11.961810000000002,11.95452,11.94678,11.938590000000001,11.92986,11.92068,11.911140000000001,11.90115,11.8908,11.880180000000001,11.869200000000001,11.85795,11.84661,11.835,11.823210000000001,11.81142,11.79954,11.78775,11.775960000000001,11.76426,11.752740000000001,11.7414,11.73033,11.71962,11.70936,11.69946,11.690100000000001,11.68119,11.673,11.66544,11.658510000000001,11.65248,11.647170000000001,11.642669999999999,11.63916,11.636550000000002,11.63493,11.63439,11.63484,11.63628,11.63889,11.64258,11.64744,11.65338,11.6604,11.66859,11.67786,11.6883,11.69982,11.71242,11.72601,11.74059,11.75625,11.77281,11.790270000000001,11.808629999999999,11.8278,11.84778,11.868480000000002,11.88981,11.91186,11.93445,11.95749,11.981160000000001,12.00519,12.02958,12.05424,12.07926,12.104460000000001,12.129840000000002,12.1554,12.18096,12.206610000000001,12.23226,12.25782,12.2832,12.30858,12.33369,12.35862,12.383280000000001,12.407670000000001,12.431790000000001,12.45546,12.47886,12.50172,12.524220000000001,12.546270000000002,12.56778,12.588750000000001,12.60918,12.62907,12.64833,12.667050000000001,12.68505,12.70242,12.71916,12.73509,12.75039,12.76497,12.77874,12.79179,12.803939999999999,12.81537,12.82599,12.83571,12.844529999999999,12.85254,12.85956,12.86568,12.8709,12.87513,12.87837,12.88053,12.8817,12.88188,12.880889999999999,12.87882,12.875670000000001,12.87126,12.86568,12.858929999999999,12.85092,12.84165,12.83103,12.81906,12.80565,12.79089,12.774690000000001,12.756870000000001,12.73761,12.71673,12.694139999999999,12.66993,12.64392,12.616109999999999,12.58641,12.554730000000001,12.52116,12.485430000000001,12.44754,12.40749,12.365100000000002,12.32028,12.27294,12.223080000000001,12.170430000000001,12.11508,12.05667,11.995289999999999,11.93067,11.86272,11.79126,11.716109999999999,11.637179999999999,11.554290000000002,11.46708,11.37555,11.279340000000001,11.17818,11.07189,10.9602,10.84275,10.71918,10.589310000000001,10.45251,10.3086,10.15713,9.99747,9.829170000000001,9.65169,9.4644,9.266670000000001,9.057690000000001,8.836812,8.603073,8.355555,8.093232,7.814979000000001,7.5195810000000005,7.205706,6.871914,6.516666,6.138342000000001,5.735286,5.305878,4.8487860000000005,4.363326,3.850362,3.3142590000000003,2.7675630000000004,2.242719,1.818711,1.6437060000000001,1.8194489999999999,2.244978,2.772711,3.3241140000000002,3.867003,4.3890210000000005,4.885866,5.356728,5.8022730000000005,6.223806,6.622893,7.001126999999999,7.360047000000001,7.701129000000001,8.025723,8.335080000000001,8.630343000000002,8.912556,9.1827,9.441540000000002,9.69003,9.92871,10.15848,10.3797,10.593,10.79901,10.998000000000001,11.1906,11.37699,11.55771,11.73312,11.90331,12.06882,12.22974,12.38643,12.53907,12.68793,12.8331,12.97485,13.11336,13.24881,13.3812,13.51089,13.637880000000001
15.495930000000001,15.4305,15.36615,15.30306,15.24132,15.18084,15.1218,15.0642,15.00813,14.953590000000002,14.90076,14.84964,14.80014,14.75253,14.706720000000002,14.662709999999999,14.62068,14.580630000000001,14.542470000000002,14.506380000000002,14.472270000000002,14.44014,14.410079999999999,14.38209,14.35617,14.33223,14.31036,14.29047,14.27256,14.256540000000001,14.2425,14.230350000000001,14.22009,14.21154,14.204699999999999,14.19966,14.196150000000001,14.19426,14.19381,14.194890000000001,14.19723,14.20092,14.20587,14.21199,14.219280000000001,14.22747,14.236740000000001,14.246820000000001,14.257800000000001,14.2695,14.281920000000001,14.29506,14.30874,14.32296,14.33763,14.35275,14.36823,14.384070000000001,14.40018,14.41656,14.43312,14.44986,14.466690000000002,14.48361,14.50062,14.51772,14.53482,14.55183,14.56884,14.585759999999999,14.602680000000001,14.61942,14.63607,14.65254,14.66892,14.685120000000001,14.701139999999999,14.71698,14.732639999999998,14.748120000000002,14.763330000000002,14.778360000000001,14.793120000000002,14.80761,14.821920000000002,14.83605,14.849820000000001,14.863410000000002,14.876639999999998,14.88969,14.90247,14.91498,14.92722,14.93919,14.950890000000001,14.962230000000002,14.97339,14.984190000000002,14.994810000000001,15.00507,15.01506,15.02469,15.034139999999999,15.043230000000001,15.05196,15.060509999999999,15.0687,15.07662,15.084180000000002,15.091470000000001,15.09849,15.10515,15.111540000000002,15.11757,15.12333,15.12873,15.13386,15.13863,15.143040000000001,15.147180000000002,15.15105,15.15447,15.15762,15.160499999999999,15.16293,15.165090000000001,15.16689,15.16842,15.169500000000001,15.170309999999999,15.170760000000001,15.170850000000002,15.170580000000001,15.17004,15.169050000000002,15.167790000000002,15.16608,15.164100000000001,15.16176,15.15906,15.15591,15.152489999999998,15.148710000000001,15.144570000000002,15.13998,15.13512,15.12981,15.12423,15.118199999999998,15.11181,15.10506,15.09795,15.09048,15.082650000000001,15.074370000000002,15.06573,15.056730000000002,15.04737,15.037650000000001,15.027569999999999,15.017040000000001,15.006150000000002,14.994900000000001,14.9832,14.971229999999998,14.95881,14.94594,14.932799999999999,14.91921,14.90526,14.89095,14.87619,14.86107,14.845590000000001,14.82966,14.81346,14.79672,14.779710000000001,14.76225,14.74443,14.726160000000002,14.70753,14.68854,14.6691,14.649300000000002,14.62914,14.60853,14.587560000000002,14.56614,14.54436,14.52222,14.499630000000002,14.47668,14.453370000000001,14.429610000000002,14.40549,14.38092,14.35599,14.3307,14.30496,14.27886,14.252310000000001,14.225399999999999,14.19813,14.17041,14.142420000000001,14.11398,14.085090000000001,14.05593,14.02632,13.996350000000001,13.96602,13.93533,13.90419,13.872779999999999,13.84101,13.80888,13.776390000000001,13.74354,13.710420000000001,13.67694,13.6431,13.60908,13.57461,13.53996,13.50504,13.469850000000001,13.43439,13.39866,13.36275,13.32666,13.2903,13.25385,13.217220000000001,13.1805,13.143690000000001,13.10679,13.0698,13.03281,12.99582,12.95883,12.92193,12.88512,12.8484,12.811860000000001,12.775500000000001,12.73941,12.70359,12.66813,12.63294,12.5982,12.56391,12.53016,12.496860000000002,12.4641,12.43206,12.400649999999999,12.36996,12.33999,12.31083,12.28257,12.25512,12.228660000000001,12.2031,12.17862,12.15513,12.13263,12.111300000000002,12.09114,12.07206,12.05415,12.037410000000001,12.02184,12.00744,11.9943,11.98224,11.971440000000001,11.961810000000002,11.95326,11.945879999999999,11.93958,11.934360000000002,11.93022,11.92698,11.92482,11.92347,11.92311,11.92347,11.92473,11.92662,11.92923,11.93247,11.93625,11.94048,11.945250000000001,11.950380000000001,11.95587,11.96163,11.96766,11.97387,11.98017,11.98656,11.99295,11.99934,12.005730000000002,12.011940000000001,12.017970000000002,12.02391,12.02949,12.03489,12.04002,12.044699999999999,12.04911,12.05307,12.05667,12.05982,12.062429999999999,12.064680000000001,12.06639,12.06756,12.068190000000001,12.06828,12.067919999999999,12.066930000000001,12.0654,12.06324,12.060630000000002,12.05739,12.053609999999999,12.04929,12.04443,12.03903,12.033180000000002,12.0267,12.01977,12.01239,12.00456,11.99619,11.98755,11.97846,11.96901,11.959200000000001,11.94912,11.93877,11.92815,11.917440000000001,11.906460000000001,11.895480000000001,11.88432,11.87316,11.86209,11.85102,11.84013,11.82933,11.8188,11.80854,11.79864,11.789010000000001,11.77992,11.77119,11.76309,11.75553,11.7486,11.7423,11.73681,11.732040000000001,11.72808,11.725019999999999,11.722859999999999,11.721599999999999,11.72133,11.721960000000001,11.72367,11.72637,11.73015,11.73501,11.740860000000001,11.74788,11.755889999999999,11.764890000000001,11.77506,11.786130000000002,11.79837,11.81151,11.82555,11.84067,11.8566,11.87334,11.890979999999999,11.90943,11.9286,11.94849,11.96901,11.99016,12.01185,12.033990000000001,12.05667,12.0798,12.103200000000001,12.12696,12.15099,12.1752,12.19959,12.22416,12.24882,12.273480000000001,12.29814,12.32271,12.34719,12.37158,12.39588,12.41991,12.443670000000001,12.46716,12.49038,12.513240000000001,12.53574,12.55788,12.57948,12.60072,12.621509999999999,12.64176,12.661470000000001,12.68064,12.69918,12.71718,12.73455,12.751290000000001,12.76731,12.7827,12.79737,12.81132,12.82455,12.836969999999999,12.84858,12.85947,12.86955,12.87873,12.8871,12.89457,12.90114,12.90672,12.91149,12.91518,12.91797,12.91977,12.92049,12.92013,12.91878,12.91626,12.91257,12.9078,12.901860000000001,12.894660000000002,12.8862,12.87648,12.8655,12.85308,12.839310000000001,12.82419,12.807540000000001,12.78936,12.76965,12.74832,12.72537,12.70071,12.67425,12.64599,12.61593,12.5838,12.54978,12.5136,12.47526,12.43476,12.39183,12.34656,12.298770000000001,12.24837,12.19518,12.139289999999999,12.08034,12.01833,11.95317,11.88459,11.8125,11.736720000000002,11.657160000000001,11.57346,11.485619999999999,11.39319,11.29617,11.1942,11.08701,10.97433,10.855889999999999,10.73133,10.600290000000001,10.46241,10.31724,10.16424,10.00314,9.83331,9.654029999999999,9.46485,9.26505,9.05391,8.830440000000001,8.593866,8.343171,8.077247999999999,7.794882,7.494740999999999,7.1753219999999995,6.834987,6.4719,6.084045,5.669181,5.224842000000001,4.7483640000000005,4.236993,3.6880650000000004,3.099717,2.4729300000000003,1.8188190000000002,1.192653,0.8592606,1.192968,1.820295,2.477016,3.108276,3.70323,4.261059,4.783707,5.2738380000000005,5.734224,6.167484,6.57603,6.962022,7.327413,7.673967000000001,8.003241000000001,8.316639,8.61543,8.900748,9.17361,9.43497,9.68562,9.92637,10.15785,10.380690000000001,10.59561,10.80297,11.00322,11.196990000000001,11.38455,11.56635,11.74257,11.91375,12.080070000000001,12.241800000000001,12.3993,12.552570000000001,12.702060000000001,12.847949999999999,12.99024,13.129290000000001,13.26528,13.39821,13.52844,13.65588
15.5988,15.53463,15.471540000000001,15.40971,15.34914,15.289830000000002,15.231959999999999,15.17544,15.12045,15.06699,15.015149999999998,14.96493,14.916329999999999,14.86953,14.82444,14.78124,14.739840000000001,14.70024,14.662619999999999,14.62689,14.593050000000002,14.561189999999998,14.531310000000001,14.503409999999999,14.47749,14.45346,14.431320000000001,14.411249999999999,14.392980000000001,14.3766,14.362110000000001,14.34933,14.33835,14.329170000000001,14.321610000000002,14.31567,14.311350000000001,14.308470000000002,14.30703,14.30703,14.30838,14.31099,14.314860000000001,14.31981,14.325840000000001,14.33286,14.34087,14.34978,14.3595,14.37003,14.38119,14.39307,14.40549,14.418540000000002,14.431949999999999,14.445899999999998,14.46021,14.474880000000002,14.489819999999998,14.505030000000001,14.520510000000002,14.53608,14.55192,14.56776,14.58378,14.599800000000002,14.61591,14.63193,14.648040000000002,14.66406,14.67999,14.69583,14.71167,14.727330000000002,14.74281,14.7582,14.7735,14.78853,14.80347,14.818140000000001,14.83263,14.846940000000002,14.86107,14.874929999999999,14.88861,14.90202,14.915250000000002,14.92812,14.9409,14.95332,14.96556,14.977440000000001,14.989139999999999,15.000570000000002,15.01173,15.022620000000002,15.033240000000001,15.04359,15.053669999999999,15.063480000000002,15.073020000000001,15.082289999999999,15.0912,15.09984,15.10821,15.11631,15.12414,15.13161,15.138810000000001,15.145740000000002,15.15231,15.158610000000001,15.164639999999999,15.170309999999999,15.175709999999999,15.18075,15.185520000000002,15.19002,15.19416,15.197940000000001,15.20145,15.2046,15.207480000000002,15.209999999999999,15.21216,15.214049999999999,15.21558,15.21675,15.21765,15.21819,15.218370000000002,15.218279999999998,15.217740000000001,15.21693,15.215760000000001,15.214229999999999,15.21234,15.210180000000001,15.207570000000002,15.204690000000001,15.20145,15.197759999999999,15.193800000000001,15.18948,15.184800000000001,15.17967,15.17427,15.16851,15.162390000000002,15.15582,15.14898,15.14178,15.13413,15.126209999999999,15.11784,15.109110000000001,15.100019999999999,15.09057,15.08076,15.070590000000001,15.05997,15.04908,15.037740000000001,15.02604,15.013980000000002,15.00147,14.98869,14.975459999999998,14.961870000000001,14.94792,14.93361,14.918849999999999,14.90373,14.888250000000001,14.872409999999999,14.856119999999999,14.839469999999999,14.822460000000001,14.80509,14.78727,14.76918,14.750550000000002,14.731650000000002,14.7123,14.69259,14.672520000000002,14.652090000000001,14.631210000000001,14.60997,14.58828,14.56623,14.54382,14.521049999999999,14.497829999999999,14.47434,14.450310000000002,14.42601,14.40126,14.376149999999999,14.35068,14.32476,14.29857,14.27193,14.24484,14.21748,14.189760000000001,14.16159,14.13306,14.10417,14.07492,14.04531,14.01534,13.98501,13.95432,13.92336,13.89195,13.86027,13.82823,13.795919999999999,13.763250000000001,13.730310000000001,13.69701,13.66344,13.6296,13.59549,13.5612,13.52655,13.49172,13.456710000000001,13.421429999999999,13.38597,13.35042,13.3146,13.278780000000001,13.24278,13.20669,13.1706,13.13442,13.09815,13.061969999999999,13.02588,12.98979,12.95388,12.91806,12.882420000000002,12.846960000000001,12.811770000000001,12.776850000000001,12.7422,12.708,12.67416,12.64068,12.60783,12.57534,12.54357,12.51225,12.48174,12.45177,12.422609999999999,12.394260000000001,12.36663,12.3399,12.31407,12.28923,12.2652,12.24225,12.22029,12.19941,12.17961,12.16089,12.14316,12.12669,12.111300000000002,12.09699,12.083850000000002,12.07179,12.0609,12.05109,12.04236,12.03471,12.02805,12.02247,12.01788,12.01428,12.01158,12.009689999999999,12.008700000000001,12.00852,12.009060000000002,12.01032,12.01221,12.01464,12.0177,12.02121,12.025170000000001,12.02958,12.03426,12.039209999999999,12.04443,12.04983,12.05541,12.06099,12.06666,12.072330000000001,12.078,12.08349,12.088890000000001,12.09411,12.09915,12.10392,12.108419999999999,12.11265,12.11652,12.12003,12.12318,12.12588,12.12822,12.13002,12.13146,12.13236,12.132810000000001,12.13272,12.13218,12.1311,12.129480000000001,12.127320000000001,12.12462,12.12147,12.11778,12.11355,12.10887,12.10365,12.09798,12.09177,12.08511,12.07809,12.07053,12.062700000000001,12.05442,12.04578,12.03678,12.02751,12.017970000000002,12.00816,11.99817,11.988000000000001,11.97774,11.96739,11.95695,11.94651,11.93607,11.92572,11.91555,11.905470000000001,11.89566,11.88612,11.876850000000001,11.86794,11.85948,11.85147,11.844000000000001,11.83707,11.830770000000001,11.825099999999999,11.82015,11.81583,11.81241,11.80971,11.80791,11.80701,11.80701,11.80791,11.809800000000001,11.81259,11.816460000000001,11.82123,11.82708,11.833919999999999,11.841750000000001,11.850660000000001,11.860470000000001,11.87127,11.88306,11.89575,11.90934,11.92383,11.93922,11.95533,11.97234,11.990070000000001,12.00852,12.027600000000001,12.04731,12.06756,12.08844,12.10977,12.13155,12.15369,12.17619,12.199050000000002,12.22218,12.24549,12.268979999999999,12.29256,12.31623,12.33999,12.36366,12.38742,12.411,12.43449,12.4578,12.481020000000001,12.50388,12.52656,12.54897,12.57093,12.59271,12.613949999999999,12.634920000000001,12.65535,12.67533,12.69486,12.71385,12.7323,12.750210000000001,12.76749,12.78423,12.80034,12.81573,12.830490000000001,12.844529999999999,12.857940000000001,12.87054,12.882420000000002,12.89358,12.90393,12.91338,12.922110000000002,12.92994,12.93696,12.94299,12.948210000000001,12.952440000000001,12.955680000000001,12.958020000000001,12.95937,12.95964,12.958919999999999,12.95703,12.95415,12.950099999999999,12.944880000000001,12.938580000000002,12.93093,12.922110000000002,12.91203,12.9006,12.887820000000001,12.87369,12.85812,12.841109999999999,12.822569999999999,12.80241,12.780719999999999,12.75741,12.73239,12.70557,12.67686,12.646350000000002,12.613949999999999,12.57948,12.54294,12.50415,12.4632,12.41991,12.37419,12.325949999999999,12.2751,12.22155,12.16512,12.105810000000002,12.04335,11.97765,11.90853,11.83599,11.75967,11.67957,11.595329999999999,11.506950000000002,11.41398,11.31633,11.21373,11.10591,10.992600000000001,10.87344,10.74816,10.6164,10.47771,10.33164,10.17792,10.015830000000001,9.84501,9.66483,9.47457,9.2736,9.0612,8.836452,8.598465000000001,8.346222000000001,8.078589000000001,7.794342,7.4920860000000005,7.170273,6.827202,6.460929,6.069285,5.649831,5.1997860000000005,4.715991,4.194855,3.632238,3.0233700000000003,2.362743,1.6438949999999999,0.8592867000000001,0.0,0.8594496,1.645092,2.3664419999999997,3.03147,3.6468629999999997,4.218309,4.750641,5.248017,5.714037,6.151815,6.5640600000000004,6.953166,7.321221000000001,7.67007,8.001369,8.316567,8.616969000000001,8.903745,9.17793,9.44046,9.69228,9.93402,10.16649,10.390320000000001,10.60596,10.81413,11.01519,11.20968,11.397870000000001,11.580300000000001,11.75715,11.92896,12.09582,12.258,12.41595,12.56976,12.7197,12.865950000000002,13.00878,13.14819,13.28454,13.41792,13.54842,13.67622
15.70068,15.63768,15.57585,15.51519,15.455699999999998,15.39756,15.340770000000001,15.285419999999998,15.23142,15.17895,15.128010000000002,15.078690000000002,15.0309,14.98491,14.94054,14.89788,14.85711,14.818050000000001,14.780880000000002,14.745510000000001,14.711939999999998,14.680349999999999,14.65065,14.62275,14.596739999999999,14.57271,14.550480000000002,14.530050000000001,14.51151,14.49468,14.47974,14.46651,14.4549,14.445,14.436720000000001,14.430060000000001,14.42484,14.421149999999999,14.41881,14.41782,14.41818,14.419709999999998,14.4225,14.42637,14.431230000000001,14.43717,14.44401,14.45175,14.4603,14.469570000000001,14.47965,14.49027,14.50161,14.5134,14.525730000000001,14.53842,14.551650000000002,14.56515,14.579009999999998,14.593140000000002,14.60745,14.62203,14.636700000000001,14.651639999999999,14.66658,14.68161,14.696729999999999,14.71185,14.72697,14.74209,14.757119999999999,14.77215,14.78709,14.80185,14.81661,14.83119,14.845680000000002,14.85999,14.874120000000001,14.888160000000001,14.90193,14.91552,14.928930000000001,14.94216,14.955210000000001,14.96799,14.98059,14.99292,15.00507,15.016950000000001,15.02856,15.03999,15.051150000000002,15.062040000000001,15.072659999999999,15.0831,15.09318,15.103079999999999,15.11262,15.121979999999999,15.131070000000001,15.1398,15.148349999999999,15.15654,15.16455,15.1722,15.17958,15.186689999999999,15.193529999999999,15.20001,15.206220000000002,15.21216,15.21783,15.22314,15.228180000000002,15.23295,15.237359999999999,15.24141,15.24528,15.248790000000001,15.251940000000001,15.25482,15.257340000000001,15.259590000000001,15.26148,15.2631,15.26436,15.265350000000002,15.26589,15.26616,15.26616,15.2658,15.265080000000001,15.264000000000001,15.26256,15.26085,15.25878,15.25635,15.25356,15.2505,15.246989999999998,15.243210000000001,15.239070000000002,15.23457,15.22971,15.224490000000001,15.218910000000001,15.212970000000002,15.20667,15.200099999999999,15.19308,15.1857,15.17796,15.16995,15.16149,15.152670000000002,15.14349,15.13395,15.12405,15.11379,15.103170000000002,15.092099999999999,15.08076,15.068970000000002,15.05691,15.044400000000001,15.03153,15.018300000000002,15.004710000000001,14.990760000000002,14.97645,14.961689999999999,14.94657,14.93109,14.915250000000002,14.89905,14.88249,14.86548,14.848110000000002,14.830470000000002,14.812290000000003,14.79384,14.77503,14.75577,14.73615,14.716169999999998,14.695740000000002,14.67504,14.65389,14.63238,14.61051,14.58828,14.565600000000002,14.54265,14.519250000000001,14.495490000000002,14.47128,14.4468,14.42187,14.39658,14.371020000000001,14.34501,14.31855,14.29182,14.26473,14.23728,14.20938,14.18121,14.15268,14.12379,14.09454,14.06493,14.03496,14.00472,13.97412,13.94316,13.911930000000002,13.88034,13.84848,13.81626,13.78377,13.75101,13.71798,13.68477,13.6512,13.61745,13.583430000000002,13.549140000000001,13.51476,13.4802,13.44537,13.410449999999999,13.37544,13.34025,13.30497,13.2696,13.23423,13.19886,13.1634,13.12803,13.09275,13.05747,13.02237,12.98736,12.95262,12.91797,12.883680000000002,12.84957,12.81582,12.78243,12.749400000000001,12.71691,12.684780000000002,12.65319,12.62214,12.59172,12.56193,12.532770000000001,12.504330000000001,12.4767,12.44979,12.42369,12.39849,12.37419,12.350700000000002,12.32829,12.306780000000002,12.28626,12.26682,12.24837,12.231,12.21462,12.19932,12.18519,12.17205,12.15999,12.14901,12.13902,12.13011,12.122280000000002,12.11535,12.10941,12.104460000000001,12.10041,12.09717,12.094830000000002,12.0933,12.09249,12.0924,12.09303,12.09429,12.09609,12.09834,12.10122,12.104460000000001,12.10806,12.112020000000001,12.11625,12.12075,12.12543,12.1302,12.13515,12.1401,12.145050000000001,12.15,12.15486,12.15963,12.16422,12.16863,12.17286,12.17682,12.1806,12.18393,12.18699,12.18978,12.19212,12.19401,12.19554,12.19671,12.19734,12.197519999999999,12.19734,12.196530000000001,12.19536,12.193650000000002,12.19149,12.188880000000001,12.18573,12.18204,12.177990000000001,12.1734,12.16836,12.16287,12.156930000000001,12.150540000000001,12.143790000000001,12.13668,12.12912,12.1212,12.113010000000001,12.104550000000001,12.09573,12.086730000000001,12.07746,12.06801,12.058470000000002,12.04875,12.03903,12.02922,12.01941,12.009599999999999,11.99997,11.99043,11.98107,11.97189,11.96298,11.95443,11.94624,11.938410000000001,11.93103,11.924100000000001,11.917800000000002,11.91204,11.906910000000002,11.90241,11.89863,11.89557,11.893320000000001,11.89188,11.891250000000001,11.89152,11.8926,11.894670000000001,11.89755,11.901420000000002,11.90628,11.91204,11.91879,11.92644,11.935080000000001,11.94462,11.95515,11.96649,11.978819999999999,11.99196,12.00591,12.020760000000001,12.03633,12.052620000000001,12.06972,12.08745,12.105810000000002,12.12471,12.144240000000002,12.16431,12.184740000000001,12.20571,12.22704,12.24864,12.2706,12.29283,12.315240000000001,12.33783,12.36051,12.38337,12.406139999999999,12.429,12.45186,12.47454,12.49722,12.519630000000001,12.54195,12.56409,12.58587,12.607470000000001,12.62871,12.64959,12.67011,12.690270000000002,12.70998,12.729330000000001,12.748050000000001,12.76641,12.784139999999999,12.80142,12.81807,12.83409,12.84957,12.864419999999999,12.87855,12.892050000000001,12.90483,12.91689,12.92823,12.93885,12.94866,12.957659999999999,12.96585,12.97314,12.97971,12.98529,12.98997,12.99375,12.99663,12.998520000000001,12.99942,12.99924,12.99807,12.99591,12.99258,12.98817,12.982500000000002,12.975750000000001,12.96783,12.95865,12.94812,12.93633,12.92319,12.9087,12.89277,12.875399999999999,12.8565,12.83607,12.814020000000001,12.79026,12.76488,12.7377,12.70872,12.67785,12.645090000000001,12.61026,12.57336,12.5343,12.4929,12.44925,12.40326,12.354659999999999,12.303450000000002,12.24945,12.19275,12.13299,12.070170000000001,12.004109999999999,11.93463,11.861730000000001,11.78505,11.704500000000001,11.61999,11.53116,11.43783,11.339730000000001,11.23677,11.12859,11.01492,10.8954,10.769670000000001,10.63755,10.4985,10.35216,10.197989999999999,10.035720000000001,9.86454,9.68409,9.49356,9.2925,9.079920000000001,8.855073,8.617095,8.364969,8.097579000000001,7.813728,7.512075,7.191144,6.84927,6.484653,6.095268,5.6788739999999995,5.233032,4.755105,4.24233,3.692088,3.1025430000000003,2.474721,1.8197910000000002,1.193067,0.8594748000000001,1.193382,1.8212400000000002,2.478762,3.111021,3.7071090000000004,4.266171,4.790115,5.281587,5.74335,6.177996,6.58791,6.975279,7.342029,7.6899239999999995,8.020503000000001,8.335196999999999,8.635248,8.92179,9.195839999999999,9.45837,9.710189999999999,9.952020000000001,10.18458,10.4085,10.624410000000001,10.83267,11.034,11.228670000000001,11.41713,11.59974,11.776860000000001,11.94885,12.11598,12.27843,12.43665,12.59064,12.74085,12.88737,13.03038,13.17006,13.30659,13.440150000000001,13.57092,13.6989
15.801570000000002,15.739740000000001,15.679079999999999,15.6195,15.561179999999998,15.50412,15.448409999999999,15.393959999999998,15.340950000000001,15.28947,15.23934,15.190829999999998,15.143939999999999,15.09858,15.054929999999999,15.012900000000002,14.972669999999999,14.934059999999999,14.89725,14.86224,14.829030000000001,14.79762,14.76801,14.7402,14.71428,14.690069999999999,14.66766,14.64705,14.62815,14.61105,14.595570000000002,14.581800000000001,14.569740000000001,14.55921,14.550209999999998,14.54274,14.536800000000001,14.53221,14.52906,14.527170000000002,14.526539999999999,14.527080000000002,14.52879,14.53167,14.53545,14.54031,14.546069999999999,14.55264,14.560110000000002,14.5683,14.57721,14.58675,14.596829999999999,14.60754,14.618699999999999,14.6304,14.642460000000002,14.65488,14.66757,14.680620000000001,14.69394,14.70744,14.72121,14.73507,14.74902,14.763150000000001,14.777280000000001,14.791409999999999,14.80563,14.81985,14.834069999999999,14.848200000000002,14.86233,14.87628,14.890229999999999,14.904089999999998,14.917769999999999,14.93136,14.94477,14.958000000000002,14.97114,14.984100000000002,14.99688,15.00939,15.02181,15.03396,15.04593,15.05772,15.06924,15.08058,15.09165,15.102450000000001,15.11307,15.12351,15.133590000000002,15.14349,15.153120000000001,15.16257,15.17166,15.180570000000001,15.189119999999999,15.19749,15.205589999999999,15.213330000000001,15.220889999999999,15.228180000000002,15.23511,15.24186,15.248249999999999,15.254370000000002,15.26022,15.2658,15.27111,15.276060000000001,15.28074,15.28515,15.2892,15.29298,15.296489999999999,15.29973,15.302520000000001,15.305130000000002,15.307379999999998,15.309360000000002,15.31098,15.312240000000001,15.31323,15.31395,15.314309999999999,15.314309999999999,15.31404,15.313410000000001,15.31242,15.31116,15.30954,15.307560000000002,15.30531,15.3027,15.29973,15.296399999999998,15.292800000000002,15.28884,15.284430000000002,15.27984,15.2748,15.269400000000001,15.263730000000002,15.25761,15.251219999999998,15.244470000000002,15.237359999999999,15.229800000000001,15.22197,15.21378,15.20532,15.196409999999998,15.187140000000001,15.177510000000002,15.16752,15.15717,15.14646,15.135390000000001,15.123960000000002,15.11217,15.100019999999999,15.08751,15.07464,15.06141,15.04782,15.03378,15.019470000000002,15.004710000000001,14.989680000000002,14.974200000000002,14.95836,14.94216,14.9256,14.90868,14.891399999999999,14.873759999999999,14.85576,14.83731,14.8185,14.79942,14.77989,14.76,14.73975,14.719140000000001,14.69808,14.676750000000002,14.65497,14.63292,14.61042,14.587560000000002,14.564340000000001,14.540760000000002,14.51682,14.492519999999999,14.467859999999998,14.44275,14.417370000000002,14.391630000000001,14.365530000000001,14.33898,14.31216,14.28498,14.25744,14.229540000000002,14.201369999999999,14.17275,14.14386,14.11461,14.085090000000001,14.055209999999999,14.02497,13.99446,13.96368,13.932540000000001,13.90113,13.86945,13.83741,13.80519,13.7727,13.73994,13.70691,13.6737,13.640310000000001,13.60665,13.5729,13.53888,13.50477,13.47048,13.4361,13.40163,13.36707,13.332510000000001,13.29786,13.26312,13.22847,13.19391,13.15935,13.12488,13.09059,13.05639,13.02237,12.988620000000001,12.955050000000002,12.92184,12.8889,12.85632,12.82419,12.792420000000002,12.7611,12.73032,12.70008,12.670380000000002,12.64131,12.612870000000001,12.58515,12.55815,12.53196,12.506490000000001,12.48183,12.45807,12.435120000000001,12.413160000000001,12.392100000000001,12.37194,12.352770000000001,12.33468,12.31749,12.30138,12.28617,12.27213,12.25899,12.246929999999999,12.23586,12.22578,12.21669,12.20859,12.20148,12.19518,12.18987,12.18537,12.18177,12.17898,12.17691,12.175559999999999,12.17493,12.17493,12.17547,12.17664,12.17835,12.18042,12.18303,12.18591,12.18924,12.19275,12.196530000000001,12.20049,12.204630000000002,12.208860000000001,12.21318,12.2175,12.22173,12.22605,12.23019,12.23424,12.238109999999999,12.241800000000001,12.24522,12.248460000000001,12.25134,12.254040000000002,12.25629,12.258270000000001,12.25989,12.26115,12.26196,12.262410000000001,12.262410000000001,12.26196,12.26115,12.2598,12.258090000000001,12.25584,12.25314,12.25008,12.24648,12.24252,12.23802,12.23316,12.22785,12.22218,12.21606,12.20958,12.20274,12.195630000000001,12.18807,12.18033,12.172229999999999,12.16386,12.1554,12.14658,12.13776,12.12867,12.119580000000001,12.1104,12.101130000000001,12.091949999999999,12.08286,12.07377,12.064860000000001,12.05613,12.04758,12.0393,12.03138,12.02373,12.01653,12.009780000000001,12.00348,11.997630000000001,11.99241,11.987729999999999,11.983770000000002,11.98044,11.97774,11.97585,11.97468,11.97441,11.974860000000001,11.976120000000002,11.978280000000002,11.98134,11.9853,11.990070000000001,11.99583,12.0024,12.009960000000001,12.01842,12.027690000000002,12.03786,12.04893,12.06081,12.0735,12.087,12.10122,12.11625,12.132000000000001,12.148380000000001,12.16548,12.18312,12.2013,12.22011,12.23937,12.25908,12.27915,12.29967,12.32055,12.34161,12.36294,12.384540000000001,12.40623,12.428099999999999,12.450059999999999,12.472019999999999,12.49407,12.51603,12.537899999999999,12.55968,12.58137,12.60279,12.62412,12.64518,12.66588,12.6864,12.70656,12.72636,12.745800000000001,12.76479,12.78333,12.80142,12.81906,12.83616,12.85272,12.86874,12.88422,12.89907,12.91329,12.92688,12.93975,12.95199,12.963510000000001,12.974310000000001,12.98439,12.99366,13.00221,13.00986,13.01679,13.02282,13.02795,13.03218,13.0356,13.037939999999999,13.039470000000001,13.03992,13.039380000000001,13.03785,13.03515,13.031460000000001,13.02669,13.02066,13.01355,13.005270000000001,12.99564,12.98484,12.97269,12.959280000000001,12.94443,12.928139999999999,12.91041,12.89115,12.87045,12.848040000000001,12.824010000000001,12.79827,12.77082,12.74157,12.71034,12.67722,12.64212,12.60495,12.56553,12.52395,12.48003,12.43368,12.38481,12.33324,12.27906,12.222,12.16197,12.09888,12.03264,11.96289,11.88972,11.81286,11.73213,11.64726,11.55825,11.46474,11.36655,11.26341,11.155140000000001,11.04129,10.92168,10.79604,10.663829999999999,10.52487,10.378620000000002,10.22472,10.06263,9.8919,9.711810000000002,9.522,9.321570000000001,9.10998,8.886303000000002,8.649756,8.399384999999999,8.134155,7.852959,7.5545729999999995,7.237683,6.900858,6.542577,6.16122,5.755158,5.322807,4.862862,4.374666,3.8591550000000003,3.320739,2.772063,2.245662,1.8206280000000001,1.645272,1.8213570000000001,2.2478670000000003,2.777094,3.330387,3.875472,4.399866,4.899258000000001,5.372748,5.820984,6.2452440000000005,6.647049,7.027992,7.389603,7.733331,8.060535,8.372448,8.670204,8.954865,9.22734,9.48861,9.739260000000002,9.98019,10.21203,10.435319999999999,10.650689999999999,10.85859,11.05956,11.253960000000001,11.44224,11.62467,11.8017,11.973600000000001,12.14064,12.30309,12.46122,12.6153,12.765509999999999,12.91203,13.05513,13.1949,13.33152,13.46517,13.59594,13.7241
15.901559999999998,15.8409,15.78123,15.72282,15.665489999999998,15.609510000000002,15.554700000000002,15.501240000000001,15.44922,15.39855,15.34932,15.30153,15.25536,15.21072,15.167700000000002,15.126299999999999,15.086519999999998,15.048360000000002,15.012,14.977350000000001,14.944320000000001,14.91309,14.883660000000003,14.855939999999999,14.82993,14.80563,14.78304,14.76225,14.74308,14.72562,14.709690000000002,14.695469999999998,14.68287,14.671710000000001,14.66208,14.65398,14.64723,14.641829999999999,14.63787,14.635079999999999,14.63355,14.63319,14.633909999999998,14.635710000000001,14.63859,14.642370000000001,14.64705,14.65263,14.659020000000002,14.66604,14.67387,14.68233,14.691329999999999,14.700959999999998,14.71104,14.721659999999998,14.732639999999998,14.74398,14.75577,14.76774,14.77998,14.79258,14.805269999999998,14.818140000000001,14.83119,14.844330000000001,14.857560000000001,14.87079,14.884110000000002,14.897430000000002,14.910839999999999,14.92407,14.93739,14.950619999999999,14.96376,14.976809999999999,14.98977,15.00255,15.015239999999999,15.027840000000001,15.040260000000002,15.052590000000002,15.064649999999999,15.07662,15.088320000000001,15.09993,15.11127,15.122430000000001,15.133410000000001,15.14412,15.15465,15.165000000000001,15.175080000000001,15.18498,15.194609999999999,15.20397,15.21315,15.222059999999999,15.230699999999999,15.239070000000002,15.247260000000002,15.25518,15.262830000000001,15.270209999999999,15.27732,15.284159999999998,15.29073,15.297030000000001,15.30306,15.308819999999999,15.314309999999999,15.31953,15.324390000000001,15.32907,15.33339,15.337439999999999,15.34122,15.344640000000002,15.347790000000002,15.350670000000001,15.353280000000002,15.355529999999998,15.357510000000001,15.35913,15.36048,15.36156,15.362279999999998,15.36273,15.362820000000001,15.362550000000002,15.36201,15.361200000000002,15.360030000000002,15.358500000000001,15.35661,15.354450000000002,15.352020000000001,15.34914,15.345990000000002,15.34257,15.3387,15.33456,15.330060000000001,15.325199999999999,15.319980000000001,15.314490000000001,15.308639999999999,15.302430000000001,15.295860000000001,15.28902,15.281730000000001,15.27417,15.26616,15.25788,15.24924,15.240239999999998,15.23088,15.221250000000001,15.21117,15.200730000000002,15.19002,15.178860000000002,15.16743,15.155550000000002,15.143400000000002,15.1308,15.11793,15.104610000000001,15.091020000000002,15.077070000000003,15.06267,15.048,15.032879999999999,15.01749,15.001650000000001,14.98554,14.968980000000002,14.95215,14.93487,14.91732,14.899320000000001,14.880960000000002,14.86233,14.84325,14.82381,14.804009999999998,14.783850000000001,14.763330000000002,14.742540000000002,14.7213,14.699699999999998,14.677739999999998,14.65542,14.632740000000002,14.6097,14.586300000000001,14.562539999999998,14.53842,14.51394,14.48919,14.46399,14.43852,14.4126,14.38641,14.35986,14.33295,14.30568,14.27814,14.250240000000002,14.22198,14.19345,14.16456,14.1354,14.105879999999999,14.07609,14.04594,14.01552,13.98492,13.95387,13.92264,13.89114,13.85946,13.82742,13.7952,13.7628,13.730129999999999,13.697280000000001,13.66425,13.63104,13.59765,13.56417,13.53051,13.49676,13.46301,13.42908,13.39524,13.361220000000001,13.32729,13.29336,13.25952,13.22577,13.19202,13.15845,13.12506,13.09185,13.058910000000001,13.02615,12.99366,12.96153,12.92976,12.89835,12.86739,12.83679,12.80673,12.7773,12.74832,12.71997,12.69225,12.66516,12.63879,12.61314,12.5883,12.56418,12.54087,12.51846,12.49695,12.47625,12.45645,12.43764,12.41973,12.40281,12.38688,12.37185,12.35781,12.34476,12.332699999999999,12.32154,12.31137,12.302100000000001,12.29382,12.28644,12.279869999999999,12.2742,12.26934,12.26529,12.26205,12.259530000000002,12.25764,12.25647,12.25593,12.25593,12.25647,12.25755,12.25908,12.26097,12.26322,12.265830000000001,12.26871,12.27186,12.27519,12.278609999999999,12.282210000000001,12.2859,12.289589999999999,12.293280000000001,12.29697,12.300569999999999,12.303989999999999,12.307409999999999,12.31056,12.31353,12.31623,12.31875,12.321,12.32298,12.3246,12.32586,12.32676,12.327390000000001,12.32757,12.327390000000001,12.32676,12.32577,12.32433,12.32253,12.32028,12.31767,12.31452,12.311010000000001,12.30714,12.30282,12.29805,12.293009999999999,12.287519999999999,12.28167,12.27546,12.268889999999999,12.26205,12.25494,12.24756,12.23982,12.231990000000001,12.22389,12.215610000000002,12.207239999999999,12.198690000000001,12.190140000000001,12.1815,12.17286,12.16422,12.15567,12.147210000000001,12.13884,12.130740000000001,12.12273,12.11508,12.1077,12.10068,12.09402,12.08772,12.08196,12.07665,12.07188,12.06774,12.06414,12.06117,12.05892,12.05739,12.05649,12.056400000000002,12.057120000000001,12.05856,12.0609,12.06405,12.06801,12.07278,12.07845,12.08493,12.092310000000001,12.10059,12.10959,12.11949,12.1302,12.141720000000001,12.153960000000001,12.167010000000001,12.18078,12.19527,12.21039,12.22623,12.24261,12.25962,12.27717,12.29517,12.31371,12.332699999999999,12.35205,12.37176,12.39183,12.41208,12.432690000000001,12.45339,12.47427,12.49533,12.51648,12.53763,12.55878,12.579930000000001,12.60099,12.62196,12.64284,12.663540000000001,12.68406,12.70431,12.72438,12.74409,12.76353,12.78252,12.80124,12.8196,12.83742,12.854880000000001,12.8718,12.88827,12.904290000000001,12.91968,12.93453,12.94875,12.96234,12.975389999999999,12.98772,12.99942,13.0104,13.02075,13.030289999999999,13.03902,13.047120000000001,13.05432,13.06071,13.06629,13.07097,13.07484,13.07772,13.079699999999999,13.08078,13.08087,13.079970000000001,13.07799,13.07502,13.070879999999999,13.06575,13.059360000000002,13.05189,13.04325,13.03335,13.02219,13.00977,12.99591,12.98079,12.96423,12.946140000000002,12.9267,12.90555,12.882959999999999,12.85866,12.83265,12.80484,12.77532,12.743910000000001,12.71052,12.67515,12.63771,12.59811,12.55626,12.512070000000001,12.46545,12.4164,12.364650000000001,12.31029,12.25305,12.19284,12.12966,12.06315,11.993310000000001,11.92005,11.84301,11.76219,11.67741,11.58831,11.4948,11.396700000000001,11.293650000000001,11.18547,11.0718,10.95246,10.82709,10.69533,10.55682,10.41111,10.25793,10.09665,9.92691,9.748080000000002,9.55962,9.3609,9.151290000000001,8.929944,8.696187,8.449128,8.187876000000001,7.911441,7.618815000000001,7.3089,6.980607000000001,6.632829,6.264567,5.874993000000001,5.463684,5.031036,4.578867,4.1117669999999995,3.639501,3.181446,2.774007,2.4778350000000002,2.367,2.4791670000000003,2.777355,3.188043,3.6510300000000004,4.130180999999999,4.606308,5.069763,5.515992,5.943177,6.350913,6.739569,7.10991,7.46289,7.799526,8.120844000000002,8.427852000000001,8.721495,9.0027,9.27225,9.53091,9.77949,10.01862,10.248840000000001,10.47078,10.68498,10.89189,11.09196,11.28564,11.4732,11.655090000000001,11.83158,12.003120000000001,12.1698,12.33198,12.48984,12.643740000000001,12.79368,12.94011,13.08303,13.222710000000001,13.35924,13.4928,13.62357,13.75164
16.00065,15.94098,15.882480000000001,15.824970000000002,15.768720000000002,15.713639999999998,15.65982,15.60726,15.55605,15.506279999999999,15.45786,15.41088,15.365340000000002,15.321330000000001,15.278940000000002,15.237990000000002,15.19875,15.161040000000002,15.125039999999998,15.09066,15.057990000000002,15.02694,14.997510000000002,14.96979,14.943779999999999,14.919480000000002,14.8968,14.87574,14.856300000000001,14.838480000000002,14.82219,14.80752,14.794379999999999,14.782680000000001,14.772419999999999,14.7636,14.75622,14.7501,14.74524,14.74164,14.73921,14.73795,14.73786,14.73867,14.74056,14.74335,14.74704,14.751629999999999,14.75694,14.762970000000001,14.76972,14.7771,14.785110000000001,14.793660000000001,14.802750000000001,14.812290000000003,14.822280000000001,14.83263,14.84334,14.85432,14.865659999999998,14.877180000000001,14.888879999999999,14.90085,14.91291,14.92515,14.93748,14.949900000000001,14.96232,14.97483,14.98734,14.99985,15.01227,15.02469,15.037109999999998,15.049349999999999,15.061589999999999,15.07374,15.08571,15.097589999999999,15.10938,15.120990000000003,15.132420000000002,15.14367,15.15483,15.16581,15.17661,15.187140000000001,15.197579999999999,15.20775,15.217740000000001,15.227549999999999,15.23709,15.246450000000001,15.255540000000002,15.26445,15.27309,15.281550000000001,15.289740000000002,15.297659999999999,15.3054,15.312869999999998,15.320070000000001,15.327000000000002,15.333750000000002,15.34014,15.346350000000001,15.35229,15.35796,15.36327,15.368400000000001,15.373259999999998,15.37785,15.38208,15.386130000000001,15.389819999999999,15.39324,15.39639,15.39927,15.40179,15.40413,15.40602,15.407730000000003,15.409080000000001,15.41016,15.41097,15.41142,15.4116,15.41142,15.41097,15.41016,15.409080000000001,15.407639999999999,15.40593,15.403860000000002,15.40152,15.39882,15.395760000000001,15.39243,15.388740000000002,15.384780000000001,15.380460000000001,15.375779999999999,15.370740000000001,15.365430000000002,15.359760000000001,15.35373,15.347430000000001,15.34068,15.333660000000002,15.32628,15.318630000000002,15.310530000000002,15.302160000000002,15.293429999999999,15.284340000000002,15.274890000000001,15.265080000000001,15.254999999999999,15.244560000000002,15.233670000000002,15.222510000000002,15.21099,15.19911,15.186870000000003,15.17427,15.1614,15.14808,15.13449,15.12045,15.106140000000002,15.091380000000001,15.07635,15.060960000000001,15.045209999999999,15.029100000000001,15.01254,14.995709999999999,14.978520000000001,14.960970000000001,14.943150000000001,14.924880000000002,14.90625,14.88726,14.86791,14.84829,14.82822,14.807879999999999,14.78709,14.76603,14.74452,14.72274,14.7006,14.6781,14.655240000000001,14.63202,14.60844,14.584590000000002,14.56029,14.535720000000001,14.510790000000002,14.4855,14.459940000000001,14.433930000000002,14.407650000000002,14.3811,14.3541,14.32692,14.29929,14.27139,14.243219999999999,14.214690000000001,14.1858,14.15673,14.1273,14.0976,14.06763,14.03739,14.00688,13.9761,13.94505,13.91382,13.88232,13.85055,13.81869,13.786560000000001,13.75425,13.72176,13.68918,13.65642,13.62348,13.59054,13.55742,13.5243,13.49109,13.45779,13.42458,13.391280000000002,13.35807,13.324950000000001,13.291920000000001,13.258890000000001,13.226130000000001,13.19346,13.16097,13.12875,13.09671,13.06503,13.03362,13.00257,12.97197,12.94173,12.911850000000001,12.8826,12.853710000000001,12.82545,12.79782,12.77073,12.74427,12.718530000000001,12.69342,12.669120000000001,12.64554,12.62277,12.60081,12.57966,12.55941,12.53997,12.521429999999999,12.50379,12.48705,12.4713,12.45636,12.44241,12.42945,12.417300000000001,12.406139999999999,12.39588,12.38643,12.37797,12.37032,12.36348,12.35754,12.35232,12.34791,12.34422,12.34125,12.33891,12.337200000000001,12.33612,12.33558,12.33558,12.33603,12.33693,12.33828,12.33999,12.34197,12.34422,12.34674,12.349440000000001,12.35232,12.35529,12.358350000000002,12.36141,12.36456,12.367709999999999,12.37068,12.37365,12.37653,12.37923,12.38175,12.384,12.38616,12.38796,12.38958,12.39084,12.39183,12.39246,12.39282,12.39282,12.39237,12.39165,12.39057,12.38904,12.38715,12.38481,12.3822,12.37914,12.37572,12.37185,12.36762,12.36303,12.35817,12.352860000000002,12.347280000000001,12.34134,12.335040000000001,12.32856,12.32172,12.3147,12.307409999999999,12.299940000000001,12.29229,12.284460000000001,12.276539999999999,12.26853,12.26043,12.25233,12.24414,12.236130000000001,12.22803,12.2202,12.21237,12.20481,12.19743,12.19032,12.183480000000001,12.17691,12.17079,12.16503,12.15972,12.15495,12.15063,12.146849999999999,12.1437,12.14109,12.1392,12.13794,12.137310000000001,12.137490000000001,12.13839,12.14001,12.14244,12.14559,12.14964,12.15441,12.15999,12.16638,12.173670000000001,12.18168,12.1905,12.20004,12.21048,12.22155,12.23343,12.246030000000001,12.25935,12.2733,12.28788,12.30318,12.31893,12.33531,12.35223,12.3696,12.38742,12.40569,12.42432,12.44322,12.462570000000001,12.4821,12.50181,12.521790000000001,12.54195,12.5622,12.582540000000002,12.60288,12.62322,12.643650000000001,12.6639,12.68415,12.704220000000001,12.7242,12.743910000000001,12.76344,12.7827,12.80169,12.820409999999999,12.83877,12.85677,12.874410000000001,12.89169,12.908430000000001,12.924719999999999,12.94056,12.95595,12.97071,12.98493,12.99861,13.011660000000001,13.02417,13.035960000000001,13.047120000000001,13.05765,13.06737,13.07646,13.08474,13.092300000000002,13.099050000000002,13.10499,13.11012,13.11444,13.11777,13.120289999999999,13.12191,13.12254,13.12227,13.12092,13.11858,13.11525,13.110840000000001,13.105260000000001,13.09869,13.090860000000001,13.081859999999999,13.0716,13.060170000000001,13.04739,13.03326,13.01787,13.00095,12.98268,12.96288,12.941550000000001,12.9186,12.894120000000001,12.86784,12.83985,12.81006,12.77838,12.74481,12.70926,12.67164,12.63177,12.58974,12.54546,12.49875,12.449520000000001,12.39768,12.343140000000002,12.28581,12.2256,12.16224,12.09573,12.02589,11.95263,11.875680000000001,11.79495,11.71026,11.62134,11.52801,11.430090000000002,11.3274,11.21958,11.10645,10.98765,10.862910000000001,10.73187,10.59426,10.449629999999999,10.297530000000002,10.13769,9.96957,9.792629999999999,9.60633,9.41013,9.20349,8.9856,8.755893,8.513604,8.257968,7.988211000000001,7.703514,7.4031210000000005,7.086312,6.752484000000001,6.401295,6.032817,5.6478150000000005,5.248233,4.837986,4.4241660000000005,4.019058,3.6428580000000004,3.326337,3.109887,3.0326850000000003,3.111975,3.331107,3.651462,4.033026,4.445361,4.868442,5.2901370000000005,5.703372000000001,6.104295,6.4909170000000005,6.862445999999999,7.218764999999999,7.560162000000001,7.8871590000000005,8.200395,8.50059,8.788446,9.06471,9.33003,9.585090000000001,9.83052,10.06686,10.29474,10.5147,10.7271,10.93239,11.131020000000001,11.32353,11.51001,11.691,11.86668,12.037410000000001,12.20346,12.36501,12.52242,12.675870000000002,12.82545,12.971520000000002,13.11408,13.253490000000001,13.38975,13.52313,13.65372,13.78161
16.09884,16.04016,15.982650000000001,15.926219999999999,15.87087,15.816690000000001,15.763770000000001,15.71211,15.661710000000001,15.61266,15.56496,15.518699999999999,15.473880000000001,15.4305,15.388650000000002,15.34824,15.30945,15.272190000000002,15.236460000000001,15.202350000000001,15.16986,15.138990000000002,15.109739999999999,15.08211,15.056099999999999,15.031619999999998,15.00876,14.98752,14.96781,14.949720000000001,14.933070000000003,14.917950000000001,14.904360000000002,14.892120000000002,14.88132,14.871870000000001,14.86377,14.85693,14.85135,14.846940000000002,14.843699999999998,14.84163,14.84055,14.84055,14.841450000000002,14.84334,14.84604,14.84964,14.85396,14.859000000000002,14.86476,14.871149999999998,14.878170000000003,14.88573,14.893740000000001,14.90229,14.911290000000001,14.920649999999998,14.930370000000002,14.94045,14.9508,14.96133,14.97222,14.9832,14.99436,15.0057,15.017130000000002,15.028649999999999,15.040260000000002,15.05196,15.06366,15.07536,15.08697,15.09867,15.110280000000001,15.1218,15.133320000000001,15.14475,15.156,15.16725,15.17832,15.1893,15.200099999999999,15.21072,15.221250000000001,15.2316,15.24186,15.251850000000001,15.261660000000001,15.27129,15.28074,15.29001,15.2991,15.307920000000001,15.31656,15.32493,15.33312,15.341040000000001,15.348780000000001,15.35634,15.363539999999999,15.37065,15.3774,15.38397,15.390270000000001,15.3963,15.402059999999999,15.407549999999999,15.41286,15.417900000000001,15.42258,15.427080000000002,15.431310000000002,15.435270000000001,15.43887,15.442290000000002,15.44544,15.44823,15.450750000000001,15.453000000000001,15.45498,15.45669,15.45804,15.45912,15.459930000000002,15.46047,15.46065,15.460560000000001,15.4602,15.45948,15.4584,15.457140000000003,15.45543,15.45354,15.45129,15.44868,15.4458,15.44256,15.43905,15.435180000000003,15.43095,15.426449999999999,15.421590000000002,15.41646,15.41097,15.405120000000002,15.399,15.39252,15.385679999999999,15.37857,15.3711,15.36327,15.35508,15.34662,15.33771,15.32853,15.319080000000001,15.309180000000001,15.299009999999999,15.288480000000002,15.277590000000002,15.26634,15.25473,15.242849999999999,15.230609999999999,15.21801,15.205050000000002,15.19173,15.17805,15.164100000000001,15.1497,15.13503,15.120000000000001,15.104610000000001,15.08886,15.07275,15.05637,15.03954,15.022440000000001,15.00498,14.987070000000001,14.968890000000002,14.95044,14.931539999999998,14.912279999999999,14.89275,14.872770000000001,14.85252,14.83191,14.810940000000002,14.78961,14.76801,14.74596,14.723640000000001,14.700959999999998,14.677920000000002,14.654610000000002,14.630939999999999,14.606910000000001,14.58252,14.55777,14.532750000000002,14.50746,14.481720000000001,14.455710000000002,14.429429999999998,14.40279,14.37579,14.34852,14.32098,14.29308,14.26491,14.23647,14.20767,14.17869,14.14935,14.11983,14.08995,14.05989,14.02956,13.99905,13.96827,13.93722,13.905990000000001,13.87467,13.84308,13.81131,13.77936,13.74732,13.715190000000002,13.68288,13.65048,13.61799,13.585500000000001,13.55292,13.520340000000001,13.48776,13.45518,13.4226,13.3902,13.357800000000001,13.32558,13.29345,13.2615,13.22973,13.19823,13.167000000000002,13.13595,13.105350000000001,13.07502,13.04505,13.015440000000002,12.986369999999999,12.95775,12.92958,12.90195,12.87495,12.84849,12.822569999999999,12.797460000000001,12.77289,12.74913,12.726,12.70368,12.682170000000001,12.66138,12.64149,12.62241,12.604140000000001,12.586770000000001,12.570210000000001,12.55455,12.53979,12.52593,12.51297,12.50082,12.48957,12.47922,12.46968,12.461039999999999,12.45321,12.446100000000001,12.4398,12.43431,12.429540000000001,12.425490000000002,12.422070000000001,12.41928,12.417119999999999,12.41559,12.414510000000002,12.41397,12.41388,12.41424,12.41496,12.41613,12.417480000000001,12.41919,12.42108,12.42324,12.42558,12.42792,12.43044,12.433050000000001,12.43557,12.438180000000001,12.440700000000001,12.44322,12.44556,12.44781,12.44988,12.45177,12.453479999999999,12.454920000000001,12.45618,12.457170000000001,12.4578,12.45825,12.45834,12.45807,12.45753,12.45663,12.45537,12.453750000000001,12.45186,12.449520000000001,12.44682,12.44376,12.44043,12.43665,12.43251,12.428099999999999,12.42333,12.41829,12.412889999999999,12.40722,12.40119,12.39498,12.3885,12.38184,12.37491,12.3678,12.3606,12.35322,12.34566,12.3381,12.33054,12.322890000000001,12.315240000000001,12.307680000000001,12.30012,12.29274,12.285449999999999,12.27843,12.2715,12.264930000000001,12.25863,12.252600000000001,12.246929999999999,12.241620000000001,12.23685,12.23244,12.228570000000001,12.225150000000001,12.22236,12.22011,12.218490000000001,12.217590000000001,12.21723,12.217590000000001,12.21867,12.22047,12.2229,12.22623,12.23019,12.234960000000001,12.240540000000001,12.24684,12.25386,12.26178,12.27033,12.27969,12.28977,12.300569999999999,12.312,12.324150000000001,12.33702,12.35052,12.36456,12.37932,12.39453,12.41028,12.42657,12.44331,12.460410000000001,12.47805,12.49596,12.51423,12.532770000000001,12.55158,12.57057,12.58983,12.60918,12.628620000000002,12.64824,12.667860000000001,12.68748,12.7071,12.72663,12.74607,12.76542,12.78468,12.80367,12.82248,12.84102,12.85938,12.87738,12.89502,12.91239,12.9294,12.94596,12.96207,12.977730000000001,12.993030000000001,13.0077,13.02192,13.0356,13.04874,13.06125,13.07313,13.08447,13.09509,13.10508,13.11435,13.1229,13.130730000000002,13.13784,13.14414,13.14963,13.15431,13.158180000000002,13.161150000000001,13.16331,13.164480000000001,13.16475,13.16412,13.162410000000001,13.15971,13.156020000000002,13.151250000000001,13.1454,13.13847,13.13028,13.121010000000002,13.11048,13.09869,13.08573,13.07133,13.05558,13.03848,13.01994,12.99987,12.97836,12.95523,12.930390000000001,12.90402,12.87576,12.84579,12.814020000000001,12.78027,12.74445,12.706740000000002,12.66678,12.62466,12.5802,12.5334,12.48408,12.43224,12.3777,12.32037,12.260069999999999,12.1968,12.130379999999999,12.06072,11.98755,11.910779999999999,11.83023,11.74581,11.657250000000001,11.56437,11.4669,11.364749999999999,11.25756,11.14506,11.02716,10.90332,10.77345,10.6371,10.493910000000001,10.343520000000002,10.18557,10.01961,9.84519,9.66177,9.468990000000002,9.26613,9.05274,8.828199000000001,8.591949,8.343378,8.081901,7.8069869999999995,7.518177,7.215156,6.897843,6.566535,6.222105,5.866308,5.502303,5.135247,4.773366,4.4291160000000005,4.120335,3.8704950000000005,3.705957,3.6490410000000004,3.7089000000000003,3.8769210000000003,4.131279,4.445982000000001,4.7979,5.1693750000000005,5.548086,5.925906,6.297687,6.6602879999999995,7.011918,7.351659,7.679169000000001,7.994466,8.297793,8.589537,8.870175000000001,9.14022,9.40014,9.65061,9.89199,10.124820000000001,10.349549999999999,10.56672,10.77669,10.97991,11.17674,11.36754,11.55258,11.73222,11.90673,12.07638,12.24153,12.402270000000001,12.55896,12.71169,12.86064,13.006170000000001,13.14828,13.28724,13.42314,13.55616,13.686390000000001,13.8141
16.19613,16.13844,16.08183,16.0263,15.971940000000002,15.918660000000001,15.86655,15.815700000000001,15.766110000000001,15.717780000000001,15.6708,15.62526,15.58107,15.538230000000002,15.496920000000001,15.457049999999999,15.418619999999999,15.381720000000001,15.346350000000001,15.31251,15.28029,15.249509999999999,15.22035,15.192810000000001,15.16671,15.14223,15.11919,15.097770000000002,15.07788,15.05943,15.04242,15.02694,15.012810000000002,15.000029999999999,14.98869,14.978610000000002,14.96988,14.96241,14.956109999999999,14.950980000000001,14.946930000000002,14.944050000000002,14.94216,14.941260000000002,14.941260000000002,14.94225,14.944050000000002,14.94666,14.95008,14.954220000000001,14.958989999999998,14.96439,14.97042,14.97708,14.984100000000002,14.99175,14.99976,15.00813,15.016950000000001,15.02604,15.03549,15.045119999999999,15.055019999999999,15.065190000000001,15.07545,15.085890000000001,15.096510000000002,15.107219999999998,15.11802,15.12882,15.13971,15.1506,15.16149,15.17238,15.18327,15.19416,15.204870000000001,15.21558,15.2262,15.236730000000001,15.247169999999999,15.25752,15.267689999999998,15.27777,15.28767,15.29739,15.30702,15.31647,15.325740000000001,15.334829999999998,15.34374,15.35247,15.361019999999998,15.369390000000001,15.377489999999998,15.38541,15.39315,15.40062,15.407910000000001,15.414930000000002,15.42177,15.428430000000002,15.43473,15.440850000000001,15.44679,15.45237,15.45777,15.462990000000001,15.467849999999999,15.47253,15.47685,15.48099,15.484860000000001,15.48846,15.491790000000002,15.49485,15.49764,15.500160000000001,15.502410000000001,15.5043,15.50601,15.50736,15.50853,15.509340000000002,15.50988,15.51006,15.51006,15.5097,15.50898,15.508080000000001,15.506820000000001,15.505290000000002,15.5034,15.501240000000001,15.49872,15.495930000000001,15.492870000000002,15.48945,15.485759999999999,15.48171,15.4773,15.472620000000001,15.46767,15.462359999999999,15.45669,15.450750000000001,15.44445,15.43779,15.43086,15.42357,15.416010000000002,15.408000000000001,15.39981,15.391169999999999,15.38226,15.37299,15.36336,15.35346,15.3432,15.332580000000002,15.321600000000002,15.310350000000001,15.29874,15.286769999999999,15.274439999999998,15.26184,15.248880000000002,15.23556,15.22188,15.207840000000001,15.193529999999999,15.178860000000002,15.16383,15.148440000000003,15.13278,15.11667,15.10029,15.083549999999999,15.066450000000001,15.04908,15.03135,15.01317,14.99472,14.976,14.95683,14.93739,14.917589999999999,14.897430000000002,14.876910000000002,14.856119999999999,14.83497,14.81346,14.79159,14.769449999999999,14.74695,14.72409,14.700959999999998,14.67747,14.65362,14.6295,14.60502,14.580179999999999,14.55507,14.529690000000002,14.503950000000001,14.47794,14.451570000000002,14.42493,14.39793,14.370659999999999,14.34312,14.31531,14.287230000000001,14.25888,14.23017,14.20128,14.172120000000001,14.14269,14.11308,14.0832,14.05305,14.02281,13.992210000000002,13.96152,13.93065,13.899600000000001,13.86837,13.83696,13.80546,13.77387,13.74219,13.71033,13.67847,13.64661,13.61466,13.58271,13.55076,13.51881,13.48695,13.45518,13.423499999999999,13.39191,13.3605,13.32927,13.29822,13.26735,13.23675,13.20651,13.17654,13.14684,13.117590000000002,13.0887,13.06026,13.03227,13.00473,12.977730000000001,12.951270000000001,12.92544,12.900150000000002,12.875490000000001,12.851550000000001,12.828240000000001,12.80565,12.78369,12.76263,12.7422,12.72267,12.703859999999999,12.68586,12.66867,12.652379999999999,12.6369,12.62223,12.60846,12.5955,12.583350000000001,12.572099999999999,12.56157,12.55194,12.54312,12.53502,12.52773,12.52125,12.515400000000001,12.51027,12.50586,12.50208,12.498840000000001,12.49623,12.494250000000001,12.49272,12.49164,12.4911,12.490920000000001,12.49119,12.49173,12.49254,12.49371,12.49506,12.49668,12.49839,12.50028,12.502260000000001,12.504330000000001,12.506400000000001,12.50847,12.51054,12.51252,12.51441,12.516210000000001,12.51792,12.519359999999999,12.52071,12.52188,12.52278,12.52341,12.52386,12.52395,12.52386,12.52341,12.522689999999999,12.52161,12.52026,12.51855,12.51657,12.51423,12.51153,12.508560000000001,12.50514,12.50154,12.49749,12.49326,12.48858,12.48372,12.4785,12.4731,12.46734,12.461400000000001,12.45519,12.44889,12.44232,12.43557,12.42873,12.421710000000001,12.4146,12.40749,12.40029,12.393180000000001,12.38598,12.378870000000001,12.37185,12.36492,12.35817,12.351600000000001,12.345210000000002,12.339,12.33315,12.32766,12.32244,12.31758,12.313170000000001,12.30921,12.3057,12.30273,12.3003,12.29832,12.29706,12.296339999999999,12.29625,12.29679,12.297960000000002,12.299940000000001,12.30246,12.30579,12.30984,12.31461,12.3201,12.32631,12.33324,12.34089,12.34926,12.358350000000002,12.368070000000001,12.37851,12.389669999999999,12.40146,12.41388,12.42684,12.44043,12.45465,12.46932,12.484530000000001,12.50019,12.516300000000001,12.53286,12.54978,12.566970000000001,12.584610000000001,12.602430000000002,12.62052,12.63888,12.657330000000002,12.67605,12.69477,12.71358,12.73248,12.751380000000001,12.77028,12.789090000000002,12.8079,12.82653,12.84498,12.86334,12.88143,12.89934,12.91698,12.93426,12.95136,12.96801,12.98439,13.00032,13.0158,13.03092,13.045499999999999,13.05972,13.073310000000001,13.08645,13.09896,13.11093,13.122359999999999,13.13316,13.14324,13.15278,13.1616,13.169699999999999,13.17708,13.18365,13.189589999999999,13.19463,13.19895,13.20237,13.20498,13.20669,13.207500000000001,13.20741,13.206330000000001,13.20435,13.20129,13.197330000000001,13.1922,13.18608,13.178790000000001,13.17033,13.16079,13.14999,13.13793,13.12461,13.110030000000002,13.0941,13.07673,13.057920000000001,13.03767,13.01589,12.99258,12.96765,12.94101,12.91266,12.88251,12.85056,12.81672,12.7809,12.74301,12.702960000000001,12.66075,12.616290000000001,12.569490000000002,12.52017,12.46833,12.41379,12.35655,12.296429999999999,12.23334,12.1671,12.097620000000001,12.02472,11.948220000000001,11.86812,11.78406,11.69604,11.603700000000002,11.506950000000002,11.405520000000001,11.299140000000001,11.18772,11.0709,10.94832,10.819890000000001,10.685160000000002,10.54386,10.39554,10.240020000000001,10.07676,9.90549,9.72558,9.536850000000001,9.33867,9.13059,8.91225,8.683128,8.442819,8.190954000000001,7.927245,7.651574999999999,7.363989,7.064874,6.755085,6.436134,6.110496,5.782014,5.456412,5.141907000000001,4.84983,4.594806,4.394115,4.2652350000000006,4.221783,4.269105000000001,4.40235,4.608333,4.869936,5.170203,5.494707,5.832279000000001,6.174783000000001,6.51654,6.853725,7.1838359999999994,7.505343000000001,7.817337000000001,8.119394999999999,8.411373,8.693361000000001,8.965566,9.22833,9.48186,9.72675,9.96327,10.19187,10.412820000000002,10.62666,10.83375,11.034360000000001,11.22876,11.41749,11.60064,11.77866,11.951640000000001,12.12003,12.28392,12.44358,12.59928,12.75111,12.89934,13.04415,13.185630000000002,13.32396,13.45932,13.591890000000001,13.72167,13.848840000000001
16.29252,16.23582,16.180110000000003,16.125480000000003,16.071930000000002,16.01946,15.968160000000001,15.918120000000002,15.869250000000001,15.821729999999999,15.775379999999998,15.73047,15.68682,15.64461,15.60375,15.564330000000002,15.52635,15.489809999999999,15.4548,15.42123,15.389100000000001,15.358590000000001,15.329429999999999,15.301889999999998,15.275789999999999,15.251219999999998,15.228090000000002,15.20649,15.18633,15.167610000000002,15.15024,15.1344,15.11982,15.10659,15.09471,15.084090000000002,15.07473,15.066540000000002,15.059610000000001,15.053760000000002,15.04899,15.0453,15.042599999999998,15.04089,15.040080000000001,15.040170000000002,15.04107,15.042870000000002,15.0453,15.048540000000001,15.052410000000002,15.05691,15.062040000000001,15.067710000000002,15.07383,15.080490000000001,15.0876,15.095070000000002,15.102989999999998,15.11118,15.119640000000002,15.12846,15.137460000000003,15.14673,15.156179999999999,15.16581,15.17553,15.185429999999998,15.19542,15.20541,15.21558,15.225660000000001,15.23583,15.246000000000002,15.256170000000001,15.26625,15.276330000000002,15.28632,15.29631,15.306210000000002,15.315930000000002,15.325650000000001,15.33519,15.344640000000002,15.354,15.36318,15.372180000000002,15.38109,15.389819999999999,15.398370000000002,15.406740000000001,15.414930000000002,15.42303,15.43086,15.43851,15.445889999999999,15.453180000000001,15.4602,15.46704,15.473610000000003,15.48,15.486210000000002,15.49215,15.497819999999999,15.503309999999999,15.50862,15.513570000000001,15.51834,15.522929999999999,15.527160000000002,15.531210000000002,15.534989999999999,15.5385,15.541739999999999,15.544709999999998,15.5475,15.54993,15.552090000000002,15.55407,15.555689999999998,15.557129999999999,15.558209999999999,15.55902,15.55956,15.55983,15.55983,15.55947,15.558840000000002,15.55794,15.55677,15.55533,15.55353,15.551459999999999,15.549030000000002,15.546330000000001,15.54336,15.54012,15.53652,15.532560000000002,15.528329999999999,15.52383,15.518970000000001,15.51384,15.50835,15.502500000000001,15.49638,15.489989999999999,15.483240000000002,15.47613,15.46875,15.46101,15.453000000000001,15.444629999999998,15.4359,15.426899999999998,15.41754,15.407910000000001,15.397829999999999,15.38757,15.37686,15.36588,15.354540000000002,15.342839999999999,15.330870000000003,15.318540000000002,15.30585,15.292890000000002,15.27957,15.26589,15.251850000000001,15.23754,15.22287,15.207840000000001,15.192540000000001,15.17679,15.160770000000001,15.144480000000001,15.12774,15.11073,15.093359999999999,15.075720000000002,15.05763,15.03927,15.020639999999998,15.00156,14.982209999999998,14.9625,14.942519999999998,14.922090000000003,14.90139,14.880419999999999,14.859090000000002,14.8374,14.81535,14.793029999999998,14.77044,14.747399999999999,14.724179999999999,14.70051,14.676570000000002,14.65236,14.627790000000001,14.60295,14.577840000000002,14.55237,14.526539999999999,14.50053,14.47416,14.44752,14.42061,14.39334,14.36589,14.33817,14.31009,14.281830000000001,14.2533,14.22459,14.19561,14.16636,14.136930000000001,14.10723,14.077350000000001,14.04738,14.017140000000001,13.986720000000002,13.95612,13.92543,13.89465,13.86369,13.832550000000001,13.801409999999999,13.77018,13.738949999999999,13.70763,13.67631,13.64499,13.61358,13.58235,13.551120000000001,13.51998,13.48893,13.457970000000001,13.42728,13.39668,13.36626,13.33611,13.306230000000001,13.27653,13.24719,13.21821,13.189589999999999,13.16142,13.13352,13.106160000000001,13.07925,13.05288,13.027050000000001,13.00167,12.977010000000002,12.95289,12.9294,12.90654,12.88431,12.86289,12.8421,12.82212,12.80286,12.784320000000001,12.76659,12.74967,12.73356,12.71817,12.70368,12.68991,12.67704,12.664890000000002,12.653550000000001,12.64302,12.6333,12.6243,12.616019999999999,12.60855,12.601709999999999,12.595590000000001,12.590190000000002,12.585420000000001,12.581280000000001,12.577679999999999,12.57471,12.572189999999999,12.570210000000001,12.568769999999999,12.56769,12.566970000000001,12.566699999999999,12.566790000000001,12.56715,12.56778,12.56859,12.56967,12.57093,12.572280000000001,12.57381,12.57534,12.57687,12.57849,12.58011,12.58164,12.583169999999999,12.58452,12.58578,12.58695,12.58794,12.588750000000001,12.58929,12.58974,12.58983,12.58974,12.58938,12.588750000000001,12.58794,12.586680000000001,12.585239999999999,12.583440000000001,12.58137,12.57903,12.576329999999999,12.57327,12.57003,12.56643,12.56256,12.55833,12.55392,12.549150000000001,12.5442,12.53898,12.53349,12.52782,12.52188,12.51585,12.50955,12.503160000000001,12.49668,12.490110000000001,12.48345,12.4767,12.469949999999999,12.4632,12.45645,12.44979,12.44322,12.43674,12.43044,12.424230000000001,12.418379999999999,12.41262,12.40722,12.40209,12.39732,12.39291,12.38895,12.38535,12.3822,12.3795,12.37743,12.37581,12.374730000000001,12.37419,12.37437,12.37509,12.37644,12.37851,12.381120000000001,12.384540000000001,12.38859,12.393270000000001,12.398670000000001,12.40479,12.41154,12.4191,12.427200000000001,12.436020000000001,12.44556,12.45573,12.46644,12.477870000000001,12.48984,12.50244,12.51558,12.52926,12.543389999999999,12.558060000000001,12.57318,12.588659999999999,12.60459,12.62088,12.63753,12.654449999999999,12.67164,12.6891,12.706740000000002,12.72456,12.74247,12.76056,12.77874,12.79692,12.815100000000001,12.83328,12.85137,12.86946,12.88737,12.905190000000001,12.922830000000001,12.940290000000001,12.95757,12.974490000000001,12.99123,13.00761,13.02363,13.039380000000001,13.054680000000001,13.06962,13.08411,13.09815,13.111740000000001,13.12488,13.13739,13.14945,13.16088,13.17177,13.18203,13.19175,13.200750000000001,13.20903,13.21668,13.22361,13.22982,13.23531,13.23999,13.243860000000002,13.24692,13.24908,13.25043,13.25097,13.25052,13.24908,13.24674,13.24341,13.239090000000001,13.233690000000001,13.22721,13.21965,13.210920000000002,13.20111,13.19004,13.1778,13.164209999999999,13.14936,13.13325,13.11561,13.09671,13.07628,13.05432,13.03083,13.00572,12.97899,12.95046,12.92022,12.88818,12.85425,12.81834,12.78045,12.740400000000001,12.69819,12.65373,12.60693,12.5577,12.50595,12.451590000000001,12.39453,12.33459,12.271770000000002,12.2058,12.13659,12.06414,11.98809,11.90853,11.825099999999999,11.73762,11.64609,11.55015,11.44971,11.3445,11.23425,11.118780000000001,10.997819999999999,10.8711,10.73835,10.59921,10.4535,10.30077,10.14075,9.973080000000001,9.79731,9.61326,9.420390000000001,9.21843,9.007109999999999,8.785971,8.55486,8.313597,8.062146,7.800650999999999,7.529517,7.249509,6.961895999999999,6.6686309999999995,6.372621,6.077988,5.790438,5.517594,5.269158,5.056722,4.892913,4.789665,4.7557350000000005,4.794525,4.903065,5.073003,5.292756,5.549994000000001,5.833323,6.133212,6.442137000000001,6.754446000000001,7.066044000000001,7.374033,7.676433,7.971921,8.259705,8.539317,8.810550000000001,9.07335,9.327960000000001,9.57438,9.81288,10.04382,10.267470000000001,10.484190000000002,10.69416,10.897739999999999,11.09529,11.286990000000001,11.4732,11.65419,11.83023,12.00141,12.168180000000001,12.33063,12.48894,12.643469999999999,12.79422,12.941460000000001,13.08528,13.22595,13.36356,13.498199999999999,13.63014,13.75938,13.8861
16.38801,16.33221,16.2774,16.22358,16.170840000000002,16.11927,16.06878,16.01946,15.971309999999999,15.92442,15.8787,15.834420000000001,15.79131,15.749640000000001,15.70923,15.67026,15.632639999999999,15.59646,15.561720000000001,15.528419999999999,15.49647,15.466050000000001,15.43707,15.40953,15.38343,15.358770000000002,15.335550000000001,15.31377,15.29334,15.27435,15.256709999999998,15.240420000000002,15.225480000000001,15.211800000000002,15.199380000000001,15.188220000000001,15.17823,15.169500000000001,15.16185,15.155370000000001,15.149880000000001,15.14538,15.141960000000001,15.13944,15.137820000000001,15.1371,15.137189999999999,15.13809,15.13971,15.142050000000001,15.14502,15.148620000000001,15.15285,15.15762,15.16293,15.16869,15.174900000000001,15.181470000000001,15.188490000000002,15.195780000000001,15.20343,15.21135,15.219539999999999,15.22791,15.236550000000001,15.24537,15.254280000000001,15.26337,15.27255,15.281820000000002,15.291180000000002,15.30054,15.309989999999999,15.31935,15.328800000000001,15.33825,15.347610000000001,15.356970000000002,15.36624,15.37551,15.38469,15.39369,15.402690000000002,15.41151,15.420240000000002,15.428880000000001,15.43734,15.44562,15.45381,15.461820000000001,15.469740000000002,15.47739,15.484950000000001,15.492329999999999,15.49944,15.506459999999999,15.513209999999999,15.519779999999999,15.52617,15.53229,15.53832,15.544080000000001,15.549570000000001,15.55488,15.560010000000002,15.56478,15.56946,15.573870000000001,15.57801,15.581879999999998,15.58557,15.58899,15.59214,15.59511,15.59772,15.600150000000001,15.60231,15.6042,15.605820000000001,15.60717,15.608250000000002,15.60915,15.60969,15.609960000000001,15.60987,15.609600000000002,15.60906,15.608160000000002,15.607080000000002,15.605640000000001,15.603930000000002,15.60195,15.599609999999998,15.597,15.594119999999998,15.59097,15.587460000000002,15.583680000000001,15.579540000000001,15.575130000000001,15.57045,15.565409999999998,15.560100000000002,15.554429999999998,15.54849,15.542280000000002,15.535710000000002,15.528780000000001,15.521580000000002,15.51411,15.506279999999999,15.49809,15.48963,15.480810000000002,15.47172,15.46227,15.45255,15.44247,15.43203,15.42132,15.41025,15.39891,15.387210000000001,15.375150000000001,15.36273,15.350039999999998,15.33708,15.32367,15.31008,15.29604,15.281730000000001,15.26706,15.25203,15.236730000000001,15.22107,15.20514,15.18876,15.172110000000002,15.15519,15.137910000000002,15.12027,15.10227,15.084000000000001,15.06546,15.04647,15.02721,15.00768,14.987789999999999,14.967540000000001,14.946930000000002,14.926049999999998,14.9049,14.883389999999999,14.861519999999999,14.83938,14.816880000000001,14.79411,14.771069999999998,14.74767,14.72391,14.699970000000002,14.67558,14.651010000000001,14.626080000000002,14.600879999999998,14.575410000000002,14.54958,14.52357,14.497200000000001,14.47065,14.44374,14.41656,14.3892,14.36157,14.33367,14.3055,14.27715,14.24853,14.21973,14.190660000000001,14.1615,14.132069999999999,14.10246,14.07276,14.04279,14.01273,13.982579999999999,13.95225,13.92183,13.89132,13.86072,13.83003,13.799339999999999,13.76856,13.73778,13.70709,13.67631,13.64571,13.615020000000001,13.58451,13.55409,13.523850000000001,13.4937,13.46373,13.43403,13.40451,13.37517,13.34619,13.31748,13.28913,13.261140000000001,13.23351,13.206330000000001,13.17951,13.153229999999999,13.1274,13.10211,13.07727,13.05306,13.02948,13.00644,12.98403,12.962250000000001,12.941189999999999,12.920850000000002,12.90114,12.88215,12.86397,12.84651,12.82977,12.81375,12.79854,12.784139999999999,12.77046,12.75759,12.74544,12.7341,12.72348,12.71367,12.70449,12.69612,12.68838,12.681360000000002,12.67497,12.6693,12.66417,12.65967,12.65571,12.652379999999999,12.6495,12.647070000000001,12.64518,12.643650000000001,12.642570000000001,12.64176,12.64131,12.64122,12.641399999999999,12.64176,12.6423,12.64311,12.64401,12.645000000000001,12.64608,12.647160000000001,12.64833,12.6495,12.65067,12.65175,12.65274,12.65364,12.654449999999999,12.65508,12.65553,12.65589,12.655980000000001,12.65589,12.65553,12.65499,12.65418,12.6531,12.651840000000002,12.65022,12.64833,12.64626,12.643830000000001,12.64113,12.638160000000001,12.634920000000001,12.63132,12.62754,12.62349,12.61917,12.61458,12.60981,12.60477,12.599549999999999,12.594149999999999,12.58848,12.58272,12.57678,12.57075,12.56454,12.55833,12.55203,12.54564,12.53925,12.53295,12.52656,12.52035,12.51423,12.50811,12.502260000000001,12.49659,12.49101,12.485790000000001,12.48075,12.47607,12.47166,12.4677,12.46401,12.46077,12.457980000000001,12.45564,12.453750000000001,12.4524,12.451590000000001,12.451319999999999,12.451680000000001,12.45258,12.45411,12.45618,12.458969999999999,12.462299999999999,12.46635,12.47103,12.47643,12.482460000000001,12.48912,12.496410000000001,12.504330000000001,12.51297,12.522150000000002,12.53205,12.54249,12.55347,12.56508,12.57723,12.58992,12.603150000000001,12.61683,12.63096,12.64545,12.66048,12.67578,12.69153,12.707460000000001,12.723840000000001,12.740400000000001,12.75714,12.77415,12.79134,12.80862,12.82599,12.84345,12.860999999999999,12.87855,12.89601,12.91347,12.93093,12.948210000000001,12.96531,12.98232,12.99915,13.01571,13.032,13.04811,13.06386,13.07934,13.09446,13.10922,13.12353,13.137480000000002,13.15098,13.16403,13.17654,13.188600000000001,13.20012,13.21101,13.22145,13.23126,13.240440000000001,13.248990000000001,13.25682,13.26402,13.2705,13.27635,13.28139,13.28562,13.28913,13.291830000000001,13.29363,13.29462,13.2948,13.29399,13.29228,13.289579999999999,13.28598,13.2813,13.27563,13.26888,13.261050000000001,13.25205,13.24197,13.23072,13.21821,13.20444,13.18941,13.173029999999999,13.1553,13.136130000000001,13.11561,13.09347,13.069890000000001,13.04469,13.01778,12.98925,12.958919999999999,12.92688,12.89286,12.856950000000001,12.81906,12.77901,12.73689,12.69252,12.64581,12.59676,12.54519,12.49101,12.43422,12.37455,12.312,12.24648,12.177719999999999,12.10572,12.0303,11.951369999999999,11.86866,11.78208,11.691450000000001,11.5965,11.49723,11.39328,11.28447,11.17062,11.05155,10.92681,10.7964,10.659870000000002,10.51695,10.36746,10.21113,10.04751,9.876420000000001,9.69759,9.51066,9.31545,9.111690000000001,8.899218,8.677998,8.448039000000001,8.209503,7.962786,7.708563000000001,7.447887000000001,7.1823060000000005,6.914061,6.646203,6.382836,6.129333,5.892417,5.680143,5.501592,5.36607,5.28192,5.255073,5.287797,5.378202000000001,5.520753,5.707413,5.929146,6.177105,6.443388000000001,6.721371,7.005771,7.292520000000001,7.578549,7.861635000000001,8.140194000000001,8.413128,8.679726,8.939529,9.19233,9.438030000000001,9.67662,9.90828,10.1331,10.35126,10.563030000000001,10.76868,10.96839,11.16243,11.35107,11.53449,11.71296,11.886660000000001,12.05577,12.220650000000001,12.38139,12.538170000000001,12.69126,12.84075,12.98682,13.12965,13.26933,13.40604,13.53987,13.671,13.799610000000001,13.925609999999999
16.48278,16.42779,16.373790000000003,16.32078,16.26885,16.218,16.16823,16.11963,16.072200000000002,16.02594,15.98085,15.937109999999999,15.89454,15.85332,15.81345,15.77484,15.737580000000001,15.70176,15.667290000000001,15.634170000000001,15.60249,15.572159999999998,15.54327,15.51573,15.48963,15.464879999999999,15.44157,15.41961,15.39891,15.37965,15.361740000000001,15.34509,15.3297,15.31566,15.30279,15.291090000000002,15.280560000000001,15.2712,15.262920000000001,15.255720000000002,15.2496,15.244470000000002,15.240239999999998,15.237,15.23466,15.23313,15.232410000000002,15.232500000000002,15.23322,15.234749999999998,15.23691,15.239700000000001,15.24303,15.2469,15.251310000000002,15.256170000000001,15.26157,15.26733,15.273450000000002,15.279929999999998,15.286679999999999,15.29379,15.30117,15.308729999999999,15.31656,15.324570000000001,15.33267,15.340950000000001,15.34941,15.35787,15.366509999999998,15.375150000000001,15.38388,15.392610000000001,15.401340000000001,15.41007,15.418800000000001,15.42744,15.43608,15.444719999999998,15.453180000000001,15.461640000000001,15.47001,15.478290000000001,15.48639,15.49449,15.502410000000001,15.51015,15.517800000000001,15.525269999999999,15.532650000000002,15.539850000000001,15.54687,15.55371,15.56037,15.566940000000002,15.57324,15.579360000000001,15.5853,15.59106,15.59655,15.60195,15.606990000000001,15.611939999999999,15.616620000000001,15.62112,15.62535,15.62931,15.633180000000001,15.63669,15.640020000000002,15.64308,15.64596,15.648480000000001,15.650820000000001,15.65298,15.654780000000002,15.656400000000001,15.657660000000002,15.658739999999998,15.65955,15.660089999999999,15.66036,15.66036,15.660089999999999,15.65955,15.658739999999998,15.657660000000002,15.656220000000001,15.654599999999999,15.65262,15.650459999999999,15.647940000000002,15.645060000000003,15.642,15.638580000000001,15.63489,15.63093,15.6267,15.622110000000001,15.61725,15.612029999999999,15.606539999999999,15.60078,15.594660000000001,15.58827,15.58161,15.57459,15.567210000000001,15.55956,15.551639999999999,15.54336,15.53481,15.525900000000002,15.516720000000001,15.50718,15.49737,15.4872,15.47676,15.46596,15.4548,15.443370000000002,15.43167,15.41961,15.40719,15.3945,15.38145,15.368040000000002,15.354360000000002,15.340409999999999,15.32601,15.31143,15.296399999999998,15.2811,15.26553,15.2496,15.23331,15.21675,15.19983,15.182549999999999,15.165000000000001,15.147180000000002,15.129,15.110460000000002,15.09165,15.07248,15.052950000000001,15.03315,15.01308,14.992650000000001,14.971950000000001,14.950890000000001,14.92956,14.907869999999999,14.885909999999999,14.86359,14.841,14.818140000000001,14.794920000000001,14.77143,14.74767,14.723550000000001,14.699160000000001,14.67459,14.64957,14.624370000000003,14.5989,14.57316,14.54706,14.52078,14.494230000000002,14.46741,14.44032,14.413050000000002,14.38551,14.35779,14.3298,14.30154,14.27319,14.24457,14.21577,14.18679,14.157630000000001,14.12838,14.09895,14.06934,14.03964,14.00985,13.979880000000001,13.949910000000001,13.91985,13.8897,13.85955,13.8294,13.79925,13.76901,13.738949999999999,13.7088,13.678830000000001,13.64886,13.61907,13.58937,13.55994,13.530600000000002,13.50144,13.47255,13.44384,13.41549,13.387410000000001,13.3596,13.332239999999999,13.305150000000001,13.27851,13.252320000000001,13.22658,13.20129,13.176449999999999,13.15224,13.12848,13.105350000000001,13.08276,13.0608,13.039470000000001,13.01877,12.9987,12.97935,12.96063,12.942720000000001,12.92544,12.90897,12.89313,12.8781,12.8637,12.85011,12.83733,12.82518,12.81375,12.80313,12.793140000000001,12.78387,12.77532,12.7674,12.760200000000001,12.753540000000001,12.7476,12.7422,12.73734,12.73311,12.729330000000001,12.726090000000001,12.7233,12.72096,12.71907,12.71745,12.716280000000001,12.71538,12.714839999999999,12.71457,12.71448,12.71457,12.714839999999999,12.71529,12.71592,12.71655,12.717270000000001,12.71799,12.71871,12.719430000000001,12.72015,12.72078,12.72132,12.721770000000001,12.72213,12.72231,12.72231,12.72222,12.721860000000001,12.72132,12.720600000000001,12.71961,12.718350000000001,12.71691,12.71529,12.71331,12.71115,12.70872,12.70602,12.70305,12.699810000000001,12.696299999999999,12.69261,12.688649999999999,12.68451,12.680100000000001,12.67542,12.67056,12.665610000000001,12.66039,12.65499,12.6495,12.643830000000001,12.638069999999999,12.63222,12.62637,12.62034,12.6144,12.60837,12.602430000000002,12.596490000000001,12.59064,12.58488,12.579210000000002,12.573720000000002,12.56841,12.563279999999999,12.55842,12.553830000000001,12.54951,12.54546,12.54177,12.53853,12.53556,12.533130000000002,12.531060000000002,12.52944,12.528360000000001,12.52782,12.52773,12.528179999999999,12.52926,12.53088,12.533130000000002,12.53592,12.539340000000001,12.543389999999999,12.54807,12.55329,12.559230000000001,12.565710000000001,12.57291,12.58065,12.58902,12.59802,12.60756,12.617640000000002,12.62835,12.639600000000002,12.6513,12.663540000000001,12.67632,12.68955,12.70314,12.71718,12.731580000000001,12.74643,12.761550000000002,12.77694,12.79269,12.80862,12.82482,12.8412,12.85767,12.874410000000001,12.89115,12.90798,12.92481,12.94173,12.95856,12.975389999999999,12.992130000000001,13.00878,13.02534,13.041630000000001,13.05783,13.07385,13.08951,13.10499,13.1202,13.13505,13.14963,13.16376,13.17753,13.19094,13.203899999999999,13.216410000000002,13.22838,13.2399,13.25097,13.26141,13.271310000000001,13.28058,13.28931,13.297410000000001,13.30488,13.31163,13.31775,13.32315,13.32774,13.331610000000001,13.33476,13.337100000000001,13.33854,13.339260000000001,13.338989999999999,13.33791,13.335840000000001,13.33287,13.329,13.324050000000002,13.31811,13.31109,13.302990000000001,13.293809999999999,13.28346,13.27203,13.25925,13.2453,13.23009,13.21362,13.19571,13.176449999999999,13.155660000000001,13.13352,13.10976,13.08447,13.05756,13.02894,12.99861,12.96648,12.93255,12.89664,12.858839999999999,12.81888,12.776850000000001,12.73266,12.68613,12.63726,12.585960000000002,12.53205,12.475530000000001,12.41631,12.35421,12.28914,12.22092,12.14955,12.07485,11.99664,11.91483,11.82924,11.739600000000001,11.645999999999999,11.54799,11.44557,11.33838,11.226420000000001,11.10933,10.986930000000001,10.85904,10.725389999999999,10.58571,10.439820000000001,10.28745,10.12833,9.96228,9.78912,9.60858,9.42048,9.224910000000001,9.0216,8.81073,8.592471000000002,8.367183,8.135451,7.8981390000000005,7.656507,7.412283,7.167789,6.926076,6.691041,6.467517000000001,6.261291,6.078978,5.927643,5.814234,5.744763,5.7233789999999996,5.751666,5.8284,5.949747,6.110018999999999,6.302529000000001,6.520392,6.757182,7.007229,7.2657810000000005,7.528977,7.7937840000000005,8.057889000000001,8.319546,8.577459,8.830719,9.078660000000001,9.32103,9.55737,9.78768,10.01187,10.23012,10.44243,10.64898,10.849860000000001,11.045340000000001,11.2356,11.42073,11.601,11.77659,11.94777,12.11463,12.27735,12.4362,12.59127,12.742650000000001,12.8907,13.03542,13.17699,13.31559,13.451220000000001,13.584150000000001,13.71447,13.84218,13.967550000000001
16.57665,16.522470000000002,16.46928,16.41708,16.36587,16.315739999999998,16.26669,16.21872,16.171920000000004,16.12629,16.08183,16.03854,15.9966,15.95583,15.916319999999999,15.87816,15.841260000000002,15.805710000000001,15.771510000000001,15.738570000000001,15.707070000000002,15.67683,15.648030000000002,15.620490000000002,15.594390000000002,15.569640000000001,15.546149999999999,15.524009999999999,15.50322,15.483690000000001,15.465420000000002,15.448409999999999,15.43275,15.41817,15.40485,15.392700000000001,15.38163,15.37173,15.362910000000001,15.35508,15.34824,15.34248,15.33753,15.333569999999998,15.33051,15.328170000000002,15.32673,15.32601,15.32601,15.32664,15.32799,15.329880000000001,15.332490000000002,15.335550000000001,15.339059999999998,15.3432,15.347700000000001,15.352559999999999,15.35787,15.363539999999999,15.369480000000001,15.375779999999999,15.38235,15.389190000000001,15.39612,15.40341,15.41079,15.41826,15.425910000000002,15.433739999999998,15.44157,15.44949,15.457500000000001,15.465600000000002,15.473610000000003,15.48171,15.48972,15.497819999999999,15.50583,15.513750000000002,15.521670000000002,15.529499999999999,15.53724,15.544980000000002,15.55254,15.560010000000002,15.567390000000001,15.57459,15.5817,15.588719999999999,15.595559999999999,15.602219999999999,15.60879,15.61518,15.62139,15.62742,15.633270000000001,15.63894,15.64443,15.649740000000001,15.65487,15.65982,15.664500000000002,15.669,15.67332,15.67737,15.68124,15.684930000000001,15.68835,15.6915,15.694470000000003,15.697260000000002,15.699779999999999,15.70203,15.704009999999998,15.705810000000001,15.70734,15.7086,15.709680000000002,15.7104,15.710940000000003,15.711210000000001,15.711210000000001,15.710940000000003,15.7104,15.709590000000002,15.70851,15.707160000000002,15.705540000000001,15.70365,15.701490000000002,15.699060000000001,15.69627,15.6933,15.689969999999999,15.686370000000002,15.682500000000001,15.678360000000001,15.673950000000001,15.66918,15.66414,15.658739999999998,15.65316,15.64722,15.64092,15.634440000000001,15.627600000000001,15.620400000000002,15.61302,15.605280000000002,15.597180000000002,15.588810000000002,15.580169999999999,15.571170000000002,15.561900000000001,15.55227,15.542370000000002,15.53211,15.521580000000002,15.510780000000002,15.499529999999998,15.4881,15.476310000000002,15.464160000000001,15.451740000000001,15.43905,15.426,15.41259,15.39891,15.384870000000001,15.37056,15.35598,15.340950000000001,15.325740000000001,15.31017,15.29424,15.27804,15.26148,15.244650000000002,15.22746,15.209999999999999,15.192179999999999,15.17409,15.155640000000002,15.13692,15.11784,15.09849,15.078780000000002,15.05889,15.038549999999999,15.01794,14.99706,14.97591,14.9544,14.93253,14.91048,14.88807,14.86539,14.84235,14.81913,14.795549999999999,14.771700000000001,14.74758,14.723190000000002,14.698440000000002,14.673509999999998,14.64831,14.622839999999998,14.597100000000001,14.571090000000002,14.544900000000002,14.51835,14.491620000000001,14.46471,14.437529999999999,14.410169999999999,14.38254,14.35473,14.32674,14.29848,14.27013,14.2416,14.21289,14.18409,14.15511,14.12595,14.09679,14.06745,14.03802,14.0085,13.97898,13.94937,13.91976,13.89015,13.86054,13.83093,13.80132,13.7718,13.74237,13.713030000000002,13.68378,13.654710000000001,13.62582,13.597019999999999,13.56849,13.540230000000001,13.51215,13.48434,13.4568,13.42962,13.4028,13.37634,13.350240000000001,13.32459,13.299299999999999,13.27455,13.250250000000001,13.22649,13.20318,13.1805,13.15836,13.136759999999999,13.11579,13.09545,13.075830000000002,13.056750000000001,13.03839,13.02066,13.00365,12.98727,12.97161,12.95667,12.94245,12.92895,12.916080000000001,12.90402,12.89259,12.88188,12.8718,12.862440000000001,12.853710000000001,12.84561,12.83823,12.831389999999999,12.82509,12.819420000000001,12.81429,12.809790000000001,12.80565,12.802050000000001,12.7989,12.7962,12.79386,12.79188,12.79035,12.789000000000001,12.78801,12.78729,12.78675,12.786480000000001,12.7863,12.78639,12.786480000000001,12.78675,12.78702,12.78738,12.787740000000001,12.7881,12.78846,12.78873,12.78891,12.789090000000002,12.789090000000002,12.789000000000001,12.78873,12.78837,12.787830000000001,12.78702,12.78612,12.78495,12.78369,12.78207,12.78027,12.77829,12.77604,12.77352,12.77082,12.767940000000001,12.7647,12.76128,12.75768,12.75381,12.74976,12.74553,12.74103,12.73635,12.731580000000001,12.72654,12.72141,12.71619,12.710790000000001,12.705390000000001,12.699810000000001,12.69423,12.68856,12.68289,12.67731,12.67164,12.66606,12.66057,12.65517,12.64995,12.64482,12.63987,12.6351,12.630600000000001,12.62637,12.62241,12.61872,12.61539,12.61242,12.60981,12.60756,12.60585,12.604500000000002,12.6036,12.603240000000001,12.60333,12.60405,12.605220000000001,12.60693,12.60927,12.612060000000001,12.61557,12.61953,12.62421,12.629430000000001,12.63519,12.641580000000001,12.6486,12.65616,12.66435,12.67299,12.682260000000001,12.69216,12.70251,12.71331,12.72474,12.73653,12.74886,12.761550000000002,12.77478,12.78828,12.80223,12.816450000000001,12.83112,12.845970000000001,12.86109,12.87648,12.892050000000001,12.9078,12.92373,12.93984,12.95595,12.972150000000001,12.98844,13.00464,13.020930000000002,13.03713,13.05324,13.06926,13.085189999999999,13.10094,13.11651,13.1319,13.14702,13.16187,13.176449999999999,13.19076,13.2048,13.21839,13.231620000000001,13.24449,13.256910000000001,13.26888,13.2804,13.29138,13.30191,13.311900000000001,13.32135,13.33026,13.33854,13.34619,13.35321,13.35951,13.36527,13.37022,13.37445,13.37796,13.38075,13.38273,13.3839,13.38417,13.38363,13.38219,13.37994,13.37661,13.37247,13.36725,13.36104,13.35384,13.34547,13.33611,13.32558,13.313880000000001,13.30101,13.28688,13.27149,13.254840000000002,13.23675,13.2174,13.196610000000002,13.17429,13.150530000000002,13.125150000000001,13.09824,13.06962,13.03929,13.00725,12.97332,12.9375,12.89979,12.86001,12.81807,12.77406,12.7278,12.6792,12.62817,12.57471,12.51855,12.45978,12.39822,12.33369,12.26619,12.19554,12.12165,12.04434,11.96352,11.879010000000001,11.79063,11.698290000000002,11.6019,11.501100000000001,11.395800000000001,11.28591,11.17107,11.05128,10.92618,10.79559,10.65942,10.5174,10.36935,10.215,10.05435,9.88722,9.71334,9.53289,9.345690000000001,9.15183,8.951553,8.745174,8.533188,8.316324000000002,8.095581,7.872345,7.648398,7.426062,7.208262,6.998562000000001,6.801228,6.6211649999999995,6.463746,6.334506,6.238719000000001,6.180795,6.163749,6.188733,6.254919,6.359598,6.49863,6.667002,6.8593589999999995,7.070508,7.2956520000000005,7.530633,7.771914000000001,8.016615,8.262432,8.507556000000001,8.750583,8.990496,9.22653,9.4581,9.68481,9.90657,10.12302,10.33434,10.54044,10.74132,10.93716,11.12805,11.31417,11.495610000000001,11.672460000000001,11.84499,12.01338,12.17763,12.3381,12.49479,12.64788,12.797550000000001,12.94398,13.08717,13.227390000000002,13.36473,13.49919,13.63104,13.760370000000002,13.887179999999999,14.011650000000001
16.66962,16.61625,16.56387,16.51239,16.4619,16.412490000000002,16.36407,16.31682,16.27065,16.22556,16.18164,16.13889,16.0974,16.057080000000003,16.01802,15.980220000000001,15.94368,15.908399999999999,15.874380000000002,15.84171,15.8103,15.780240000000001,15.75144,15.72399,15.697890000000001,15.672960000000002,15.64947,15.627149999999999,15.60609,15.586380000000002,15.56784,15.55056,15.534450000000001,15.51951,15.505740000000001,15.49314,15.48162,15.471090000000002,15.461730000000001,15.453270000000002,15.445889999999999,15.439410000000002,15.433830000000002,15.42915,15.42537,15.42231,15.420150000000001,15.418619999999999,15.417900000000001,15.417810000000001,15.41835,15.41952,15.42123,15.42348,15.42627,15.429509999999999,15.4332,15.43734,15.44184,15.4467,15.451920000000001,15.457410000000001,15.46317,15.469199999999999,15.47541,15.481890000000002,15.48846,15.495299999999999,15.502229999999999,15.509250000000002,15.51645,15.52365,15.53103,15.53832,15.5457,15.553170000000001,15.560550000000001,15.567929999999999,15.575310000000002,15.58269,15.589979999999999,15.597270000000002,15.60438,15.61149,15.61851,15.62544,15.63228,15.63903,15.6456,15.652080000000002,15.65838,15.66459,15.67062,15.676559999999998,15.68232,15.6879,15.6933,15.698519999999998,15.70365,15.70851,15.713189999999999,15.71769,15.722010000000001,15.726150000000002,15.73002,15.73371,15.73722,15.74055,15.743609999999999,15.7464,15.749099999999999,15.75144,15.753600000000002,15.75558,15.75729,15.75873,15.7599,15.76089,15.761700000000001,15.76215,15.76242,15.76233,15.762060000000002,15.761519999999999,15.760800000000001,15.75972,15.75837,15.75684,15.754950000000001,15.75288,15.750449999999999,15.74775,15.744869999999999,15.74163,15.738119999999999,15.734340000000001,15.730290000000002,15.725879999999998,15.72129,15.716339999999999,15.711120000000001,15.705630000000001,15.699869999999999,15.69375,15.68736,15.680699999999998,15.67377,15.66648,15.658920000000002,15.651000000000002,15.642900000000001,15.634440000000001,15.62562,15.616530000000001,15.60717,15.59745,15.587550000000002,15.5772,15.56658,15.555689999999998,15.54444,15.53292,15.52113,15.50898,15.496559999999999,15.483780000000001,15.47073,15.457320000000001,15.443640000000002,15.429599999999999,15.41529,15.400709999999998,15.385770000000003,15.37047,15.3549,15.339059999999998,15.322860000000002,15.306390000000002,15.289649999999998,15.27246,15.25509,15.237359999999999,15.21936,15.201,15.182369999999999,15.163469999999998,15.14421,15.12459,15.104790000000001,15.08463,15.0642,15.04341,15.022350000000001,15.00102,14.97942,14.95746,14.935319999999999,14.912820000000002,14.88996,14.866919999999999,14.84361,14.81994,14.796090000000001,14.77197,14.747489999999999,14.72283,14.6979,14.6727,14.64723,14.621580000000002,14.595660000000002,14.569470000000003,14.543099999999999,14.51646,14.48964,14.462640000000002,14.43537,14.40792,14.38029,14.35257,14.324580000000001,14.2965,14.26824,14.239799999999999,14.21127,14.18265,14.15385,14.12505,14.096070000000001,14.06709,14.03802,14.00895,13.979880000000001,13.95081,13.921650000000001,13.89258,13.8636,13.834620000000001,13.80573,13.77693,13.74831,13.71978,13.69143,13.663260000000001,13.63527,13.60755,13.580010000000001,13.55283,13.525830000000001,13.49919,13.47291,13.446990000000001,13.421429999999999,13.396230000000001,13.37157,13.34727,13.32342,13.30011,13.277339999999999,13.25502,13.23324,13.21209,13.19148,13.1715,13.15215,13.133339999999999,13.11525,13.097790000000002,13.08096,13.064760000000001,13.04928,13.034519999999999,13.02039,13.00689,12.994110000000001,12.982050000000001,12.97062,12.95982,12.94965,12.9402,12.93138,12.9231,12.91545,12.908430000000001,12.90195,12.89601,12.89061,12.885750000000002,12.88134,12.87738,12.87396,12.87081,12.86811,12.865860000000001,12.863790000000002,12.86217,12.86073,12.85956,12.85866,12.857940000000001,12.8574,12.857040000000001,12.85677,12.85668,12.85659,12.8565,12.8565,12.8565,12.8565,12.8565,12.85641,12.856230000000002,12.85596,12.8556,12.85515,12.85452,12.853710000000001,12.852810000000002,12.85164,12.85038,12.84894,12.84723,12.84534,12.84327,12.84093,12.838500000000002,12.83571,12.83283,12.82968,12.826260000000001,12.822750000000001,12.81897,12.81501,12.81087,12.80655,12.802140000000001,12.797460000000001,12.79269,12.787830000000001,12.78279,12.777660000000001,12.772530000000001,12.76722,12.76191,12.7566,12.751290000000001,12.745890000000001,12.74067,12.73536,12.73023,12.72519,12.72024,12.71556,12.710880000000001,12.70656,12.70233,12.69846,12.69477,12.69144,12.68838,12.68577,12.683430000000001,12.68145,12.679920000000001,12.678840000000001,12.67821,12.678030000000001,12.6783,12.67911,12.68046,12.682260000000001,12.6846,12.687570000000001,12.690990000000001,12.69504,12.699629999999999,12.70476,12.71043,12.71673,12.72357,12.73095,12.73887,12.74733,12.75633,12.765870000000001,12.77586,12.78639,12.797460000000001,12.808890000000002,12.820770000000001,12.8331,12.84579,12.858839999999999,12.872250000000001,12.88602,12.900150000000002,12.91446,12.92904,12.94389,12.958919999999999,12.974129999999999,12.98943,13.00491,13.020480000000001,13.036050000000001,13.05171,13.06737,13.08303,13.098600000000001,13.114170000000001,13.12965,13.14495,13.16007,13.1751,13.189860000000001,13.20444,13.21875,13.23279,13.24656,13.259970000000001,13.27302,13.2858,13.29813,13.31001,13.321530000000001,13.332510000000001,13.34304,13.35312,13.36266,13.37166,13.38003,13.387860000000002,13.39515,13.401720000000001,13.407750000000002,13.41297,13.41765,13.421520000000001,13.42467,13.427100000000001,13.42872,13.42953,13.42953,13.42872,13.427010000000001,13.4244,13.42089,13.41639,13.41099,13.40451,13.39704,13.38849,13.378950000000001,13.36824,13.35636,13.34331,13.329,13.31352,13.296690000000002,13.278599999999999,13.25916,13.23828,13.21587,13.19211,13.16673,13.13982,13.1112,13.08096,13.048919999999999,13.01508,12.97944,12.94182,12.902220000000002,12.86055,12.81681,12.77082,12.72258,12.67191,12.618900000000002,12.563279999999999,12.504959999999999,12.444030000000001,12.380220000000001,12.31344,12.243599999999999,12.17061,12.09429,12.014550000000002,11.9313,11.84436,11.75355,11.65869,11.559780000000002,11.45655,11.34882,11.2365,11.11941,10.99737,10.8702,10.73772,10.59975,10.456290000000001,10.30707,10.15209,9.99117,9.82431,9.65151,9.472949999999999,9.28872,9.09909,8.904537,8.705682000000001,8.503317000000001,8.298558,8.092809,7.88787,7.685955,7.489790999999999,7.302591,7.128045,6.970284,6.833664,6.722568,6.641046,6.59241,6.578892,6.601382999999999,6.659298,6.750666000000001,6.872427,7.020774,7.191522,7.380459,7.583598000000001,7.797312,8.018469,8.244387,8.472843000000001,8.702064,8.93061,9.15732,9.38142,9.60228,9.81927,10.032210000000001,10.24083,10.44495,10.64448,10.8396,11.03013,11.21616,11.397870000000001,11.57535,11.7486,11.917890000000002,12.08322,12.24477,12.40263,12.55707,12.70809,12.855780000000001,13.00041,13.14198,13.28067,13.41657,13.54977,13.68045,13.80861,13.934429999999999,14.058
16.761870000000002,16.70931,16.657560000000004,16.606800000000003,16.55703,16.50825,16.46055,16.41384,16.36821,16.32375,16.28037,16.23816,16.19703,16.15716,16.118460000000002,16.08102,16.04475,16.00983,15.976080000000001,15.9435,15.91227,15.882299999999999,15.853590000000002,15.826230000000002,15.80004,15.77511,15.75144,15.729030000000002,15.70779,15.68781,15.669,15.65136,15.63498,15.61968,15.60546,15.59241,15.58035,15.56937,15.55947,15.550470000000002,15.542460000000002,15.535350000000001,15.52914,15.52383,15.51933,15.51564,15.51267,15.510509999999998,15.50898,15.508170000000002,15.507900000000001,15.50835,15.509250000000002,15.510780000000002,15.51276,15.51528,15.51816,15.521580000000002,15.525269999999999,15.52932,15.533819999999999,15.5385,15.543540000000002,15.54876,15.55434,15.560010000000002,15.56595,15.57198,15.578190000000001,15.584579999999999,15.59106,15.59763,15.6042,15.61095,15.617610000000003,15.62445,15.6312,15.63795,15.6447,15.65145,15.6582,15.664860000000001,15.67143,15.678000000000003,15.684479999999999,15.69087,15.697169999999998,15.703380000000001,15.709409999999998,15.71535,15.7212,15.72696,15.73254,15.73794,15.74325,15.748380000000001,15.753329999999998,15.7581,15.76278,15.767280000000001,15.771510000000001,15.77565,15.779520000000002,15.783299999999999,15.786810000000001,15.79014,15.793290000000002,15.796170000000002,15.79887,15.80139,15.80364,15.805710000000001,15.8076,15.80913,15.81057,15.81174,15.812640000000002,15.81327,15.813719999999998,15.813990000000002,15.813900000000002,15.81363,15.81309,15.81228,15.811290000000001,15.809940000000001,15.808410000000002,15.80661,15.804450000000001,15.80211,15.7995,15.79662,15.793470000000001,15.790049999999999,15.786360000000002,15.7824,15.778170000000001,15.773579999999999,15.768810000000002,15.76368,15.75837,15.7527,15.746760000000002,15.74046,15.733979999999999,15.727139999999999,15.72003,15.712650000000002,15.705,15.69699,15.688709999999999,15.68016,15.671250000000002,15.66207,15.65262,15.642900000000001,15.632820000000002,15.62247,15.61176,15.60078,15.58953,15.57801,15.566130000000001,15.55389,15.54147,15.528690000000001,15.51555,15.502139999999999,15.48846,15.47451,15.4602,15.44553,15.430679999999999,15.41538,15.3999,15.38406,15.367950000000002,15.351480000000002,15.33474,15.317730000000001,15.30036,15.28272,15.264809999999999,15.24654,15.228000000000002,15.209190000000001,15.19002,15.170580000000001,15.15087,15.13089,15.11055,15.08994,15.069060000000002,15.04791,15.026400000000002,15.004710000000001,14.982660000000001,14.960339999999999,14.937750000000001,14.91489,14.891850000000002,14.86845,14.84478,14.82084,14.79672,14.77224,14.74758,14.72265,14.69754,14.67216,14.646510000000001,14.62068,14.59458,14.5683,14.541839999999999,14.5152,14.48829,14.461290000000002,14.43402,14.40666,14.37903,14.3514,14.3235,14.29551,14.267430000000001,14.239260000000002,14.211,14.18256,14.15412,14.12559,14.097059999999999,14.06853,14.03991,14.011289999999999,13.98276,13.95423,13.9257,13.89726,13.868910000000001,13.84065,13.812570000000001,13.78458,13.75677,13.729140000000001,13.701690000000001,13.67451,13.6476,13.62087,13.5945,13.5684,13.54257,13.51719,13.49208,13.46742,13.44321,13.41936,13.396049999999999,13.37319,13.35078,13.32891,13.30758,13.2867,13.26654,13.246830000000001,13.22775,13.2093,13.19139,13.1742,13.15755,13.14153,13.12623,13.11156,13.09752,13.08411,13.07133,13.059270000000001,13.04784,13.036950000000001,13.02678,13.01724,13.00824,12.99987,12.992040000000001,12.98475,12.97809,12.97197,12.9663,12.961170000000001,12.9564,12.952169999999999,12.94839,12.94497,12.94191,12.93921,12.93687,12.934800000000001,12.933090000000002,12.93156,12.930209999999999,12.92913,12.92823,12.92751,12.92688,12.926340000000001,12.92589,12.92553,12.92517,12.92481,12.92445,12.92409,12.92373,12.92328,12.92274,12.922110000000002,12.92139,12.92058,12.919590000000001,12.91842,12.917159999999999,12.91572,12.914100000000001,12.91239,12.91041,12.908249999999999,12.90591,12.90339,12.9006,12.89772,12.89457,12.891240000000002,12.887820000000001,12.88413,12.880260000000002,12.8763,12.87207,12.86775,12.86334,12.85875,12.85407,12.8493,12.84444,12.83949,12.83445,12.82941,12.82437,12.81933,12.814380000000002,12.80934,12.80448,12.79962,12.79494,12.79035,12.78585,12.78162,12.77757,12.7737,12.770100000000001,12.76677,12.763710000000001,12.76092,12.75849,12.75651,12.754800000000001,12.75345,12.752640000000001,12.75219,12.75219,12.752640000000001,12.753540000000001,12.75498,12.756870000000001,12.7593,12.762270000000001,12.765690000000001,12.769739999999999,12.77424,12.77937,12.78495,12.791070000000001,12.79773,12.80493,12.81267,12.82095,12.82968,12.83895,12.84867,12.858839999999999,12.86946,12.88053,12.892050000000001,12.90393,12.91626,12.92886,12.94182,12.95514,12.968639999999999,12.982500000000002,12.99654,13.01085,13.02534,13.040009999999999,13.05477,13.06971,13.084650000000002,13.09968,13.114799999999999,13.12992,13.14495,13.15998,13.17492,13.189860000000001,13.20453,13.2192,13.233600000000001,13.247819999999999,13.26186,13.27563,13.28913,13.30236,13.315230000000001,13.32783,13.33998,13.35186,13.363290000000001,13.374270000000001,13.3848,13.39488,13.40451,13.4136,13.42215,13.43007,13.43754,13.44438,13.45059,13.45617,13.46112,13.465349999999999,13.468860000000001,13.47165,13.47372,13.47507,13.47561,13.47525,13.474169999999999,13.47219,13.46931,13.465530000000001,13.46085,13.45518,13.44852,13.44078,13.43214,13.42233,13.41144,13.399379999999999,13.38624,13.37184,13.35618,13.339350000000001,13.32117,13.30155,13.28067,13.258260000000002,13.2345,13.20912,13.182210000000001,13.15368,13.12353,13.09158,13.057920000000001,13.02246,12.98502,12.94569,12.904290000000001,12.86082,12.815190000000001,12.76731,12.71718,12.664530000000001,12.60954,12.55185,12.49155,12.428460000000001,12.362580000000001,12.29364,12.221639999999999,12.14649,12.06801,11.98611,11.90061,11.81142,11.71845,11.62152,11.52045,11.41515,11.30544,11.19123,11.07243,10.94877,10.820250000000001,10.6866,10.547910000000002,10.403910000000002,10.25469,10.10025,9.9405,9.775530000000002,9.6057,9.43101,9.251999999999999,9.06912,8.883018,8.694639,8.505090000000001,8.315784,8.128458,7.945209000000001,7.768503,7.601192999999999,7.446465,7.307766,7.188651,7.092612,7.022799,6.981759,6.971184,6.991767,7.0430850000000005,7.123698,7.231293,7.3629359999999995,7.515324000000001,7.685064,7.868817000000001,8.063505000000001,8.266338000000001,8.474877,8.687079,8.901197999999999,9.11583,9.32976,9.542159999999999,9.752310000000001,9.959670000000001,10.1637,10.36431,10.56114,10.7541,10.943100000000001,11.12814,11.30922,11.48634,11.65959,11.82906,11.99484,12.15702,12.3156,12.47085,12.62277,12.77154,12.917159999999999,13.059899999999999,13.19967,13.33674,13.471110000000001,13.60296,13.73229,13.85928,13.984020000000001,14.10651
16.8534,16.80147,16.75044,16.700400000000002,16.65126,16.60311,16.556040000000003,16.50987,16.46487,16.42086,16.378020000000003,16.33626,16.29558,16.25616,16.21782,16.18074,16.144740000000002,16.11,16.076430000000002,16.04412,16.013070000000003,15.98319,15.95457,15.92712,15.90093,15.875910000000001,15.852149999999998,15.82956,15.808229999999998,15.787980000000001,15.76899,15.751080000000002,15.734250000000001,15.71859,15.704009999999998,15.690510000000002,15.678000000000003,15.66657,15.656130000000001,15.646590000000002,15.638039999999998,15.630300000000002,15.623550000000002,15.617519999999999,15.612390000000001,15.608070000000001,15.60438,15.601500000000001,15.59934,15.59772,15.59682,15.59646,15.596729999999999,15.59745,15.59871,15.60042,15.602580000000001,15.605189999999999,15.608160000000002,15.61158,15.61518,15.619230000000002,15.623460000000001,15.62805,15.632820000000002,15.63786,15.642990000000001,15.648390000000001,15.653880000000001,15.65955,15.6654,15.671250000000002,15.677190000000001,15.683219999999999,15.689340000000001,15.695459999999999,15.701670000000002,15.70779,15.714,15.72012,15.72624,15.73236,15.738390000000003,15.74442,15.750359999999999,15.756210000000001,15.761970000000002,15.76764,15.77322,15.77862,15.784020000000002,15.789240000000001,15.794369999999999,15.79932,15.804089999999999,15.808860000000001,15.81336,15.81777,15.821909999999999,15.825959999999998,15.82983,15.83361,15.837120000000002,15.84045,15.8436,15.84657,15.849269999999999,15.85188,15.85422,15.856380000000001,15.858270000000001,15.86007,15.8616,15.86286,15.86394,15.86475,15.86538,15.865739999999999,15.86592,15.865829999999999,15.86556,15.864930000000001,15.86421,15.863129999999998,15.86178,15.860249999999999,15.85845,15.856380000000001,15.854130000000001,15.85152,15.84873,15.845580000000002,15.84225,15.838650000000001,15.834690000000002,15.83055,15.826139999999999,15.82137,15.816419999999999,15.811200000000001,15.805620000000001,15.799859999999999,15.793740000000001,15.78735,15.78069,15.77376,15.76647,15.759000000000002,15.75117,15.743070000000001,15.7347,15.726060000000002,15.71706,15.70779,15.69825,15.68844,15.678270000000001,15.66783,15.657119999999999,15.646139999999999,15.6348,15.623190000000001,15.611220000000001,15.599070000000001,15.58656,15.57369,15.560640000000001,15.547229999999999,15.53355,15.51951,15.505200000000002,15.49062,15.47577,15.460560000000001,15.44508,15.42924,15.413129999999999,15.396750000000003,15.380099999999999,15.36309,15.345899999999999,15.328260000000002,15.310440000000002,15.292259999999999,15.273810000000001,15.25509,15.236099999999999,15.21675,15.19713,15.177240000000001,15.15708,15.136650000000001,15.115950000000002,15.09489,15.07365,15.05205,15.03018,15.00813,14.98572,14.96304,14.940180000000002,14.917050000000001,14.89356,14.869889999999998,14.84604,14.821829999999999,14.797440000000002,14.772780000000001,14.747940000000002,14.72283,14.69754,14.67198,14.646239999999999,14.620320000000001,14.594129999999998,14.56785,14.5413,14.514660000000001,14.48775,14.460749999999999,14.43357,14.406300000000002,14.37885,14.35131,14.323680000000001,14.29587,14.26806,14.24016,14.21217,14.18409,14.15601,14.12793,14.09985,14.07177,14.043690000000002,14.01561,13.98762,13.95972,13.93191,13.90419,13.87665,13.8492,13.82184,13.79475,13.76784,13.741200000000001,13.71474,13.688550000000001,13.66272,13.637070000000001,13.61187,13.58694,13.56237,13.538160000000001,13.5144,13.491,13.46805,13.445640000000001,13.423680000000001,13.40217,13.3812,13.36077,13.34079,13.32144,13.30263,13.284450000000001,13.26681,13.2498,13.233419999999999,13.21758,13.20237,13.18779,13.17384,13.16052,13.14783,13.13577,13.12425,13.11345,13.103190000000001,13.09347,13.08438,13.075830000000002,13.06791,13.06044,13.0536,13.04721,13.041269999999999,13.03587,13.03092,13.026420000000002,13.02228,13.01859,13.01517,13.0122,13.009500000000001,13.007069999999999,13.00491,13.003020000000001,13.0014,12.99996,12.9987,12.997530000000001,12.99663,12.99573,12.99492,12.994200000000001,12.99357,12.99294,12.99231,12.99159,12.990960000000001,12.99024,12.98943,12.988620000000001,12.98763,12.986550000000001,12.985380000000001,12.98412,12.98268,12.981060000000001,12.97935,12.97746,12.975389999999999,12.973230000000001,12.9708,12.96828,12.96549,12.962610000000002,12.95946,12.95622,12.9528,12.9492,12.94551,12.94164,12.93759,12.93345,12.92913,12.924719999999999,12.92022,12.91563,12.91104,12.906360000000001,12.90159,12.89682,12.892050000000001,12.88728,12.88251,12.87783,12.87324,12.86874,12.864329999999999,12.86001,12.85587,12.85191,12.848130000000001,12.84462,12.84129,12.83823,12.83544,12.832920000000001,12.830850000000002,12.82896,12.827520000000002,12.82644,12.82581,12.82554,12.82563,12.826260000000001,12.82734,12.828780000000002,12.830850000000002,12.83328,12.83625,12.839760000000002,12.84372,12.848220000000001,12.85326,12.85875,12.86478,12.87126,12.87837,12.88584,12.89385,12.9024,12.9114,12.920760000000001,12.93066,12.94101,12.95172,12.96279,12.974310000000001,12.98619,12.99834,13.01085,13.02372,13.03677,13.05009,13.06368,13.07745,13.0914,13.10553,13.11984,13.13415,13.14864,13.16313,13.177620000000001,13.1922,13.20669,13.22118,13.23558,13.249889999999999,13.26411,13.27815,13.292010000000001,13.30569,13.319189999999999,13.33242,13.34547,13.35816,13.37058,13.38264,13.39434,13.40568,13.41657,13.427100000000001,13.437270000000002,13.446900000000001,13.45599,13.46463,13.47282,13.48038,13.487400000000001,13.49388,13.49964,13.50486,13.509450000000001,13.51332,13.51656,13.51899,13.52079,13.521780000000001,13.52196,13.521419999999999,13.51998,13.51773,13.514669999999999,13.51062,13.50567,13.499820000000001,13.492980000000001,13.48506,13.476239999999999,13.46625,13.45518,13.44303,13.4298,13.415310000000002,13.399560000000001,13.38264,13.36437,13.344750000000001,13.32387,13.30146,13.277700000000001,13.25241,13.22559,13.19715,13.16709,13.13532,13.101840000000001,13.06647,13.029390000000001,12.99024,12.9492,12.90609,12.86091,12.81348,12.7638,12.711780000000001,12.657330000000002,12.60036,12.540780000000002,12.47859,12.41352,12.34566,12.27483,12.20085,12.12363,12.04317,11.959290000000001,11.8719,11.78082,11.686050000000002,11.58732,11.48454,11.37762,11.26656,11.151000000000002,11.03112,10.906559999999999,10.77741,10.64358,10.50507,10.36179,10.21383,10.06119,9.90423,9.74295,9.5778,9.409139999999999,9.23751,9.06372,8.888715000000001,8.713521,8.539541999999999,8.368443000000001,8.202131999999999,8.042859,7.893108000000001,7.755624,7.633287,7.5290040000000005,7.445592,7.385517,7.350777,7.342695,7.361801999999999,7.4078100000000004,7.479630000000001,7.5754980000000005,7.693119,7.829873999999999,7.983009000000001,8.149743,8.327457,8.513712,8.706321,8.903403,9.10332,9.30465,9.50634,9.70749,9.90711,10.104930000000001,10.300229999999999,10.49274,10.68219,10.868490000000001,11.05137,11.23074,11.40669,11.579130000000001,11.74806,11.91357,12.075750000000001,12.23451,12.39012,12.54249,12.6918,12.83814,12.9816,13.12227,13.26015,13.395510000000002,13.52826,13.65858,13.786560000000001,13.9122,14.035680000000001,14.15709
16.944029999999998,16.89282,16.84251,16.7931,16.744590000000002,16.69707,16.65054,16.605,16.560450000000003,16.51698,16.47459,16.43328,16.393140000000002,16.35399,16.316010000000002,16.279200000000003,16.243560000000002,16.209090000000003,16.1757,16.14357,16.11261,16.08282,16.05429,16.02684,16.00065,15.975629999999999,15.951690000000001,15.929009999999998,15.9075,15.887070000000001,15.86772,15.849540000000001,15.83244,15.816419999999999,15.801480000000002,15.787619999999999,15.77466,15.76269,15.7518,15.74172,15.732629999999999,15.72435,15.71697,15.7104,15.704640000000001,15.6996,15.69537,15.691770000000002,15.688889999999999,15.68664,15.685020000000002,15.683940000000002,15.683490000000003,15.683490000000003,15.68403,15.685020000000002,15.686460000000002,15.68835,15.690600000000002,15.693210000000002,15.696180000000002,15.69951,15.70302,15.706890000000001,15.710940000000003,15.71526,15.71976,15.72444,15.7293,15.734340000000001,15.739469999999999,15.74469,15.75,15.7554,15.76089,15.76638,15.77196,15.77754,15.78312,15.78861,15.79419,15.799769999999999,15.805259999999999,15.81066,15.81606,15.82137,15.826680000000001,15.83181,15.83685,15.841890000000001,15.846750000000002,15.85152,15.85611,15.860610000000001,15.865020000000001,15.869250000000001,15.87339,15.877350000000002,15.881130000000002,15.88473,15.888240000000001,15.89148,15.89463,15.897600000000002,15.900390000000002,15.903000000000002,15.905339999999999,15.90759,15.909569999999999,15.911370000000002,15.91299,15.914430000000001,15.915600000000001,15.91659,15.91731,15.91785,15.918210000000002,15.918300000000002,15.918210000000002,15.91785,15.91722,15.916409999999999,15.915330000000003,15.914070000000002,15.91245,15.91065,15.90867,15.90633,15.90381,15.90102,15.897960000000001,15.89472,15.89112,15.88725,15.8832,15.87888,15.874200000000002,15.869340000000001,15.86421,15.85872,15.85305,15.84711,15.84081,15.83433,15.82749,15.820469999999998,15.81309,15.805439999999999,15.797520000000002,15.789330000000001,15.780870000000002,15.77205,15.763050000000002,15.75369,15.744060000000001,15.73407,15.7239,15.71337,15.702659999999998,15.6915,15.68016,15.668550000000002,15.65658,15.64434,15.63174,15.61896,15.605820000000001,15.59241,15.57873,15.56469,15.550470000000002,15.53589,15.520950000000001,15.50583,15.490350000000001,15.474599999999999,15.458580000000001,15.442200000000001,15.425640000000001,15.408719999999999,15.391530000000001,15.373980000000001,15.356250000000001,15.33816,15.319799999999999,15.30117,15.28227,15.2631,15.24366,15.223860000000002,15.203790000000001,15.18354,15.16293,15.142050000000001,15.120990000000003,15.09957,15.07788,15.05601,15.03378,15.011370000000001,14.98869,14.965739999999998,14.942519999999998,14.91912,14.89545,14.87151,14.84739,14.822999999999999,14.79843,14.773679999999999,14.74866,14.723370000000001,14.697989999999999,14.672340000000002,14.646510000000001,14.620590000000002,14.594400000000002,14.568029999999998,14.54157,14.514930000000001,14.488199999999999,14.461290000000002,14.4342,14.40711,14.379840000000002,14.35248,14.32512,14.29767,14.27013,14.2425,14.21487,14.187240000000001,14.15961,14.132069999999999,14.10444,14.0769,14.04945,14.022,13.99473,13.967459999999999,13.94037,13.91346,13.88673,13.86009,13.83372,13.80753,13.78161,13.75596,13.73058,13.705470000000002,13.680629999999999,13.65615,13.63212,13.608360000000001,13.58505,13.562100000000001,13.5396,13.517550000000002,13.49595,13.4748,13.45419,13.43412,13.4145,13.395420000000001,13.37697,13.35897,13.3416,13.324770000000001,13.30857,13.292910000000001,13.27788,13.26339,13.24953,13.236300000000002,13.22361,13.21155,13.20003,13.18914,13.178790000000001,13.169070000000001,13.15989,13.151250000000001,13.14315,13.1355,13.12848,13.121820000000001,13.1157,13.11012,13.1049,13.10004,13.095630000000002,13.09167,13.08798,13.084650000000002,13.08159,13.07889,13.07646,13.074209999999999,13.07223,13.07043,13.06881,13.06737,13.06611,13.064850000000002,13.06377,13.06278,13.06179,13.0608,13.059899999999999,13.059,13.058010000000001,13.05702,13.05603,13.05495,13.053780000000001,13.052520000000001,13.05117,13.04973,13.04811,13.0464,13.04451,13.04253,13.04046,13.038120000000001,13.03569,13.03308,13.03038,13.02741,13.02435,13.0212,13.01778,13.01427,13.010670000000001,13.00689,13.003020000000001,12.998970000000002,12.99483,12.990599999999999,12.98628,12.98196,12.977549999999999,12.97305,12.96855,12.96396,12.95946,12.95496,12.95055,12.946140000000002,12.94173,12.9375,12.93336,12.9294,12.92553,12.92184,12.918330000000001,12.91509,12.91203,12.90924,12.90672,12.90447,12.90258,12.900960000000001,12.89979,12.898890000000002,12.89835,12.89826,12.89853,12.89934,12.90042,12.90204,12.90411,12.90663,12.90969,12.91311,12.91707,12.921570000000001,12.92643,12.93192,12.93777,12.94416,12.95109,12.95838,12.96621,12.974490000000001,12.983130000000001,12.99231,13.001850000000001,13.01184,13.02219,13.03299,13.04406,13.05558,13.06737,13.07943,13.09176,13.10445,13.11732,13.13037,13.143690000000001,13.15719,13.17078,13.18455,13.19832,13.21227,13.22622,13.24026,13.2543,13.26825,13.2822,13.29606,13.30983,13.32351,13.33701,13.35042,13.36356,13.376520000000001,13.3893,13.401810000000001,13.413960000000001,13.42584,13.43745,13.4487,13.45959,13.47003,13.48011,13.48983,13.49901,13.50774,13.515929999999999,13.523670000000001,13.53087,13.53753,13.543560000000001,13.549050000000001,13.55391,13.558050000000001,13.56165,13.56453,13.56669,13.56813,13.56885,13.56876,13.56795,13.56624,13.56381,13.56039,13.55616,13.551029999999999,13.545000000000002,13.537889999999999,13.52988,13.52079,13.510710000000001,13.49955,13.48731,13.4739,13.45932,13.443570000000001,13.42656,13.40829,13.388670000000001,13.36779,13.34547,13.32171,13.29651,13.269779999999999,13.24143,13.21155,13.17996,13.14666,13.111650000000001,13.07475,13.036050000000001,12.99537,12.95262,12.90789,12.86091,12.811860000000001,12.76047,12.70665,12.650490000000001,12.59172,12.53043,12.46635,12.39957,12.32991,12.25719,12.1815,12.10257,12.0204,11.934899999999999,11.8458,11.753190000000002,11.65689,11.55681,11.452860000000001,11.344949999999999,11.2329,11.116800000000001,10.99647,10.871820000000001,10.743030000000001,10.60992,10.47267,10.331190000000001,10.18584,10.03662,9.883890000000001,9.72792,9.56934,9.40869,9.246690000000001,9.084240000000001,8.922492,8.762715,8.606466,8.4555,8.311806,8.177562,8.055117,7.946883,7.855263000000001,7.782516,7.730640000000001,7.7012100000000006,7.695261,7.713234,7.754912999999999,7.819478999999999,7.9055550000000006,8.011332,8.134731,8.273475000000001,8.425278,8.58789,8.759205,8.937279,9.120420000000001,9.307080000000001,9.4959,9.68589,9.87606,10.065690000000002,10.25406,10.440809999999999,10.625399999999999,10.80756,10.987020000000001,11.16369,11.337480000000001,11.50812,11.675790000000001,11.84031,12.00177,12.16017,12.31551,12.46788,12.61728,12.76398,12.9078,13.048919999999999,13.18734,13.32333,13.4568,13.58784,13.71654,13.84299,13.96728,14.0895,14.20974
17.03403,16.98345,16.933770000000003,16.88499,16.83711,16.79013,16.74414,16.69914,16.65513,16.612199999999998,16.57026,16.52931,16.489530000000002,16.45083,16.41312,16.37667,16.34121,16.307010000000002,16.27389,16.241850000000003,16.21107,16.181369999999998,16.15284,16.125390000000003,16.099200000000003,16.074089999999998,16.050150000000002,16.02729,16.00551,15.9849,15.96537,15.946920000000002,15.92955,15.913260000000001,15.897870000000001,15.88356,15.87024,15.857820000000002,15.84639,15.835860000000002,15.826230000000002,15.81741,15.809489999999998,15.80238,15.795990000000002,15.79032,15.78546,15.78123,15.77772,15.774750000000001,15.772499999999999,15.77079,15.76953,15.7689,15.768720000000002,15.76908,15.769799999999998,15.77097,15.77259,15.77448,15.776729999999999,15.77934,15.782219999999999,15.78537,15.7887,15.792390000000001,15.796170000000002,15.800220000000001,15.804450000000001,15.80877,15.81327,15.81786,15.82254,15.827309999999999,15.832170000000001,15.837120000000002,15.84207,15.84702,15.85206,15.85701,15.862050000000002,15.866999999999999,15.87195,15.8769,15.88176,15.886530000000002,15.891300000000001,15.89589,15.900480000000002,15.90498,15.90939,15.91371,15.91785,15.921899999999999,15.92586,15.929640000000001,15.933330000000002,15.93684,15.940260000000002,15.9435,15.94656,15.94944,15.952229999999998,15.954839999999999,15.957180000000001,15.959430000000001,15.9615,15.963299999999998,15.965010000000001,15.966450000000002,15.9678,15.968880000000002,15.96969,15.970410000000001,15.97086,15.97104,15.97113,15.97095,15.970500000000001,15.96987,15.968970000000002,15.96789,15.96663,15.965010000000001,15.963209999999998,15.96123,15.95889,15.95637,15.953669999999999,15.95061,15.947370000000001,15.943859999999999,15.940080000000002,15.936030000000002,15.931800000000003,15.927299999999999,15.922440000000002,15.9174,15.91209,15.90651,15.90066,15.89454,15.888150000000001,15.881400000000001,15.87447,15.86727,15.8598,15.85206,15.844050000000001,15.835679999999998,15.82713,15.818220000000002,15.80913,15.79968,15.78996,15.77997,15.76971,15.759090000000002,15.74829,15.737130000000002,15.7257,15.714,15.70203,15.68979,15.677190000000001,15.664320000000002,15.65118,15.63777,15.624089999999999,15.61014,15.595830000000001,15.58125,15.5664,15.55128,15.5358,15.52014,15.50412,15.48783,15.47127,15.454440000000002,15.43734,15.41988,15.402240000000003,15.384239999999998,15.36597,15.347430000000001,15.32862,15.30954,15.29019,15.270570000000001,15.250680000000001,15.230519999999999,15.21009,15.18939,15.16842,15.14727,15.12576,15.10407,15.08202,15.059790000000001,15.037380000000002,15.014610000000001,14.99166,14.96844,14.945039999999999,14.92137,14.897520000000002,14.8734,14.8491,14.82453,14.799869999999999,14.774939999999999,14.749830000000001,14.724540000000001,14.69898,14.67333,14.64759,14.621580000000002,14.595479999999998,14.569199999999999,14.54283,14.516280000000002,14.48964,14.46291,14.43609,14.409180000000001,14.38218,14.35509,14.328,14.300910000000002,14.27373,14.24655,14.219370000000001,14.19228,14.1651,14.1381,14.1111,14.0841,14.05728,14.03055,14.004000000000001,13.97754,13.951260000000001,13.92516,13.89924,13.87359,13.84812,13.82292,13.79799,13.77333,13.74903,13.72509,13.70142,13.67811,13.65516,13.63266,13.61061,13.588920000000002,13.567680000000001,13.54698,13.52664,13.50684,13.487580000000001,13.46877,13.45059,13.43286,13.41567,13.39911,13.383,13.36752,13.35258,13.33827,13.3245,13.31127,13.298670000000001,13.28661,13.27509,13.2642,13.25385,13.24404,13.234679999999999,13.22595,13.21767,13.20993,13.20273,13.19589,13.189589999999999,13.18374,13.17825,13.173210000000001,13.16853,13.164209999999999,13.160250000000001,13.156649999999999,13.15332,13.15026,13.14756,13.145040000000002,13.1427,13.14063,13.13865,13.136940000000001,13.13532,13.13379,13.13235,13.131,13.12974,13.128570000000002,13.127310000000001,13.12614,13.12497,13.123709999999999,13.12245,13.12119,13.11984,13.118400000000001,13.116869999999999,13.11525,13.11354,13.111650000000001,13.10967,13.1076,13.10544,13.1031,13.10058,13.09797,13.095180000000001,13.092300000000002,13.08924,13.08609,13.08276,13.07934,13.075830000000002,13.07214,13.06836,13.06449,13.06044,13.05639,13.052249999999999,13.04811,13.04388,13.03956,13.03533,13.03101,13.02669,13.02246,13.01823,13.014090000000001,13.01004,13.00608,13.00221,12.99843,12.99483,12.99141,12.98826,12.9852,12.98241,12.979890000000001,12.977549999999999,12.97557,12.97386,12.97251,12.97143,12.9708,12.97044,12.97044,12.97089,12.97179,12.97305,12.97467,12.97683,12.97935,12.98241,12.98592,12.98979,12.994200000000001,12.99906,13.00437,13.01022,13.01643,13.02309,13.030289999999999,13.03785,13.04595,13.054409999999999,13.063229999999999,13.0725,13.08222,13.092210000000001,13.10265,13.11336,13.12443,13.13586,13.14756,13.159440000000002,13.17168,13.184099999999999,13.1967,13.209570000000001,13.22253,13.23567,13.2489,13.26222,13.27572,13.28913,13.30263,13.316130000000001,13.329630000000002,13.34304,13.35645,13.36968,13.38282,13.39587,13.40874,13.421429999999999,13.433850000000001,13.44609,13.45815,13.469850000000001,13.48128,13.49235,13.503150000000002,13.51359,13.523670000000001,13.5333,13.542480000000001,13.551300000000001,13.55958,13.56741,13.57479,13.58154,13.58784,13.59351,13.598640000000001,13.60314,13.60701,13.61025,13.61277,13.61466,13.61583,13.616280000000001,13.615920000000001,13.61484,13.612950000000001,13.61016,13.60665,13.60215,13.59684,13.59054,13.58334,13.57515,13.56597,13.5558,13.54446,13.53213,13.51863,13.504050000000001,13.48821,13.4712,13.45293,13.43331,13.41243,13.3902,13.36653,13.341420000000001,13.31478,13.28661,13.256910000000001,13.22559,13.19256,13.15782,13.12128,13.08285,13.04262,13.00032,12.95604,12.90969,12.861270000000001,12.81051,12.7575,12.702060000000001,12.64428,12.58389,12.52098,12.45528,12.38688,12.3156,12.24135,12.16413,12.08376,12.000150000000001,11.913210000000001,11.82294,11.72916,11.631870000000001,11.53089,11.42622,11.317770000000001,11.20554,11.08944,10.96947,10.84572,10.718100000000002,10.58679,10.451880000000001,10.313550000000001,10.17198,10.02762,9.880740000000001,9.73188,9.58158,9.43074,9.28017,9.13095,8.984241,8.841546000000001,8.704422000000001,8.574651000000001,8.454113999999999,8.344818,8.248806,8.168058,8.104419,8.059517999999999,8.034597,8.030511,8.047611,8.085735,8.144262,8.222102999999999,8.317827,8.429751000000001,8.556003,8.694684,8.843886,9.001800000000001,9.16668,9.33696,9.511289999999999,9.688410000000001,9.867420000000001,10.04715,10.22706,10.40643,10.58463,10.76139,10.936350000000001,11.10924,11.2797,11.44773,11.61315,11.775960000000001,11.93598,12.0933,12.24783,12.39966,12.5487,12.69513,12.83895,12.98016,13.11885,13.25511,13.38894,13.520430000000001,13.64976,13.77675,13.901670000000001,14.02452,14.14539,14.26428
17.12322,17.07327,17.02422,16.975980000000003,16.92873,16.88229,16.83684,16.79238,16.74891,16.70634,16.66485,16.62435,16.584930000000004,16.5465,16.50924,16.47297,16.43787,16.403850000000002,16.370910000000002,16.33905,16.30836,16.27875,16.250220000000002,16.22286,16.19658,16.17147,16.147350000000003,16.1244,16.10253,16.08174,16.06194,16.04331,16.02558,16.008930000000003,15.993269999999999,15.978600000000002,15.964830000000001,15.95205,15.940080000000002,15.929100000000002,15.91893,15.909659999999999,15.90111,15.893460000000001,15.886530000000002,15.880320000000001,15.874740000000001,15.869969999999999,15.865739999999999,15.86223,15.85926,15.85692,15.855030000000001,15.85377,15.852870000000001,15.85251,15.8526,15.85314,15.853950000000001,15.855210000000001,15.85683,15.85872,15.86097,15.863400000000002,15.866190000000001,15.86907,15.87231,15.875640000000002,15.87924,15.88293,15.886800000000001,15.890760000000002,15.894810000000001,15.899040000000001,15.903270000000001,15.90759,15.912,15.916319999999999,15.920820000000003,15.92523,15.929730000000001,15.93414,15.93855,15.942960000000001,15.947280000000001,15.951600000000001,15.95583,15.95997,15.96411,15.96807,15.97203,15.975810000000001,15.97959,15.98319,15.986700000000003,15.99003,15.99336,15.996420000000002,15.999390000000002,16.00227,16.00488,16.00749,16.00983,16.01199,16.01406,16.01595,16.01766,16.0191,16.02045,16.021620000000002,16.02252,16.02333,16.023870000000002,16.02423,16.02441,16.02432,16.024050000000003,16.0236,16.02288,16.02198,16.020899999999997,16.01955,16.01793,16.01613,16.01406,16.01181,16.00929,16.00659,16.00353,16.00038,15.996870000000001,15.993179999999999,15.98922,15.98499,15.98049,15.975810000000001,15.97077,15.96555,15.96006,15.9543,15.948270000000003,15.94206,15.93549,15.92865,15.92163,15.914250000000001,15.90669,15.898769999999999,15.890670000000002,15.882209999999999,15.87357,15.864570000000002,15.855300000000002,15.84585,15.83604,15.825959999999998,15.815610000000001,15.80499,15.7941,15.78285,15.77142,15.75972,15.74766,15.73533,15.72273,15.70986,15.69672,15.683309999999999,15.66963,15.65559,15.64137,15.62679,15.611939999999999,15.59691,15.58152,15.56577,15.54984,15.53364,15.51717,15.50034,15.483240000000002,15.46596,15.44832,15.4305,15.412320000000001,15.39387,15.375150000000001,15.356250000000001,15.33699,15.31746,15.297749999999999,15.277680000000002,15.257430000000001,15.23691,15.21612,15.195060000000002,15.17373,15.15222,15.130439999999998,15.10839,15.08616,15.06366,15.04089,15.01794,14.99472,14.971319999999999,14.94774,14.92389,14.899859999999999,14.875560000000002,14.851170000000002,14.82651,14.801760000000002,14.776740000000002,14.75154,14.72625,14.70078,14.675130000000001,14.64939,14.623470000000001,14.59746,14.57127,14.54508,14.518710000000002,14.49225,14.4657,14.439150000000001,14.41251,14.385869999999999,14.35914,14.33241,14.30577,14.27904,14.252310000000001,14.225670000000001,14.19903,14.17257,14.14611,14.11974,14.09346,14.06736,14.04135,14.01561,13.98996,13.96449,13.93929,13.91436,13.889610000000001,13.86513,13.84092,13.81707,13.79349,13.77027,13.74741,13.724910000000001,13.702770000000001,13.68108,13.65975,13.638869999999999,13.61853,13.598550000000001,13.57902,13.560030000000001,13.541580000000002,13.523579999999999,13.506120000000001,13.48911,13.47273,13.45689,13.441500000000001,13.42674,13.412519999999999,13.398840000000002,13.3857,13.3731,13.36104,13.34952,13.33863,13.328190000000001,13.31829,13.30893,13.30002,13.29165,13.28373,13.27635,13.26942,13.26285,13.25682,13.25106,13.24584,13.24089,13.236300000000002,13.23216,13.228200000000001,13.2246,13.22127,13.21821,13.21542,13.21281,13.21038,13.20822,13.206150000000001,13.20426,13.20246,13.200750000000001,13.19913,13.1976,13.19607,13.19463,13.193190000000001,13.19175,13.19031,13.18887,13.18734,13.18581,13.184190000000001,13.18248,13.18068,13.178790000000001,13.1769,13.17483,13.17267,13.17033,13.167900000000001,13.16538,13.16277,13.15998,13.1571,13.15413,13.15098,13.147739999999999,13.144319999999999,13.1409,13.1373,13.133610000000001,13.12983,13.126050000000001,13.12209,13.118129999999999,13.114170000000001,13.11012,13.10598,13.101930000000001,13.09788,13.09383,13.089780000000001,13.08582,13.081859999999999,13.07808,13.0743,13.0707,13.06719,13.06386,13.06071,13.057739999999999,13.05495,13.05234,13.05009,13.04802,13.04622,13.04469,13.043520000000001,13.04271,13.04217,13.04199,13.04217,13.04271,13.043700000000001,13.04505,13.046759999999999,13.048919999999999,13.05153,13.054590000000001,13.058010000000001,13.061969999999999,13.06629,13.071060000000001,13.07628,13.08195,13.08807,13.09464,13.10157,13.10904,13.11678,13.12506,13.133610000000001,13.14261,13.15197,13.16169,13.17177,13.182210000000001,13.192919999999999,13.203899999999999,13.215150000000001,13.22676,13.23846,13.25052,13.26267,13.27509,13.2876,13.30029,13.31307,13.32585,13.33881,13.35177,13.36482,13.377780000000001,13.390830000000001,13.4037,13.41657,13.42935,13.44204,13.454640000000001,13.46697,13.47921,13.49118,13.50297,13.51449,13.52574,13.53672,13.54734,13.557690000000001,13.567680000000001,13.57731,13.58649,13.59531,13.60368,13.611600000000001,13.61907,13.626000000000001,13.63248,13.638330000000002,13.643730000000001,13.6485,13.652640000000002,13.65624,13.65912,13.66137,13.66299,13.66389,13.66407,13.66344,13.66209,13.65993,13.65705,13.65327,13.64859,13.6431,13.63662,13.629330000000001,13.62096,13.611690000000001,13.60134,13.59,13.57758,13.56399,13.54932,13.53348,13.51647,13.498199999999999,13.478670000000001,13.457880000000001,13.43565,13.41207,13.387139999999999,13.36068,13.33278,13.30326,13.272120000000001,13.23945,13.20498,13.1688,13.13082,13.090950000000001,13.04928,13.00554,12.95982,12.911940000000001,12.86199,12.809700000000001,12.75525,12.698369999999999,12.63897,12.57714,12.51279,12.44565,12.3759,12.30318,12.22767,12.14919,12.06756,11.98287,11.89503,11.80386,11.70936,11.61144,11.5101,11.405339999999999,11.29698,11.185200000000002,11.06991,10.9512,10.82907,10.703700000000001,10.57527,10.44387,10.309859999999999,10.17351,10.03527,9.89577,9.75537,9.615060000000001,9.47556,9.337950000000001,9.20331,9.0729,8.948313,8.830971,8.722575,8.624826,8.539443,8.468100000000002,8.4123,8.373375000000001,8.352342,8.349885,8.36631,8.4015,8.45496,8.525835,8.612973,8.714997,8.830386,8.957529,9.09477,9.24066,9.39357,9.55206,9.71505,9.88128,10.04985,10.21977,10.390410000000001,10.561050000000002,10.731150000000001,10.90026,11.068200000000001,11.23443,11.39877,11.56113,11.72133,11.87919,12.03471,12.1878,12.338460000000001,12.486690000000001,12.6324,12.77577,12.916620000000002,13.05522,13.19139,13.32531,13.45698,13.58649,13.713840000000001,13.83912,13.96242,14.08374,14.20317,14.32071
17.21169,17.16237,17.11386,17.06625,17.01954,16.97364,16.92873,16.88472,16.841700000000003,16.79958,16.75854,16.718400000000003,16.67934,16.641270000000002,16.604280000000003,16.568279999999998,16.533450000000002,16.49961,16.46685,16.43517,16.40457,16.37505,16.346610000000002,16.31925,16.29288,16.26768,16.243560000000002,16.22052,16.19847,16.177410000000002,16.15752,16.13853,16.12062,16.10361,16.08759,16.07256,16.05843,16.0452,16.03287,16.021440000000002,16.01082,16.00101,15.991919999999999,15.98373,15.976170000000002,15.969420000000001,15.963299999999998,15.957900000000002,15.95313,15.94899,15.94539,15.94242,15.9399,15.93792,15.936480000000001,15.93549,15.93486,15.934680000000002,15.93495,15.93549,15.936480000000001,15.937740000000002,15.93927,15.94107,15.943230000000002,15.945479999999998,15.948089999999999,15.95079,15.953760000000003,15.95682,15.96006,15.963390000000002,15.9669,15.970500000000001,15.974189999999998,15.97788,15.981660000000002,15.98553,15.989399999999998,15.993269999999999,15.99723,16.0011,16.00497,16.008840000000003,16.01271,16.01649,16.02027,16.023960000000002,16.02756,16.03116,16.03458,16.038,16.04124,16.044390000000003,16.04745,16.05042,16.0533,16.056,16.05852,16.060950000000002,16.06329,16.065450000000002,16.067429999999998,16.06923,16.07094,16.07247,16.07382,16.07499,16.07598,16.07679,16.07742,16.07787,16.07805,16.07814,16.07796,16.0776,16.07706,16.076340000000002,16.07535,16.07418,16.07283,16.07121,16.06932,16.067339999999998,16.065,16.06248,16.05978,16.056810000000002,16.05357,16.050150000000002,16.04646,16.04259,16.03836,16.03395,16.02936,16.02441,16.01928,16.01388,16.00821,16.00227,15.996149999999998,15.989670000000002,15.98301,15.976080000000001,15.968880000000002,15.96141,15.953669999999999,15.945660000000002,15.937380000000001,15.92892,15.9201,15.91101,15.901740000000002,15.892110000000002,15.882209999999999,15.87213,15.86169,15.850980000000002,15.840000000000002,15.82875,15.81732,15.80553,15.793470000000001,15.78114,15.76845,15.75558,15.742439999999998,15.729030000000002,15.71535,15.701310000000001,15.68709,15.672510000000003,15.657750000000002,15.64263,15.627240000000002,15.61167,15.595740000000001,15.579540000000001,15.563160000000002,15.546420000000001,15.52941,15.51213,15.494670000000001,15.47685,15.458760000000002,15.440489999999999,15.42186,15.40305,15.38388,15.36453,15.34491,15.32502,15.304950000000002,15.28452,15.263910000000001,15.24303,15.22188,15.200550000000002,15.17895,15.15717,15.13503,15.112800000000002,15.0903,15.067530000000001,15.044580000000002,15.02145,14.998050000000001,14.974470000000002,14.950709999999999,14.926770000000001,14.90256,14.878260000000001,14.853690000000002,14.829030000000001,14.804190000000002,14.779169999999999,14.75406,14.72877,14.7033,14.677739999999998,14.652090000000001,14.62635,14.60043,14.57451,14.54841,14.52231,14.49612,14.46993,14.443650000000002,14.417370000000002,14.39109,14.36481,14.33853,14.31225,14.28606,14.259960000000001,14.23386,14.20785,14.18193,14.15619,14.13054,14.104980000000001,14.079600000000001,14.05449,14.02947,14.00472,13.98015,13.95594,13.93191,13.908150000000001,13.88466,13.86153,13.83867,13.81626,13.794120000000001,13.77243,13.751100000000001,13.730129999999999,13.709610000000001,13.68954,13.669830000000001,13.65066,13.63194,13.613760000000001,13.59603,13.578750000000001,13.562009999999999,13.545810000000001,13.53006,13.514850000000001,13.50018,13.48605,13.47246,13.45941,13.446900000000001,13.43484,13.42332,13.41243,13.4019,13.392000000000001,13.38255,13.373550000000002,13.36509,13.356990000000001,13.349430000000002,13.34232,13.335659999999999,13.32936,13.32342,13.31793,13.3128,13.30803,13.30353,13.29939,13.29552,13.291920000000001,13.288590000000001,13.28553,13.28265,13.27995,13.27743,13.27509,13.27293,13.27086,13.26888,13.26699,13.26519,13.26348,13.26177,13.26006,13.25844,13.25673,13.25511,13.253400000000001,13.2516,13.249889999999999,13.248000000000001,13.24611,13.24413,13.24206,13.2399,13.23756,13.23522,13.23279,13.23018,13.22757,13.22478,13.221900000000002,13.21884,13.21578,13.21254,13.2093,13.20588,13.20237,13.19886,13.195170000000001,13.19148,13.187700000000001,13.18392,13.180050000000001,13.17618,13.17231,13.16844,13.164480000000001,13.1607,13.156830000000001,13.15314,13.14945,13.145760000000001,13.14234,13.13892,13.13568,13.13253,13.12965,13.12686,13.12434,13.122,13.11984,13.11804,13.11642,13.11516,13.11408,13.11345,13.11309,13.113000000000001,13.11336,13.11399,13.115070000000001,13.11651,13.118310000000001,13.120470000000001,13.12317,13.12614,13.12965,13.13352,13.13775,13.142520000000001,13.14765,13.153229999999999,13.15917,13.16556,13.17231,13.17951,13.18716,13.195170000000001,13.20345,13.21218,13.22127,13.23072,13.240440000000001,13.25052,13.260869999999999,13.27149,13.28238,13.29354,13.30497,13.31649,13.328280000000001,13.34025,13.352310000000001,13.364550000000001,13.376880000000002,13.3893,13.401720000000001,13.41423,13.426829999999999,13.439340000000001,13.45185,13.46427,13.47669,13.48902,13.50117,13.51323,13.5252,13.536900000000001,13.54842,13.55976,13.570829999999999,13.58163,13.59216,13.60242,13.61232,13.621860000000002,13.63104,13.63986,13.64832,13.65624,13.6638,13.67091,13.677480000000001,13.6836,13.68909,13.69413,13.69854,13.70241,13.70565,13.708350000000001,13.71033,13.71159,13.71222,13.71213,13.71132,13.70979,13.70745,13.7043,13.70025,13.69548,13.689810000000001,13.68324,13.67568,13.66731,13.65786,13.64742,13.63599,13.62348,13.60998,13.595220000000001,13.57938,13.56237,13.54419,13.524750000000001,13.503960000000001,13.481910000000001,13.45851,13.43367,13.40739,13.37967,13.35042,13.31964,13.28724,13.25313,13.2174,13.17987,13.14054,13.09932,13.05621,13.01112,12.96396,12.91473,12.86334,12.809790000000001,12.7539,12.69567,12.63501,12.57192,12.506219999999999,12.43791,12.3669,12.2931,12.2166,12.13704,12.05469,11.96919,11.88072,11.789100000000001,11.69433,11.59641,11.49525,11.390939999999999,11.28348,11.17278,11.05911,10.94247,10.822949999999999,10.70073,10.576170000000001,10.44945,10.32093,10.19106,10.06029,9.92934,9.79893,9.66978,9.54288,9.41922,9.30015,9.18675,9.080549999999999,8.982927,8.895348,8.819280000000001,8.756109,8.707104,8.673345000000001,8.655687,8.654679,8.670591000000002,8.703333,8.752509,8.817453,8.89722,8.990676,9.09657,9.213569999999999,9.340200000000001,9.475290000000001,9.61731,9.765179999999999,9.91764,10.073789999999999,10.23255,10.3932,10.55502,10.71729,10.87956,11.04138,11.2023,11.36214,11.52054,11.67723,11.83221,11.98521,12.136140000000001,12.28509,12.431790000000001,12.576329999999999,12.71871,12.858839999999999,12.99681,13.13262,13.26627,13.39776,13.527270000000001,13.654710000000001,13.78008,13.90356,14.025150000000002,14.14485,14.26284,14.37894
17.29944,17.25066,17.20278,17.155710000000003,17.10954,17.06418,17.01972,16.97616,16.933590000000002,16.89192,16.85124,16.81155,16.772759999999998,16.73505,16.69833,16.6626,16.627950000000002,16.594379999999997,16.56171,16.53021,16.4997,16.47027,16.44183,16.414469999999998,16.38819,16.3629,16.33869,16.31547,16.29333,16.272180000000002,16.25193,16.232760000000003,16.21458,16.197300000000002,16.18101,16.16562,16.15104,16.137449999999998,16.12476,16.11279,16.10172,16.09146,16.08192,16.07319,16.06518,16.0578,16.05114,16.0452,16.0398,16.035030000000003,16.030890000000003,16.02729,16.024140000000003,16.021620000000002,16.01946,16.01784,16.01658,16.01586,16.01541,16.01541,16.015680000000003,16.01631,16.017210000000002,16.01838,16.019910000000003,16.021530000000002,16.023509999999998,16.02558,16.02792,16.03044,16.03305,16.03584,16.038719999999998,16.041780000000003,16.04484,16.04799,16.05123,16.054560000000002,16.05789,16.061220000000002,16.06464,16.067970000000003,16.07139,16.074720000000003,16.07805,16.081380000000003,16.08462,16.08786,16.09101,16.094070000000002,16.09713,16.10001,16.10289,16.10559,16.10829,16.11081,16.11324,16.115489999999998,16.11765,16.119719999999997,16.12161,16.12341,16.12503,16.126469999999998,16.12782,16.128989999999998,16.12998,16.13079,16.13151,16.13196,16.132230000000003,16.13241,16.13232,16.13205,16.13169,16.13097,16.13016,16.12917,16.12791,16.126469999999998,16.12485,16.122960000000003,16.12089,16.118550000000003,16.116030000000002,16.11333,16.11036,16.10712,16.1037,16.10001,16.09614,16.092,16.08768,16.083090000000002,16.07823,16.07319,16.067880000000002,16.0623,16.056449999999998,16.05042,16.04403,16.037460000000003,16.030620000000003,16.0236,16.01622,16.008660000000003,16.00083,15.99273,15.98436,15.975720000000003,15.96681,15.95763,15.948179999999999,15.93855,15.92856,15.91839,15.90786,15.89715,15.88608,15.874830000000001,15.863310000000002,15.85143,15.83937,15.82704,15.814350000000001,15.801480000000002,15.78834,15.77484,15.76116,15.74721,15.732900000000003,15.71841,15.70365,15.68853,15.67323,15.657660000000002,15.64182,15.62571,15.60924,15.59259,15.57567,15.55857,15.541110000000002,15.523380000000001,15.50538,15.4872,15.46875,15.45003,15.431040000000001,15.411779999999998,15.392249999999999,15.37254,15.352559999999999,15.332310000000001,15.311880000000002,15.291180000000002,15.270209999999999,15.24906,15.22764,15.20595,15.184170000000002,15.16203,15.1398,15.117210000000002,15.094529999999999,15.071580000000003,15.04845,15.025140000000002,15.001650000000001,14.977979999999999,14.95404,14.93001,14.905800000000001,14.88141,14.85693,14.832180000000001,14.80734,14.78241,14.757299999999999,14.7321,14.70681,14.68143,14.655870000000002,14.630310000000001,14.604659999999999,14.578919999999998,14.553090000000001,14.527260000000002,14.501430000000001,14.4756,14.449679999999999,14.42385,14.39802,14.37219,14.34636,14.32062,14.294970000000001,14.26941,14.24394,14.21865,14.19345,14.16834,14.143410000000001,14.11875,14.09418,14.069880000000001,14.045760000000001,14.02191,13.99833,13.97493,13.95189,13.929210000000001,13.90671,13.88466,13.86297,13.84155,13.82058,13.79997,13.779810000000001,13.76001,13.74066,13.72176,13.70331,13.68531,13.667850000000001,13.65084,13.63428,13.61826,13.60269,13.587660000000001,13.573080000000001,13.55904,13.545539999999999,13.53258,13.52007,13.50801,13.49658,13.4856,13.47507,13.46508,13.45554,13.44645,13.437899999999999,13.429710000000002,13.42206,13.41477,13.40784,13.40145,13.39533,13.38957,13.38426,13.37922,13.37454,13.370130000000001,13.36599,13.36221,13.35861,13.35519,13.35204,13.34916,13.34637,13.34376,13.341330000000001,13.338989999999999,13.33674,13.334670000000001,13.332600000000001,13.33062,13.32873,13.32684,13.324950000000001,13.32306,13.32117,13.319280000000001,13.317390000000001,13.3155,13.31343,13.31145,13.30929,13.30713,13.30488,13.30254,13.30011,13.29759,13.29498,13.29228,13.28949,13.28661,13.28364,13.28058,13.27743,13.2741,13.27086,13.26744,13.26393,13.26042,13.25682,13.25322,13.24953,13.24584,13.24215,13.23846,13.234679999999999,13.23099,13.227390000000002,13.22379,13.22019,13.21668,13.21335,13.21002,13.20687,13.20381,13.20093,13.19823,13.19571,13.19337,13.19121,13.18932,13.187610000000001,13.18626,13.18509,13.184280000000001,13.18374,13.183470000000002,13.18356,13.184009999999999,13.18482,13.1859,13.187429999999999,13.18932,13.19157,13.19418,13.19724,13.200660000000001,13.20453,13.20876,13.21335,13.21839,13.22388,13.22973,13.23594,13.242600000000001,13.24962,13.257000000000001,13.26474,13.27284,13.2813,13.29012,13.29921,13.30866,13.31838,13.32846,13.33872,13.34925,13.360050000000001,13.371030000000001,13.38219,13.39353,13.405050000000001,13.41675,13.42854,13.44042,13.452390000000001,13.46445,13.476510000000001,13.48857,13.500630000000001,13.51269,13.52466,13.536629999999999,13.54851,13.560210000000001,13.57182,13.58334,13.59459,13.60566,13.61655,13.62717,13.63761,13.647689999999999,13.6575,13.667040000000002,13.67613,13.68495,13.69341,13.70142,13.70898,13.71618,13.72293,13.729140000000001,13.7349,13.740120000000001,13.7448,13.748940000000001,13.75245,13.755419999999999,13.757760000000001,13.75947,13.76055,13.760909999999999,13.76064,13.75956,13.757760000000001,13.75524,13.75191,13.74777,13.74273,13.73697,13.730220000000001,13.72257,13.71402,13.70457,13.694040000000001,13.68261,13.6701,13.65651,13.64175,13.626000000000001,13.60899,13.59081,13.57146,13.55076,13.52889,13.50558,13.48101,13.45491,13.42746,13.398480000000001,13.368060000000002,13.335930000000001,13.30227,13.26699,13.22991,13.191120000000002,13.15044,13.10796,13.063590000000001,13.01724,12.968820000000001,12.918330000000001,12.86568,12.81087,12.75381,12.694410000000001,12.632579999999999,12.56832,12.50163,12.43233,12.360420000000001,12.28581,12.208499999999999,12.128400000000001,12.045420000000002,11.959650000000002,11.871,11.779380000000002,11.68488,11.58741,11.487060000000001,11.38383,11.27781,11.16909,11.05776,10.944,10.82799,10.71,10.5903,10.46925,10.3473,10.22499,10.10295,9.98172,9.862110000000001,9.74511,9.63162,9.52272,9.419580000000002,9.323369999999999,9.23526,9.15669,9.08883,9.032760000000001,8.989704,8.960454,8.945748,8.946045,8.96157,8.99226,9.0378,9.09765,9.17109,9.25713,9.35469,9.46269,9.57996,9.70524,9.83754,9.9756,10.11843,10.26522,10.414890000000002,10.56681,10.720260000000001,10.87461,11.02932,11.18403,11.33838,11.49192,11.64438,11.79558,11.94543,12.093570000000001,12.24009,12.38472,12.52755,12.6684,12.80736,12.94434,13.07934,13.21227,13.34331,13.47246,13.59963,13.724910000000001,13.8483,13.96998,14.089770000000001,14.20785,14.32422,14.43897
17.386470000000003,17.338320000000003,17.29098,17.24445,17.19873,17.15382,17.1099,17.06679,17.02467,16.98336,16.943040000000003,16.90371,16.865280000000002,16.827840000000002,16.79148,16.75602,16.72155,16.68807,16.65567,16.62426,16.59384,16.564500000000002,16.53615,16.50879,16.48242,16.45713,16.432830000000003,16.40952,16.3872,16.36587,16.34544,16.32609,16.30755,16.290000000000003,16.27344,16.25769,16.24284,16.2288,16.21566,16.203329999999998,16.19181,16.1811,16.171110000000002,16.16184,16.153290000000002,16.14546,16.13826,16.13169,16.12584,16.120440000000002,16.11576,16.111530000000002,16.10784,16.104599999999998,16.1019,16.09965,16.09785,16.09641,16.09542,16.09479,16.09443,16.09443,16.0947,16.09533,16.09614,16.09731,16.09857,16.1001,16.10181,16.10379,16.10577,16.10802,16.11036,16.11279,16.11531,16.11792,16.12062,16.12332,16.12611,16.128989999999998,16.13187,16.13475,16.137539999999998,16.140420000000002,16.1433,16.14609,16.148880000000002,16.151670000000003,16.15437,16.15698,16.159499999999998,16.16202,16.16445,16.166790000000002,16.16895,16.171110000000002,16.17309,16.17498,16.17678,16.17849,16.18002,16.181369999999998,16.18263,16.1838,16.1847,16.18551,16.186230000000002,16.18668,16.187040000000003,16.18722,16.18722,16.187040000000003,16.18668,16.18614,16.18533,16.184430000000003,16.18335,16.182000000000002,16.18047,16.17876,16.17687,16.1748,16.17246,16.16985,16.16715,16.16418,16.160940000000004,16.15752,16.15392,16.15005,16.146,16.141679999999997,16.13709,16.13232,16.12728,16.12206,16.11657,16.11081,16.10478,16.09857,16.09209,16.08543,16.078409999999998,16.07121,16.063740000000003,16.056,16.04808,16.0398,16.03134,16.02261,16.01361,16.00443,15.994889999999998,15.98508,15.97509,15.964830000000001,15.954210000000002,15.94341,15.93234,15.921000000000001,15.90948,15.897600000000002,15.88545,15.873030000000002,15.86043,15.84747,15.83433,15.82083,15.807150000000002,15.793199999999999,15.77898,15.764399999999998,15.749640000000001,15.734610000000002,15.719400000000002,15.70383,15.687990000000001,15.67197,15.65559,15.63903,15.622200000000001,15.60501,15.58773,15.57009,15.552180000000002,15.53409,15.51573,15.497100000000001,15.478200000000001,15.45912,15.439770000000001,15.420150000000001,15.40035,15.380280000000003,15.359940000000002,15.33942,15.318630000000002,15.297659999999999,15.276420000000002,15.254999999999999,15.23331,15.21144,15.18939,15.16707,15.144570000000002,15.12189,15.099030000000003,15.075990000000001,15.05268,15.029280000000002,15.0057,14.98194,14.958000000000002,14.93388,14.909669999999998,14.885280000000002,14.860800000000001,14.83614,14.811390000000001,14.786550000000002,14.761530000000002,14.736509999999999,14.711310000000001,14.686110000000001,14.66082,14.635440000000001,14.61006,14.584590000000002,14.55912,14.53365,14.508180000000001,14.482709999999999,14.45733,14.43186,14.40657,14.38128,14.35599,14.33088,14.305860000000001,14.28093,14.25618,14.23152,14.207040000000001,14.182739999999999,14.15862,14.13468,14.11101,14.08752,14.064390000000001,14.04144,14.01876,13.996440000000002,13.974390000000001,13.9527,13.931280000000001,13.91031,13.889610000000001,13.86936,13.84947,13.83003,13.81095,13.79232,13.774140000000001,13.75641,13.739130000000001,13.7223,13.70601,13.69008,13.67469,13.65984,13.64544,13.631490000000001,13.61799,13.60512,13.59261,13.58064,13.56921,13.55814,13.5477,13.53762,13.52799,13.5189,13.51017,13.501890000000001,13.49406,13.486680000000002,13.479659999999999,13.473,13.4667,13.46085,13.45527,13.45005,13.4451,13.44051,13.4361,13.43205,13.42827,13.42467,13.42125,13.418009999999999,13.41504,13.41216,13.409460000000001,13.40694,13.40442,13.40208,13.39983,13.39767,13.395510000000002,13.393350000000002,13.391280000000002,13.38921,13.38723,13.38516,13.383090000000001,13.38093,13.37886,13.37661,13.37445,13.372110000000001,13.36977,13.36734,13.36491,13.3623,13.359689999999999,13.356990000000001,13.35411,13.35123,13.34826,13.34529,13.34214,13.338989999999999,13.335659999999999,13.33242,13.329,13.32558,13.32207,13.318560000000002,13.31505,13.311539999999999,13.30794,13.30443,13.300830000000001,13.297320000000001,13.2939,13.29048,13.28706,13.28382,13.28058,13.27752,13.27455,13.27176,13.26906,13.26654,13.2642,13.26204,13.26006,13.25835,13.256910000000001,13.255650000000001,13.25466,13.25394,13.253580000000001,13.253490000000001,13.25367,13.25421,13.25511,13.25628,13.257810000000001,13.25979,13.26204,13.26474,13.26771,13.27113,13.275,13.27914,13.28373,13.288680000000001,13.29399,13.29975,13.30578,13.31226,13.3191,13.3263,13.333860000000001,13.34169,13.34988,13.35843,13.36734,13.376430000000001,13.38588,13.3956,13.4055,13.41567,13.42611,13.43673,13.44753,13.45851,13.46967,13.48092,13.49226,13.503689999999999,13.5153,13.526909999999999,13.53852,13.55013,13.56183,13.57344,13.58496,13.596480000000001,13.60791,13.61916,13.63041,13.64139,13.652280000000001,13.662899999999999,13.673340000000001,13.6836,13.69359,13.70322,13.712670000000001,13.72176,13.73049,13.738949999999999,13.74696,13.75461,13.7619,13.768740000000001,13.77504,13.780980000000001,13.78638,13.79133,13.79565,13.799520000000001,13.80276,13.80546,13.80753,13.80897,13.809780000000002,13.80996,13.80942,13.808159999999999,13.80618,13.80339,13.79988,13.79565,13.79052,13.78449,13.777650000000001,13.770000000000001,13.76136,13.75173,13.741200000000001,13.72968,13.717170000000001,13.70358,13.68891,13.67316,13.65624,13.63815,13.61889,13.59837,13.576590000000001,13.553460000000001,13.529069999999999,13.50333,13.47606,13.44744,13.41729,13.38561,13.352400000000001,13.31748,13.280940000000001,13.24269,13.20273,13.16088,13.117230000000001,13.07169,13.02408,12.97458,12.922920000000001,12.86919,12.8133,12.75516,12.69477,12.63204,12.566970000000001,12.49938,12.429359999999999,12.356729999999999,12.28167,12.20391,12.12354,12.04047,11.954699999999999,11.86632,11.77524,11.68146,11.58507,11.48607,11.38464,11.28078,11.17467,11.06649,10.95651,10.84482,10.73196,10.618020000000001,10.50372,10.38933,10.27557,10.16298,10.05228,9.944460000000001,9.84024,9.74061,9.646650000000001,9.55935,9.47979,9.40923,9.34857,9.298800000000002,9.260909999999999,9.235619999999999,9.22356,9.225,9.24021,9.26919,9.31167,9.36711,9.43506,9.51453,9.604890000000001,9.704880000000001,9.81378,9.93042,10.05381,10.18296,10.316970000000001,10.45503,10.59624,10.73997,10.88559,11.03247,11.18007,11.327940000000002,11.47581,11.62323,11.77002,11.91582,12.060540000000001,12.204,12.346020000000001,12.48651,12.62547,12.76263,12.89817,13.031910000000002,13.16385,13.294080000000001,13.42242,13.549050000000001,13.67397,13.79709,13.91841,14.03811,14.15619,14.27256,14.387310000000001,14.50062
17.47287,17.42526,17.37837,17.33238,17.28711,17.24274,17.19927,17.15661,17.11485,17.073990000000002,17.03403,16.99497,16.9569,16.91982,16.88364,16.848360000000003,16.81416,16.78086,16.74864,16.71732,16.68699,16.65774,16.62939,16.60203,16.575660000000003,16.55037,16.52598,16.502489999999998,16.48008,16.458569999999998,16.43796,16.41834,16.399620000000002,16.381800000000002,16.36488,16.348860000000002,16.33365,16.31934,16.30575,16.29306,16.28109,16.269930000000002,16.25949,16.249769999999998,16.24068,16.232310000000002,16.22466,16.217550000000003,16.21107,16.20522,16.19991,16.19514,16.19091,16.187130000000003,16.1838,16.18101,16.17858,16.1766,16.17498,16.17372,16.17273,16.17219,16.171920000000004,16.17183,16.1721,16.17264,16.173360000000002,16.17435,16.17543,16.17678,16.17831,16.17993,16.18164,16.18353,16.18551,16.18758,16.18974,16.19199,16.19424,16.19658,16.19892,16.20126,16.20369,16.20603,16.20846,16.210800000000003,16.213050000000003,16.21539,16.21764,16.2198,16.22187,16.22394,16.225920000000002,16.227809999999998,16.2297,16.23141,16.23303,16.23447,16.23591,16.23717,16.23834,16.239330000000002,16.24023,16.24104,16.24167,16.24212,16.24248,16.24257,16.24266,16.24248,16.24212,16.24167,16.24095,16.24014,16.239150000000002,16.23789,16.23654,16.23492,16.23321,16.23123,16.22907,16.22664,16.224120000000003,16.221330000000002,16.21836,16.21512,16.2117,16.2081,16.20423,16.20018,16.19586,16.191360000000003,16.18659,16.18164,16.17642,16.171020000000002,16.16535,16.159409999999998,16.153290000000002,16.1469,16.14024,16.133399999999998,16.12629,16.119,16.111349999999998,16.103520000000003,16.09542,16.08714,16.0785,16.06968,16.060589999999998,16.05123,16.041690000000003,16.03179,16.02171,16.011360000000003,16.00074,15.98985,15.97878,15.96735,15.95574,15.943859999999999,15.931709999999999,15.919289999999998,15.9066,15.893640000000001,15.8805,15.866999999999999,15.85332,15.83937,15.82515,15.81066,15.7959,15.780870000000002,15.765659999999999,15.75009,15.734340000000001,15.71832,15.70203,15.68556,15.668730000000002,15.65172,15.634440000000001,15.61689,15.59916,15.58116,15.562890000000001,15.54435,15.52563,15.50664,15.487380000000002,15.467939999999999,15.44823,15.428340000000002,15.408180000000002,15.38775,15.367230000000001,15.346350000000001,15.32538,15.30405,15.28263,15.260940000000002,15.239070000000002,15.217020000000002,15.19479,15.17229,15.1497,15.126840000000001,15.10389,15.08067,15.05736,15.03387,15.010200000000001,14.986439999999998,14.9625,14.938379999999999,14.91417,14.88987,14.86548,14.84091,14.816249999999998,14.79159,14.76675,14.741909999999999,14.71698,14.691960000000002,14.666940000000002,14.641919999999999,14.616810000000001,14.591700000000001,14.566679999999998,14.54157,14.51655,14.491530000000001,14.466600000000001,14.441669999999998,14.41683,14.39217,14.367510000000001,14.34303,14.31864,14.29443,14.2704,14.24646,14.222790000000002,14.1993,14.175989999999999,14.15295,14.130090000000001,14.10759,14.08527,14.06331,14.041620000000002,14.02029,13.99932,13.978620000000001,13.95828,13.9383,13.91877,13.899600000000001,13.88079,13.86243,13.84452,13.826970000000001,13.80996,13.793310000000002,13.7772,13.76145,13.74624,13.73148,13.717170000000001,13.70331,13.68999,13.67712,13.6647,13.65273,13.641300000000001,13.630230000000001,13.6197,13.609620000000001,13.59999,13.59072,13.581990000000001,13.57362,13.565610000000001,13.558050000000001,13.55094,13.5441,13.53771,13.53159,13.525830000000001,13.520430000000001,13.5153,13.51044,13.50594,13.501619999999999,13.49757,13.4937,13.490100000000002,13.486680000000002,13.48344,13.48038,13.47741,13.47462,13.47192,13.46931,13.466880000000002,13.46445,13.462110000000001,13.459769999999999,13.45752,13.45527,13.45311,13.45086,13.44861,13.44636,13.44411,13.44177,13.439430000000002,13.43709,13.434660000000001,13.43214,13.42962,13.427010000000001,13.42431,13.421610000000001,13.418730000000002,13.415849999999999,13.41288,13.40991,13.40685,13.4037,13.40046,13.39722,13.393979999999999,13.39065,13.38723,13.3839,13.38048,13.37706,13.37364,13.37022,13.36689,13.36347,13.36023,13.356990000000001,13.35375,13.35069,13.34763,13.344750000000001,13.34196,13.339350000000001,13.33683,13.33449,13.33233,13.330350000000001,13.32864,13.327020000000001,13.32576,13.324679999999999,13.32387,13.32324,13.32297,13.32306,13.32333,13.32396,13.324950000000001,13.326210000000001,13.32783,13.32981,13.33206,13.33476,13.33782,13.341149999999999,13.34493,13.349070000000001,13.353570000000001,13.35843,13.36365,13.36923,13.37517,13.38147,13.38813,13.39515,13.40244,13.41009,13.4181,13.42638,13.43493,13.44375,13.45293,13.46229,13.47192,13.481819999999999,13.491810000000001,13.50207,13.51251,13.52313,13.53384,13.54473,13.55571,13.56678,13.577940000000002,13.5891,13.60035,13.611600000000001,13.62276,13.63401,13.64508,13.65624,13.66722,13.67811,13.68882,13.699440000000001,13.70988,13.72014,13.730129999999999,13.74003,13.74957,13.75884,13.767930000000002,13.77657,13.78503,13.79304,13.80069,13.80798,13.81491,13.821390000000001,13.82742,13.833,13.83813,13.842720000000002,13.846770000000001,13.85037,13.85334,13.855770000000001,13.857569999999999,13.85883,13.85937,13.85928,13.85856,13.85703,13.85487,13.85199,13.8483,13.84389,13.83858,13.832550000000001,13.82562,13.81779,13.80906,13.799430000000001,13.7889,13.777379999999999,13.76478,13.75119,13.73661,13.72086,13.70403,13.686119999999999,13.66695,13.64661,13.62501,13.60215,13.577940000000002,13.55238,13.52556,13.49721,13.46742,13.43619,13.40334,13.36905,13.33305,13.295340000000001,13.25601,13.214879999999999,13.17195,13.127220000000001,13.0806,13.032,12.98142,12.92886,12.87423,12.817350000000001,12.7584,12.6972,12.63375,12.56796,12.499830000000001,12.429359999999999,12.35637,12.28104,12.203190000000001,12.122910000000001,12.0402,11.954880000000001,11.867220000000001,11.77713,11.684610000000001,11.589839999999999,11.49291,11.393820000000002,11.29284,11.190150000000001,11.085930000000001,10.980360000000001,10.873980000000001,10.76688,10.65969,10.55286,10.44684,10.34235,10.239930000000001,10.14048,10.04472,9.95355,9.86787,9.788670000000002,9.71676,9.65331,9.59904,9.55485,9.52155,9.499770000000002,9.48996,9.49248,9.50751,9.53505,9.57483,9.626579999999999,9.68967,9.76347,9.84735,9.94041,10.04175,10.15056,10.265939999999999,10.38699,10.5129,10.64295,10.77633,10.912410000000001,11.05065,11.19033,11.33109,11.47257,11.614230000000001,11.755799999999999,11.89701,12.03759,12.17736,12.31614,12.45384,12.590190000000002,12.72519,12.85875,12.990870000000001,13.12137,13.25034,13.377690000000001,13.50342,13.62753,13.75002,13.870980000000001,13.99032,14.108039999999999,14.22423,14.338890000000001,14.452020000000001,14.563799999999999
17.55855,17.511480000000002,17.46513,17.41959,17.374859999999998,17.33094,17.28783,17.24562,17.20422,17.163719999999998,17.12412,17.08542,17.047620000000002,17.01081,16.9749,16.93989,16.905870000000004,16.87275,16.84062,16.80939,16.77924,16.74999,16.72164,16.69437,16.668,16.64262,16.61814,16.59456,16.57197,16.55037,16.52958,16.509780000000003,16.49079,16.4727,16.45551,16.43913,16.423650000000002,16.40898,16.39503,16.381890000000002,16.369560000000003,16.35795,16.34706,16.33689,16.327350000000003,16.31853,16.31034,16.302780000000002,16.29576,16.28937,16.28352,16.27821,16.27335,16.26903,16.265159999999998,16.26174,16.258770000000002,16.25625,16.253999999999998,16.252200000000002,16.25067,16.2495,16.2486,16.24806,16.247700000000002,16.247700000000002,16.247790000000002,16.24824,16.248780000000004,16.24959,16.250490000000003,16.25157,16.25274,16.254089999999998,16.25553,16.257150000000003,16.258770000000002,16.26048,16.26219,16.263990000000003,16.26588,16.26777,16.269660000000002,16.27155,16.27344,16.27533,16.27713,16.279020000000003,16.280820000000002,16.28253,16.28424,16.285860000000003,16.287390000000002,16.28892,16.29027,16.29162,16.29288,16.29396,16.29495,16.29585,16.29666,16.29738,16.297919999999998,16.298280000000002,16.298550000000002,16.29873,16.29873,16.298550000000002,16.29819,16.29774,16.29711,16.29639,16.2954,16.294230000000002,16.29297,16.29144,16.28982,16.28793,16.285950000000003,16.2837,16.28127,16.27866,16.27578,16.27281,16.26957,16.26615,16.26255,16.258680000000002,16.254630000000002,16.250310000000002,16.24581,16.241130000000002,16.23618,16.231050000000003,16.22565,16.220070000000003,16.21422,16.208190000000002,16.20189,16.195320000000002,16.188570000000002,16.18155,16.17435,16.166880000000003,16.15914,16.15113,16.14294,16.13457,16.12584,16.11693,16.107750000000003,16.098300000000002,16.08858,16.078680000000002,16.06851,16.05807,16.04745,16.03647,16.02531,16.01388,16.002180000000003,15.99021,15.97806,15.96564,15.952950000000001,15.939989999999998,15.926760000000002,15.91335,15.89958,15.88563,15.87141,15.85692,15.84225,15.827309999999999,15.812009999999999,15.79662,15.780870000000002,15.764940000000001,15.74865,15.73218,15.715530000000001,15.698519999999998,15.68133,15.66387,15.64623,15.628319999999999,15.61014,15.591780000000002,15.57315,15.55425,15.535169999999999,15.51582,15.49629,15.476490000000002,15.45651,15.43635,15.415919999999998,15.395219999999998,15.37443,15.35337,15.33204,15.310620000000002,15.28893,15.26706,15.24501,15.222780000000002,15.20046,15.17787,15.1551,15.132150000000001,15.109110000000001,15.085890000000001,15.06249,15.039000000000001,15.015330000000002,14.99157,14.967720000000002,14.94369,14.919570000000002,14.89536,14.87106,14.846670000000001,14.82219,14.79771,14.773050000000001,14.74848,14.72382,14.69907,14.67441,14.64966,14.625,14.600340000000001,14.57568,14.55102,14.52645,14.50197,14.477580000000001,14.453280000000001,14.42907,14.404950000000001,14.38092,14.35716,14.33349,14.31,14.28669,14.26356,14.24061,14.218020000000001,14.19552,14.173380000000002,14.15151,14.12991,14.10858,14.08752,14.06682,14.04648,14.0265,14.00688,13.987530000000001,13.96863,13.95018,13.93209,13.91436,13.89708,13.88025,13.86378,13.84785,13.832279999999999,13.81716,13.80258,13.788359999999999,13.77459,13.76136,13.74849,13.73616,13.72428,13.71276,13.70178,13.69125,13.68108,13.67136,13.66209,13.65327,13.64481,13.636709999999999,13.62906,13.62168,13.614749999999999,13.60818,13.601970000000001,13.59603,13.59045,13.58505,13.5801,13.575330000000001,13.570829999999999,13.566510000000001,13.56246,13.55868,13.55499,13.55157,13.54824,13.54509,13.54203,13.53915,13.53636,13.53366,13.53105,13.528530000000002,13.5261,13.523579999999999,13.52124,13.51881,13.51647,13.51404,13.5117,13.50927,13.50684,13.50441,13.50198,13.49946,13.49685,13.494240000000001,13.49163,13.48893,13.48614,13.483260000000001,13.48038,13.4775,13.47453,13.47147,13.46832,13.465259999999999,13.46202,13.458870000000001,13.45563,13.4523,13.449060000000001,13.445730000000001,13.44249,13.43916,13.435920000000001,13.432680000000001,13.42953,13.42638,13.42323,13.42026,13.41729,13.4145,13.4118,13.40919,13.40667,13.404330000000002,13.40217,13.40019,13.398390000000001,13.396770000000002,13.395420000000001,13.394250000000001,13.393350000000002,13.392629999999999,13.39218,13.392000000000001,13.39218,13.39254,13.39326,13.39434,13.39569,13.39731,13.39929,13.40163,13.404330000000002,13.407300000000001,13.410720000000001,13.41441,13.41846,13.422870000000001,13.42764,13.43277,13.43826,13.44411,13.45023,13.456710000000001,13.463460000000001,13.47066,13.47804,13.48578,13.49388,13.50216,13.510710000000001,13.51953,13.52862,13.53798,13.54752,13.55724,13.56714,13.57722,13.587480000000001,13.59783,13.608360000000001,13.618979999999999,13.6296,13.640400000000001,13.65111,13.662,13.6728,13.6836,13.6944,13.70511,13.71582,13.72644,13.73688,13.74723,13.7574,13.76748,13.77729,13.78701,13.79637,13.80564,13.81455,13.82319,13.83156,13.83957,13.84722,13.8546,13.86153,13.8681,13.874220000000001,13.87998,13.885200000000001,13.89006,13.89438,13.898159999999999,13.9014,13.90419,13.90635,13.90788,13.90887,13.90923,13.90896,13.90797,13.90635,13.90401,13.90095,13.89708,13.89258,13.887179999999999,13.88097,13.87395,13.86612,13.8573,13.84767,13.83705,13.82553,13.81302,13.799430000000001,13.78485,13.76928,13.75254,13.734630000000001,13.71564,13.69548,13.67406,13.65147,13.62753,13.60233,13.57578,13.54779,13.51845,13.487580000000001,13.45527,13.421429999999999,13.38606,13.348980000000001,13.310279999999999,13.269960000000001,13.22784,13.18392,13.138200000000001,13.090679999999999,13.04118,12.98979,12.93633,12.880889999999999,12.82338,12.763710000000001,12.701970000000001,12.637979999999999,12.57183,12.50334,12.432690000000001,12.3597,12.284460000000001,12.20697,12.12714,12.04506,11.96073,11.87424,11.785590000000001,11.69496,11.602440000000001,11.50803,11.412,11.31453,11.21589,11.11626,11.016,10.91547,10.81503,10.71522,10.616489999999999,10.51947,10.42479,10.33299,10.24506,10.16154,10.08342,10.01142,9.94644,9.889289999999999,9.84078,9.80154,9.77229,9.753570000000002,9.74592,9.74943,9.76428,9.79056,9.82809,9.876510000000001,9.93537,10.00422,10.08243,10.16919,10.263869999999999,10.36557,10.473749999999999,10.58742,10.70595,10.82853,10.95471,11.083680000000001,11.2149,11.34792,11.48229,11.617560000000001,11.75328,11.889180000000001,12.02508,12.16062,12.29553,12.42981,12.5631,12.6954,12.82662,12.95658,13.08528,13.21263,13.33854,13.46301,13.58613,13.70772,13.82787,13.94658,14.06376,14.1795,14.29389,14.40675,14.51826,14.628419999999998
17.6436,17.59698,17.551170000000003,17.50608,17.4618,17.41833,17.37567,17.33382,17.29278,17.25264,17.2134,17.174970000000002,17.137529999999998,17.100900000000003,17.065260000000002,17.03043,16.99659,16.96365,16.9317,16.900650000000002,16.8705,16.84134,16.81308,16.78572,16.75935,16.73388,16.7094,16.68573,16.663050000000002,16.641180000000002,16.6203,16.60023,16.58106,16.56279,16.545240000000003,16.52859,16.51275,16.49772,16.483500000000003,16.470000000000002,16.45722,16.44525,16.433909999999997,16.42329,16.4133,16.404030000000002,16.39539,16.387290000000004,16.37982,16.37289,16.3665,16.36065,16.35525,16.35039,16.34598,16.34202,16.33851,16.33536,16.33257,16.33023,16.32816,16.32645,16.32501,16.32384,16.322940000000003,16.32231,16.32195,16.32177,16.32177,16.32204,16.3224,16.322940000000003,16.32366,16.32447,16.32537,16.32645,16.32753,16.3287,16.32996,16.331310000000002,16.33266,16.334100000000003,16.33545,16.33689,16.338330000000003,16.33977,16.34112,16.342560000000002,16.34391,16.34517,16.34643,16.34769,16.348860000000002,16.34994,16.35093,16.351830000000003,16.35264,16.353450000000002,16.35408,16.35462,16.35498,16.355339999999998,16.35552,16.35561,16.35552,16.355339999999998,16.35498,16.35453,16.3539,16.35309,16.35219,16.35111,16.34985,16.34841,16.346790000000002,16.345080000000003,16.3431,16.34103,16.33869,16.33617,16.33356,16.33068,16.32762,16.32438,16.32096,16.31727,16.3134,16.309350000000002,16.305120000000002,16.30062,16.29594,16.29108,16.285950000000003,16.28055,16.27506,16.269209999999998,16.26327,16.257060000000003,16.25058,16.24392,16.236990000000002,16.22988,16.2225,16.214850000000002,16.20702,16.19892,16.19064,16.182090000000002,16.173270000000002,16.164270000000002,16.155,16.14546,16.135650000000002,16.12566,16.1154,16.104960000000002,16.094160000000002,16.083180000000002,16.071930000000002,16.0605,16.0488,16.036830000000002,16.02459,16.01208,15.999390000000002,15.986429999999999,15.973200000000002,15.95979,15.94602,15.932070000000001,15.91785,15.903450000000001,15.88878,15.87384,15.85863,15.843150000000001,15.82749,15.81156,15.79545,15.779069999999999,15.76242,15.745500000000002,15.728399999999999,15.711030000000001,15.693480000000001,15.67566,15.657570000000002,15.639299999999999,15.62076,15.60204,15.58305,15.56388,15.54444,15.52482,15.505019999999998,15.484950000000001,15.4647,15.44427,15.42357,15.402690000000002,15.38163,15.3603,15.33888,15.317280000000002,15.295410000000002,15.273450000000002,15.251219999999998,15.2289,15.2064,15.18372,15.160950000000001,15.138,15.11487,15.09165,15.06834,15.04485,15.021180000000001,14.997510000000002,14.97366,14.949810000000001,14.92578,14.901750000000002,14.87763,14.853419999999998,14.829210000000002,14.80491,14.78061,14.756310000000001,14.73192,14.70762,14.683320000000002,14.658930000000002,14.63472,14.61042,14.586300000000001,14.56218,14.538150000000002,14.51421,14.49036,14.466690000000002,14.443019999999999,14.41962,14.396310000000001,14.37327,14.350320000000002,14.32755,14.305050000000001,14.28273,14.26068,14.2389,14.217300000000002,14.196060000000001,14.17509,14.154390000000001,14.13405,14.11398,14.09427,14.07492,14.05593,14.0373,14.01903,14.00121,13.98375,13.96665,13.950000000000001,13.9338,13.917959999999999,13.90257,13.88763,13.873140000000001,13.85901,13.84542,13.83219,13.819500000000001,13.807170000000001,13.79529,13.78386,13.77279,13.76226,13.752089999999999,13.74228,13.732920000000002,13.724010000000002,13.71546,13.70727,13.699530000000001,13.69206,13.68504,13.67829,13.6719,13.665780000000002,13.66002,13.65453,13.649310000000002,13.644359999999999,13.63968,13.63518,13.63095,13.626900000000001,13.62303,13.619340000000001,13.61583,13.6125,13.60935,13.606200000000001,13.60323,13.60035,13.59756,13.59486,13.59216,13.589550000000001,13.58694,13.58442,13.5819,13.57938,13.57686,13.57434,13.57182,13.5693,13.56678,13.56417,13.56156,13.558860000000001,13.55616,13.553370000000001,13.55058,13.54779,13.54491,13.54194,13.53897,13.536,13.53294,13.52988,13.52673,13.523579999999999,13.520430000000001,13.51728,13.514130000000002,13.51089,13.50774,13.50459,13.50144,13.498380000000001,13.49532,13.49235,13.48938,13.4865,13.4838,13.4811,13.47849,13.47606,13.47381,13.47165,13.46958,13.46778,13.46616,13.464720000000002,13.463460000000001,13.46238,13.46157,13.46103,13.46076,13.46067,13.46094,13.461390000000002,13.462200000000001,13.46328,13.464720000000002,13.46643,13.46841,13.470749999999999,13.47345,13.476420000000001,13.47975,13.48344,13.487490000000001,13.491810000000001,13.49649,13.50153,13.50684,13.51251,13.51854,13.52484,13.531410000000001,13.53834,13.545630000000001,13.553099999999999,13.56093,13.56894,13.57731,13.58586,13.59468,13.60368,13.612860000000001,13.62231,13.63185,13.641660000000002,13.65156,13.661550000000002,13.67172,13.68189,13.69224,13.702589999999999,13.713030000000002,13.72347,13.73391,13.74426,13.7547,13.76505,13.77531,13.78548,13.79556,13.80555,13.81536,13.82508,13.83453,13.8438,13.8528,13.86162,13.87026,13.878540000000001,13.88646,13.894200000000001,13.901489999999999,13.908510000000001,13.91517,13.92138,13.92723,13.932630000000001,13.93767,13.94217,13.94613,13.94973,13.9527,13.95522,13.95711,13.95846,13.959270000000002,13.95936,13.95891,13.95774,13.95594,13.95342,13.95027,13.94631,13.94163,13.93614,13.92984,13.92273,13.914810000000001,13.906080000000001,13.896360000000001,13.88574,13.874220000000001,13.86171,13.848210000000002,13.83372,13.818150000000001,13.801590000000001,13.78386,13.76505,13.74507,13.72383,13.70151,13.67784,13.65291,13.62672,13.59918,13.5702,13.53987,13.50801,13.4748,13.439969999999999,13.40352,13.36563,13.32594,13.28472,13.2417,13.19697,13.15044,13.102020000000001,13.0518,12.999690000000001,12.9456,12.88953,12.831479999999999,12.77145,12.70926,12.645090000000001,12.57876,12.51036,12.4398,12.36708,12.29229,12.21543,12.1365,12.0555,11.97261,11.88774,11.80116,11.71287,11.623050000000001,11.53179,11.43945,11.34612,11.25216,11.157750000000002,11.06343,10.969380000000001,10.87614,10.78425,10.69425,10.60659,10.52199,10.441080000000001,10.36467,10.293389999999999,10.22796,10.1691,10.11762,10.07424,10.03941,10.013760000000001,9.99792,9.99198,9.996390000000002,10.01124,10.03644,10.071990000000001,10.11753,10.17279,10.23723,10.31031,10.39149,10.48014,10.57563,10.677150000000001,10.78407,10.895850000000001,11.01168,11.131020000000001,11.25342,11.378160000000001,11.504880000000002,11.633130000000001,11.76255,11.8926,12.02319,12.153870000000001,12.284460000000001,12.41478,12.54456,12.67371,12.802050000000001,12.92949,13.055850000000001,13.18122,13.30533,13.42827,13.54995,13.67037,13.78944,13.907250000000001,14.02362,14.13873,14.25249,14.36499,14.47614,14.585940000000003,14.694480000000002
17.72802,17.68194,17.636490000000002,17.59194,17.54802,17.505,17.462699999999998,17.42121,17.38062,17.340840000000004,17.30187,17.2638,17.22654,17.19018,17.15472,17.120160000000002,17.0865,17.05374,17.02188,16.99092,16.96086,16.93179,16.90353,16.876260000000002,16.849800000000002,16.82433,16.79967,16.776,16.75314,16.73118,16.71012,16.68987,16.67043,16.651889999999998,16.634159999999998,16.61724,16.601129999999998,16.58574,16.571160000000003,16.557299999999998,16.54416,16.531740000000003,16.520039999999998,16.50897,16.498620000000003,16.48881,16.47972,16.47117,16.463160000000002,16.45578,16.44885,16.44255,16.436700000000002,16.4313,16.42635,16.421850000000003,16.4178,16.41411,16.410780000000003,16.407809999999998,16.4052,16.40295,16.400969999999997,16.399259999999998,16.39782,16.39665,16.395750000000003,16.39503,16.39458,16.39422,16.39413,16.39413,16.39431,16.39458,16.394940000000002,16.39548,16.39611,16.396829999999998,16.39764,16.39845,16.39935,16.40025,16.40115,16.40214,16.40313,16.404120000000002,16.40502,16.40601,16.40691,16.407809999999998,16.40862,16.40943,16.41015,16.410870000000003,16.4115,16.41204,16.412490000000002,16.41285,16.41312,16.4133,16.4133,16.4133,16.41312,16.41285,16.412490000000002,16.411949999999997,16.41132,16.41051,16.40952,16.408440000000002,16.40718,16.40583,16.4043,16.40259,16.4007,16.39872,16.39647,16.39413,16.391520000000003,16.388820000000003,16.38594,16.38279,16.37946,16.37604,16.37235,16.36848,16.364430000000002,16.360110000000002,16.3557,16.351020000000002,16.34616,16.34103,16.335720000000002,16.33023,16.32447,16.31853,16.31241,16.30602,16.29936,16.29252,16.2855,16.27821,16.270740000000004,16.263,16.25499,16.2468,16.23834,16.2297,16.22079,16.2117,16.202340000000003,16.19271,16.182900000000004,16.17282,16.162470000000003,16.15194,16.14114,16.13007,16.11882,16.1073,16.09551,16.08345,16.07121,16.0587,16.046010000000003,16.03305,16.019820000000003,16.006320000000002,15.992640000000002,15.978690000000002,15.964469999999999,15.95007,15.9354,15.92046,15.905339999999999,15.88995,15.874290000000002,15.85845,15.84234,15.826049999999999,15.8094,15.79266,15.775560000000002,15.75837,15.74082,15.72309,15.705179999999999,15.687,15.668550000000002,15.64992,15.63111,15.612029999999999,15.59277,15.57333,15.55362,15.533729999999998,15.513660000000002,15.49332,15.472800000000001,15.45219,15.431310000000002,15.41016,15.38892,15.3675,15.345899999999999,15.324120000000002,15.302160000000002,15.280110000000002,15.25779,15.235380000000001,15.212879999999998,15.1902,15.16734,15.144390000000001,15.121260000000001,15.098130000000001,15.07482,15.051330000000002,15.027840000000001,15.004259999999999,14.98059,14.95683,14.933070000000003,14.90922,14.885280000000002,14.86134,14.8374,14.81346,14.789430000000001,14.7654,14.74146,14.717519999999999,14.69358,14.669730000000001,14.64597,14.62221,14.598540000000002,14.574960000000003,14.551559999999998,14.52816,14.50494,14.481900000000001,14.45904,14.436269999999999,14.413680000000001,14.391359999999999,14.36913,14.34726,14.325479999999999,14.30406,14.28282,14.261940000000001,14.241240000000001,14.2209,14.200830000000002,14.18112,14.16168,14.1426,14.12388,14.10552,14.08752,14.069880000000001,14.05269,14.03577,14.01939,14.00328,13.98762,13.97241,13.95765,13.94325,13.929300000000001,13.91571,13.90257,13.88988,13.877640000000001,13.86576,13.854330000000001,13.843350000000001,13.83273,13.82256,13.812750000000001,13.80339,13.79439,13.78575,13.77747,13.76955,13.762080000000001,13.754880000000002,13.74795,13.74147,13.73517,13.72923,13.72356,13.718160000000001,13.713030000000002,13.708169999999999,13.70349,13.69908,13.69485,13.6908,13.68693,13.68324,13.679730000000001,13.67631,13.67307,13.669830000000001,13.66677,13.6638,13.66092,13.658130000000002,13.655339999999999,13.652640000000002,13.64994,13.64724,13.644630000000001,13.64202,13.63941,13.636709999999999,13.6341,13.631490000000001,13.62879,13.626090000000001,13.62339,13.620600000000001,13.61781,13.615020000000001,13.61214,13.609259999999999,13.60638,13.60341,13.600439999999999,13.59747,13.594410000000002,13.59135,13.58829,13.58523,13.582170000000001,13.57902,13.57596,13.5729,13.569840000000001,13.56687,13.5639,13.561020000000001,13.55814,13.55535,13.55265,13.54995,13.54743,13.54509,13.54275,13.54059,13.53861,13.53672,13.5351,13.533570000000001,13.53222,13.531139999999999,13.530240000000001,13.52952,13.529069999999999,13.52889,13.52898,13.529250000000001,13.52988,13.53069,13.53186,13.5333,13.53501,13.53708,13.53942,13.542119999999999,13.54509,13.54842,13.55202,13.555980000000002,13.5603,13.56489,13.56975,13.57497,13.580549999999999,13.586400000000001,13.59252,13.599,13.60575,13.61277,13.62006,13.62762,13.635449999999999,13.64346,13.65174,13.660290000000002,13.66902,13.67793,13.68702,13.69629,13.70574,13.71528,13.725,13.73472,13.744620000000001,13.75461,13.764600000000002,13.77468,13.78467,13.79475,13.804829999999999,13.814820000000001,13.824810000000001,13.834710000000001,13.84452,13.854239999999999,13.86387,13.87332,13.88259,13.891680000000001,13.900590000000001,13.909320000000001,13.91778,13.92597,13.933890000000002,13.941540000000002,13.94892,13.95594,13.9626,13.968900000000001,13.97484,13.98042,13.98555,13.99023,13.99446,13.99824,14.00148,14.00427,14.00652,14.008230000000001,14.00931,14.00994,14.00985,14.00922,14.00787,14.005889999999999,14.00328,13.99995,13.9959,13.99104,13.985460000000002,13.97916,13.971960000000001,13.964039999999999,13.95522,13.9455,13.93488,13.92336,13.91094,13.897530000000001,13.883130000000001,13.867650000000001,13.851180000000001,13.83363,13.815,13.79529,13.774320000000001,13.752180000000001,13.72887,13.7043,13.67847,13.651290000000001,13.62285,13.592970000000001,13.56165,13.52898,13.49478,13.45905,13.42179,13.383,13.342590000000001,13.30047,13.25673,13.21119,13.16403,13.114980000000001,13.06413,13.01148,12.95694,12.90051,12.84219,12.78189,12.71961,12.65535,12.5892,12.52107,12.45096,12.378870000000001,12.30489,12.22902,12.15135,12.07197,11.99088,11.90817,11.82402,11.73861,11.65203,11.56455,11.47644,11.38779,11.299050000000001,11.21049,11.12247,11.03553,10.949940000000002,10.86642,10.78533,10.7073,10.632959999999999,10.56285,10.497779999999999,10.43829,10.3851,10.338750000000001,10.29987,10.269,10.24668,10.23318,10.229040000000001,10.234259999999999,10.24902,10.27341,10.307160000000001,10.35027,10.4022,10.462769999999999,10.53144,10.60767,10.69092,10.780650000000001,10.87614,10.977030000000001,11.082510000000001,11.19213,11.30526,11.42145,11.54016,11.66094,11.783430000000001,11.90727,12.03201,12.15738,12.28311,12.40893,12.53475,12.660210000000001,12.78531,12.909780000000001,13.03344,13.15638,13.27842,13.399379999999999,13.51935,13.638240000000001,13.75605,13.8726,13.98798,14.10219,14.215140000000002,14.32692,14.437439999999999,14.54679,14.65488,14.761800000000001
17.81181,17.766180000000002,17.72127,17.676990000000004,17.63361,17.59095,17.54901,17.50797,17.46765,17.42814,17.38953,17.35173,17.31474,17.27865,17.243460000000002,17.209080000000004,17.1756,17.14293,17.11125,17.08038,17.05041,17.021340000000002,16.99317,16.96581,16.93944,16.91388,16.889219999999998,16.865370000000002,16.84242,16.82028,16.79904,16.77861,16.75908,16.740270000000002,16.72227,16.70508,16.68861,16.67295,16.65801,16.643880000000003,16.630380000000002,16.6176,16.60545,16.59402,16.58313,16.572960000000002,16.56342,16.55442,16.54596,16.53804,16.53066,16.52382,16.517519999999998,16.51158,16.50618,16.50114,16.49655,16.49232,16.48845,16.485030000000002,16.48188,16.47909,16.476570000000002,16.474320000000002,16.472430000000003,16.47072,16.46928,16.46802,16.46694,16.46613,16.465500000000002,16.46496,16.46469,16.46442,16.46433,16.46442,16.46451,16.46478,16.46505,16.46541,16.465770000000003,16.46622,16.46676,16.46721,16.46775,16.468290000000003,16.46883,16.469369999999998,16.469820000000002,16.47027,16.47072,16.47117,16.47144,16.4718,16.47198,16.47216,16.47225,16.47216,16.47207,16.47189,16.47162,16.47126,16.47072,16.47018,16.469369999999998,16.46856,16.467570000000002,16.46649,16.46523,16.46388,16.46235,16.46064,16.458840000000002,16.45686,16.454700000000003,16.452360000000002,16.44993,16.44723,16.44444,16.44147,16.43832,16.43499,16.43148,16.4277,16.42383,16.41978,16.41546,16.41105,16.40637,16.40142,16.39638,16.39107,16.38567,16.37991,16.37406,16.36794,16.36155,16.35507,16.34832,16.3413,16.334100000000003,16.326719999999998,16.31907,16.31124,16.30314,16.29477,16.28631,16.27749,16.26849,16.25931,16.249769999999998,16.24014,16.230240000000002,16.220070000000003,16.20963,16.19901,16.188119999999998,16.17705,16.16571,16.154190000000003,16.142400000000002,16.13034,16.118009999999998,16.1055,16.09272,16.07976,16.06653,16.05312,16.039350000000002,16.0254,16.01127,15.996870000000001,15.982199999999999,15.96735,15.952229999999998,15.93684,15.921270000000002,15.905429999999999,15.889410000000002,15.873120000000002,15.856650000000002,15.839910000000001,15.8229,15.805710000000001,15.78834,15.7707,15.75288,15.73479,15.716520000000001,15.69798,15.67926,15.66036,15.641280000000002,15.62193,15.6024,15.582600000000001,15.56271,15.54255,15.522210000000001,15.50169,15.48099,15.4602,15.439139999999998,15.417900000000001,15.396479999999999,15.374970000000001,15.353190000000001,15.331320000000002,15.309270000000001,15.287130000000001,15.264809999999999,15.2424,15.219810000000003,15.19713,15.174359999999998,15.151410000000002,15.12837,15.10524,15.08202,15.0588,15.0354,15.012,14.98851,14.96493,14.941350000000002,14.917769999999999,14.8941,14.87052,14.846850000000002,14.823179999999999,14.7996,14.77602,14.75244,14.728950000000001,14.705460000000002,14.682060000000002,14.658840000000001,14.635620000000001,14.612490000000001,14.58954,14.566679999999998,14.544,14.52141,14.499089999999999,14.47686,14.45481,14.43303,14.41143,14.3901,14.36895,14.34807,14.32746,14.307120000000001,14.287049999999999,14.267249999999999,14.24781,14.22873,14.20992,14.19147,14.173290000000001,14.155560000000001,14.13819,14.12118,14.10453,14.08824,14.0724,14.05692,14.0418,14.02713,14.012820000000001,13.99896,13.98555,13.9725,13.9599,13.94766,13.93587,13.92444,13.91346,13.90284,13.89258,13.88277,13.87332,13.864230000000001,13.85559,13.84722,13.83921,13.83156,13.82427,13.81725,13.810590000000001,13.8042,13.79808,13.79232,13.78674,13.78143,13.776390000000001,13.77162,13.76694,13.76253,13.7583,13.754340000000001,13.75038,13.746690000000001,13.74309,13.73967,13.73634,13.7331,13.72995,13.726890000000001,13.72392,13.72095,13.71807,13.71528,13.71249,13.709700000000002,13.707,13.7043,13.70151,13.69881,13.696110000000001,13.69332,13.690620000000001,13.68783,13.68504,13.682250000000002,13.679369999999999,13.67649,13.67361,13.67073,13.667760000000001,13.66488,13.66191,13.658850000000001,13.65588,13.65291,13.649849999999999,13.64688,13.64391,13.640939999999999,13.63797,13.635,13.63212,13.62924,13.62645,13.62375,13.62105,13.61853,13.61601,13.61367,13.61133,13.609259999999999,13.60719,13.605300000000002,13.60359,13.60206,13.600710000000001,13.59954,13.598550000000001,13.59774,13.5972,13.59684,13.59675,13.59684,13.597290000000001,13.59792,13.59882,13.60008,13.60152,13.60332,13.605390000000002,13.60773,13.610430000000001,13.6134,13.61664,13.620239999999999,13.62411,13.62825,13.632750000000001,13.63761,13.64274,13.64814,13.65381,13.65984,13.66605,13.67262,13.67946,13.68657,13.69386,13.70151,13.70934,13.71735,13.72563,13.734,13.742640000000002,13.751460000000002,13.76046,13.76955,13.77882,13.78818,13.79763,13.807170000000001,13.8168,13.82643,13.83615,13.84587,13.8555,13.865219999999999,13.87494,13.88448,13.89402,13.90347,13.912830000000001,13.9221,13.93119,13.940100000000001,13.94883,13.95747,13.96575,13.97394,13.98177,13.989419999999999,13.99671,14.00373,14.010390000000001,14.016779999999999,14.02281,14.02848,14.0337,14.03856,14.04297,14.04693,14.05044,14.0535,14.05602,14.058090000000002,14.05953,14.06043,14.06079,14.06061,14.059800000000001,14.05827,14.0562,14.053410000000001,14.049990000000001,14.045760000000001,14.0409,14.03523,14.02884,14.02164,14.013630000000001,14.00481,13.995090000000001,13.98456,13.973130000000001,13.96071,13.94739,13.93308,13.91778,13.901489999999999,13.884120000000001,13.86567,13.84614,13.82544,13.80357,13.78062,13.75641,13.73094,13.704210000000002,13.67613,13.646790000000001,13.6161,13.583969999999999,13.5504,13.51539,13.47894,13.44087,13.40136,13.36023,13.31748,13.27302,13.22694,13.17924,13.12974,13.078439999999999,13.02543,12.97062,12.914010000000001,12.855509999999999,12.795300000000001,12.73311,12.66921,12.60342,12.535829999999999,12.466529999999999,12.395430000000001,12.32262,12.24819,12.17214,12.09465,12.01581,11.9358,11.854619999999999,11.772540000000001,11.68974,11.60649,11.52297,11.43954,11.35647,11.27412,11.19303,11.113380000000001,11.03589,10.96083,10.888829999999999,10.82052,10.75635,10.696860000000001,10.64277,10.59462,10.55286,10.51812,10.49085,10.47141,10.46025,10.457550000000001,10.46358,10.47834,10.50192,10.53423,10.57509,10.62423,10.68129,10.74591,10.817730000000001,10.89612,10.98072,11.07081,11.166120000000001,11.265929999999999,11.3697,11.47707,11.58759,11.70063,11.81583,11.932920000000001,12.051449999999999,12.17106,12.29157,12.41253,12.533850000000001,12.65535,12.776670000000001,12.89772,13.018410000000001,13.13847,13.25799,13.37679,13.49469,13.611690000000001,13.72779,13.8429,13.95702,14.07006,14.18193,14.292810000000001,14.40252,14.51124,14.618699999999999,14.72517,14.830470000000002
17.89497,17.849790000000002,17.80524,17.7615,17.71848,17.676180000000002,17.634690000000003,17.59392,17.55396,17.51481,17.47647,17.43894,17.40222,17.3664,17.331300000000002,17.29719,17.2638,17.23131,17.199720000000003,17.16894,17.13906,17.11008,17.08191,17.054550000000003,17.028180000000003,17.00253,16.97778,16.953930000000003,16.9308,16.908569999999997,16.887150000000002,16.86663,16.84683,16.82775,16.80957,16.79211,16.77537,16.75944,16.74414,16.72965,16.715790000000002,16.70265,16.69014,16.678350000000002,16.667099999999998,16.656480000000002,16.64649,16.637040000000002,16.62813,16.61976,16.61193,16.60464,16.5978,16.59141,16.58547,16.579890000000002,16.57485,16.57008,16.56576,16.5618,16.55811,16.55478,16.55181,16.54902,16.546590000000002,16.544340000000002,16.542450000000002,16.54065,16.53912,16.53777,16.5366,16.535610000000002,16.5348,16.534080000000003,16.53354,16.53309,16.53273,16.53246,16.53228,16.53219,16.5321,16.5321,16.53219,16.53219,16.53228,16.53237,16.53255,16.53264,16.53264,16.53273,16.53273,16.53273,16.53273,16.53264,16.53246,16.53219,16.53192,16.531560000000002,16.531109999999998,16.53057,16.52994,16.529220000000002,16.52841,16.527420000000003,16.52634,16.52517,16.52391,16.522470000000002,16.52094,16.51923,16.51743,16.51545,16.513379999999998,16.51113,16.5087,16.50609,16.50339,16.500510000000002,16.49745,16.49421,16.49079,16.48719,16.483500000000003,16.47954,16.4754,16.47108,16.46667,16.46199,16.45704,16.452,16.44678,16.441290000000002,16.43562,16.429769999999998,16.423650000000002,16.41744,16.410960000000003,16.404210000000003,16.397280000000002,16.39017,16.38288,16.375320000000002,16.36758,16.359569999999998,16.35138,16.34292,16.33428,16.32537,16.316280000000003,16.307010000000002,16.29747,16.287660000000002,16.27767,16.26741,16.256970000000003,16.246260000000003,16.23537,16.224210000000003,16.21278,16.20117,16.18938,16.177319999999998,16.16499,16.15239,16.1397,16.12665,16.11342,16.09992,16.08624,16.072290000000002,16.05816,16.04376,16.02909,16.01424,15.999210000000001,15.983909999999998,15.96834,15.95259,15.93657,15.92037,15.9039,15.88725,15.870420000000001,15.85332,15.835950000000002,15.81849,15.80067,15.782760000000001,15.764580000000002,15.74622,15.727590000000001,15.70878,15.68979,15.67062,15.65127,15.63165,15.611849999999999,15.591870000000002,15.57171,15.551459999999999,15.53094,15.51024,15.48936,15.468300000000001,15.447149999999999,15.425820000000002,15.40431,15.38271,15.36084,15.33897,15.31692,15.29469,15.27237,15.249960000000002,15.22737,15.204780000000001,15.18201,15.159149999999999,15.13629,15.11325,15.09021,15.067079999999999,15.043859999999999,15.020639999999998,14.997419999999998,14.97411,14.9508,14.927489999999999,14.904179999999998,14.880870000000002,14.857650000000001,14.834340000000001,14.81112,14.78799,14.76486,14.741909999999999,14.71896,14.696100000000001,14.67333,14.65074,14.62824,14.605830000000001,14.58369,14.56164,14.53977,14.51808,14.496659999999999,14.475330000000001,14.454360000000001,14.43348,14.412959999999998,14.392619999999999,14.37264,14.35284,14.333400000000001,14.31423,14.29533,14.27679,14.258610000000001,14.2407,14.22324,14.20605,14.18922,14.17275,14.15664,14.140979999999999,14.125680000000001,14.11074,14.09616,14.08203,14.06826,14.05494,14.04198,14.029380000000002,14.01723,14.00544,13.99401,13.98303,13.97241,13.962150000000001,13.95234,13.94289,13.93371,13.924980000000001,13.91652,13.908510000000001,13.90068,13.8933,13.886190000000001,13.87935,13.87287,13.866660000000001,13.86072,13.85496,13.84956,13.84434,13.839300000000001,13.83453,13.82994,13.82562,13.821390000000001,13.817340000000002,13.81347,13.80969,13.80609,13.80258,13.79916,13.795919999999999,13.79268,13.789530000000001,13.786470000000001,13.7835,13.78053,13.777560000000001,13.77468,13.771889999999999,13.76901,13.76622,13.76343,13.76064,13.757760000000001,13.75497,13.752180000000001,13.7493,13.746509999999999,13.74363,13.74075,13.737870000000001,13.734990000000002,13.73202,13.729140000000001,13.726170000000002,13.72329,13.72032,13.71735,13.71447,13.7115,13.70862,13.70574,13.702860000000001,13.699980000000002,13.697189999999999,13.694490000000002,13.691790000000001,13.68918,13.68666,13.684230000000001,13.68189,13.67955,13.677480000000001,13.675410000000001,13.67352,13.671809999999999,13.67019,13.66884,13.66758,13.666500000000001,13.6656,13.66497,13.664430000000001,13.66425,13.66425,13.664430000000001,13.66488,13.6656,13.666590000000001,13.667850000000001,13.66938,13.671180000000001,13.673250000000001,13.67559,13.67829,13.68117,13.68441,13.68801,13.691790000000001,13.69593,13.70034,13.705020000000001,13.71006,13.71528,13.72086,13.726709999999999,13.73283,13.739220000000001,13.74588,13.75272,13.759830000000001,13.76721,13.77477,13.7826,13.790610000000001,13.798800000000002,13.807170000000001,13.81563,13.82436,13.83309,13.84209,13.851090000000001,13.86027,13.86945,13.87872,13.88808,13.89744,13.9068,13.916160000000001,13.92552,13.934790000000001,13.94406,13.953240000000001,13.96242,13.97142,13.98024,13.98906,13.99761,14.006070000000001,14.01426,14.022269999999999,14.030100000000001,14.03766,14.04495,14.05188,14.058629999999999,14.06502,14.071140000000002,14.07681,14.08221,14.08716,14.091750000000001,14.09589,14.09967,14.10291,14.1057,14.108039999999999,14.10984,14.1111,14.11182,14.11209,14.111640000000001,14.11065,14.10903,14.10678,14.1039,14.1003,14.096070000000001,14.09112,14.08545,14.07897,14.07177,14.06367,14.05485,14.04522,14.03469,14.02326,14.01093,13.997700000000002,13.98357,13.96836,13.95225,13.93506,13.91688,13.897530000000001,13.87719,13.855680000000001,13.833,13.80915,13.78413,13.757850000000001,13.730310000000001,13.70142,13.671270000000002,13.63977,13.60692,13.57263,13.536900000000001,13.499730000000001,13.46103,13.42089,13.37913,13.335840000000001,13.29093,13.244399999999999,13.19625,13.14639,13.094909999999999,13.04172,12.98682,12.9303,12.871979999999999,12.81195,12.750210000000001,12.686850000000002,12.621780000000001,12.555090000000002,12.48678,12.41694,12.345749999999999,12.27303,12.199140000000002,12.123990000000001,12.04785,11.97072,11.89296,11.81466,11.73609,11.65743,11.57904,11.50119,11.424240000000001,11.348550000000001,11.27448,11.20257,11.133180000000001,11.06676,11.00394,10.945079999999999,10.89081,10.84167,10.79802,10.760489999999999,10.72944,10.70541,10.688580000000002,10.67949,10.678139999999999,10.68489,10.69974,10.72269,10.75365,10.79253,10.83915,10.89315,10.95426,11.02203,11.096100000000002,11.175930000000001,11.26116,11.35134,11.44593,11.54448,11.64645,11.75157,11.85939,11.96946,12.08142,12.195,12.309750000000001,12.425490000000002,12.542040000000002,12.65895,12.77622,12.89349,13.010760000000001,13.12776,13.244399999999999,13.3605,13.47606,13.590990000000001,13.70511,13.81851,13.93092,14.04261,14.15322,14.26293,14.37165,14.47938,14.586120000000001,14.691870000000002,14.79654,14.900220000000001
17.977590000000003,17.93277,17.88867,17.84529,17.80263,17.76078,17.71956,17.67915,17.63955,17.60067,17.5626,17.52534,17.488889999999998,17.45325,17.41842,17.3844,17.35128,17.31897,17.287470000000003,17.25678,17.22699,17.19801,17.16984,17.14257,17.116020000000002,17.09046,17.06562,17.04159,17.01846,16.99605,16.97454,16.95375,16.933770000000003,16.91451,16.89606,16.87833,16.86141,16.84512,16.82955,16.814700000000002,16.80057,16.78707,16.7742,16.761960000000002,16.75035,16.73937,16.728930000000002,16.71903,16.70967,16.70094,16.69266,16.684829999999998,16.67754,16.6707,16.66422,16.65828,16.6527,16.64748,16.64262,16.63812,16.63398,16.630200000000002,16.62669,16.623450000000002,16.62048,16.617780000000003,16.615260000000003,16.61301,16.611030000000003,16.60914,16.60752,16.606080000000002,16.60473,16.60356,16.60248,16.601580000000002,16.60077,16.600050000000003,16.599330000000002,16.59879,16.59834,16.59789,16.597440000000002,16.59708,16.59672,16.59645,16.59609,16.59573,16.59546,16.595100000000002,16.59474,16.59429,16.59384,16.593390000000003,16.59285,16.59231,16.59159,16.590870000000002,16.59006,16.589160000000003,16.58817,16.58718,16.586009999999998,16.58475,16.58331,16.58187,16.58025,16.57854,16.57665,16.57467,16.5726,16.57035,16.56792,16.5654,16.5627,16.55991,16.55694,16.55379,16.550459999999998,16.546950000000002,16.54335,16.53957,16.53552,16.531380000000002,16.52706,16.52256,16.51788,16.51293,16.50789,16.502670000000002,16.49718,16.491509999999998,16.48575,16.47963,16.47342,16.46703,16.46037,16.45353,16.446420000000003,16.43922,16.43175,16.42401,16.41609,16.40799,16.399710000000002,16.39116,16.38243,16.37343,16.364250000000002,16.3548,16.34517,16.33536,16.32528,16.31493,16.3044,16.293689999999998,16.282709999999998,16.27146,16.26003,16.24842,16.23645,16.22439,16.21206,16.199460000000002,16.18668,16.173630000000003,16.1604,16.14699,16.133219999999998,16.11936,16.105140000000002,16.09083,16.07625,16.0614,16.04637,16.03107,16.015590000000003,15.99984,15.983909999999998,15.9678,15.95142,15.934770000000002,15.918029999999998,15.90102,15.88374,15.866280000000001,15.848640000000001,15.830820000000001,15.812730000000002,15.794459999999999,15.776010000000001,15.75738,15.738480000000001,15.71949,15.700230000000001,15.680790000000002,15.66117,15.64137,15.62139,15.601230000000001,15.580890000000002,15.56037,15.539760000000001,15.518880000000001,15.49791,15.47676,15.45552,15.4341,15.4125,15.39081,15.369029999999999,15.347069999999999,15.32502,15.30279,15.280560000000001,15.258149999999999,15.23565,15.21315,15.19047,15.167790000000002,15.14502,15.12216,15.099300000000001,15.07635,15.0534,15.030450000000002,15.0075,14.98446,14.961509999999999,14.938560000000003,14.915610000000001,14.89266,14.8698,14.846940000000002,14.82417,14.801490000000001,14.7789,14.756400000000001,14.733989999999999,14.71176,14.68953,14.66757,14.6457,14.62401,14.602500000000001,14.58108,14.559930000000001,14.53905,14.51826,14.497829999999999,14.477580000000001,14.457510000000001,14.437800000000001,14.41836,14.39919,14.38029,14.36166,14.34339,14.32539,14.30775,14.29047,14.273460000000002,14.2569,14.24061,14.22468,14.209200000000001,14.193990000000001,14.17923,14.16483,14.15079,14.13711,14.12379,14.11092,14.09841,14.086350000000001,14.074560000000002,14.06322,14.05224,14.041620000000002,14.031360000000001,14.02146,14.01192,14.00283,13.993920000000001,13.985460000000002,13.977360000000001,13.96944,13.961969999999999,13.95477,13.947840000000001,13.94118,13.93488,13.92876,13.922910000000002,13.91733,13.911930000000002,13.9068,13.901850000000001,13.897170000000001,13.89258,13.88826,13.884030000000001,13.87998,13.87602,13.872240000000001,13.86864,13.86504,13.86162,13.85829,13.85505,13.85181,13.84866,13.845600000000001,13.84254,13.83957,13.8366,13.83372,13.83084,13.82787,13.824990000000001,13.8222,13.81932,13.81644,13.81356,13.81068,13.8078,13.804920000000001,13.80204,13.79916,13.796280000000001,13.793310000000002,13.790429999999999,13.78755,13.78467,13.78179,13.778910000000002,13.77603,13.77315,13.77036,13.767570000000001,13.76487,13.76217,13.75956,13.756950000000002,13.754430000000001,13.752089999999999,13.74975,13.7475,13.74534,13.743360000000001,13.74147,13.73967,13.73805,13.73661,13.73526,13.73418,13.73319,13.732380000000001,13.73184,13.73148,13.7313,13.73139,13.731660000000002,13.732199999999999,13.73301,13.734,13.73535,13.73688,13.73868,13.74075,13.74309,13.74579,13.74867,13.75191,13.75533,13.759110000000002,13.763160000000001,13.76748,13.772070000000001,13.77702,13.78215,13.78755,13.79322,13.79925,13.80546,13.811850000000002,13.8186,13.82544,13.83264,13.83993,13.84749,13.85523,13.86315,13.87125,13.879529999999999,13.8879,13.89645,13.905090000000001,13.91382,13.92264,13.93155,13.94055,13.94955,13.958549999999999,13.967640000000001,13.97664,13.98564,13.99464,14.00355,14.01246,14.02119,14.02992,14.03847,14.04684,14.05512,14.06322,14.071140000000002,14.078790000000001,14.086260000000001,14.09355,14.10048,14.10723,14.113620000000001,14.11974,14.1255,14.13099,14.13612,14.1408,14.14512,14.14899,14.1525,14.155560000000001,14.15817,14.16024,14.16186,14.162939999999999,14.16348,14.16357,14.162939999999999,14.16186,14.16006,14.157720000000001,14.15475,14.15106,14.146740000000001,14.1417,14.13594,14.129460000000002,14.12217,14.11416,14.10534,14.09571,14.08527,14.07393,14.06169,14.04864,14.03451,14.01957,14.00355,13.98663,13.96863,13.949639999999999,13.92948,13.90833,13.88601,13.86261,13.837950000000001,13.81212,13.785120000000001,13.75677,13.72725,13.69638,13.664159999999999,13.63059,13.59567,13.5594,13.5216,13.48236,13.44168,13.399469999999999,13.355820000000001,13.310550000000001,13.263750000000002,13.21533,13.16538,13.11381,13.06071,13.0059,12.949560000000002,12.8916,12.83211,12.77109,12.708450000000001,12.64437,12.57894,12.512070000000001,12.44385,12.37446,12.303989999999999,12.23244,12.16008,12.08691,12.013290000000001,11.93931,11.86515,11.791170000000001,11.717550000000001,11.64465,11.57265,11.502089999999999,11.43324,11.36646,11.30229,11.24109,11.18322,11.1294,11.07981,11.03508,10.995659999999999,10.96191,10.934280000000001,10.91313,10.89873,10.89144,10.89135,10.89873,10.913670000000002,10.93608,10.96587,11.00313,11.047410000000001,11.098709999999999,11.15658,11.220749999999999,11.29086,11.36655,11.447280000000001,11.53278,11.6226,11.7162,11.81331,11.91348,12.01635,12.12156,12.22875,12.33756,12.44781,12.55914,12.671280000000001,12.78405,12.897269999999999,13.010670000000001,13.12425,13.23765,13.35087,13.46373,13.57614,13.6881,13.799430000000001,13.91004,14.02002,14.12919,14.23746,14.34501,14.451570000000002,14.55732,14.66217,14.76603,14.86899,14.97105
18.05958,18.01521,17.97147,17.92845,17.88624,17.84466,17.8038,17.76375,17.72442,17.68581,17.648100000000003,17.61102,17.574840000000002,17.53938,17.504730000000002,17.47098,17.43795,17.405730000000002,17.37432,17.34372,17.31402,17.285040000000002,17.25696,17.22969,17.20314,17.17749,17.152649999999998,17.12853,17.10531,17.08281,17.061030000000002,17.04015,17.01999,17.00055,16.981830000000002,16.96392,16.94664,16.93017,16.914330000000003,16.899120000000003,16.88463,16.87077,16.85754,16.84494,16.83297,16.82163,16.81074,16.80048,16.790760000000002,16.78149,16.772759999999998,16.764570000000003,16.75674,16.74945,16.742610000000003,16.736130000000003,16.73001,16.72434,16.71903,16.714080000000003,16.70949,16.70517,16.70112,16.69743,16.69401,16.69077,16.687800000000003,16.685100000000002,16.68258,16.68024,16.67817,16.676190000000002,16.674390000000002,16.672770000000003,16.671239999999997,16.6698,16.668540000000004,16.667370000000002,16.66629,16.6653,16.66431,16.663410000000002,16.6626,16.661790000000003,16.66107,16.660259999999997,16.65954,16.65882,16.6581,16.65738,16.656570000000002,16.65585,16.654950000000003,16.65414,16.65324,16.652250000000002,16.65126,16.65018,16.64901,16.64775,16.64649,16.645049999999998,16.64361,16.64199,16.64028,16.63848,16.636589999999998,16.634520000000002,16.63245,16.630110000000002,16.62777,16.62525,16.62255,16.61976,16.61679,16.61373,16.61049,16.60707,16.60356,16.59978,16.595910000000003,16.59186,16.58772,16.58331,16.57881,16.57404,16.56918,16.564049999999998,16.55883,16.553340000000002,16.54776,16.54191,16.535880000000002,16.52967,16.523280000000003,16.51671,16.50987,16.502850000000002,16.495649999999998,16.48827,16.480710000000002,16.47288,16.46487,16.456590000000002,16.448130000000003,16.439490000000003,16.43067,16.421580000000002,16.41231,16.40277,16.393050000000002,16.38306,16.372980000000002,16.36254,16.35201,16.34112,16.33014,16.318890000000003,16.30737,16.29567,16.28379,16.27164,16.25922,16.24662,16.23384,16.22079,16.20756,16.19406,16.180380000000003,16.166520000000002,16.15239,16.137990000000002,16.12341,16.10865,16.093619999999998,16.078409999999998,16.06293,16.04727,16.03134,16.01532,15.999030000000001,15.98247,15.965729999999999,15.94881,15.931709999999999,15.914340000000001,15.896790000000001,15.87906,15.86106,15.842880000000001,15.82461,15.80607,15.78735,15.76836,15.749279999999999,15.73002,15.71058,15.69087,15.671069999999999,15.65109,15.63093,15.610679999999999,15.59016,15.56955,15.54876,15.52779,15.506730000000001,15.485579999999999,15.464250000000002,15.44274,15.42114,15.399449999999998,15.377670000000002,15.355710000000002,15.333660000000002,15.311609999999998,15.28938,15.26706,15.244740000000002,15.22233,15.19983,15.177240000000001,15.15465,15.132060000000001,15.10947,15.086790000000002,15.06411,15.041430000000002,15.01875,14.99607,14.97348,14.950890000000001,14.9283,14.905800000000001,14.883389999999999,14.86107,14.838750000000001,14.81661,14.794560000000002,14.772600000000002,14.75073,14.729040000000001,14.70753,14.686110000000001,14.66496,14.6439,14.623110000000002,14.602410000000003,14.581980000000001,14.56182,14.541839999999999,14.52213,14.502690000000001,14.48352,14.46462,14.445990000000002,14.42763,14.40954,14.39181,14.37444,14.35734,14.3406,14.32413,14.308110000000001,14.29236,14.27697,14.261940000000001,14.24727,14.23296,14.2191,14.20551,14.19237,14.1795,14.16708,14.15502,14.143320000000001,14.13198,14.121,14.110380000000001,14.10012,14.09022,14.080680000000001,14.07141,14.06259,14.05404,14.045760000000001,14.037840000000001,14.03028,14.02299,14.015880000000001,14.00922,14.002740000000001,13.996440000000002,13.9905,13.98474,13.97925,13.97403,13.968900000000001,13.964039999999999,13.95936,13.95486,13.95045,13.94631,13.942260000000001,13.9383,13.93452,13.93083,13.92723,13.923720000000001,13.920300000000001,13.917060000000001,13.91373,13.910580000000001,13.90743,13.90437,13.90131,13.89825,13.89528,13.89231,13.88934,13.88646,13.88349,13.88061,13.877730000000001,13.87485,13.87188,13.869,13.86612,13.863240000000001,13.86036,13.85748,13.8546,13.85172,13.848840000000001,13.84605,13.843259999999999,13.84038,13.83768,13.83489,13.83219,13.82958,13.826970000000001,13.82445,13.82202,13.81959,13.81725,13.815,13.81293,13.81086,13.80897,13.807170000000001,13.80555,13.80402,13.802669999999999,13.8015,13.80042,13.799610000000001,13.79889,13.79844,13.79817,13.79808,13.79826,13.79862,13.79916,13.80006,13.80105,13.8024,13.80402,13.80582,13.80789,13.81023,13.81284,13.815809999999999,13.81896,13.82238,13.82607,13.83003,13.83426,13.83876,13.843530000000001,13.84857,13.85388,13.85946,13.865219999999999,13.87125,13.87755,13.884030000000001,13.890780000000001,13.89771,13.90482,13.9122,13.91967,13.92732,13.93515,13.94316,13.951260000000001,13.95954,13.96791,13.97637,13.98483,13.99347,14.00211,14.01084,14.01957,14.0283,14.03703,14.04567,14.054310000000001,14.06295,14.0715,14.07996,14.088330000000001,14.096520000000002,14.104619999999999,14.112540000000001,14.12037,14.12793,14.13531,14.142510000000001,14.14944,14.15619,14.16258,14.168700000000001,14.17455,14.18004,14.18526,14.19012,14.19453,14.198670000000002,14.20236,14.2056,14.208390000000001,14.21082,14.21271,14.21415,14.21505,14.21541,14.21532,14.2146,14.21334,14.21145,14.20902,14.20587,14.20218,14.19777,14.19264,14.18688,14.18031,14.17311,14.1651,14.15628,14.146740000000001,14.1363,14.12505,14.112990000000002,14.09994,14.086079999999999,14.07123,14.055480000000001,14.038739999999999,14.02101,14.00229,13.98249,13.96161,13.93965,13.91661,13.89249,13.86711,13.84056,13.81284,13.78395,13.75371,13.72221,13.68945,13.65525,13.61979,13.582980000000001,13.54473,13.50513,13.464,13.421520000000001,13.37751,13.33206,13.28517,13.23666,13.1868,13.13532,13.0824,13.02804,12.972150000000001,12.91482,12.85605,12.79593,12.73446,12.67164,12.60765,12.54249,12.47625,12.40911,12.34107,12.27231,12.203009999999999,12.133260000000002,12.06342,11.99358,11.923919999999999,11.854800000000001,11.78649,11.71926,11.65347,11.58948,11.527560000000001,11.468160000000001,11.41173,11.35863,11.30922,11.26404,11.22336,11.18772,11.15739,11.13282,11.11437,11.102129999999999,11.09655,11.09763,11.105640000000001,11.12058,11.14254,11.171429999999999,11.20707,11.24946,11.29824,11.35323,11.41425,11.48076,11.55258,11.62926,11.71044,11.795850000000002,11.884950000000002,11.97756,12.07314,12.17142,12.27204,12.374730000000001,12.479130000000001,12.58497,12.69207,12.80016,12.90897,13.018320000000001,13.12803,13.238010000000001,13.34799,13.457880000000001,13.567590000000001,13.67694,13.78602,13.89456,14.00256,14.10993,14.21667,14.32269,14.42799,14.532480000000001,14.63625,14.73912,14.841180000000001,14.94243,15.042870000000002
18.14094,18.09693,18.05364,18.01107,17.96913,17.92791,17.88741,17.847630000000002,17.80857,17.77032,17.73279,17.69598,17.65998,17.62479,17.59032,17.55666,17.52381,17.491770000000002,17.46045,17.42994,17.40033,17.37144,17.34327,17.316,17.28954,17.2638,17.23887,17.214660000000002,17.191350000000003,17.16876,17.14689,17.12574,17.1054,17.085780000000003,17.06688,17.0487,17.03124,17.01441,16.9983,16.98282,16.96806,16.95384,16.940340000000003,16.92738,16.91505,16.903260000000003,16.89201,16.881300000000003,16.87122,16.8615,16.852410000000003,16.84368,16.83549,16.82775,16.82046,16.81353,16.80696,16.80084,16.795080000000002,16.78959,16.78455,16.779780000000002,16.77528,16.77105,16.76718,16.76349,16.76007,16.75683,16.753860000000003,16.751070000000002,16.74846,16.74612,16.74378,16.74171,16.739729999999998,16.73793,16.73622,16.73451,16.732979999999998,16.73154,16.73019,16.728839999999998,16.727580000000003,16.72641,16.72524,16.72407,16.7229,16.72182,16.72065,16.71957,16.718400000000003,16.71723,16.71606,16.7148,16.71354,16.71219,16.71084,16.7094,16.70796,16.70634,16.704720000000002,16.703010000000003,16.70112,16.69923,16.69725,16.69518,16.69293,16.69059,16.68816,16.68564,16.682940000000002,16.68015,16.67718,16.674120000000002,16.67088,16.667550000000002,16.66404,16.66044,16.656660000000002,16.6527,16.64856,16.64433,16.63992,16.63533,16.630560000000003,16.625609999999998,16.62057,16.615260000000003,16.60977,16.604190000000003,16.59834,16.59231,16.58619,16.579800000000002,16.57323,16.56648,16.55946,16.55235,16.54497,16.5375,16.52976,16.52175,16.513650000000002,16.505280000000003,16.49673,16.488,16.479,16.469820000000002,16.46046,16.45083,16.44102,16.43103,16.42077,16.41033,16.399620000000002,16.388820000000003,16.37766,16.36641,16.35489,16.3431,16.33113,16.31898,16.30656,16.29396,16.28118,16.268130000000003,16.25481,16.2414,16.22772,16.21377,16.199640000000002,16.18533,16.17075,16.15599,16.14105,16.12584,16.11045,16.09479,16.078950000000003,16.06293,16.04673,16.03026,16.01361,15.996780000000001,15.979679999999998,15.96249,15.94503,15.927389999999999,15.90948,15.89148,15.87321,15.854849999999999,15.83622,15.817499999999999,15.798509999999998,15.77934,15.760079999999999,15.74055,15.720930000000001,15.70113,15.68115,15.66099,15.64074,15.620309999999998,15.599699999999999,15.578999999999999,15.55812,15.53715,15.515999999999998,15.494760000000001,15.473429999999999,15.451920000000001,15.43032,15.40863,15.386849999999999,15.36507,15.34311,15.32106,15.299009999999999,15.27678,15.25464,15.232320000000001,15.21009,15.18777,15.165360000000002,15.143040000000001,15.12063,15.09831,15.0759,15.053579999999998,15.03126,15.00894,14.986710000000002,14.964570000000002,14.94243,14.92038,14.89851,14.876639999999998,14.854860000000002,14.833260000000001,14.81175,14.790330000000003,14.76918,14.748030000000002,14.727149999999998,14.706449999999998,14.685929999999999,14.665590000000002,14.645520000000001,14.625539999999999,14.60592,14.58648,14.56731,14.54841,14.529690000000002,14.51133,14.49324,14.47542,14.45796,14.44077,14.42385,14.40729,14.39109,14.375160000000001,14.35959,14.344380000000001,14.32953,14.31495,14.30082,14.28696,14.27355,14.26041,14.247720000000001,14.2353,14.223329999999999,14.21163,14.20029,14.189400000000001,14.178780000000001,14.168520000000001,14.15853,14.14899,14.13972,14.13081,14.12217,14.11389,14.105879999999999,14.098230000000001,14.09085,14.08365,14.07681,14.07024,14.06394,14.05782,14.05197,14.0463,14.0409,14.035680000000001,14.03073,14.025870000000001,14.02119,14.01669,14.01237,14.008140000000001,14.00409,14.00022,13.996350000000001,13.99266,13.98906,13.98555,13.982040000000001,13.978710000000001,13.97538,13.97214,13.968990000000002,13.96584,13.96269,13.95963,13.956660000000001,13.9536,13.95063,13.94766,13.94469,13.94172,13.93884,13.935960000000001,13.93299,13.93011,13.92723,13.92435,13.92147,13.91868,13.9158,13.91301,13.91022,13.90743,13.90473,13.90203,13.89933,13.89672,13.894200000000001,13.891680000000001,13.889249999999999,13.88682,13.88457,13.88232,13.88016,13.87818,13.876290000000001,13.87449,13.872779999999999,13.87125,13.86981,13.868549999999999,13.86747,13.86648,13.86576,13.86513,13.86477,13.86459,13.86459,13.86477,13.865219999999999,13.86585,13.866750000000001,13.86783,13.86918,13.870800000000001,13.8726,13.87467,13.87701,13.87962,13.8825,13.88565,13.88898,13.892669999999999,13.89654,13.90068,13.905090000000001,13.90977,13.91472,13.91985,13.92525,13.93092,13.936770000000001,13.94289,13.94919,13.95576,13.96251,13.96944,13.976460000000001,13.98375,13.99122,13.99878,14.00652,14.01444,14.022359999999999,14.03046,14.03865,14.04684,14.055209999999999,14.063580000000002,14.071950000000001,14.08041,14.08878,14.097240000000001,14.10561,14.11398,14.12226,14.13054,14.13864,14.146650000000001,14.15457,14.162400000000002,14.17005,14.177520000000001,14.18481,14.191920000000001,14.19885,14.20542,14.2119,14.218020000000001,14.22387,14.22945,14.23476,14.23962,14.24421,14.24844,14.252310000000001,14.25582,14.25888,14.26149,14.26365,14.265360000000001,14.266620000000001,14.26734,14.26761,14.26734,14.26644,14.265089999999999,14.26311,14.26059,14.25735,14.253570000000002,14.24907,14.24394,14.23818,14.231610000000002,14.22441,14.2164,14.20767,14.19813,14.18778,14.17662,14.16465,14.15178,14.1381,14.12343,14.10786,14.09139,14.07393,14.055480000000001,14.03604,14.01552,13.99401,13.97133,13.94766,13.92273,13.89681,13.86963,13.841280000000001,13.81176,13.780980000000001,13.748940000000001,13.71564,13.680990000000001,13.64508,13.60791,13.5693,13.529340000000001,13.48803,13.44528,13.40127,13.355730000000001,13.30884,13.26051,13.21083,13.15971,13.10724,13.053420000000001,12.99825,12.94173,12.88395,12.825000000000001,12.76488,12.70368,12.64149,12.57831,12.51432,12.4497,12.384450000000001,12.31875,12.25287,12.186900000000001,12.12111,12.05559,11.99079,11.9268,11.86407,11.80269,11.7432,11.68578,11.63088,11.578859999999999,11.53008,11.48481,11.44359,11.40669,11.374469999999999,11.347380000000001,11.3256,11.30949,11.29932,11.29518,11.29743,11.305980000000002,11.321100000000001,11.34261,11.370600000000001,11.40489,11.44548,11.4921,11.54457,11.60253,11.66589,11.734200000000001,11.80719,11.884500000000001,11.96577,12.05082,12.13911,12.230459999999999,12.32442,12.420810000000001,12.51927,12.61953,12.72132,12.82437,12.9285,13.03353,13.139190000000001,13.24539,13.35186,13.45851,13.56516,13.671809999999999,13.77828,13.88448,13.99023,14.09571,14.20056,14.30496,14.408729999999998,14.511779999999998,14.61429,14.71599,14.81706,14.91732,15.016860000000001,15.115590000000001
18.221760000000003,18.1782,18.135270000000002,18.09297,18.051389999999998,18.010530000000003,17.97039,17.930880000000002,17.89218,17.854110000000002,17.816850000000002,17.78031,17.744490000000003,17.70948,17.67519,17.64171,17.60895,17.577,17.54586,17.51544,17.48583,17.45694,17.42895,17.401590000000002,17.37504,17.349300000000003,17.324370000000002,17.30007,17.276670000000003,17.2539,17.23194,17.210700000000003,17.19018,17.17029,17.15121,17.13285,17.11512,17.09802,17.08164,17.06589,17.05077,17.03628,17.02242,17.0091,16.996409999999997,16.984260000000003,16.97265,16.96158,16.95105,16.94106,16.93152,16.922430000000002,16.91379,16.9056,16.89777,16.89048,16.88346,16.87689,16.87068,16.86474,16.859250000000003,16.85394,16.84908,16.8444,16.83999,16.83585,16.83198,16.82829,16.82487,16.82163,16.81857,16.81569,16.812990000000003,16.810470000000002,16.80804,16.805790000000002,16.803630000000002,16.80156,16.79958,16.797690000000003,16.79589,16.79418,16.79247,16.790850000000002,16.789320000000004,16.7877,16.78617,16.78464,16.7832,16.781670000000002,16.78014,16.77861,16.77699,16.77546,16.77384,16.77213,16.77042,16.76862,16.76682,16.76493,16.76295,16.76088,16.75872,16.75656,16.75422,16.75179,16.74927,16.74666,16.743959999999998,16.74108,16.7382,16.73505,16.731900000000003,16.72857,16.725060000000003,16.72146,16.717769999999998,16.713900000000002,16.709850000000003,16.705620000000003,16.7013,16.6968,16.692210000000003,16.68735,16.6824,16.67727,16.671960000000002,16.66647,16.660890000000002,16.655040000000003,16.64901,16.64289,16.6365,16.629929999999998,16.62327,16.616339999999997,16.60923,16.60194,16.59447,16.58673,16.5789,16.5708,16.56252,16.55406,16.54542,16.53651,16.527510000000003,16.518150000000002,16.5087,16.49898,16.48917,16.479,16.46874,16.45821,16.447499999999998,16.436519999999998,16.42536,16.41402,16.402410000000003,16.390710000000002,16.37865,16.3665,16.35408,16.34139,16.32861,16.31556,16.30224,16.28874,16.27506,16.261200000000002,16.24707,16.232760000000003,16.21827,16.20351,16.188570000000002,16.173360000000002,16.15806,16.14249,16.12674,16.11072,16.09452,16.07814,16.06158,16.04484,16.02783,16.01073,15.99336,15.975810000000001,15.95808,15.940170000000002,15.92199,15.90372,15.885270000000002,15.86664,15.84783,15.82884,15.809669999999999,15.79032,15.77088,15.75117,15.731369999999998,15.71148,15.69132,15.671069999999999,15.650730000000001,15.630210000000002,15.609510000000002,15.588719999999999,15.56784,15.54678,15.52563,15.50439,15.483059999999998,15.461640000000001,15.44013,15.418529999999999,15.396840000000001,15.375060000000001,15.353280000000002,15.331320000000002,15.30945,15.28749,15.265440000000002,15.243390000000002,15.221340000000001,15.199290000000001,15.17715,15.1551,15.133049999999999,15.110999999999999,15.08895,15.06699,15.045119999999999,15.023249999999999,15.00138,14.979690000000002,14.95809,14.936490000000001,14.915069999999998,14.893740000000001,14.872589999999999,14.85153,14.83056,14.809770000000002,14.789250000000001,14.768820000000002,14.74857,14.728499999999999,14.7087,14.68908,14.669640000000001,14.650560000000002,14.631570000000002,14.61294,14.59449,14.576400000000001,14.558490000000003,14.54094,14.52366,14.50665,14.490000000000002,14.473620000000002,14.457600000000001,14.441850000000002,14.426459999999999,14.41143,14.39667,14.38227,14.36823,14.354550000000001,14.34114,14.32809,14.31549,14.30316,14.29119,14.27958,14.26824,14.25735,14.246730000000001,14.23647,14.22657,14.21694,14.20767,14.198670000000002,14.19003,14.18166,14.17356,14.16582,14.15835,14.15115,14.14422,14.13747,14.13108,14.12487,14.11884,14.11308,14.10759,14.10228,14.097059999999999,14.09211,14.08734,14.08275,14.07825,14.07393,14.0697,14.065650000000002,14.06169,14.05791,14.05413,14.05053,14.04693,14.04351,14.04009,14.03676,14.033430000000001,14.03028,14.02704,14.023890000000002,14.02083,14.01777,14.01471,14.011650000000001,14.008680000000002,14.00571,14.002740000000001,13.99986,13.99689,13.99401,13.99113,13.98825,13.985460000000002,13.982579999999999,13.97979,13.977,13.9743,13.971599999999999,13.968900000000001,13.9662,13.96368,13.96107,13.95864,13.95621,13.953780000000002,13.95153,13.94928,13.94721,13.94514,13.94325,13.941450000000001,13.93974,13.938120000000001,13.93668,13.93533,13.93416,13.933169999999999,13.93236,13.93164,13.93119,13.93083,13.93074,13.93074,13.93101,13.93155,13.93218,13.93308,13.93425,13.9356,13.93722,13.93911,13.94118,13.943520000000001,13.94613,13.94892,13.95198,13.95531,13.95891,13.96269,13.966830000000002,13.97115,13.97565,13.980509999999999,13.98555,13.99077,13.99626,14.00202,14.007959999999999,14.01408,14.020470000000001,14.02695,14.0337,14.04054,14.047649999999999,14.05485,14.062230000000001,14.0697,14.07726,14.085,14.09283,14.100750000000001,14.10867,14.11677,14.124780000000001,14.13297,14.141070000000001,14.14917,14.15736,14.16546,14.17347,14.181479999999999,14.189400000000001,14.19723,14.205060000000001,14.212620000000001,14.220180000000001,14.22747,14.23467,14.24169,14.24853,14.2551,14.26149,14.2677,14.27355,14.27913,14.284440000000002,14.289480000000001,14.294160000000002,14.29857,14.30253,14.30613,14.30946,14.31225,14.314680000000001,14.31666,14.31828,14.31936,14.3199,14.319989999999999,14.31963,14.31864,14.31711,14.31504,14.312429999999999,14.309190000000001,14.30532,14.30082,14.2956,14.28984,14.28327,14.276069999999999,14.26815,14.25942,14.24997,14.23971,14.22873,14.21685,14.204160000000002,14.190570000000001,14.17617,14.16087,14.144580000000001,14.12739,14.109210000000001,14.09013,14.06997,14.048820000000001,14.02668,14.00337,13.97907,13.9536,13.927050000000001,13.89933,13.87044,13.84038,13.80915,13.77666,13.74291,13.70799,13.67172,13.63419,13.5954,13.55526,13.51386,13.471110000000001,13.427100000000001,13.381649999999999,13.335030000000001,13.28697,13.23765,13.18707,13.13532,13.08222,13.02795,12.9726,12.916080000000001,12.85857,12.800070000000002,12.74067,12.68046,12.619620000000001,12.55815,12.49632,12.43413,12.37185,12.309660000000001,12.24765,12.18618,12.12534,12.06549,12.0069,11.94975,11.894490000000001,11.8413,11.79054,11.74257,11.697750000000001,11.65635,11.618730000000001,11.58525,11.55627,11.53206,11.51289,11.498940000000001,11.49057,11.487870000000001,11.491109999999999,11.500200000000001,11.515410000000001,11.536560000000001,11.56383,11.596950000000001,11.63592,11.680560000000002,11.730690000000001,11.78604,11.84643,11.91159,11.981160000000001,12.05487,12.13245,12.21363,12.29805,12.38544,12.475439999999999,12.56787,12.66228,12.75867,12.85659,12.955860000000001,13.0563,13.15764,13.25979,13.362570000000002,13.46571,13.56912,13.67271,13.776390000000001,13.87998,13.98339,14.08653,14.189400000000001,14.29191,14.39388,14.495490000000002,14.59647,14.696819999999999,14.79663,14.895809999999999,14.99427,15.092099999999999,15.18921
18.30204,18.258840000000003,18.21627,18.17433,18.133110000000002,18.09252,18.05265,18.0135,17.974980000000002,17.937269999999998,17.90019,17.86392,17.82828,17.79345,17.759430000000002,17.72604,17.69346,17.6616,17.630550000000003,17.60022,17.570610000000002,17.54181,17.513730000000002,17.48646,17.45991,17.43417,17.40906,17.384760000000004,17.36118,17.33841,17.316270000000003,17.29485,17.274150000000002,17.25417,17.23482,17.21628,17.19828,17.181,17.164350000000002,17.14833,17.13294,17.11809,17.10387,17.09028,17.07723,17.06472,17.052840000000003,17.04141,17.03043,17.01999,17.010089999999998,17.00055,16.99155,16.98291,16.97472,16.96698,16.959600000000002,16.952489999999997,16.94583,16.93953,16.933500000000002,16.927830000000004,16.922430000000002,16.91739,16.91253,16.90794,16.90362,16.89948,16.89561,16.89192,16.8885,16.88517,16.88202,16.87896,16.876170000000002,16.87347,16.87086,16.86834,16.866,16.863660000000003,16.8615,16.859340000000003,16.85727,16.855200000000004,16.85322,16.85124,16.84935,16.84746,16.845570000000002,16.84368,16.84179,16.8399,16.83792,16.83603,16.83405,16.83198,16.82991,16.827840000000002,16.825680000000002,16.82343,16.82109,16.81875,16.81632,16.8138,16.81119,16.808490000000003,16.805699999999998,16.80273,16.79976,16.79661,16.793370000000003,16.79004,16.786620000000003,16.78302,16.77924,16.77546,16.77141,16.767360000000004,16.76304,16.75863,16.75413,16.74936,16.744500000000002,16.73955,16.73433,16.729020000000002,16.72353,16.717859999999998,16.71201,16.70598,16.69986,16.69347,16.68699,16.68024,16.6734,16.66629,16.659000000000002,16.65162,16.643970000000003,16.63614,16.62813,16.61994,16.61157,16.60302,16.5942,16.5852,16.57602,16.56666,16.55712,16.54731,16.53732,16.52715,16.5168,16.50618,16.49538,16.4844,16.47324,16.46181,16.4502,16.43832,16.42635,16.41411,16.401600000000002,16.389000000000003,16.37613,16.36308,16.34976,16.33635,16.32267,16.30872,16.29468,16.28037,16.26588,16.25112,16.23618,16.221059999999998,16.20576,16.19028,16.17453,16.1586,16.14249,16.1262,16.10973,16.09299,16.07616,16.05906,16.041780000000003,16.02432,16.00677,15.988949999999999,15.97095,15.952770000000001,15.93441,15.91587,15.89724,15.878340000000001,15.859350000000001,15.840180000000002,15.82083,15.80139,15.78177,15.761970000000002,15.74208,15.722010000000001,15.70176,15.681420000000001,15.66099,15.64038,15.61977,15.59889,15.57801,15.556949999999999,15.53589,15.51465,15.49341,15.47199,15.45057,15.42906,15.407549999999999,15.385860000000001,15.364260000000002,15.34248,15.32079,15.299009999999999,15.27723,15.255450000000002,15.233670000000002,15.21189,15.19011,15.168330000000001,15.14664,15.124949999999998,15.10335,15.081750000000001,15.06024,15.038820000000001,15.01749,14.996250000000002,14.9751,14.954130000000001,14.93316,14.912460000000001,14.891850000000002,14.871330000000002,14.851080000000001,14.83092,14.810940000000002,14.79123,14.771700000000001,14.752350000000002,14.73318,14.71428,14.695649999999999,14.677200000000001,14.659020000000002,14.641110000000001,14.623470000000001,14.60619,14.58909,14.572350000000002,14.555790000000002,14.53968,14.52375,14.508180000000001,14.492970000000001,14.47803,14.46345,14.449140000000002,14.43528,14.421690000000002,14.40837,14.3955,14.3829,14.37057,14.358690000000001,14.34708,14.33583,14.324940000000002,14.31432,14.30406,14.294160000000002,14.28453,14.275170000000001,14.26617,14.25744,14.24907,14.24097,14.23314,14.22558,14.21829,14.21118,14.20443,14.19786,14.19156,14.18553,14.179680000000001,14.17401,14.168520000000001,14.1633,14.15817,14.15331,14.148539999999999,14.14395,14.13945,14.13513,14.13099,14.126940000000001,14.12298,14.119110000000001,14.11542,14.111730000000001,14.108130000000001,14.104619999999999,14.1012,14.09787,14.09454,14.0913,14.08806,14.08491,14.081760000000001,14.078700000000001,14.07564,14.07258,14.069609999999999,14.06664,14.06367,14.060699999999999,14.05782,14.05494,14.05206,14.04927,14.04648,14.043690000000002,14.04099,14.038200000000002,14.035590000000001,14.03298,14.03037,14.027849999999999,14.02533,14.0229,14.02056,14.018310000000001,14.01606,14.0139,14.01192,14.00994,14.008140000000001,14.00643,14.00481,14.00328,14.001930000000002,14.000670000000001,13.99959,13.99869,13.99788,13.99734,13.99689,13.99662,13.99653,13.99671,13.996979999999999,13.99752,13.99824,13.99923,14.000399999999999,14.00175,14.00337,14.005260000000002,14.007330000000001,14.00967,14.01219,14.014980000000001,14.01804,14.02128,14.02479,14.02857,14.03262,14.03676,14.04126,14.04594,14.05089,14.05602,14.06133,14.06691,14.07267,14.078700000000001,14.08482,14.09121,14.09769,14.10435,14.11119,14.11821,14.12532,14.13261,14.139990000000001,14.14746,14.15502,14.16267,14.17032,14.17815,14.18589,14.19381,14.201640000000001,14.20947,14.217300000000002,14.22513,14.23296,14.24061,14.24826,14.25582,14.263290000000001,14.270669999999999,14.27787,14.28498,14.29191,14.29866,14.305140000000002,14.31153,14.31765,14.3235,14.329170000000001,14.33448,14.33961,14.344380000000001,14.34879,14.352929999999999,14.35671,14.36022,14.36319,14.36589,14.36814,14.36994,14.37129,14.372280000000002,14.37273,14.37264,14.3721,14.37111,14.36949,14.367329999999999,14.36463,14.361300000000002,14.35734,14.35284,14.347620000000001,14.34177,14.33529,14.32809,14.320170000000001,14.31162,14.30226,14.29209,14.2812,14.2695,14.2569,14.24358,14.22936,14.21424,14.198310000000001,14.18139,14.16357,14.14476,14.12505,14.10426,14.08257,14.059800000000001,14.03595,14.01102,13.9851,13.958010000000002,13.92984,13.900500000000001,13.86999,13.8384,13.80555,13.77153,13.73634,13.69989,13.66218,13.6233,13.58307,13.54176,13.4991,13.45518,13.41009,13.36383,13.31631,13.267619999999999,13.21776,13.16673,13.11471,13.06161,13.00752,12.952440000000001,12.89664,12.84003,12.7827,12.72483,12.66651,12.607920000000002,12.54906,12.49029,12.431610000000001,12.37329,12.31551,12.25854,12.20256,12.14784,12.09465,12.04326,11.99394,11.94714,11.90295,11.861730000000001,11.82393,11.78964,11.759400000000001,11.733300000000002,11.7117,11.694870000000002,11.68299,11.67624,11.67489,11.67903,11.688659999999999,11.70396,11.72493,11.75139,11.783520000000001,11.82105,11.86389,11.911950000000001,11.96487,12.02256,12.08484,12.15126,12.22173,12.29598,12.373560000000001,12.45438,12.53808,12.624390000000002,12.713040000000001,12.80376,12.89646,12.99069,13.08636,13.18329,13.28121,13.38003,13.47948,13.57938,13.679730000000001,13.78035,13.881150000000002,13.981950000000001,14.082659999999999,14.18328,14.28363,14.383799999999999,14.48352,14.58279,14.6817,14.78007,14.877989999999999,14.97528,15.071940000000001,15.16806,15.263549999999999
18.38178,18.33894,18.29673,18.25515,18.2142,18.17397,18.13437,18.09549,18.05724,18.01971,17.9829,17.94681,17.91144,17.87679,17.842859999999998,17.80965,17.777250000000002,17.74548,17.71452,17.68419,17.65476,17.62596,17.59788,17.570610000000002,17.54406,17.518230000000003,17.49312,17.46873,17.44506,17.42211,17.399880000000003,17.37837,17.357490000000002,17.33733,17.317800000000002,17.29899,17.280810000000002,17.26326,17.24634,17.230050000000002,17.214389999999998,17.19927,17.18478,17.170920000000002,17.157510000000002,17.144640000000003,17.1324,17.12061,17.109270000000002,17.098470000000002,17.08812,17.07822,17.06886,17.05986,17.05122,17.043029999999998,17.0352,17.02773,17.02071,17.01387,17.00748,17.001360000000002,16.99551,16.99002,16.98471,16.97976,16.974990000000002,16.9704,16.966079999999998,16.96194,16.958070000000003,16.95429,16.95069,16.947270000000003,16.944029999999998,16.94088,16.937910000000002,16.93503,16.93215,16.929450000000003,16.926840000000002,16.92432,16.9218,16.91946,16.91703,16.91469,16.91244,16.910100000000003,16.90785,16.9056,16.903350000000003,16.9011,16.89876,16.896510000000003,16.89417,16.89183,16.8894,16.88697,16.88445,16.88193,16.87932,16.87662,16.87383,16.87104,16.86807,16.8651,16.86204,16.8588,16.85556,16.85214,16.84863,16.84503,16.84134,16.837470000000003,16.83351,16.82937,16.82523,16.82082,16.81632,16.81173,16.80696,16.802010000000003,16.79688,16.79166,16.78635,16.78077,16.7751,16.76925,16.76322,16.75701,16.750709999999998,16.74414,16.73748,16.73064,16.72353,16.71633,16.70895,16.70139,16.69356,16.68564,16.67754,16.66917,16.66071,16.65198,16.64307,16.63398,16.62471,16.615260000000003,16.60563,16.59573,16.58565,16.575390000000002,16.56495,16.55433,16.54344,16.53237,16.52112,16.509690000000003,16.49799,16.4862,16.474050000000002,16.46181,16.44939,16.436700000000002,16.42383,16.410780000000003,16.397460000000002,16.383960000000002,16.37028,16.35642,16.342290000000002,16.32807,16.31358,16.29891,16.28397,16.26894,16.25364,16.23816,16.2225,16.20666,16.19064,16.17435,16.15797,16.14132,16.12458,16.107570000000003,16.09038,16.07301,16.05555,16.03782,16.019910000000003,16.001910000000002,15.98364,15.96528,15.946739999999998,15.928020000000002,15.90921,15.89013,15.87096,15.8517,15.832170000000001,15.812550000000002,15.79284,15.772950000000002,15.75297,15.732809999999999,15.712560000000002,15.69213,15.671700000000001,15.65109,15.63039,15.609600000000002,15.588719999999999,15.56775,15.546690000000002,15.52554,15.50439,15.483149999999998,15.461820000000001,15.440399999999999,15.418980000000001,15.39756,15.37614,15.35463,15.33312,15.311609999999998,15.2901,15.26859,15.247079999999999,15.225660000000001,15.20424,15.182820000000001,15.16149,15.140159999999998,15.11901,15.09786,15.076799999999999,15.05583,15.03504,15.01434,14.993730000000001,14.973210000000002,14.95287,14.93271,14.912640000000001,14.89284,14.873130000000002,14.853690000000002,14.834430000000001,14.81535,14.79645,14.777819999999998,14.75937,14.741190000000001,14.72328,14.70564,14.688180000000001,14.671080000000002,14.65416,14.637599999999999,14.62131,14.605290000000002,14.58963,14.57424,14.55912,14.54436,14.52987,14.51574,14.50197,14.48847,14.475240000000001,14.462369999999998,14.44986,14.43771,14.425830000000001,14.414309999999999,14.40306,14.39217,14.381639999999999,14.37138,14.36139,14.35176,14.3424,14.333400000000001,14.324580000000001,14.316120000000002,14.30802,14.3001,14.29245,14.28507,14.27796,14.27112,14.26446,14.25807,14.25186,14.24592,14.24016,14.234580000000001,14.22918,14.22396,14.21901,14.21415,14.20938,14.204880000000001,14.200380000000001,14.196150000000001,14.191920000000001,14.18787,14.183910000000001,14.18013,14.176350000000001,14.17266,14.16906,14.16555,14.16213,14.15871,14.15538,14.152140000000001,14.148900000000001,14.14575,14.1426,14.13945,14.13639,14.133329999999999,14.13036,14.12739,14.12442,14.12154,14.11866,14.11578,14.112990000000002,14.1102,14.107500000000002,14.104800000000001,14.1021,14.099490000000001,14.09688,14.09436,14.091840000000001,14.089409999999999,14.08707,14.08482,14.08257,14.0805,14.078429999999999,14.07645,14.074560000000002,14.07285,14.071140000000002,14.069609999999999,14.06826,14.06691,14.06583,14.06484,14.06394,14.06322,14.06268,14.062320000000001,14.06214,14.06214,14.062320000000001,14.06268,14.06331,14.06403,14.06502,14.066189999999999,14.06763,14.06925,14.071140000000002,14.073210000000001,14.07546,14.07798,14.080770000000001,14.08374,14.08698,14.0904,14.09409,14.09805,14.10219,14.10651,14.1111,14.115870000000001,14.12091,14.12613,14.131530000000001,14.1372,14.14296,14.14899,14.15511,14.16141,14.167890000000002,14.17455,14.1813,14.188229999999999,14.195250000000001,14.20245,14.209650000000002,14.21694,14.22441,14.23179,14.23935,14.24691,14.254470000000001,14.262030000000001,14.269680000000001,14.27724,14.2848,14.29227,14.29974,14.307120000000001,14.31441,14.321610000000002,14.32863,14.33565,14.3424,14.349060000000001,14.35554,14.361839999999999,14.36796,14.37381,14.37939,14.38479,14.38992,14.394779999999999,14.39937,14.4036,14.407560000000002,14.41107,14.414309999999999,14.417190000000002,14.419709999999998,14.42178,14.4234,14.424660000000001,14.425379999999999,14.425740000000001,14.42556,14.42493,14.42376,14.42205,14.419799999999999,14.41701,14.413680000000001,14.40972,14.405220000000002,14.4,14.39415,14.38767,14.380560000000001,14.37273,14.364180000000001,14.35491,14.344830000000002,14.33412,14.32251,14.31018,14.29704,14.283,14.26815,14.25249,14.235840000000001,14.21838,14.19993,14.18058,14.16024,14.139000000000001,14.11668,14.09337,14.069070000000002,14.043690000000002,14.01732,13.98978,13.96125,13.93155,13.90077,13.868820000000001,13.8357,13.8015,13.76613,13.72959,13.691880000000001,13.653,13.612950000000001,13.57173,13.529340000000001,13.48587,13.44123,13.395420000000001,13.34853,13.30065,13.25169,13.20174,13.15089,13.09914,13.04667,12.9933,12.939390000000001,12.88485,12.82986,12.774600000000001,12.71907,12.66345,12.607920000000002,12.55266,12.49776,12.44358,12.39021,12.33783,12.2868,12.2373,12.1896,12.14397,12.10068,12.06,12.022200000000002,11.987639999999999,11.95659,11.92914,11.90574,11.886660000000001,11.87199,11.86191,11.85678,11.8566,11.861550000000001,11.87172,11.88711,11.90781,11.93373,11.96487,12.00114,12.04236,12.08853,12.139289999999999,12.19455,12.25413,12.317760000000002,12.38526,12.45627,12.530610000000001,12.60801,12.68829,12.771180000000001,12.85632,12.943620000000001,13.03281,13.123619999999999,13.21587,13.30947,13.40406,13.49964,13.59594,13.69287,13.79025,13.88808,13.985999999999999,14.0841,14.18229,14.28039,14.378309999999999,14.476049999999999,14.573610000000002,14.67072,14.767560000000001,14.863949999999999,14.95989,15.055380000000001,15.15033,15.24483,15.3387
18.46098,18.4185,18.37665,18.33534,18.29475,18.25479,18.21546,18.17685,18.13887,18.10161,18.06498,18.02916,17.99397,17.9595,17.92566,17.89263,17.86032,17.82864,17.797770000000003,17.76762,17.7381,17.70939,17.6814,17.654040000000002,17.627489999999998,17.601660000000003,17.57646,17.55207,17.52831,17.50527,17.48286,17.46117,17.4402,17.41986,17.40015,17.38107,17.36271,17.344980000000003,17.32779,17.311230000000002,17.2953,17.27991,17.26515,17.25084,17.23716,17.22402,17.21142,17.19927,17.18757,17.17641,17.1657,17.15544,17.14563,17.13627,17.12727,17.118630000000003,17.11044,17.102610000000002,17.09505,17.08794,17.0811,17.07453,17.06832,17.06229,17.05662,17.05122,17.046000000000003,17.041050000000002,17.03628,17.03178,17.02737,17.02323,17.01927,17.0154,17.01171,17.0082,17.00478,17.00145,16.99821,16.995150000000002,16.99209,16.98921,16.98633,16.98345,16.98075,16.97805,16.97535,16.97265,16.97004,16.96743,16.96482,16.962210000000002,16.959600000000002,16.9569,16.95429,16.95159,16.948800000000002,16.94601,16.94322,16.940340000000003,16.93746,16.93449,16.93143,16.92828,16.92504,16.9218,16.918380000000003,16.91496,16.911360000000002,16.90767,16.90398,16.900109999999998,16.89606,16.89201,16.88778,16.88346,16.87896,16.874370000000003,16.86969,16.86483,16.85979,16.85466,16.84935,16.84395,16.83837,16.83261,16.82676,16.820729999999998,16.81452,16.80813,16.801650000000002,16.794900000000002,16.78806,16.78104,16.77384,16.766460000000002,16.75899,16.751250000000002,16.74333,16.73523,16.72695,16.71858,16.709940000000003,16.70112,16.692120000000003,16.682940000000002,16.67358,16.66395,16.654230000000002,16.64424,16.634159999999998,16.623810000000002,16.61328,16.60257,16.59159,16.58052,16.56918,16.557660000000002,16.54596,16.534080000000003,16.52202,16.509690000000003,16.49718,16.48449,16.47162,16.458569999999998,16.44525,16.43175,16.41807,16.404210000000003,16.39017,16.37586,16.36146,16.346790000000002,16.33194,16.31691,16.30161,16.28622,16.27065,16.25481,16.238879999999998,16.22268,16.206300000000002,16.18974,16.17309,16.15617,16.13907,16.12188,16.10442,16.08687,16.06905,16.05114,16.03305,16.014780000000002,15.996330000000002,15.97779,15.959069999999999,15.940170000000002,15.921180000000001,15.90201,15.882750000000001,15.863310000000002,15.843689999999999,15.82398,15.804179999999999,15.7842,15.76413,15.743970000000001,15.72372,15.70329,15.68286,15.66225,15.64155,15.62085,15.600060000000001,15.579089999999999,15.558209999999999,15.53715,15.516090000000002,15.49494,15.473790000000001,15.452639999999999,15.431400000000002,15.41016,15.38892,15.36768,15.346440000000001,15.325199999999999,15.30405,15.28281,15.261660000000001,15.2406,15.219539999999999,15.19857,15.177600000000002,15.156810000000002,15.136019999999998,15.115319999999999,15.0948,15.074370000000002,15.054030000000001,15.03387,15.0138,14.993910000000001,14.97411,14.95458,14.93514,14.91588,14.896889999999999,14.878079999999999,14.85945,14.841090000000001,14.82291,14.80491,14.78727,14.769810000000001,14.75262,14.735700000000001,14.71896,14.702580000000001,14.686470000000002,14.67063,14.65515,14.639850000000001,14.62491,14.61033,14.596020000000001,14.581980000000001,14.5683,14.55489,14.541749999999999,14.52906,14.51655,14.5044,14.492610000000003,14.48109,14.46993,14.45904,14.448509999999999,14.43825,14.428260000000002,14.418630000000002,14.409270000000001,14.40018,14.39145,14.3829,14.37471,14.366790000000002,14.35905,14.35158,14.344380000000001,14.33745,14.3307,14.32422,14.31801,14.311890000000002,14.30604,14.300370000000001,14.294880000000001,14.28957,14.284440000000002,14.27949,14.27472,14.270040000000002,14.265450000000001,14.261130000000001,14.25681,14.25267,14.248619999999999,14.244660000000001,14.24079,14.237100000000002,14.23341,14.22981,14.22621,14.222790000000002,14.219370000000001,14.216040000000001,14.2128,14.20956,14.206320000000002,14.20317,14.20011,14.19705,14.193990000000001,14.19102,14.18805,14.185170000000001,14.18229,14.179409999999999,14.17662,14.173919999999999,14.17113,14.168429999999999,14.16582,14.163210000000001,14.16069,14.15826,14.15583,14.153400000000001,14.15115,14.148900000000001,14.146740000000001,14.144670000000001,14.14269,14.1408,14.139090000000001,14.13738,14.135760000000001,14.13432,14.13297,14.1318,14.13072,14.12982,14.129010000000001,14.12838,14.12793,14.12757,14.12748,14.12748,14.12775,14.128200000000001,14.12874,14.12955,14.13054,14.1318,14.13324,14.13486,14.136660000000001,14.13873,14.141070000000001,14.1435,14.14629,14.14917,14.15241,14.15574,14.15934,14.163210000000001,14.16726,14.17149,14.175989999999999,14.18067,14.18553,14.190660000000001,14.195879999999999,14.201369999999999,14.207040000000001,14.2128,14.21883,14.22495,14.231250000000001,14.237639999999999,14.24421,14.250960000000001,14.257800000000001,14.26464,14.27166,14.27877,14.28588,14.29317,14.300370000000001,14.30775,14.31504,14.322330000000001,14.32971,14.337,14.34429,14.35158,14.358690000000001,14.3658,14.372910000000001,14.379840000000002,14.38659,14.39334,14.39991,14.406300000000002,14.41251,14.418540000000002,14.42439,14.42997,14.43537,14.440590000000002,14.44545,14.450130000000001,14.454450000000001,14.4585,14.46219,14.465610000000002,14.46867,14.47137,14.473620000000002,14.47551,14.47704,14.47812,14.478839999999998,14.479020000000002,14.47875,14.47794,14.47668,14.47497,14.47263,14.469840000000001,14.46642,14.462460000000002,14.45787,14.452649999999998,14.44689,14.440409999999998,14.4333,14.42556,14.4171,14.40792,14.39802,14.387400000000001,14.37597,14.36382,14.350859999999999,14.33709,14.32251,14.307120000000001,14.29083,14.27364,14.255640000000001,14.236650000000001,14.21676,14.19597,14.174190000000001,14.151420000000002,14.12766,14.10291,14.077169999999999,14.05035,14.022540000000001,13.99365,13.96368,13.932630000000001,13.900500000000001,13.867289999999999,13.833,13.79763,13.761090000000001,13.72347,13.68477,13.6449,13.604040000000001,13.562100000000001,13.51908,13.47507,13.42998,13.38399,13.33701,13.28922,13.240530000000001,13.191030000000001,13.1409,13.09005,13.03875,12.98691,12.93471,12.88224,12.82968,12.77712,12.72474,12.67272,12.62115,12.570300000000001,12.52026,12.471390000000001,12.42378,12.377790000000001,12.33351,12.2913,12.25134,12.213989999999999,12.17934,12.14775,12.119580000000001,12.094830000000002,12.07395,12.05703,12.04434,12.03606,12.03228,12.03327,12.03903,12.049650000000002,12.06513,12.08565,12.11103,12.141359999999999,12.17646,12.21624,12.26061,12.309479999999999,12.362490000000001,12.41964,12.48066,12.54537,12.6135,12.68487,12.759120000000001,12.83625,12.91581,12.9978,13.08177,13.167629999999999,13.25529,13.3443,13.434750000000001,13.52628,13.61871,13.71204,13.80609,13.900590000000001,13.99554,14.09085,14.186340000000001,14.28201,14.37768,14.47326,14.56875,14.66406,14.759100000000002,14.85396,14.94837,15.04242,15.136110000000002,15.229350000000002,15.32214,15.41439
18.53973,18.49752,18.45594,18.41499,18.374670000000002,18.33498,18.296010000000003,18.25758,18.21987,18.18288,18.146520000000002,18.11079,18.075779999999998,18.04149,18.007830000000002,17.974890000000002,17.94267,17.91117,17.880390000000002,17.85024,17.820809999999998,17.79219,17.76411,17.73684,17.71029,17.68437,17.659170000000003,17.634600000000002,17.61084,17.587619999999998,17.56521,17.54334,17.522190000000002,17.50167,17.48178,17.462609999999998,17.44398,17.425980000000003,17.40861,17.39178,17.37558,17.35992,17.34489,17.33031,17.316360000000003,17.302860000000003,17.2899,17.27739,17.265420000000002,17.2539,17.24283,17.23221,17.22204,17.21223,17.20287,17.19387,17.18523,17.17704,17.16912,17.16156,17.15427,17.147340000000003,17.140680000000003,17.13429,17.12817,17.12232,17.11674,17.11134,17.10621,17.10126,17.09649,17.0919,17.087490000000003,17.083260000000003,17.07921,17.07525,17.07138,17.06769,17.06409,17.060579999999998,17.05725,17.053919999999998,17.05059,17.04744,17.04429,17.04123,17.03817,17.035110000000003,17.032140000000002,17.02917,17.0262,17.02323,17.02026,17.017290000000003,17.01432,17.01126,17.0082,17.00514,17.001990000000003,16.99884,16.9956,16.992269999999998,16.98894,16.98552,16.98201,16.97841,16.97481,16.97103,16.96716,16.96329,16.959239999999998,16.955099999999998,16.95087,16.94655,16.942050000000002,16.93746,16.93278,16.92801,16.92306,16.91793,16.91271,16.907400000000003,16.90191,16.89624,16.89048,16.88454,16.878510000000002,16.8723,16.86591,16.859340000000003,16.852680000000003,16.845750000000002,16.838820000000002,16.83162,16.82424,16.816679999999998,16.80903,16.8012,16.7931,16.78491,16.77654,16.76799,16.75926,16.75035,16.74117,16.731900000000003,16.722450000000002,16.71282,16.702920000000002,16.69293,16.68267,16.67223,16.661700000000003,16.6509,16.63992,16.628760000000003,16.61733,16.60581,16.59411,16.582140000000003,16.56999,16.557660000000002,16.545150000000003,16.53246,16.5195,16.50645,16.49313,16.47963,16.46604,16.452090000000002,16.43805,16.42383,16.40943,16.39476,16.38,16.36497,16.34976,16.33437,16.318800000000003,16.30314,16.28721,16.2711,16.25481,16.23834,16.221690000000002,16.204860000000004,16.18794,16.17075,16.15347,16.13592,16.11828,16.100459999999998,16.082549999999998,16.06437,16.046100000000003,16.027649999999998,16.00911,15.99039,15.97149,15.952500000000002,15.933330000000002,15.914070000000002,15.89463,15.8751,15.85548,15.835679999999998,15.81588,15.7959,15.77574,15.75558,15.73533,15.714989999999998,15.694470000000003,15.673950000000001,15.653340000000002,15.632730000000002,15.612029999999999,15.591239999999999,15.57036,15.54948,15.5286,15.507629999999999,15.48675,15.46578,15.444719999999998,15.42375,15.40278,15.381810000000002,15.36093,15.33996,15.319080000000001,15.298290000000001,15.277500000000002,15.256800000000002,15.236099999999999,15.21558,15.195060000000002,15.17472,15.154380000000002,15.13422,15.114150000000002,15.09426,15.074460000000002,15.054839999999999,15.0354,15.01605,14.99688,14.977979999999999,14.959170000000002,14.94063,14.92218,14.904089999999998,14.88609,14.86836,14.850900000000001,14.83371,14.8167,14.799960000000002,14.783490000000002,14.767290000000001,14.75136,14.735700000000001,14.72031,14.705280000000002,14.690430000000001,14.67594,14.66172,14.647860000000001,14.63427,14.62095,14.607990000000001,14.5953,14.58288,14.570820000000001,14.55912,14.547600000000001,14.536439999999999,14.525640000000001,14.51511,14.50485,14.49486,14.48523,14.475869999999999,14.466780000000002,14.45796,14.44941,14.441130000000001,14.43312,14.425379999999999,14.41782,14.410620000000002,14.4036,14.39676,14.39019,14.383799999999999,14.37768,14.37174,14.36598,14.3604,14.355,14.34978,14.34465,14.33979,14.33502,14.33034,14.325840000000001,14.321520000000001,14.31729,14.31315,14.309099999999999,14.305140000000002,14.30127,14.29758,14.29389,14.29029,14.28678,14.28327,14.27985,14.27652,14.27328,14.270040000000002,14.2668,14.26374,14.26059,14.25753,14.25456,14.25159,14.248709999999999,14.24583,14.24295,14.24016,14.23746,14.23476,14.23206,14.22945,14.226930000000001,14.22441,14.22198,14.21964,14.217300000000002,14.21505,14.21289,14.21082,14.20884,14.206859999999999,14.205060000000001,14.20335,14.20173,14.2002,14.19885,14.19759,14.19642,14.19543,14.19453,14.19381,14.19327,14.192820000000001,14.19264,14.19255,14.19264,14.19291,14.19336,14.193990000000001,14.1948,14.195879999999999,14.19705,14.19849,14.20011,14.202,14.20398,14.206320000000002,14.20875,14.21145,14.21433,14.21748,14.22081,14.22432,14.2281,14.23206,14.2362,14.24061,14.24511,14.24988,14.25483,14.259960000000001,14.265270000000001,14.270760000000001,14.276430000000001,14.28228,14.28822,14.29434,14.30055,14.306939999999999,14.31342,14.320079999999999,14.32674,14.33349,14.34042,14.34735,14.35428,14.361300000000002,14.36841,14.37543,14.38254,14.38965,14.39667,14.403780000000001,14.410710000000002,14.41764,14.424570000000001,14.431320000000001,14.437980000000001,14.44455,14.45103,14.45733,14.46345,14.46948,14.475240000000001,14.48091,14.486310000000001,14.49144,14.49639,14.501070000000002,14.50548,14.50962,14.513490000000001,14.517,14.520240000000001,14.52312,14.525640000000001,14.5278,14.529509999999998,14.530949999999999,14.53185,14.53239,14.532480000000001,14.532119999999999,14.531220000000001,14.52996,14.52807,14.525730000000001,14.522850000000002,14.51943,14.51547,14.51088,14.50566,14.4999,14.49351,14.48649,14.47875,14.470379999999999,14.461380000000002,14.451570000000002,14.441130000000001,14.42988,14.417910000000001,14.405220000000002,14.391720000000001,14.37741,14.36229,14.34627,14.32953,14.3118,14.29326,14.27382,14.25348,14.23224,14.21001,14.18688,14.16276,14.13765,14.111550000000001,14.08446,14.05638,14.027220000000002,13.99707,13.96593,13.93371,13.900500000000001,13.86621,13.83084,13.79448,13.75704,13.7187,13.67919,13.63878,13.597380000000001,13.55508,13.51179,13.467690000000001,13.42269,13.376880000000002,13.330350000000001,13.283100000000001,13.23522,13.1868,13.13793,13.0887,13.0392,12.98952,12.93975,12.89016,12.84075,12.79179,12.74337,12.69567,12.64887,12.603240000000001,12.55887,12.51612,12.47508,12.436020000000001,12.39921,12.36483,12.33315,12.30444,12.27879,12.256649999999999,12.23802,12.223170000000001,12.21237,12.20562,12.203190000000001,12.205169999999999,12.21165,12.22272,12.238380000000001,12.25872,12.28365,12.313170000000001,12.347280000000001,12.385710000000001,12.42855,12.475620000000001,12.52665,12.58155,12.64014,12.70233,12.76776,12.83625,12.907710000000002,12.98178,13.05837,13.1373,13.21821,13.3011,13.38561,13.47165,13.55904,13.6476,13.737150000000002,13.8276,13.91877,14.01066,14.10291,14.19561,14.288580000000001,14.38182,14.475060000000001,14.56839,14.66172,14.754870000000002,14.847929999999998,14.94072,15.033240000000001,15.125490000000001,15.21738,15.30891,15.40008,15.4908
18.61785,18.576,18.53478,18.4941,18.45414,18.41472,18.37593,18.33777,18.300330000000002,18.26352,18.22734,18.19188,18.157049999999998,18.122850000000003,18.08937,18.05661,18.02448,17.99307,17.962290000000003,17.93232,17.90289,17.87427,17.84628,17.81901,17.792370000000002,17.766450000000003,17.74116,17.71659,17.69265,17.669430000000002,17.64684,17.62488,17.603550000000002,17.58294,17.56287,17.54343,17.524620000000002,17.50644,17.488799999999998,17.471790000000002,17.45532,17.43939,17.42409,17.40924,17.394930000000002,17.38116,17.36784,17.35506,17.34273,17.330849999999998,17.31951,17.30853,17.297909999999998,17.28783,17.27802,17.26866,17.25966,17.25102,17.24274,17.23482,17.22717,17.21979,17.21277,17.20602,17.19945,17.19324,17.18721,17.181449999999998,17.17587,17.170469999999998,17.16534,17.16039,17.155620000000003,17.15094,17.146440000000002,17.142120000000002,17.137890000000002,17.133750000000003,17.12979,17.12592,17.12214,17.11845,17.11485,17.11125,17.107740000000003,17.10432,17.100900000000003,17.09748,17.094150000000003,17.09082,17.087490000000003,17.08425,17.08092,17.07759,17.07426,17.07093,17.06751,17.06409,17.06067,17.05716,17.05365,17.050050000000002,17.04645,17.04267,17.03889,17.035110000000003,17.03115,17.0271,17.02305,17.01882,17.014590000000002,17.010180000000002,17.005679999999998,17.00109,16.996409999999997,16.99155,16.98669,16.98156,16.97643,16.97112,16.96572,16.96014,16.95447,16.948620000000002,16.94268,16.93656,16.93026,16.92387,16.9173,16.91064,16.90371,16.89669,16.889580000000002,16.8822,16.87473,16.86708,16.859250000000003,16.85124,16.84305,16.834680000000002,16.82622,16.81749,16.808670000000003,16.79958,16.790399999999998,16.78104,16.77141,16.761689999999998,16.75179,16.74162,16.73136,16.720830000000003,16.71021,16.69932,16.68834,16.67709,16.66566,16.65405,16.64226,16.630290000000002,16.61814,16.60581,16.593210000000003,16.58052,16.56756,16.55451,16.54119,16.52769,16.514010000000003,16.50015,16.486110000000004,16.47189,16.45749,16.44291,16.42815,16.41312,16.398,16.3827,16.36713,16.35147,16.335630000000002,16.31961,16.30341,16.287029999999998,16.27047,16.25373,16.236810000000002,16.2198,16.20252,16.18515,16.1676,16.149960000000004,16.13205,16.11405,16.09587,16.0776,16.05915,16.04061,16.02189,16.00299,15.984000000000002,15.964920000000001,15.945660000000002,15.926310000000003,15.90687,15.88725,15.867540000000002,15.84783,15.827940000000002,15.80787,15.787800000000002,15.76764,15.74748,15.727139999999999,15.706800000000001,15.686280000000002,15.66585,15.645240000000001,15.624720000000002,15.604020000000002,15.583410000000002,15.56271,15.54201,15.52122,15.50052,15.47982,15.45912,15.43842,15.417720000000001,15.397020000000001,15.376410000000002,15.35589,15.335370000000001,15.31494,15.29451,15.27426,15.25401,15.23394,15.21387,15.193980000000002,15.17418,15.15456,15.13503,15.115680000000001,15.096420000000002,15.077340000000001,15.058440000000001,15.039719999999999,15.021270000000001,15.002909999999998,14.984729999999999,14.96682,14.94909,14.931629999999998,14.91435,14.897340000000002,14.88051,14.86404,14.84775,14.831730000000002,14.81598,14.800410000000001,14.785200000000001,14.77026,14.75568,14.741280000000001,14.727240000000002,14.713379999999999,14.699880000000002,14.68674,14.67387,14.661269999999998,14.64894,14.636880000000001,14.62518,14.613840000000001,14.602680000000001,14.591880000000002,14.58135,14.571090000000002,14.561189999999998,14.551469999999998,14.542110000000001,14.53302,14.524109999999999,14.515559999999999,14.50728,14.499179999999999,14.491350000000002,14.48379,14.476500000000001,14.469390000000002,14.462550000000002,14.455890000000002,14.44941,14.4432,14.43717,14.431320000000001,14.425650000000001,14.420160000000001,14.414850000000001,14.40963,14.404679999999999,14.39982,14.395050000000001,14.390460000000001,14.386050000000001,14.38173,14.3775,14.37336,14.36931,14.365440000000001,14.36157,14.35779,14.35419,14.35059,14.34708,14.343570000000001,14.34024,14.336820000000001,14.33358,14.33034,14.32719,14.32413,14.32098,14.31801,14.31504,14.31207,14.309190000000001,14.306400000000002,14.303609999999999,14.300910000000002,14.298210000000001,14.2956,14.29299,14.29047,14.28804,14.28561,14.28327,14.281020000000002,14.27886,14.2767,14.27472,14.272739999999999,14.270850000000001,14.26914,14.267430000000001,14.2659,14.26446,14.263200000000001,14.261940000000001,14.26086,14.259960000000001,14.25915,14.25843,14.25798,14.25762,14.25744,14.25735,14.25753,14.257800000000001,14.258339999999999,14.25897,14.259780000000001,14.26086,14.26212,14.26356,14.265179999999999,14.26698,14.26905,14.2713,14.27373,14.276340000000001,14.27922,14.28228,14.28552,14.28903,14.292720000000001,14.29659,14.30064,14.30487,14.309370000000001,14.313960000000002,14.31882,14.32377,14.32899,14.3343,14.33979,14.34546,14.35122,14.35716,14.36328,14.369399999999999,14.3757,14.38209,14.38866,14.39523,14.4018,14.40855,14.4153,14.42214,14.42898,14.43582,14.44266,14.4495,14.45634,14.463090000000001,14.469840000000001,14.476590000000002,14.483160000000002,14.48973,14.49612,14.502510000000001,14.50872,14.514750000000001,14.52069,14.52645,14.532029999999999,14.53743,14.54265,14.547600000000001,14.55228,14.55678,14.56101,14.564969999999999,14.568660000000001,14.57199,14.575050000000001,14.577750000000002,14.58009,14.582070000000002,14.58369,14.584950000000001,14.585759999999999,14.586210000000001,14.586210000000001,14.585669999999999,14.58477,14.583420000000002,14.581529999999999,14.579100000000002,14.57622,14.57271,14.56875,14.564160000000001,14.55903,14.553270000000001,14.54697,14.539950000000001,14.53239,14.524109999999999,14.5152,14.50557,14.49522,14.48424,14.47245,14.459940000000001,14.44671,14.432670000000002,14.41782,14.402250000000002,14.38578,14.368500000000001,14.350320000000002,14.331330000000001,14.31153,14.290740000000001,14.26905,14.24646,14.22297,14.19858,14.1732,14.14683,14.11956,14.0913,14.06205,14.03181,14.000670000000001,13.96845,13.93524,13.90113,13.86594,13.82985,13.792860000000001,13.754880000000002,13.715910000000001,13.67613,13.635449999999999,13.593960000000001,13.55157,13.50855,13.464720000000002,13.42026,13.37517,13.329540000000001,13.28346,13.237020000000001,13.19022,13.14324,13.09626,13.04928,13.00248,12.95595,12.909870000000002,12.864419999999999,12.81969,12.77595,12.73329,12.69207,12.65229,12.61431,12.57822,12.54429,12.51279,12.48381,12.45771,12.43458,12.41469,12.39813,12.38526,12.376080000000002,12.37086,12.36969,12.372660000000002,12.37977,12.391290000000001,12.40713,12.42729,12.45177,12.48066,12.51378,12.55113,12.59244,12.6378,12.68703,12.73995,12.79638,12.85614,12.91905,12.98502,13.053780000000001,13.125150000000001,13.19886,13.27491,13.35303,13.43295,13.51458,13.59774,13.682250000000002,13.76802,13.85478,13.94253,14.03109,14.12028,14.21001,14.300189999999999,14.390820000000001,14.48163,14.57262,14.6637,14.754870000000002,14.84595,14.93694,15.027840000000001,15.118470000000002,15.20892,15.2991,15.38901,15.47847,15.56766
18.695610000000002,18.654030000000002,18.61308,18.57267,18.53298,18.49383,18.45531,18.41742,18.38016,18.343529999999998,18.30762,18.27225,18.2376,18.20367,18.17028,18.13761,18.10566,18.07434,18.04365,18.01368,17.984340000000003,17.955720000000003,17.92773,17.90046,17.873820000000002,17.8479,17.82252,17.79795,17.77392,17.750609999999998,17.72784,17.70579,17.68437,17.663490000000003,17.64333,17.623710000000003,17.60472,17.58627,17.56845,17.551170000000003,17.53452,17.51832,17.502750000000002,17.487630000000003,17.47305,17.458920000000003,17.445330000000002,17.43228,17.41959,17.40744,17.39565,17.38431,17.37342,17.36298,17.352809999999998,17.34309,17.33373,17.324730000000002,17.316090000000003,17.30772,17.29971,17.29197,17.284499999999998,17.2773,17.27046,17.2638,17.25741,17.2512,17.245260000000002,17.239500000000003,17.23401,17.22861,17.223390000000002,17.21835,17.21349,17.20881,17.20422,17.199720000000003,17.19531,17.19108,17.18694,17.18289,17.178839999999997,17.174970000000002,17.171100000000003,17.16723,17.16354,17.159760000000002,17.15607,17.15238,17.148780000000002,17.14509,17.14149,17.137800000000002,17.1342,17.13051,17.126820000000002,17.12313,17.11935,17.115569999999998,17.111700000000003,17.10783,17.10387,17.09991,17.095860000000002,17.091720000000002,17.087490000000003,17.083260000000003,17.078850000000003,17.07444,17.06985,17.065260000000002,17.06049,17.05572,17.05077,17.04573,17.04051,17.03529,17.02989,17.0244,17.01873,17.012970000000003,17.00703,17.001,16.99488,16.988580000000002,16.9821,16.97553,16.96878,16.96194,16.95492,16.94772,16.940430000000003,16.93287,16.925220000000003,16.91748,16.90947,16.90137,16.893,16.88454,16.87599,16.867169999999998,16.85817,16.84899,16.83972,16.83018,16.82055,16.81074,16.80066,16.79049,16.78014,16.76952,16.75881,16.74792,16.73685,16.72551,16.714080000000003,16.70238,16.69059,16.678530000000002,16.66638,16.65396,16.641450000000003,16.62867,16.61571,16.60266,16.58934,16.57584,16.562160000000002,16.5483,16.534260000000003,16.520129999999998,16.50573,16.49115,16.47639,16.461450000000003,16.446330000000003,16.43103,16.41564,16.399980000000003,16.38423,16.36821,16.3521,16.335810000000002,16.31925,16.302690000000002,16.285860000000003,16.26885,16.25175,16.23447,16.21701,16.199460000000002,16.18173,16.16382,16.14582,16.12764,16.109370000000002,16.09092,16.072290000000002,16.05366,16.034760000000002,16.01586,15.996780000000001,15.97761,15.958260000000001,15.938910000000002,15.919379999999999,15.89976,15.88005,15.860249999999999,15.84045,15.820469999999998,15.800400000000002,15.78033,15.760169999999999,15.739920000000001,15.71967,15.69933,15.678989999999999,15.65856,15.638129999999999,15.617700000000001,15.597270000000002,15.57675,15.556320000000001,15.5358,15.51537,15.49485,15.47442,15.45408,15.433739999999998,15.413400000000001,15.39315,15.37299,15.352830000000003,15.33285,15.312869999999998,15.29298,15.273270000000002,15.25365,15.23412,15.214680000000001,15.19542,15.176340000000001,15.157350000000001,15.138539999999999,15.11982,15.10137,15.0831,15.065010000000001,15.047100000000002,15.029370000000002,15.01191,14.994629999999999,14.97753,14.960700000000001,14.94414,14.927760000000001,14.91165,14.895809999999999,14.88024,14.86494,14.849820000000001,14.83506,14.820570000000002,14.80626,14.79231,14.77863,14.76531,14.752170000000001,14.739389999999998,14.72688,14.71464,14.702670000000001,14.69106,14.679630000000001,14.668560000000001,14.657760000000001,14.647319999999999,14.637060000000002,14.627160000000002,14.617439999999998,14.608080000000001,14.5989,14.590080000000002,14.581439999999999,14.57307,14.564969999999999,14.557140000000002,14.54949,14.542110000000001,14.534999999999998,14.52807,14.52132,14.514840000000001,14.50854,14.50242,14.49648,14.49072,14.48514,14.47974,14.47443,14.469390000000002,14.46444,14.459579999999999,14.45499,14.450400000000002,14.445990000000002,14.441669999999998,14.437439999999999,14.43339,14.42934,14.425470000000002,14.421690000000002,14.417910000000001,14.414309999999999,14.410710000000002,14.4072,14.403780000000001,14.40036,14.39703,14.393790000000001,14.39064,14.387490000000001,14.38434,14.38137,14.378400000000001,14.37543,14.37255,14.369760000000001,14.36697,14.364270000000001,14.36157,14.35896,14.35644,14.35392,14.35149,14.34915,14.34681,14.34465,14.34249,14.34042,14.33844,14.33655,14.33475,14.33304,14.33142,14.32998,14.32854,14.32728,14.3262,14.32512,14.32422,14.3235,14.322870000000002,14.322420000000001,14.32215,14.32197,14.32197,14.32215,14.32251,14.32305,14.323680000000001,14.324580000000001,14.325660000000001,14.32692,14.32827,14.32998,14.33178,14.33376,14.33601,14.33844,14.341050000000001,14.34384,14.34681,14.35005,14.35347,14.35707,14.360850000000001,14.36481,14.36895,14.37327,14.37786,14.38254,14.387400000000001,14.39244,14.39766,14.40297,14.40846,14.41413,14.419889999999999,14.425740000000001,14.43177,14.437800000000001,14.44401,14.450310000000002,14.4567,14.46318,14.469660000000001,14.476230000000001,14.4828,14.48937,14.496030000000001,14.502600000000001,14.509260000000001,14.51583,14.5224,14.528970000000001,14.53536,14.541749999999999,14.54805,14.554350000000001,14.56038,14.56641,14.572260000000002,14.577930000000002,14.58351,14.588820000000002,14.59404,14.59899,14.603760000000001,14.608350000000002,14.612580000000001,14.61663,14.620410000000001,14.62392,14.627070000000002,14.629950000000001,14.63247,14.63472,14.63661,14.638050000000002,14.63913,14.639850000000001,14.64021,14.64012,14.639580000000002,14.63859,14.637060000000002,14.635169999999999,14.632740000000002,14.629769999999999,14.62635,14.622300000000001,14.6178,14.61267,14.607000000000001,14.6007,14.59386,14.586300000000001,14.5782,14.569379999999999,14.559930000000001,14.54976,14.53896,14.52735,14.51511,14.502149999999999,14.48838,14.47389,14.458590000000001,14.44248,14.42556,14.40792,14.389380000000001,14.36994,14.34978,14.32863,14.30667,14.28381,14.26005,14.23539,14.20974,14.18328,14.15583,14.12748,14.098230000000001,14.06799,14.036850000000001,14.00481,13.971870000000001,13.93794,13.903110000000002,13.86747,13.83084,13.79349,13.75524,13.71618,13.67631,13.635810000000001,13.59459,13.55265,13.51017,13.46724,13.423770000000001,13.37994,13.33575,13.29138,13.24692,13.20246,13.158090000000001,13.1139,13.07016,13.02678,12.98412,12.94227,12.90141,12.861720000000002,12.823290000000002,12.78639,12.751199999999999,12.7179,12.68676,12.657869999999999,12.63141,12.60774,12.58686,12.56913,12.554640000000001,12.54348,12.53592,12.53205,12.53196,12.535829999999999,12.543660000000001,12.55554,12.57147,12.59154,12.61575,12.64401,12.67623,12.7125,12.75255,12.79638,12.843900000000001,12.89493,12.94929,13.00689,13.06755,13.13109,13.197330000000001,13.26618,13.33728,13.410630000000001,13.48605,13.56327,13.642199999999999,13.722660000000001,13.80447,13.88754,13.97169,14.056830000000001,14.14278,14.22945,14.31675,14.404589999999999,14.492790000000001,14.58135,14.67018,14.759100000000002,14.848110000000002,14.937210000000002,15.026310000000002,15.115229999999999,15.20406,15.292800000000002,15.381269999999999,15.469470000000001,15.557400000000001,15.644969999999999
18.77274,18.73152,18.69084,18.65079,18.61128,18.5724,18.53415,18.49653,18.45945,18.42309,18.38727,18.35217,18.317700000000002,18.28386,18.25065,18.21807,18.186210000000003,18.154980000000002,18.124380000000002,18.09441,18.06516,18.036540000000002,18.00864,17.981279999999998,17.95464,17.928720000000002,17.903340000000004,17.878590000000003,17.85456,17.83107,17.8083,17.78607,17.76456,17.74359,17.72316,17.70345,17.68419,17.66565,17.64756,17.6301,17.61309,17.59671,17.58087,17.56548,17.550629999999998,17.53623,17.522370000000002,17.508960000000002,17.496000000000002,17.483490000000003,17.47143,17.45973,17.44848,17.43768,17.427149999999997,17.41707,17.40735,17.39799,17.388990000000003,17.38026,17.3718,17.3637,17.355960000000003,17.3484,17.34111,17.334090000000003,17.327250000000003,17.32077,17.31438,17.30826,17.302319999999998,17.29656,17.29098,17.28558,17.280359999999998,17.27523,17.27028,17.265420000000002,17.26074,17.25606,17.251559999999998,17.24715,17.24274,17.23851,17.234280000000002,17.230140000000002,17.226000000000003,17.22195,17.2179,17.21394,17.20989,17.20593,17.20197,17.19801,17.19405,17.19009,17.186040000000002,17.182080000000003,17.17794,17.17389,17.16975,17.16561,17.16138,17.15706,17.152739999999998,17.14833,17.14392,17.13933,17.13474,17.12997,17.1252,17.120340000000002,17.11539,17.11026,17.105130000000003,17.09982,17.09451,17.08902,17.08335,17.07768,17.07183,17.0658,17.05977,17.05356,17.047169999999998,17.04069,17.03403,17.02728,17.02035,17.01333,17.006130000000002,16.99884,16.99128,16.983719999999998,16.975890000000003,16.96797,16.959780000000002,16.95159,16.94313,16.93458,16.92576,16.916850000000004,16.90776,16.89849,16.889129999999998,16.8795,16.86978,16.85979,16.84971,16.83945,16.82901,16.81839,16.80759,16.79661,16.78545,16.77411,16.76259,16.750890000000002,16.73901,16.72695,16.71471,16.70229,16.689690000000002,16.677000000000003,16.66404,16.6509,16.63758,16.62408,16.61049,16.59663,16.58259,16.56837,16.55406,16.539479999999998,16.524810000000002,16.50987,16.49484,16.47963,16.464150000000004,16.44858,16.432830000000003,16.41699,16.40088,16.384680000000003,16.36821,16.351740000000003,16.335,16.318080000000002,16.301070000000003,16.28388,16.2666,16.24914,16.2315,16.21368,16.19586,16.177770000000002,16.15959,16.14132,16.122870000000002,16.10433,16.085610000000003,16.06689,16.0479,16.02891,16.00983,15.99057,15.971219999999999,15.95178,15.93234,15.912720000000002,15.89301,15.8733,15.853409999999998,15.83352,15.81363,15.793560000000001,15.77349,15.753419999999998,15.733260000000001,15.7131,15.692939999999998,15.672690000000001,15.65244,15.63219,15.612029999999999,15.591780000000002,15.571530000000001,15.55137,15.53112,15.511050000000001,15.49089,15.470910000000002,15.450840000000001,15.43095,15.41106,15.391260000000003,15.37155,15.352020000000001,15.332490000000002,15.313050000000002,15.29379,15.274620000000002,15.255630000000002,15.236730000000001,15.21801,15.199470000000002,15.18102,15.162840000000001,15.14475,15.126840000000001,15.109200000000001,15.09165,15.074370000000002,15.05736,15.04044,15.023790000000002,15.007410000000002,14.9913,14.97537,14.959710000000001,14.944230000000001,14.929110000000001,14.91417,14.8995,14.885100000000001,14.87106,14.857199999999999,14.84361,14.830380000000002,14.81733,14.804640000000001,14.79213,14.77998,14.768099999999999,14.756490000000001,14.74524,14.734170000000002,14.723460000000001,14.71293,14.702760000000001,14.69277,14.68314,14.673689999999999,14.6646,14.65569,14.64705,14.63868,14.63058,14.62266,14.615010000000002,14.60754,14.600340000000001,14.59332,14.58657,14.58,14.573610000000002,14.567400000000001,14.561370000000002,14.55552,14.54985,14.54436,14.53905,14.533920000000002,14.528880000000001,14.524019999999998,14.519250000000001,14.514570000000003,14.510069999999999,14.50575,14.501430000000001,14.497290000000001,14.49324,14.48928,14.48532,14.481539999999999,14.477850000000002,14.47425,14.47065,14.46714,14.463810000000002,14.46039,14.457150000000002,14.453909999999999,14.45076,14.447610000000001,14.44455,14.44158,14.438699999999999,14.43582,14.43294,14.430150000000001,14.42745,14.42484,14.422229999999999,14.419709999999998,14.417280000000002,14.414850000000001,14.41251,14.41026,14.408100000000001,14.40603,14.403960000000001,14.402070000000002,14.40018,14.398470000000001,14.396849999999999,14.39523,14.393790000000001,14.39253,14.39127,14.39019,14.3892,14.38839,14.38767,14.387129999999999,14.38668,14.38641,14.38632,14.38641,14.38659,14.38695,14.387490000000001,14.38821,14.38911,14.39019,14.39145,14.392890000000001,14.39451,14.396310000000001,14.398290000000001,14.40045,14.40288,14.4054,14.408190000000001,14.41116,14.414309999999999,14.41764,14.421149999999999,14.42484,14.42871,14.43276,14.43699,14.4414,14.445990000000002,14.45076,14.455620000000001,14.460659999999999,14.46588,14.47128,14.47668,14.48235,14.48802,14.49387,14.499810000000002,14.50575,14.511870000000002,14.51808,14.524290000000002,14.53059,14.536890000000001,14.54328,14.54967,14.55606,14.562539999999998,14.56893,14.575320000000001,14.58162,14.58792,14.594129999999998,14.600340000000001,14.606459999999998,14.612400000000001,14.61834,14.624099999999999,14.629679999999999,14.635169999999999,14.640569999999999,14.6457,14.65065,14.65542,14.660010000000002,14.664420000000002,14.668470000000001,14.672340000000002,14.67594,14.679270000000002,14.682240000000002,14.685030000000001,14.68737,14.689440000000001,14.691239999999999,14.69259,14.69358,14.694209999999998,14.694390000000002,14.694209999999998,14.69358,14.69259,14.69106,14.68908,14.68656,14.68368,14.68017,14.67621,14.671710000000001,14.66658,14.661,14.654790000000002,14.647950000000002,14.640569999999999,14.632560000000002,14.62392,14.61465,14.604659999999999,14.59404,14.582699999999999,14.57073,14.55795,14.54454,14.53032,14.51538,14.499630000000002,14.483160000000002,14.46588,14.447790000000001,14.42889,14.409180000000001,14.38866,14.36724,14.34501,14.32197,14.298029999999999,14.27319,14.24745,14.2209,14.19345,14.1651,14.13585,14.10579,14.07483,14.04297,14.0103,13.97673,13.94244,13.907250000000001,13.87125,13.83453,13.79709,13.75893,13.72014,13.680719999999999,13.64067,13.60017,13.55922,13.51782,13.47615,13.4343,13.39227,13.350150000000001,13.30803,13.26618,13.2246,13.18338,13.1427,13.10274,13.063590000000001,13.02534,12.98835,12.95271,12.91842,12.88593,12.85524,12.82662,12.80016,12.77613,12.754710000000001,12.73599,12.72024,12.707550000000001,12.69801,12.691980000000001,12.68937,12.69036,12.69504,12.70341,12.71574,12.73185,12.75183,12.77568,12.80331,12.83481,12.870090000000001,12.90897,12.95145,12.99744,13.04667,13.09923,13.154760000000001,13.21335,13.27464,13.33854,13.404959999999999,13.473630000000002,13.544550000000001,13.61736,13.69206,13.76838,13.84623,13.92552,14.006070000000001,14.0877,14.17041,14.25393,14.33817,14.42313,14.50863,14.59458,14.680980000000002,14.767560000000001,14.8545,14.941530000000002,15.028649999999999,15.115770000000001,15.20289,15.289920000000002,15.37686,15.463709999999999,15.550289999999999,15.6366,15.72273
18.84951,18.80856,18.768150000000002,18.72837,18.68913,18.65052,18.61245,18.57501,18.5382,18.50202,18.46647,18.431459999999998,18.39717,18.36342,18.33039,18.2979,18.26613,18.23499,18.20448,18.174599999999998,18.14544,18.11682,18.08892,18.06156,18.03492,18.00891,17.983530000000002,17.95869,17.93457,17.91108,17.88813,17.86581,17.84412,17.82297,17.80245,17.782560000000004,17.76312,17.744310000000002,17.726129999999998,17.708399999999997,17.69121,17.67456,17.658450000000002,17.64279,17.627670000000002,17.613,17.59887,17.58519,17.57187,17.55909,17.546670000000002,17.5347,17.52318,17.51193,17.50113,17.49069,17.48061,17.47089,17.461530000000003,17.45244,17.443710000000003,17.43525,17.42706,17.419140000000002,17.41149,17.404110000000003,17.39691,17.389979999999998,17.38332,17.37675,17.37045,17.364330000000002,17.35839,17.35263,17.34705,17.34156,17.33616,17.33103,17.3259,17.32095,17.316,17.311230000000002,17.30655,17.30187,17.29737,17.29287,17.28837,17.28396,17.27964,17.27532,17.271,17.266679999999997,17.26236,17.25813,17.25381,17.24958,17.245260000000002,17.240940000000002,17.236530000000002,17.23221,17.2278,17.223300000000002,17.2188,17.214299999999998,17.20962,17.20494,17.20026,17.195490000000003,17.190540000000002,17.185589999999998,17.18055,17.17542,17.1702,17.16498,17.15958,17.154,17.148419999999998,17.14275,17.1369,17.13096,17.12493,17.118720000000003,17.11242,17.10603,17.09955,17.0928,17.08605,17.07912,17.072010000000002,17.064809999999998,17.05743,17.049960000000002,17.04231,17.03457,17.02656,17.01846,17.010270000000002,17.00181,16.99326,16.98462,16.97571,16.966710000000003,16.95753,16.94817,16.93863,16.92891,16.9191,16.90902,16.89885,16.8885,16.87797,16.867259999999998,16.85637,16.84539,16.83414,16.8228,16.81119,16.799490000000002,16.78752,16.77546,16.76322,16.750799999999998,16.73811,16.72533,16.71237,16.69932,16.686,16.6725,16.65882,16.64496,16.63101,16.61679,16.60248,16.58799,16.57332,16.55838,16.54344,16.52823,16.51284,16.49736,16.48161,16.465770000000003,16.449840000000002,16.43364,16.41735,16.40088,16.38423,16.3674,16.35048,16.33347,16.316190000000002,16.29882,16.28136,16.26372,16.2459,16.22799,16.20999,16.19181,16.173540000000003,16.15509,16.13655,16.11792,16.099200000000003,16.0803,16.061310000000002,16.04232,16.02315,16.003890000000002,15.98454,15.965190000000002,15.945660000000002,15.926129999999999,15.90651,15.886800000000001,15.86709,15.847290000000001,15.827399999999999,15.80751,15.787619999999999,15.76764,15.74766,15.727680000000001,15.707699999999999,15.687720000000002,15.66765,15.64767,15.627690000000001,15.607709999999999,15.58782,15.567929999999999,15.54804,15.528239999999998,15.50853,15.488820000000002,15.469199999999999,15.44967,15.43023,15.41088,15.391620000000001,15.37245,15.35337,15.33447,15.31575,15.297030000000001,15.27858,15.26022,15.242040000000001,15.224040000000002,15.206220000000002,15.188490000000002,15.17103,15.153749999999999,15.136650000000001,15.11982,15.103170000000002,15.086700000000002,15.070500000000001,15.05448,15.038730000000001,15.023249999999999,15.00795,14.99301,14.97825,14.96367,14.949449999999999,14.9355,14.92173,14.908320000000002,14.895090000000001,14.882219999999998,14.86953,14.857199999999999,14.845139999999999,14.833260000000001,14.821739999999998,14.81049,14.79951,14.78871,14.778270000000001,14.768099999999999,14.7582,14.74848,14.73912,14.72994,14.72103,14.712390000000001,14.704020000000002,14.69583,14.68791,14.68017,14.6727,14.66541,14.658389999999999,14.651549999999999,14.644889999999998,14.63841,14.6322,14.626080000000002,14.620230000000001,14.614469999999999,14.608889999999999,14.603489999999999,14.598270000000001,14.593140000000002,14.588189999999999,14.583330000000002,14.57865,14.574060000000001,14.569650000000001,14.56524,14.56101,14.55687,14.552909999999999,14.548950000000001,14.54508,14.5413,14.537609999999999,14.534010000000002,14.5305,14.527080000000002,14.52366,14.520330000000001,14.51709,14.51394,14.510790000000002,14.507730000000002,14.50476,14.50179,14.49891,14.49612,14.49333,14.49063,14.48802,14.48541,14.48289,14.48046,14.47812,14.47578,14.473620000000002,14.47146,14.469390000000002,14.46741,14.465520000000001,14.463719999999999,14.46201,14.46039,14.45895,14.457510000000001,14.45625,14.45508,14.454089999999999,14.453100000000001,14.45238,14.451660000000002,14.45121,14.45085,14.45058,14.45049,14.45058,14.45085,14.45121,14.45175,14.45247,14.453370000000001,14.454450000000001,14.455710000000002,14.457150000000002,14.458770000000001,14.46057,14.462550000000002,14.46471,14.46705,14.469570000000001,14.472270000000002,14.475150000000001,14.4783,14.481539999999999,14.484960000000001,14.488560000000001,14.492429999999999,14.49639,14.50053,14.50476,14.509260000000001,14.51385,14.518619999999999,14.52357,14.52861,14.533830000000002,14.53914,14.54454,14.55012,14.555790000000002,14.56155,14.56731,14.57325,14.57928,14.58531,14.591430000000003,14.59755,14.60367,14.60988,14.616090000000002,14.622300000000001,14.628510000000002,14.63463,14.640749999999999,14.64687,14.652899999999999,14.658840000000001,14.66478,14.670539999999999,14.67621,14.68179,14.68719,14.692499999999999,14.69763,14.702580000000001,14.70735,14.711939999999998,14.716350000000002,14.720490000000002,14.72445,14.72814,14.731560000000002,14.73471,14.73759,14.7402,14.742450000000002,14.74443,14.74605,14.74731,14.74821,14.74866,14.74884,14.74857,14.747850000000001,14.746770000000001,14.74524,14.74317,14.740739999999999,14.73777,14.734350000000001,14.730390000000002,14.725890000000001,14.72085,14.71527,14.70915,14.70249,14.6952,14.68728,14.67882,14.669640000000001,14.65992,14.64948,14.63841,14.626619999999999,14.6142,14.601060000000002,14.58711,14.57253,14.557230000000002,14.541120000000001,14.524290000000002,14.50665,14.48829,14.469119999999998,14.449140000000002,14.428350000000002,14.40675,14.38434,14.36112,14.337,14.31216,14.28642,14.259780000000001,14.232420000000001,14.204160000000002,14.17509,14.14521,14.11452,14.083020000000001,14.05071,14.01768,13.983929999999999,13.94937,13.91418,13.878269999999999,13.84173,13.80456,13.76694,13.72878,13.69008,13.65111,13.61178,13.57218,13.532399999999999,13.49262,13.45275,13.41306,13.373550000000002,13.3344,13.29561,13.25745,13.22001,13.18338,13.14783,13.11336,13.08015,13.04847,13.0185,12.99024,12.96396,12.93984,12.91806,12.89871,12.88197,12.868020000000001,12.857040000000001,12.84912,12.84435,12.843,12.84498,12.85038,12.85938,12.87207,12.88827,12.90816,12.931740000000001,12.95901,12.98979,13.02408,13.061969999999999,13.1031,13.14765,13.195350000000001,13.24611,13.29993,13.35645,13.41567,13.47741,13.541580000000002,13.607999999999999,13.67649,13.74696,13.81923,13.89321,13.96863,14.04549,14.12361,14.202900000000001,14.283180000000002,14.36436,14.44635,14.52906,14.61231,14.696100000000001,14.780339999999999,14.86494,14.949810000000001,15.034860000000002,15.120090000000001,15.20541,15.29073,15.37605,15.461280000000002,15.546420000000001,15.631470000000002,15.716249999999999,15.80094
18.92574,18.88506,18.844920000000002,18.805410000000002,18.766440000000003,18.7281,18.69021,18.65304,18.61641,18.58041,18.54504,18.51021,18.476010000000002,18.442439999999998,18.409499999999998,18.377190000000002,18.34551,18.31446,18.28404,18.25416,18.225,18.19647,18.168570000000003,18.14121,18.11457,18.088469999999997,18.06309,18.03825,18.01404,17.990370000000002,17.96742,17.94501,17.92314,17.901899999999998,17.8812,17.861130000000003,17.84151,17.82252,17.80407,17.78616,17.76879,17.75187,17.73558,17.71965,17.704259999999998,17.689320000000002,17.67492,17.660880000000002,17.647380000000002,17.63424,17.62155,17.60922,17.597340000000003,17.585820000000002,17.57475,17.56395,17.553510000000003,17.54352,17.53371,17.52435,17.51517,17.50635,17.4978,17.489520000000002,17.48151,17.47377,17.4663,17.459010000000003,17.4519,17.44506,17.4384,17.43192,17.42562,17.419410000000003,17.41347,17.40762,17.40195,17.39637,17.39088,17.38557,17.38035,17.375220000000002,17.37018,17.36523,17.360280000000003,17.35551,17.35065,17.34597,17.34129,17.33661,17.33193,17.327340000000003,17.32275,17.31816,17.313570000000002,17.30898,17.30439,17.2998,17.29512,17.29044,17.28576,17.28099,17.27622,17.27145,17.2665,17.26164,17.2566,17.251559999999998,17.24643,17.241210000000002,17.2359,17.23059,17.2251,17.21961,17.21394,17.208270000000002,17.20242,17.19648,17.190450000000002,17.18433,17.17812,17.17173,17.16525,17.15859,17.15193,17.14509,17.138070000000003,17.13096,17.12376,17.11638,17.108819999999998,17.10117,17.09343,17.08542,17.07741,17.069129999999998,17.06076,17.05221,17.043570000000003,17.03475,17.025750000000002,17.01657,17.0073,16.997850000000003,16.988220000000002,16.97841,16.96851,16.95834,16.94808,16.937640000000002,16.927020000000002,16.91631,16.90533,16.89426,16.883010000000002,16.87158,16.85988,16.84818,16.83621,16.82406,16.81182,16.799310000000002,16.786710000000003,16.77384,16.76088,16.74774,16.734420000000004,16.72101,16.707330000000002,16.69347,16.679520000000004,16.66539,16.65099,16.6365,16.621920000000003,16.60707,16.59213,16.57692,16.56162,16.54614,16.53057,16.51473,16.498800000000003,16.48278,16.46649,16.45011,16.43355,16.416900000000002,16.40007,16.38306,16.36596,16.348679999999998,16.331310000000002,16.313760000000002,16.296120000000002,16.2783,16.26039,16.24239,16.224210000000003,16.20594,16.18758,16.16904,16.1505,16.13178,16.11297,16.094070000000002,16.07508,16.056,16.03692,16.01766,15.9984,15.97896,15.959520000000001,15.940080000000002,15.920549999999999,15.90093,15.881310000000001,15.8616,15.841890000000001,15.822180000000001,15.80238,15.782670000000001,15.76287,15.743070000000001,15.723360000000001,15.70356,15.683850000000001,15.66405,15.64434,15.624720000000002,15.605099999999998,15.58557,15.566040000000001,15.546600000000002,15.527160000000002,15.507900000000001,15.488730000000002,15.469560000000001,15.45057,15.43167,15.41286,15.394140000000002,15.3756,15.357240000000001,15.33897,15.32079,15.30288,15.28506,15.26742,15.249960000000002,15.23277,15.215670000000001,15.19875,15.1821,15.16563,15.14934,15.133320000000001,15.11757,15.101910000000002,15.086609999999999,15.071489999999999,15.056640000000002,15.041970000000001,15.02766,15.01353,14.99967,14.98599,14.972669999999999,14.959620000000001,14.946750000000002,14.934239999999999,14.921909999999999,14.90994,14.89815,14.88672,14.875470000000002,14.864490000000002,14.85378,14.84334,14.83317,14.823270000000003,14.81364,14.804190000000002,14.7951,14.7861,14.77746,14.769,14.760810000000001,14.752889999999999,14.745150000000002,14.73759,14.730300000000002,14.723190000000002,14.716260000000002,14.709600000000002,14.70303,14.696729999999999,14.690610000000001,14.684669999999999,14.67882,14.67324,14.66775,14.66244,14.657219999999999,14.652180000000001,14.647319999999999,14.642550000000002,14.63787,14.63337,14.628960000000001,14.624640000000001,14.620500000000002,14.616360000000002,14.612400000000001,14.60853,14.604659999999999,14.600969999999998,14.597280000000001,14.59377,14.59026,14.58684,14.58351,14.580179999999999,14.57703,14.57388,14.57073,14.56776,14.56479,14.561910000000001,14.55912,14.55633,14.55363,14.55102,14.548499999999999,14.545979999999998,14.543550000000002,14.541210000000001,14.53896,14.536800000000001,14.53473,14.532660000000002,14.53068,14.528880000000001,14.527080000000002,14.525459999999999,14.52393,14.52249,14.521139999999999,14.519879999999999,14.518710000000002,14.51772,14.51691,14.516100000000002,14.515559999999999,14.515020000000002,14.514750000000001,14.514479999999999,14.514479999999999,14.514570000000003,14.514840000000001,14.51529,14.51583,14.51655,14.517450000000002,14.518529999999998,14.519789999999999,14.52123,14.522850000000002,14.524560000000001,14.526539999999999,14.5287,14.531040000000003,14.53347,14.53617,14.53896,14.542020000000003,14.54526,14.548589999999999,14.552100000000001,14.555880000000002,14.55975,14.563799999999999,14.567939999999998,14.572350000000002,14.57685,14.581439999999999,14.586210000000001,14.591159999999999,14.5962,14.60133,14.606640000000002,14.612040000000002,14.617530000000002,14.623110000000002,14.62878,14.634540000000001,14.6403,14.646149999999999,14.652090000000001,14.65803,14.663969999999999,14.670000000000002,14.676029999999999,14.681970000000002,14.688,14.69394,14.699880000000002,14.705820000000001,14.71158,14.71734,14.723009999999999,14.728590000000002,14.734080000000002,14.739479999999999,14.7447,14.749830000000001,14.754780000000002,14.75955,14.76414,14.768550000000001,14.772780000000001,14.776740000000002,14.78052,14.784030000000001,14.78736,14.790330000000003,14.793029999999998,14.795549999999999,14.79762,14.79951,14.80095,14.80212,14.802930000000002,14.80338,14.80347,14.80311,14.802389999999999,14.801219999999999,14.7996,14.79762,14.7951,14.79213,14.78871,14.784840000000003,14.780339999999999,14.775390000000002,14.769900000000002,14.763869999999999,14.757299999999999,14.7501,14.742360000000001,14.733989999999999,14.72508,14.71554,14.705280000000002,14.694480000000002,14.68296,14.67081,14.65794,14.64435,14.630130000000001,14.61519,14.59953,14.583149999999998,14.56596,14.54805,14.52942,14.510069999999999,14.489819999999998,14.46885,14.447159999999998,14.424570000000001,14.40126,14.37714,14.3523,14.32656,14.3001,14.27283,14.24484,14.215950000000001,14.186430000000001,14.1561,14.12505,14.09328,14.06079,14.02767,13.993920000000001,13.95954,13.92462,13.88916,13.85316,13.81671,13.77999,13.74282,13.705470000000002,13.66794,13.630230000000001,13.59252,13.5549,13.51737,13.48011,13.443299999999999,13.40685,13.37112,13.33602,13.30191,13.2687,13.23666,13.20588,13.176630000000001,13.14891,13.12299,13.09896,13.07691,13.0572,13.03983,13.024980000000001,13.01274,13.00338,12.9969,12.99339,12.99312,12.996,13.00221,13.01175,13.02471,13.04109,13.06098,13.084290000000001,13.11102,13.14117,13.17474,13.21155,13.2516,13.2948,13.34106,13.3902,13.44222,13.49694,13.55427,13.61403,13.67613,13.74039,13.80672,13.87494,13.94496,14.0166,14.089770000000001,14.16429,14.24016,14.31711,14.39514,14.47416,14.5539,14.634450000000001,14.71563,14.797350000000002,14.879520000000001,14.962140000000002,15.04503,15.128190000000002,15.211530000000002,15.29505,15.37866,15.46227,15.54588,15.6294,15.71283,15.796170000000002,15.87933
19.00152,18.96111,18.92133,18.882,18.843300000000003,18.80514,18.767519999999998,18.730529999999998,18.69408,18.658260000000002,18.62307,18.58842,18.5544,18.52092,18.48816,18.45594,18.42435,18.3933,18.36297,18.333180000000002,18.30411,18.27558,18.247680000000003,18.22032,18.19368,18.16758,18.142110000000002,18.117179999999998,18.09288,18.069209999999998,18.046080000000003,18.02358,18.00162,17.980200000000004,17.95941,17.93916,17.91945,17.90019,17.88156,17.86347,17.845830000000003,17.82873,17.812170000000002,17.79606,17.7804,17.76519,17.75052,17.73621,17.722350000000002,17.708940000000002,17.69598,17.68338,17.671229999999998,17.65935,17.64792,17.63685,17.62605,17.6157,17.605620000000002,17.59581,17.586360000000003,17.577180000000002,17.56827,17.55972,17.55135,17.54325,17.53533,17.52768,17.5203,17.5131,17.50608,17.49924,17.49258,17.48601,17.47971,17.4735,17.467470000000002,17.461530000000003,17.45577,17.4501,17.44452,17.43903,17.43363,17.42841,17.4231,17.41797,17.41284,17.407799999999998,17.40276,17.39781,17.39286,17.38791,17.38305,17.3781,17.37324,17.368380000000002,17.36343,17.35857,17.35362,17.34867,17.34372,17.33868,17.33364,17.32851,17.32338,17.31825,17.31294,17.30763,17.302319999999998,17.29683,17.291339999999998,17.28576,17.28009,17.27424,17.26839,17.262449999999998,17.256420000000002,17.250300000000003,17.24409,17.2377,17.23131,17.22474,17.21808,17.21124,17.2044,17.197290000000002,17.19018,17.18289,17.17551,17.16795,17.1603,17.15247,17.14455,17.136450000000004,17.12826,17.119889999999998,17.11134,17.102700000000002,17.093880000000002,17.084970000000002,17.075879999999998,17.06661,17.05716,17.047620000000002,17.0379,17.028000000000002,17.01801,17.00775,16.9974,16.986960000000003,16.97625,16.96545,16.95438,16.94322,16.93188,16.92045,16.90875,16.89696,16.88499,16.87275,16.860509999999998,16.848,16.83531,16.82253,16.80948,16.79634,16.78302,16.76961,16.75593,16.742070000000002,16.72812,16.713990000000003,16.69968,16.685190000000002,16.67061,16.65585,16.640909999999998,16.62579,16.61049,16.595100000000002,16.579530000000002,16.56387,16.54794,16.53192,16.51572,16.49943,16.48296,16.4664,16.44966,16.432740000000003,16.41573,16.39863,16.38135,16.363889999999998,16.34634,16.3287,16.31088,16.29297,16.274970000000003,16.25688,16.23861,16.22025,16.2018,16.18326,16.16463,16.14591,16.127100000000002,16.1082,16.08921,16.07022,16.05105,16.031879999999997,16.01262,15.99336,15.97401,15.95466,15.935220000000001,15.915690000000001,15.896250000000002,15.876719999999999,15.85719,15.837570000000001,15.818040000000002,15.798509999999998,15.77898,15.759360000000001,15.739920000000001,15.720389999999998,15.700949999999999,15.68151,15.66207,15.64272,15.623460000000001,15.60429,15.585120000000002,15.566040000000001,15.54705,15.528239999999998,15.509430000000002,15.49071,15.472169999999998,15.45372,15.435360000000001,15.417179999999998,15.39918,15.381269999999999,15.363539999999999,15.345899999999999,15.32853,15.31125,15.29424,15.27732,15.26067,15.2442,15.22791,15.211800000000002,15.19596,15.1803,15.164910000000003,15.1497,15.134760000000002,15.120000000000001,15.105509999999999,15.09129,15.077250000000001,15.063570000000002,15.050070000000002,15.03684,15.023790000000002,15.011099999999999,14.99859,14.986439999999998,14.974470000000002,14.962769999999999,14.95134,14.940180000000002,14.929200000000002,14.91858,14.90814,14.898060000000001,14.888160000000001,14.878440000000001,14.86908,14.8599,14.850990000000001,14.84226,14.8338,14.82561,14.817599999999999,14.80986,14.802299999999999,14.794920000000001,14.787810000000002,14.780790000000001,14.774040000000001,14.767470000000001,14.76108,14.75496,14.74893,14.74299,14.73732,14.73183,14.72643,14.72121,14.71608,14.71113,14.70627,14.701590000000001,14.697,14.692499999999999,14.688180000000001,14.683950000000001,14.67981,14.67576,14.6718,14.66793,14.664150000000001,14.66046,14.65686,14.653350000000001,14.64984,14.646510000000001,14.64318,14.639940000000001,14.636790000000001,14.63373,14.63067,14.6277,14.624820000000001,14.62203,14.619240000000001,14.61663,14.61402,14.61141,14.608979999999999,14.606550000000002,14.6043,14.60205,14.599890000000002,14.59782,14.59584,14.59386,14.59206,14.59035,14.588730000000002,14.5872,14.585849999999999,14.584499999999998,14.583330000000002,14.58225,14.58126,14.580450000000003,14.57973,14.579190000000002,14.57874,14.578380000000001,14.57829,14.5782,14.578380000000001,14.57865,14.579100000000002,14.579640000000001,14.580450000000003,14.58135,14.58243,14.58369,14.585130000000001,14.58666,14.58846,14.59035,14.592419999999999,14.59476,14.597190000000001,14.599800000000002,14.602590000000001,14.60556,14.60871,14.611949999999998,14.61546,14.619060000000001,14.622839999999998,14.6268,14.630939999999999,14.635169999999999,14.639490000000002,14.64408,14.64867,14.653530000000002,14.658389999999999,14.66343,14.668560000000001,14.673780000000002,14.679089999999999,14.684579999999999,14.690069999999999,14.695559999999999,14.701230000000002,14.706900000000001,14.712660000000001,14.71842,14.724179999999999,14.730030000000001,14.735790000000001,14.74164,14.747399999999999,14.75316,14.758920000000002,14.764590000000002,14.77026,14.77584,14.78133,14.78673,14.791950000000002,14.79717,14.80221,14.807160000000001,14.81193,14.816520000000002,14.82093,14.82516,14.829210000000002,14.83308,14.83668,14.840010000000001,14.843160000000001,14.84604,14.848650000000001,14.850990000000001,14.85297,14.854679999999998,14.856119999999999,14.857199999999999,14.857920000000002,14.85828,14.85828,14.857830000000002,14.85711,14.85585,14.85432,14.852250000000002,14.849730000000001,14.846760000000002,14.84343,14.839469999999999,14.83515,14.830200000000001,14.824800000000002,14.818859999999999,14.812380000000001,14.805359999999999,14.79771,14.78961,14.780790000000001,14.77143,14.761439999999999,14.750820000000001,14.739660000000002,14.727780000000001,14.715180000000002,14.70204,14.68809,14.673599999999999,14.658299999999999,14.642370000000001,14.625720000000001,14.608260000000001,14.590170000000002,14.57136,14.551740000000002,14.531400000000001,14.51034,14.488560000000001,14.46597,14.44266,14.418540000000002,14.3937,14.36814,14.34186,14.314860000000001,14.287049999999999,14.258610000000001,14.22945,14.199570000000001,14.16906,14.137920000000001,14.106240000000001,14.07384,14.04099,14.0076,13.97367,13.939380000000002,13.90473,13.86963,13.834349999999999,13.79889,13.763250000000001,13.72761,13.691970000000001,13.65633,13.62105,13.58595,13.551300000000001,13.51719,13.48362,13.45086,13.419,13.38804,13.35834,13.32981,13.302810000000001,13.27725,13.253490000000001,13.231530000000001,13.211640000000001,13.19382,13.17825,13.16511,13.15458,13.14666,13.14144,13.139190000000001,13.13991,13.143690000000001,13.150530000000002,13.16061,13.17393,13.19049,13.21029,13.233419999999999,13.2597,13.28931,13.32207,13.35798,13.39704,13.43898,13.48389,13.53159,13.581990000000001,13.635,13.69053,13.7484,13.808520000000001,13.870800000000001,13.93506,14.00121,14.069070000000002,14.13855,14.20956,14.281920000000001,14.35563,14.43042,14.506289999999998,14.583149999999998,14.66082,14.7393,14.81841,14.89815,14.978430000000001,15.059069999999998,15.14007,15.221430000000002,15.30297,15.38469,15.466589999999998,15.54858,15.63057,15.712560000000002,15.794459999999999,15.87636,15.95808
19.07685,19.036710000000003,18.9972,18.95814,18.91962,18.88173,18.84429,18.80748,18.7713,18.73566,18.700560000000003,18.66609,18.632160000000002,18.598950000000002,18.566190000000002,18.53406,18.50256,18.471690000000002,18.441360000000003,18.41166,18.38259,18.35406,18.32616,18.29889,18.27216,18.24606,18.2205,18.195570000000004,18.17118,18.14742,18.124200000000002,18.10161,18.07956,18.058049999999998,18.03708,18.01665,17.996760000000002,17.977410000000003,17.9586,17.94024,17.92242,17.90514,17.88831,17.871930000000003,17.856,17.84061,17.825670000000002,17.81109,17.796960000000002,17.78328,17.76996,17.75709,17.744580000000003,17.73252,17.72073,17.7093,17.69823,17.68752,17.67717,17.666999999999998,17.65728,17.64774,17.638469999999998,17.62956,17.62083,17.61237,17.60418,17.59617,17.58843,17.58087,17.57349,17.566290000000002,17.55927,17.55243,17.54577,17.53929,17.5329,17.526600000000002,17.52048,17.51445,17.5086,17.502750000000002,17.49699,17.49141,17.48583,17.480339999999998,17.47494,17.46954,17.46423,17.458920000000003,17.4537,17.44848,17.44326,17.43804,17.432910000000003,17.427690000000002,17.42247,17.41734,17.41212,17.4069,17.401590000000002,17.39637,17.39106,17.38566,17.38026,17.374859999999998,17.36928,17.363789999999998,17.35812,17.35245,17.346690000000002,17.340840000000004,17.33499,17.328960000000002,17.32293,17.31672,17.31051,17.30421,17.29773,17.291159999999998,17.284499999999998,17.27775,17.27091,17.263980000000004,17.25687,17.249670000000002,17.24238,17.23491,17.22735,17.21961,17.211779999999997,17.203860000000002,17.19576,17.18757,17.1792,17.17065,17.16201,17.153280000000002,17.14428,17.13528,17.12601,17.11665,17.10711,17.09748,17.08767,17.07768,17.0676,17.05734,17.0469,17.03628,17.025570000000002,17.014590000000002,17.00352,16.99236,16.98093,16.96941,16.95771,16.94583,16.933770000000003,16.92162,16.909290000000002,16.89678,16.88409,16.87122,16.85826,16.84512,16.8318,16.8183,16.80462,16.790850000000002,16.776899999999998,16.76277,16.74846,16.73406,16.71948,16.704720000000002,16.68978,16.67475,16.65954,16.64415,16.62867,16.61301,16.59717,16.58124,16.56513,16.54893,16.53255,16.51599,16.49934,16.4826,16.465680000000003,16.44858,16.43139,16.41411,16.396739999999998,16.37919,16.36146,16.34373,16.32582,16.307820000000003,16.28973,16.27155,16.25328,16.23483,16.21638,16.19784,16.17921,16.16049,16.141679999999997,16.122780000000002,16.10388,16.0848,16.06581,16.04664,16.02756,16.0083,15.98913,15.96978,15.95052,15.93117,15.91191,15.892560000000001,15.87321,15.853860000000001,15.834510000000002,15.815159999999999,15.7959,15.776639999999999,15.75738,15.738209999999999,15.71904,15.699869999999999,15.680880000000002,15.661890000000001,15.642990000000001,15.624089999999999,15.605370000000002,15.58674,15.568109999999999,15.549660000000001,15.531390000000002,15.513119999999999,15.49503,15.477030000000001,15.45921,15.44157,15.424019999999999,15.40665,15.38946,15.37236,15.355529999999998,15.33879,15.32232,15.30603,15.289920000000002,15.27399,15.25833,15.242849999999999,15.227549999999999,15.21252,15.197759999999999,15.18318,15.16878,15.15465,15.14079,15.1272,15.11379,15.100650000000002,15.087779999999999,15.07509,15.06276,15.050609999999999,15.038730000000001,15.02712,15.015690000000001,15.004620000000001,14.993730000000001,14.98311,14.97276,14.96259,14.95269,14.943060000000001,14.9337,14.92452,14.915610000000001,14.90688,14.89842,14.890139999999999,14.882129999999998,14.874300000000002,14.86674,14.85936,14.852160000000001,14.845139999999999,14.838299999999998,14.831730000000002,14.82534,14.81904,14.81292,14.807070000000001,14.801310000000003,14.795729999999999,14.790239999999999,14.784930000000001,14.779800000000002,14.77476,14.769900000000002,14.76513,14.76045,14.755949999999999,14.75154,14.74722,14.74299,14.73894,14.73489,14.73102,14.727240000000002,14.723460000000001,14.71986,14.716260000000002,14.71284,14.709420000000001,14.70609,14.702850000000002,14.69961,14.69655,14.69349,14.690520000000001,14.687640000000002,14.68485,14.682060000000002,14.679450000000001,14.67684,14.67432,14.67189,14.669459999999999,14.66721,14.66496,14.662800000000002,14.66082,14.658840000000001,14.65695,14.65515,14.653530000000002,14.65191,14.650470000000002,14.649030000000002,14.647770000000001,14.646600000000001,14.64561,14.64471,14.6439,14.64318,14.64264,14.642280000000001,14.641919999999999,14.641829999999999,14.641829999999999,14.642009999999999,14.642280000000001,14.64273,14.64336,14.64408,14.644980000000002,14.646059999999999,14.647319999999999,14.64876,14.650289999999998,14.652090000000001,14.65398,14.656050000000002,14.658299999999999,14.66064,14.663250000000001,14.66595,14.66892,14.67198,14.675220000000001,14.67855,14.682150000000002,14.685839999999999,14.68962,14.693670000000001,14.69781,14.70204,14.706449999999998,14.710950000000002,14.71563,14.720400000000001,14.72535,14.730300000000002,14.735339999999999,14.74056,14.74578,14.75118,14.756580000000001,14.761980000000001,14.767560000000001,14.773050000000001,14.77872,14.7843,14.78988,14.795549999999999,14.801219999999999,14.806800000000003,14.812380000000001,14.817960000000001,14.823450000000001,14.828850000000001,14.834250000000003,14.839559999999999,14.84478,14.849910000000001,14.854860000000002,14.85972,14.864490000000002,14.86908,14.87349,14.87781,14.88186,14.88573,14.889420000000001,14.89293,14.896170000000001,14.899140000000001,14.901840000000002,14.904360000000002,14.90652,14.908500000000002,14.910120000000001,14.911380000000001,14.91237,14.913,14.91327,14.91327,14.912820000000002,14.91201,14.91075,14.90913,14.907060000000001,14.904630000000001,14.901660000000001,14.89833,14.894459999999999,14.890139999999999,14.885280000000002,14.87997,14.874120000000001,14.86782,14.860890000000001,14.853419999999998,14.845410000000001,14.83686,14.82768,14.817960000000001,14.80761,14.79663,14.785020000000001,14.772870000000001,14.76,14.746500000000001,14.73228,14.717429999999998,14.70195,14.685749999999999,14.66883,14.65128,14.63301,14.61402,14.594310000000002,14.57388,14.552819999999999,14.530949999999999,14.50845,14.48523,14.461200000000002,14.43654,14.411249999999999,14.38515,14.358419999999999,14.33106,14.30307,14.27436,14.24511,14.21523,14.18481,14.15394,14.12244,14.090580000000001,14.05827,14.02551,13.99248,13.95918,13.9257,13.892040000000001,13.85829,13.82454,13.790790000000001,13.75722,13.72392,13.69098,13.6584,13.62645,13.595040000000001,13.564440000000001,13.534740000000001,13.50603,13.4784,13.45203,13.427100000000001,13.4037,13.381920000000001,13.36194,13.34385,13.32792,13.31406,13.30254,13.29354,13.28697,13.283100000000001,13.281930000000001,13.28355,13.28814,13.2957,13.306230000000001,13.31982,13.33656,13.35636,13.37922,13.405230000000001,13.4343,13.46634,13.50144,13.539510000000002,13.58037,13.62402,13.67028,13.719240000000001,13.77072,13.82454,13.880700000000001,13.939020000000001,13.99932,14.06169,14.12577,14.19165,14.25915,14.32809,14.398470000000001,14.47002,14.54283,14.61663,14.69151,14.767110000000002,14.84361,14.920830000000002,14.99859,15.076889999999999,15.15573,15.234930000000002,15.314490000000001,15.39432,15.47433,15.554610000000002,15.63498,15.71535,15.79581,15.87627,15.956730000000002,16.0371
19.15182,19.11195,19.07253,19.033739999999998,18.99549,18.95778,18.92061,18.88398,18.84798,18.81252,18.7776,18.74322,18.70947,18.67635,18.64377,18.61173,18.58032,18.54945,18.519209999999998,18.4896,18.460530000000002,18.432090000000002,18.404190000000003,18.37683,18.3501,18.324,18.298440000000003,18.273419999999998,18.24903,18.22518,18.20187,18.179100000000002,18.156959999999998,18.135270000000002,18.11421,18.0936,18.073620000000002,18.05409,18.035010000000003,18.016560000000002,17.99847,17.98101,17.963910000000002,17.94735,17.931240000000003,17.91558,17.90037,17.885520000000003,17.87112,17.85717,17.84358,17.83044,17.81766,17.80524,17.79318,17.781480000000002,17.770049999999998,17.759069999999998,17.74836,17.73792,17.72775,17.71794,17.708399999999997,17.69913,17.69004,17.68131,17.67276,17.66439,17.65629,17.64837,17.64072,17.63316,17.62578,17.61867,17.61165,17.60481,17.59806,17.59149,17.58501,17.57871,17.572409999999998,17.566290000000002,17.56026,17.55432,17.548470000000002,17.542620000000003,17.53686,17.53119,17.52552,17.519940000000002,17.51445,17.50887,17.50338,17.49789,17.4924,17.48691,17.48151,17.476020000000002,17.47053,17.465040000000002,17.45955,17.45397,17.44839,17.44281,17.437140000000003,17.43138,17.42571,17.41986,17.41401,17.408070000000002,17.40213,17.39601,17.38989,17.383680000000002,17.37738,17.371080000000003,17.3646,17.35803,17.35137,17.34471,17.33787,17.330849999999998,17.32383,17.31672,17.309430000000003,17.30205,17.29458,17.286929999999998,17.279190000000003,17.27136,17.26335,17.25525,17.24706,17.238690000000002,17.230140000000002,17.221500000000002,17.21277,17.203860000000002,17.19486,17.185589999999998,17.17632,17.166870000000003,17.15724,17.147430000000004,17.137529999999998,17.12745,17.11728,17.106930000000002,17.0964,17.085690000000003,17.07489,17.06391,17.052840000000003,17.0415,17.030070000000002,17.01846,17.00676,16.99479,16.982730000000004,16.97058,16.958160000000003,16.94565,16.93296,16.920090000000002,16.90704,16.893900000000002,16.880580000000002,16.86708,16.85349,16.83963,16.825680000000002,16.81164,16.79733,16.78293,16.768349999999998,16.753680000000003,16.73883,16.7238,16.70859,16.69329,16.67781,16.66224,16.64649,16.63065,16.61463,16.59843,16.582140000000003,16.56567,16.54911,16.53246,16.51563,16.498710000000003,16.48161,16.46442,16.44714,16.429679999999998,16.41213,16.39449,16.37676,16.35894,16.34094,16.322940000000003,16.304759999999998,16.28649,16.268220000000003,16.249769999999998,16.23132,16.21269,16.19406,16.17543,16.15662,16.13781,16.11891,16.10001,16.08102,16.06203,16.04304,16.023960000000002,16.00488,15.985710000000001,15.96663,15.947460000000001,15.92829,15.90921,15.89004,15.87096,15.85188,15.832799999999999,15.813810000000002,15.794820000000001,15.775830000000001,15.75702,15.738119999999999,15.719400000000002,15.70068,15.682049999999998,15.6636,15.645150000000001,15.62679,15.60852,15.590430000000001,15.572430000000002,15.554520000000002,15.536790000000002,15.519150000000002,15.50169,15.484319999999999,15.467130000000001,15.450119999999998,15.43329,15.416640000000001,15.40008,15.38379,15.36768,15.351750000000001,15.336,15.32052,15.305130000000002,15.2901,15.275160000000001,15.260489999999999,15.24609,15.231869999999999,15.21783,15.20406,15.19056,15.177330000000001,15.16428,15.1515,15.138900000000001,15.126660000000001,15.114600000000001,15.10272,15.0912,15.079860000000002,15.068789999999998,15.057900000000002,15.04737,15.03702,15.02694,15.017040000000001,15.007410000000002,14.998050000000001,14.98887,14.979960000000002,14.971229999999998,14.962769999999999,14.95449,14.94639,14.938560000000003,14.93091,14.923530000000001,14.916329999999999,14.90922,14.902379999999999,14.895719999999999,14.889240000000001,14.88294,14.876820000000002,14.87088,14.86503,14.85945,14.85387,14.84856,14.84334,14.838299999999998,14.833350000000001,14.828489999999999,14.82381,14.819220000000001,14.81472,14.8104,14.80617,14.80203,14.79798,14.79402,14.790149999999999,14.786370000000002,14.782680000000001,14.779169999999999,14.77566,14.77224,14.768820000000002,14.765579999999998,14.76243,14.75928,14.75622,14.75325,14.750369999999998,14.74758,14.74479,14.74218,14.739570000000002,14.737050000000002,14.734620000000001,14.73228,14.72994,14.727780000000001,14.72571,14.723640000000001,14.721750000000002,14.71986,14.718150000000001,14.716440000000002,14.714910000000001,14.71347,14.712120000000002,14.710860000000002,14.70978,14.70879,14.707889999999999,14.707080000000001,14.706449999999998,14.706,14.70555,14.705370000000002,14.705189999999998,14.705280000000002,14.705370000000002,14.70573,14.70618,14.70681,14.70753,14.70852,14.709600000000002,14.710770000000002,14.712210000000002,14.713740000000001,14.71545,14.71734,14.719410000000002,14.72157,14.72391,14.72643,14.729130000000001,14.73201,14.73498,14.738129999999998,14.74146,14.744969999999999,14.74857,14.752260000000001,14.75622,14.760180000000002,14.764410000000002,14.768640000000001,14.77314,14.77764,14.782320000000002,14.787,14.791860000000002,14.796809999999999,14.80185,14.806980000000001,14.812109999999999,14.81742,14.82273,14.82804,14.833440000000001,14.838840000000001,14.844330000000001,14.849730000000001,14.855220000000001,14.86062,14.86611,14.87151,14.876910000000002,14.882219999999998,14.88744,14.89266,14.89779,14.902830000000002,14.90778,14.912550000000001,14.91732,14.921819999999999,14.926320000000002,14.930550000000002,14.934690000000002,14.93865,14.94234,14.94585,14.94918,14.952330000000002,14.955210000000001,14.957820000000002,14.96016,14.96232,14.96412,14.96565,14.96682,14.967720000000002,14.96835,14.96853,14.96844,14.96799,14.967089999999999,14.965829999999999,14.96421,14.962140000000002,14.959710000000001,14.95683,14.953499999999998,14.94963,14.945400000000001,14.94063,14.93541,14.92974,14.923530000000001,14.916780000000001,14.90949,14.901660000000001,14.893199999999998,14.88429,14.87475,14.864670000000002,14.85396,14.842710000000002,14.83083,14.81832,14.80518,14.791409999999999,14.77701,14.761890000000001,14.746139999999999,14.729759999999999,14.71275,14.69502,14.676660000000002,14.657580000000001,14.63787,14.617439999999998,14.59638,14.5746,14.552100000000001,14.52906,14.505300000000002,14.480820000000001,14.455800000000002,14.430060000000001,14.403780000000001,14.37687,14.34942,14.32134,14.292720000000001,14.26365,14.23404,14.20398,14.17356,14.14278,14.111640000000001,14.08023,14.04855,14.016779999999999,13.98483,13.95288,13.92093,13.88916,13.85748,13.82616,13.7952,13.764600000000002,13.734630000000001,13.70529,13.676760000000002,13.64913,13.62249,13.59693,13.57254,13.54959,13.52817,13.508280000000001,13.49019,13.4739,13.45959,13.44735,13.43736,13.429710000000002,13.42449,13.42179,13.421700000000001,13.424220000000002,13.42953,13.43772,13.4487,13.462650000000002,13.47948,13.49928,13.52196,13.547609999999999,13.57623,13.60773,13.64202,13.6791,13.71897,13.76145,13.80654,13.85406,13.90401,13.9563,14.01084,14.06745,14.126040000000001,14.18652,14.248800000000001,14.31279,14.378309999999999,14.44536,14.513760000000001,14.583420000000002,14.65425,14.726160000000002,14.79897,14.872770000000001,14.94729,15.022620000000002,15.09858,15.175080000000001,15.25212,15.329520000000002,15.40737,15.485579999999999,15.56397,15.642540000000002,15.72138,15.800220000000001,15.87924,15.958260000000001,16.03728,16.1163
19.22625,19.18665,19.1475,19.10898,19.07091,19.03338,18.99648,18.96003,18.924120000000002,18.888840000000002,18.854100000000003,18.8199,18.78633,18.75321,18.72081,18.688860000000002,18.65754,18.62676,18.596610000000002,18.567,18.53793,18.50949,18.48159,18.45432,18.427590000000002,18.401400000000002,18.37575,18.350730000000002,18.32625,18.30231,18.27891,18.256140000000002,18.233819999999998,18.212040000000002,18.1908,18.1701,18.14994,18.13023,18.111060000000002,18.09234,18.07416,18.05643,18.039150000000003,18.02232,18.00594,17.9901,17.97462,17.959590000000002,17.94492,17.930699999999998,17.91684,17.90343,17.89029,17.8776,17.865270000000002,17.85321,17.841600000000003,17.83026,17.81919,17.80848,17.79804,17.787869999999998,17.77797,17.76834,17.759069999999998,17.74989,17.74107,17.73234,17.72397,17.715690000000002,17.70768,17.69985,17.692110000000003,17.68464,17.67735,17.670150000000003,17.66304,17.6562,17.649359999999998,17.6427,17.63613,17.62974,17.62335,17.617050000000003,17.61093,17.60481,17.598689999999998,17.59275,17.58681,17.58087,17.57502,17.56926,17.56341,17.557650000000002,17.55189,17.54613,17.54046,17.5347,17.528940000000002,17.52318,17.51733,17.51157,17.50572,17.499869999999998,17.49393,17.48799,17.482049999999997,17.47593,17.469900000000003,17.46369,17.45748,17.45118,17.444879999999998,17.43849,17.43192,17.42535,17.418689999999998,17.411939999999998,17.4051,17.39817,17.39115,17.38404,17.37684,17.36946,17.361990000000002,17.35452,17.346780000000003,17.33904,17.33112,17.323110000000003,17.31501,17.30673,17.298360000000002,17.2899,17.28126,17.27253,17.26362,17.254530000000003,17.245440000000002,17.23608,17.22663,17.21709,17.20737,17.19747,17.18748,17.17731,17.16705,17.15661,17.14599,17.13528,17.124390000000002,17.11332,17.10216,17.09082,17.0793,17.06769,17.0559,17.04393,17.031869999999998,17.01954,17.00721,16.99461,16.981920000000002,16.969050000000003,16.956,16.94286,16.929450000000003,16.916040000000002,16.90236,16.88859,16.874640000000003,16.8606,16.84629,16.83198,16.8174,16.80273,16.787879999999998,16.772940000000002,16.757820000000002,16.74252,16.72713,16.711650000000002,16.695899999999998,16.68015,16.66413,16.648110000000003,16.63182,16.61553,16.59906,16.582410000000003,16.56576,16.54884,16.53192,16.51482,16.49763,16.480349999999998,16.46289,16.44534,16.42779,16.41006,16.39224,16.37433,16.35633,16.338240000000003,16.32006,16.30179,16.283430000000003,16.265069999999998,16.24662,16.22808,16.20945,16.19082,16.1721,16.153380000000002,16.13457,16.11576,16.09695,16.07805,16.05915,16.04025,16.02126,16.00236,15.98346,15.964469999999999,15.945570000000002,15.926670000000001,15.90786,15.888959999999999,15.870150000000002,15.85143,15.832709999999999,15.813990000000002,15.79536,15.776820000000003,15.75837,15.739920000000001,15.721649999999999,15.703380000000001,15.68529,15.667290000000001,15.64938,15.631560000000002,15.613830000000002,15.59628,15.578909999999999,15.561630000000001,15.54453,15.52752,15.510690000000002,15.494039999999998,15.477569999999998,15.461189999999998,15.44508,15.42915,15.413400000000001,15.397829999999999,15.38244,15.36732,15.35229,15.33762,15.32304,15.308729999999999,15.29469,15.28074,15.26715,15.253739999999999,15.2406,15.22764,15.21495,15.202440000000001,15.1902,15.17823,15.166530000000002,15.155009999999999,15.14376,15.13269,15.12189,15.111360000000001,15.10101,15.091020000000002,15.081119999999999,15.071489999999999,15.062130000000002,15.052950000000001,15.044039999999999,15.03531,15.026850000000001,15.01857,15.01047,15.00264,14.994990000000001,14.98752,14.98023,14.973210000000002,14.966280000000001,14.959620000000001,14.95305,14.946750000000002,14.94054,14.934510000000001,14.928659999999999,14.92299,14.91741,14.91201,14.906699999999999,14.901570000000001,14.89662,14.89176,14.88699,14.882400000000002,14.87781,14.87349,14.86917,14.86494,14.860890000000001,14.85693,14.85297,14.849189999999998,14.845500000000001,14.8419,14.838390000000002,14.83488,14.831550000000002,14.82822,14.82507,14.821920000000002,14.818859999999999,14.81589,14.81301,14.810220000000001,14.80743,14.80482,14.80221,14.79969,14.797260000000001,14.794920000000001,14.79267,14.790510000000001,14.78844,14.786370000000002,14.78448,14.782680000000001,14.780970000000002,14.779350000000003,14.777819999999998,14.77638,14.77512,14.773860000000003,14.772780000000001,14.771790000000001,14.77098,14.77026,14.76963,14.76909,14.768730000000001,14.768550000000001,14.768460000000001,14.768460000000001,14.768640000000001,14.769,14.769449999999999,14.770080000000002,14.77089,14.771790000000001,14.772870000000001,14.774040000000001,14.775480000000002,14.77701,14.77872,14.78052,14.7825,14.784659999999999,14.787,14.789520000000001,14.79213,14.794920000000001,14.79789,14.80095,14.804190000000002,14.80761,14.81112,14.81472,14.81859,14.822460000000001,14.82651,14.83074,14.83506,14.839469999999999,14.843970000000002,14.84856,14.85333,14.8581,14.86296,14.868,14.873040000000001,14.878079999999999,14.88321,14.88843,14.893650000000001,14.89896,14.904179999999998,14.90949,14.9148,14.920020000000001,14.92533,14.930550000000002,14.935770000000002,14.9409,14.94603,14.951070000000001,14.956019999999999,14.960880000000001,14.96565,14.97033,14.97483,14.979239999999999,14.983559999999999,14.987699999999998,14.99166,14.99544,14.99904,15.00246,15.005609999999999,15.008580000000002,15.011370000000001,15.013889999999998,15.01614,15.018120000000001,15.01983,15.021270000000001,15.022440000000001,15.023249999999999,15.023790000000002,15.02397,15.023790000000002,15.023249999999999,15.022440000000001,15.021180000000001,15.019470000000002,15.01749,15.01506,15.012179999999999,15.00885,15.00516,15.00093,14.996340000000002,14.99121,14.98554,14.97951,14.972850000000001,14.965739999999998,14.95809,14.949900000000001,14.94117,14.9319,14.922090000000003,14.91165,14.90067,14.889150000000003,14.877,14.86422,14.850810000000001,14.83686,14.82219,14.806980000000001,14.79105,14.77458,14.75739,14.739660000000002,14.72121,14.70213,14.68242,14.66208,14.641020000000001,14.61942,14.597100000000001,14.57424,14.55075,14.526629999999999,14.50197,14.47668,14.45094,14.424570000000001,14.39766,14.3703,14.34249,14.31423,14.28552,14.256540000000001,14.2272,14.19759,14.16771,14.13765,14.107500000000002,14.07726,14.047110000000002,14.016960000000001,13.9869,13.95711,13.927679999999999,13.89852,13.8699,13.84191,13.81455,13.78791,13.76217,13.73751,13.713840000000001,13.69143,13.67037,13.65075,13.63266,13.616280000000001,13.6017,13.58901,13.5783,13.56975,13.56336,13.5594,13.55778,13.558589999999999,13.562009999999999,13.56804,13.57677,13.5882,13.60242,13.61943,13.63923,13.66182,13.6872,13.71528,13.74624,13.779810000000001,13.816080000000001,13.85496,13.896360000000001,13.940280000000001,13.98654,14.03514,14.08599,14.13891,14.193900000000001,14.25087,14.30973,14.37021,14.432400000000001,14.49612,14.561370000000002,14.62788,14.695649999999999,14.76468,14.834700000000002,14.905710000000001,14.97762,15.05043,15.123870000000002,15.198030000000001,15.27282,15.34815,15.423929999999999,15.500070000000001,15.576570000000002,15.653430000000002,15.73047,15.80778,15.885180000000002,15.962670000000001,16.04025,16.11792,16.195590000000003
19.300320000000003,19.2609,19.22211,19.183680000000003,19.14588,19.108620000000002,19.07181,19.03554,18.9999,18.96471,18.93015,18.89613,18.862560000000002,18.829710000000002,18.79731,18.76545,18.73422,18.70353,18.67338,18.64386,18.61488,18.58644,18.55854,18.53127,18.504450000000002,18.478260000000002,18.45261,18.427590000000002,18.40302,18.378989999999998,18.3555,18.332639999999998,18.31023,18.28836,18.26694,18.24615,18.225720000000003,18.20592,18.18657,18.16767,18.14931,18.131400000000003,18.11385,18.09684,18.080280000000002,18.06417,18.04842,18.03312,18.01827,18.003780000000003,17.989649999999997,17.97597,17.96265,17.9496,17.937,17.92467,17.9127,17.90109,17.889750000000003,17.878680000000003,17.86797,17.85753,17.84727,17.83737,17.82774,17.81829,17.80911,17.80011,17.79138,17.78283,17.77446,17.766270000000002,17.75826,17.75043,17.742780000000003,17.735310000000002,17.72793,17.72073,17.71362,17.7066,17.69976,17.69301,17.68635,17.67978,17.67321,17.66682,17.66052,17.654220000000002,17.64792,17.6418,17.63559,17.62947,17.623440000000002,17.61741,17.61138,17.605349999999998,17.599320000000002,17.593290000000003,17.58726,17.58123,17.5752,17.56908,17.56305,17.55693,17.550720000000002,17.5446,17.5383,17.53209,17.5257,17.51931,17.51292,17.50644,17.499869999999998,17.49321,17.48646,17.47971,17.47287,17.465850000000003,17.458830000000003,17.451719999999998,17.44452,17.43723,17.429759999999998,17.42229,17.41473,17.40699,17.399160000000002,17.39124,17.38314,17.37504,17.36676,17.3583,17.34984,17.3412,17.33238,17.32356,17.31447,17.305380000000003,17.296020000000002,17.28666,17.27712,17.267400000000002,17.25759,17.247600000000002,17.23752,17.22726,17.21691,17.206380000000003,17.19576,17.18487,17.17398,17.16282,17.151570000000003,17.14023,17.12862,17.11692,17.105130000000003,17.09316,17.08101,17.06868,17.05626,17.04366,17.03097,17.0181,17.00505,16.99182,16.9785,16.965000000000003,16.951410000000003,16.937640000000002,16.92369,16.90965,16.89543,16.88103,16.86654,16.85187,16.83711,16.82217,16.80714,16.79193,16.77654,16.76106,16.74549,16.72974,16.713810000000002,16.69779,16.68168,16.66539,16.64901,16.63254,16.61589,16.59915,16.582230000000003,16.56531,16.54821,16.531019999999998,16.513740000000002,16.496280000000002,16.47882,16.46127,16.443540000000002,16.425720000000002,16.4079,16.389989999999997,16.3719,16.35381,16.335630000000002,16.31745,16.29909,16.280730000000002,16.26228,16.24383,16.225289999999998,16.20675,16.188119999999998,16.16949,16.15086,16.132140000000003,16.11342,16.0947,16.07598,16.05726,16.03854,16.019820000000003,16.0011,15.98238,15.963750000000001,15.94512,15.926490000000001,15.90795,15.889410000000002,15.87096,15.85251,15.83415,15.81588,15.7977,15.779610000000002,15.76161,15.743699999999999,15.725879999999998,15.708149999999998,15.690600000000002,15.67305,15.655769999999999,15.638490000000001,15.62139,15.604470000000001,15.58773,15.571080000000002,15.554610000000002,15.53832,15.522120000000001,15.50619,15.490440000000001,15.474779999999999,15.459389999999999,15.44418,15.42915,15.41439,15.39981,15.38541,15.37119,15.357240000000001,15.343470000000002,15.329970000000001,15.31665,15.303600000000001,15.29073,15.27813,15.2658,15.25365,15.241679999999999,15.23007,15.218550000000002,15.207389999999998,15.196409999999998,15.185610000000002,15.17517,15.164819999999999,15.15483,15.14502,15.135390000000001,15.12603,15.116850000000001,15.107940000000001,15.099210000000001,15.090749999999998,15.082469999999999,15.074370000000002,15.066450000000001,15.0588,15.051330000000002,15.044039999999999,15.03693,15.03,15.023249999999999,15.01668,15.010290000000001,15.00408,14.998050000000001,14.992110000000002,14.98635,14.98077,14.97528,14.969969999999998,14.96484,14.959710000000001,14.954849999999999,14.95008,14.945400000000001,14.940809999999999,14.9364,14.932080000000001,14.927850000000001,14.923710000000002,14.91966,14.915700000000001,14.91192,14.90814,14.90454,14.90094,14.897520000000002,14.8941,14.890770000000002,14.887619999999998,14.88447,14.88141,14.878440000000001,14.875470000000002,14.872680000000003,14.869980000000002,14.867280000000001,14.86476,14.86224,14.85981,14.85747,14.855220000000001,14.85306,14.850990000000001,14.84901,14.84712,14.845410000000001,14.843699999999998,14.84208,14.84055,14.8392,14.83794,14.83677,14.835690000000001,14.834700000000002,14.83389,14.83317,14.83254,14.83209,14.831730000000002,14.831550000000002,14.831459999999998,14.831550000000002,14.831730000000002,14.83209,14.83254,14.83317,14.833979999999999,14.83488,14.835960000000002,14.837130000000002,14.838480000000002,14.840010000000001,14.84172,14.84352,14.845500000000001,14.84766,14.849910000000001,14.852340000000002,14.854950000000002,14.857650000000001,14.86053,14.86359,14.86674,14.869980000000002,14.87349,14.877,14.88078,14.88456,14.88852,14.89266,14.8968,14.901119999999999,14.905529999999999,14.91003,14.91462,14.919300000000002,14.92398,14.92884,14.9337,14.93865,14.94369,14.948730000000001,14.953770000000002,14.9589,14.96403,14.96916,14.974290000000002,14.97942,14.98446,14.989590000000002,14.994629999999999,14.99958,15.00453,15.00939,15.01425,15.01893,15.02352,15.028020000000001,15.03243,15.03675,15.0408,15.04485,15.048630000000001,15.052319999999998,15.05574,15.059069999999998,15.062130000000002,15.065010000000001,15.067620000000002,15.070049999999998,15.07221,15.0741,15.075720000000002,15.077070000000003,15.078149999999999,15.07896,15.07941,15.0795,15.07932,15.078780000000002,15.07788,15.07662,15.075000000000001,15.073020000000001,15.070590000000001,15.067710000000002,15.06447,15.060870000000001,15.056730000000002,15.05214,15.04719,15.0417,15.03567,15.029280000000002,15.022350000000001,15.01488,15.00687,14.99841,14.989410000000001,14.979780000000002,14.9697,14.958989999999998,14.94774,14.935950000000002,14.923530000000001,14.91057,14.89698,14.882850000000001,14.86809,14.8527,14.83668,14.82012,14.802930000000002,14.785110000000001,14.76666,14.74767,14.72805,14.707799999999999,14.68692,14.665500000000002,14.643540000000002,14.62095,14.59773,14.574060000000001,14.54985,14.5251,14.499810000000002,14.47416,14.44797,14.421420000000001,14.39442,14.36706,14.33943,14.31153,14.28336,14.25501,14.22657,14.197949999999999,14.16942,14.1408,14.11236,14.0841,14.05611,14.02839,14.00112,13.9743,13.94811,13.922550000000001,13.89789,13.87395,13.851090000000001,13.82931,13.8087,13.78944,13.77153,13.75515,13.74039,13.72734,13.71618,13.70691,13.69971,13.69458,13.691699999999999,13.691070000000002,13.69287,13.697099999999999,13.70385,13.71312,13.724910000000001,13.7394,13.756590000000001,13.7763,13.798800000000002,13.82391,13.85163,13.88205,13.91499,13.95045,13.988430000000001,14.02884,14.071679999999999,14.11677,14.16411,14.21352,14.265089999999999,14.31864,14.373990000000001,14.431230000000001,14.490090000000002,14.55057,14.612580000000001,14.676029999999999,14.740829999999999,14.806890000000001,14.874120000000001,14.94234,15.011640000000002,15.08184,15.15285,15.22458,15.297120000000001,15.3702,15.44382,15.517980000000001,15.5925,15.667470000000002,15.74271,15.81831,15.89409,15.970049999999999,16.04619,16.122419999999998,16.19865,16.27506
19.373939999999997,19.33479,19.29618,19.258020000000002,19.2204,19.183320000000002,19.14669,19.11069,19.07514,19.04013,19.00566,18.97182,18.93843,18.90558,18.87336,18.84159,18.810450000000003,18.77985,18.7497,18.72018,18.691290000000002,18.66285,18.63495,18.607680000000002,18.580949999999998,18.554669999999998,18.529020000000003,18.50382,18.47925,18.45522,18.43164,18.4086,18.3861,18.36414,18.34263,18.321659999999998,18.30114,18.28116,18.26163,18.24255,18.22401,18.20583,18.18819,18.171000000000003,18.15417,18.13779,18.12186,18.10638,18.091260000000002,18.076500000000003,18.0621,18.04815,18.03456,18.02124,18.00837,17.99577,17.983530000000002,17.97156,17.959950000000003,17.948610000000002,17.937630000000002,17.926830000000002,17.9163,17.90613,17.89614,17.88642,17.87688,17.867610000000003,17.858520000000002,17.84961,17.84097,17.83251,17.82423,17.81604,17.80812,17.80029,17.792550000000002,17.78508,17.77761,17.77032,17.76321,17.7561,17.74917,17.74224,17.73549,17.72874,17.72208,17.715510000000002,17.709030000000002,17.70255,17.69607,17.689680000000003,17.68338,17.676990000000004,17.67069,17.66439,17.65809,17.65179,17.645580000000002,17.63928,17.63298,17.62668,17.62029,17.6139,17.60751,17.601119999999998,17.594640000000002,17.588160000000002,17.581590000000002,17.57502,17.56836,17.561609999999998,17.55486,17.547929999999997,17.54109,17.53407,17.52696,17.51985,17.51265,17.50536,17.49789,17.49042,17.48286,17.47521,17.467380000000002,17.45955,17.45154,17.44344,17.43525,17.42688,17.41851,17.40996,17.401320000000002,17.3925,17.38359,17.37459,17.3655,17.35623,17.346780000000003,17.33724,17.32761,17.317800000000002,17.307900000000004,17.29782,17.287650000000003,17.2773,17.26686,17.256240000000002,17.24553,17.23464,17.22357,17.212410000000002,17.20116,17.18964,17.17812,17.16633,17.15445,17.142390000000002,17.13024,17.117910000000002,17.10549,17.09289,17.08011,17.06724,17.054190000000002,17.040960000000002,17.027639999999998,17.014139999999998,17.00055,16.98678,16.97283,16.95879,16.944570000000002,16.93026,16.915770000000002,16.90119,16.88643,16.871489999999998,16.85646,16.84134,16.82604,16.81065,16.795080000000002,16.77942,16.76358,16.74765,16.73154,16.71543,16.69905,16.68267,16.66611,16.64946,16.63272,16.6158,16.59888,16.58178,16.564590000000003,16.54731,16.52994,16.51248,16.49493,16.47729,16.45956,16.44174,16.42383,16.405920000000002,16.38792,16.36983,16.351650000000003,16.33347,16.3152,16.296930000000003,16.27857,16.26012,16.24176,16.22322,16.20477,16.186230000000002,16.16778,16.14924,16.130699999999997,16.11216,16.093619999999998,16.07508,16.05654,16.03809,16.01955,16.0011,15.982740000000002,15.96438,15.94602,15.927840000000002,15.909569999999999,15.89148,15.87339,15.855390000000002,15.837480000000001,15.81966,15.80202,15.78438,15.766829999999999,15.749460000000001,15.73218,15.714989999999998,15.69798,15.68106,15.664320000000002,15.647759999999998,15.631289999999998,15.615000000000002,15.59889,15.58287,15.567120000000001,15.551459999999999,15.53607,15.52077,15.505740000000001,15.49089,15.47622,15.461730000000001,15.447510000000001,15.43347,15.41961,15.40602,15.392610000000001,15.379380000000001,15.36642,15.35364,15.34113,15.32889,15.31674,15.304950000000002,15.29334,15.281910000000002,15.270750000000001,15.259860000000002,15.24915,15.23871,15.22845,15.218460000000002,15.208649999999999,15.199019999999999,15.189660000000002,15.180570000000001,15.17157,15.16293,15.154380000000002,15.1461,15.138,15.13008,15.122430000000001,15.11487,15.10758,15.100470000000001,15.093449999999999,15.086700000000002,15.08013,15.07365,15.06744,15.06132,15.055380000000001,15.049620000000003,15.043949999999999,15.038459999999999,15.033059999999999,15.027840000000001,15.0228,15.017759999999999,15.01299,15.00822,15.003630000000001,14.999130000000001,14.994810000000001,14.99049,14.98635,14.982299999999999,14.978340000000001,14.974470000000002,14.970690000000001,14.967089999999999,14.963490000000002,14.95998,14.956560000000001,14.95323,14.949990000000001,14.946840000000002,14.943779999999999,14.940809999999999,14.93793,14.93514,14.93235,14.92974,14.92713,14.9247,14.922270000000001,14.91993,14.917679999999999,14.915610000000001,14.91354,14.911560000000001,14.909669999999998,14.90796,14.90625,14.904720000000001,14.90319,14.901840000000002,14.900580000000001,14.89941,14.89842,14.897430000000002,14.89662,14.895990000000001,14.89536,14.894910000000001,14.894640000000003,14.894459999999999,14.894369999999999,14.894459999999999,14.894640000000003,14.895000000000001,14.89545,14.896080000000001,14.896889999999999,14.89779,14.898870000000002,14.900039999999999,14.90139,14.902920000000002,14.90454,14.90634,14.908320000000002,14.91039,14.912640000000001,14.91498,14.9175,14.9202,14.92299,14.92596,14.929110000000001,14.932260000000001,14.93568,14.93919,14.942790000000002,14.94648,14.95035,14.95431,14.958450000000001,14.96259,14.96691,14.971229999999998,14.975730000000002,14.98032,14.98491,14.989590000000002,14.99436,14.999130000000001,15.00399,15.00894,15.0138,15.01875,15.023790000000002,15.028739999999999,15.03369,15.03864,15.04359,15.048540000000001,15.0534,15.05826,15.06303,15.067800000000002,15.07239,15.076979999999999,15.08148,15.0858,15.09003,15.09417,15.098130000000001,15.102000000000002,15.10569,15.109200000000001,15.11253,15.115680000000001,15.11865,15.121440000000002,15.123960000000002,15.126299999999999,15.12837,15.13017,15.131699999999999,15.133049999999999,15.13404,15.134760000000002,15.13521,15.1353,15.13503,15.13449,15.133590000000002,15.132330000000001,15.130710000000002,15.12873,15.126299999999999,15.12351,15.12036,15.11676,15.112709999999998,15.1083,15.10344,15.098040000000001,15.092190000000002,15.085890000000001,15.07914,15.071940000000001,15.06411,15.05592,15.047100000000002,15.037830000000001,15.027930000000001,15.01758,15.006689999999999,14.99526,14.9832,14.970600000000001,14.95746,14.943779999999999,14.92947,14.91462,14.899140000000001,14.88312,14.86647,14.849279999999998,14.831550000000002,14.81319,14.794289999999998,14.77476,14.754780000000002,14.734170000000002,14.71293,14.691239999999999,14.6691,14.646330000000003,14.623110000000002,14.59944,14.575230000000001,14.55066,14.525730000000001,14.50035,14.474609999999998,14.448599999999999,14.42232,14.39577,14.36895,14.342130000000001,14.31513,14.28804,14.26104,14.23413,14.20731,14.18067,14.154390000000001,14.12838,14.102820000000001,14.0778,14.053320000000001,14.02956,14.00661,13.98447,13.963410000000001,13.94334,13.92444,13.9068,13.890509999999999,13.87575,13.86252,13.851,13.84119,13.83327,13.82733,13.823369999999999,13.821570000000001,13.82193,13.824629999999999,13.82958,13.83696,13.84668,13.85892,13.87368,13.89096,13.91076,13.93308,13.958010000000002,13.985370000000001,14.01525,14.04756,14.08239,14.11956,14.15907,14.200830000000002,14.24484,14.29092,14.33916,14.389380000000001,14.4414,14.495400000000002,14.55102,14.60844,14.667300000000001,14.727780000000001,14.789520000000001,14.8527,14.917050000000001,14.98257,15.04917,15.11676,15.18525,15.25464,15.32475,15.39558,15.46704,15.53904,15.61167,15.68466,15.7581,15.831900000000001,15.905970000000002,15.980310000000001,16.05483,16.129620000000003,16.2045,16.27947,16.35462
